-107.861008680555
-26.9410086805549
-35.7590086805549
-13.7590086805549
-17.7870086805549
-6.18100868055487
-9.59300868055517
17.2569913194445
23.8089913194444
33.8169913194447
35.7429913194447
7.11099131944452
18.4969913194445
9.60099131944453
36.2009913194447
37.8509913194447
43.1969913194447
46.6469913194447
19.4169913194445
39.6829913194447
14.4789913194445
39.8629913194447
0.364991319444528
14.2249913194445
-9.92700868055547
-0.965008680555471
64.4429913194447
0.618991319444632
-13.8910086805553
-9.02100868055528
41.1809913194447
5.07299131944492
87.5449913194447
2.13099131944453
-4.56100868055547
29.5189913194447
-8.74700868055557
-28.3790086805556
-29.0850086805557
-51.6730086805556
-27.4990086805558
-50.2590086805559
25.2149913194442
-7.79900868055577
16.7129913194441
-6.58300868055577
87.1609913194447
-1.85300868055577
-52.1670086805558
-21.5770086805557
-26.4070086805557
-5.90700868055588
48.7009913194437
-40.0670086805559
-32.9870086805559
-6.23900868055587
38.8189913194437
-6.73100868055568
-14.5310086805556
-22.0010086805557
45.5209913194447
-64.7630086805551
-5.29100868055518
-34.7450086805551
-19.8450086805552
-32.8630086805552
-46.5470086805552
-27.0130086805552
74.3209913194447
-23.2770086805552
-56.3210086805552
-8.87700868055507
-36.3930086805552
-31.0210086805551
-64.6550086805551
-6.15700868055508
-13.2470086805551
-13.2470086805551
-2.50700868055497
16.6909913194447
-31.9070086805553
-2.36700868055537
16.2049913194446
42.6349913194447
6.05899131944473
16.1749913194446
7.15499131944473
-6.03700868055547
-40.3110086805554
-26.8210086805555
-13.6830086805555
22.5749913194445
11.0329913194445
6.39499131944453
-4.68100868055548
8.41099131944452
9.24099131944453
-6.81700868055547
-7.43700868055547
11.7269913194445
-31.0210086805555
-6.19900868055548
-21.0430086805555
-12.5170086805556
10.4529913194445
35.3669913194447
27.5949913194444
-19.2110086805555
-18.4370086805555
-9.73100868055548
3.95899131944452
84.0369913194447
-3.90700868055538
25.4169913194446
35.1229913194447
-7.61100868055547
-17.2610086805554
23.2249913194445
-9.43300868055518
-43.9630086805553
-4.48100868055528
1.93099131944473
15.2329913194446
15.3029913194445
68.0529913194447
8.40299131944472
-45.3630086805553
-7.09900868055527
-21.2450086805553
-36.9390086805553
23.7129913194447
7.04099131944483
11.7629913194447
51.3209913194447
-6.38100868055517
-21.8350086805552
-27.9270086805551
42.7609913194447
0.940991319445033
-6.62500868055498
-39.891008680555
-28.149008680555
-1.99300868055498
-9.30700868055497
-16.201008680555
5.21099131944513
32.0349913194447
7.24499131944533
7.24499131944533
-5.48300868055468
-11.0990086805547
42.0369913194457
-7.84300868055468
-25.7550086805548
-13.0890086805548
-40.8650086805549
-34.5710086805549
11.9769913194451
10.1489913194448
10.4349913194448
15.7369913194447
-9.40700868055527
-12.0250086805553
1.41099131944473
-2.04500868055537
-2.60300868055528
55.0369913194447
-74.8170086805553
-10.3390086805553
-21.3490086805553
17.2269913194446
24.2729913194446
-4.49500868055537
13.4369913194447
-12.2290086805552
10.0269913194447
11.4309913194449
5.16299131944443
-8.69300868055577
10.9429913194441
-7.95300868055578
-9.43700868055588
6.38299131944423
-22.0650086805557
-15.0030086805556
-22.5170086805552
-25.9910086805553
-28.6270086805552
-22.0410086805552
55.0849913194447
-25.3610086805552
-12.9310086805552
4.69499131944482
5.61299131944483
85.0829913194447
-20.0630086805553
2.33699131944482
-40.1830086805553
-32.0570086805554
0.796991319444729
10.4469913194448
7.58499131944463
-3.19100868055537
2.10899131944453
-27.4750086805555
-1.64500868055558
4.54099131944443
-56.0950086805557
-20.4510086805557
-26.9230086805556
2.09699131944502
-3.42100868055498
-9.28100868055498
-25.0210086805552
-32.5790086805552
52.8169913194447
-11.7930086805553
-22.0490086805553
-36.9950086805554
-9.87300868055527
-30.5830086805553
-0.861008680555273
-7.21900868055528
-15.9990086805553
-35.7210086805553
-4.44700868055527
-16.0790086805553
-6.26300868055527
-3.21100868055517
-13.4090086805552
-19.8210086805552
1.84099131944483
-30.7030086805552
-18.0750086805552
-21.1730086805551
0.324991319445033
14.094991319445
7.08699131944502
-33.387008680555
-9.63300868055497
19.6049913194447
-20.4030086805551
-15.6950086805551
-25.123008680555
-4.18700868055497
2.15299131944502
-21.819008680555
-88.431008680555
-89.327008680555
2.72699131944502
-48.431008680555
1.98499131944513
-1.00300868055497
-27.841008680555
-23.711008680555
4.82099131944503
18.914991319445
-26.067008680555
2.28499131944503
52.2709913194447
-21.0610086805551
-31.823008680555
6.48699131944473
-2.34700868055518
4.73899131944502
-30.287008680555
-6.88100868055508
-4.77900868055498
-4.95100868055498
13.2509913194447
-13.4850086805553
-18.2990086805553
-28.0110086805553
-1.92900868055527
21.2209913194447
-39.9510086805554
-13.4770086805553
-16.0270086805554
28.8729913194446
-17.4030086805553
1.09899131944462
9.32699131944463
7.89899131944463
-3.36300868055547
9.95499131944453
2.98099131944453
-45.4710086805556
-14.9350086805556
-14.9350086805556
30.9469913194447
-21.8810086805555
-50.4350086805554
-9.95700868055528
-4.84700868055538
50.6209913194447
12.4389913194447
-44.5230086805553
-39.6050086805553
-24.4770086805553
10.9229913194448
-22.2150086805553
20.5209913194448
-25.2290086805553
-43.2530086805552
-17.3590086805552
-12.7050086805551
-28.0170086805551
-19.2570086805551
-22.4930086805551
-1.81500868055507
-3.50300868055487
-47.2430086805549
-23.191008680555
-18.9910086805549
-14.6390086805548
-8.65500868055477
-48.1110086805549
-21.269008680555
26.116991319445
73.7329913194447
-5.65100868055498
-14.1010086805551
7.39499131944503
-19.839008680555
-13.585008680555
-6.55900868055507
50.7249913194447
0.198991319444929
-33.6290086805551
-27.169008680555
10.130991319445
10.398991319445
26.430991319445
0.326991319445028
-7.82900868055497
-12.295008680555
0.642991319444931
6.22899131944493
11.9249913194449
42.7309913194447
-20.7730086805551
-53.7130086805551
2.32299131944502
-3.84500868055497
-20.999008680555
54.9769913194447
0.868991319444831
-59.3850086805551
-8.09300868055507
-16.8750086805551
-8.00700868055497
-29.8530086805551
-87.5750086805551
-29.871008680555
-10.003008680555
-35.2230086805549
-27.3910086805549
-0.455008680554869
-0.399008680554871
-21.1890086805549
-4.97100868055477
-6.84700868055487
-10.5810086805549
-11.9610086805549
-25.9670086805549
7.72099131944513
-4.27900868055487
-20.5110086805549
-6.45700868055488
-27.1650086805549
-32.4790086805549
6.19499131944512
26.3589913194451
15.0349913194451
39.6889913194447
-10.6950086805549
-28.6550086805549
-39.8910086805547
-22.5450086805548
8.19499131944522
-26.9070086805547
-24.8730086805545
-17.1950086805544
-36.6270086805546
-4.72900868055467
-8.32500868055477
0.118991319445129
-16.2070086805549
-21.485008680555
-27.573008680555
-37.687008680555
-13.581008680555
27.954991319445
-8.15300868055498
-44.435008680555
-4.65100868055498
-16.733008680555
13.580991319445
-4.57300868055498
-12.495008680555
-1.09500868055497
-6.59700868055507
1.82499131944482
-0.719008680555177
-39.1330086805553
-17.0430086805552
-22.0510086805552
-2.82700868055517
-7.28700868055518
42.3609913194447
-0.94900868055538
-14.7710086805554
-24.5970086805556
-7.93700868055557
33.9889913194447
33.9889913194447
33.9889913194447
-22.4290086805554
-40.7330086805554
-10.6790086805554
-12.8510086805553
-3.70900868055527
-41.1770086805555
-29.8030086805553
-42.1110086805553
-12.4190086805553
-6.78300868055528
-7.73500868055537
-30.0230086805554
-20.6270086805553
-13.2110086805553
-39.1150086805553
-17.5650086805553
-24.0430086805554
29.9049913194447
-22.5890086805553
-39.0950086805553
-1.79300868055537
-2.63100868055527
-13.8270086805553
9.61899131944473
11.5329913194448
4.85299131944502
-20.967008680555
2.74499131944492
-4.98100868055498
25.222991319445
-28.1250086805554
-3.15900868055527
-34.2470086805552
-11.7350086805552
1.24299131944503
39.4669913194447
-27.581008680555
-29.785008680555
-25.239008680555
-14.307008680555
3.27899131944503
17.088991319445
22.312991319445
-1.00700868055497
-5.63900868055508
-36.2970086805551
-41.5250086805551
-44.7330086805551
-6.42100868055508
-2.19100868055497
-4.99100868055507
8.89699131944492
-35.2770086805551
-29.0250086805551
48.8269913194447
-14.6590086805551
14.3569913194448
16.8789913194448
3.44099131944493
12.4429913194448
-6.61700868055527
-9.40300868055537
-1.98700868055548
-0.837008680555471
10.2229913194445
-12.8990086805555
-22.0950086805557
-4.51700868055597
-22.221008680556
-15.7090086805561
-22.187008680556
-25.521008680556
-16.0990086805561
15.5569913194439
8.36899131944402
-9.11500868055597
-3.67100868055597
-5.89700868055597
8.51499131944402
-17.257008680556
-32.217008680556
29.314991319444
-23.469008680556
-11.7670086805561
-2.77100868055608
4.27699131944402
-47.0710086805559
-8.35700868055587
3.16299131944423
-16.0190086805558
-15.6990086805558
8.11099131944422
-0.85100868055558
15.8249913194444
10.5189913194441
9.96499131944412
-13.3390086805557
5.44699131944442
-40.9150086805556
-1.57300868055538
5.00099131944472
23.1869913194447
15.6469913194449
8.55699131944483
20.3929913194448
-11.3390086805552
-26.9190086805552
5.43499131944482
-30.2110086805552
-10.8470086805553
-29.3350086805553
59.0529913194447
17.9349913194449
-60.9150086805552
-4.69700868055517
-29.1130086805551
2.16099131944483
-38.4610086805552
-42.1870086805551
-39.5690086805552
-5.94700868055517
0.320991319444829
13.5049913194448
-11.9670086805554
-3.57100868055538
-37.7550086805553
-19.3150086805557
-35.8590086805558
-23.2750086805558
26.2589913194443
10.3969913194442
-15.4890086805559
-21.7210086805559
-15.7610086805559
50.1009913194437
-34.291008680556
-47.4850086805559
-24.787008680556
-19.959008680556
11.9389913194439
-10.793008680556
-7.53300868055597
-0.00900868055587978
-0.755008680555875
-4.86100868055587
-15.2130086805558
-38.7050086805558
-19.2390086805558
-17.5550086805559
8.72099131944412
-3.89300868055588
-24.1750086805559
-47.4070086805558
-13.6370086805558
-6.83900868055577
-34.4450086805557
-7.65700868055568
7.72099131944422
-4.85900868055577
-19.0270086805557
-15.2070086805556
6.53899131944442
-4.29700868055548
-40.7250086805554
-39.7490086805553
15.5069913194447
-32.6770086805551
-17.8730086805549
-2.37500868055507
13.4269913194448
-17.1210086805553
-46.1290086805553
-26.0490086805553
44.7789913194447
-78.6590086805553
-63.5030086805553
-70.5630086805553
-46.6230086805553
-17.3090086805554
-27.5150086805554
7.21699131944463
-75.0650086805552
-59.9590086805552
-52.8650086805552
-48.0370086805552
-75.4730086805551
-4.76700868055508
-43.3430086805551
-7.90900868055527
-14.2010086805553
-79.2370086805553
-7.00900868055528
-33.1390086805552
-68.8330086805558
-71.2750086805556
-55.9270086805556
-39.8210086805555
30.7869913194447
5.08299131944453
-40.1950086805555
-1.19500868055547
1.27899131944443
26.6529913194444
24.7229913194445
17.6729913194445
-19.3110086805555
33.2629913194447
20.4889913194446
13.9629913194446
27.1529913194446
17.5049913194445
-43.0290086805555
11.5729913194445
16.7929913194444
-8.01500868055557
18.5949913194444
9.16299131944433
9.16299131944433
7.61099131944442
4.08299131944453
-4.97100868055547
-7.17700868055567
-43.7370086805557
-23.8030086805557
9.42499131944433
18.8689913194444
20.2509913194443
7.76899131944433
25.9969913194443
16.9149913194443
14.9769913194443
-60.8230086805557
-17.9470086805557
-23.6410086805557
-16.2250086805557
-3.83300868055578
-4.64300868055578
-4.97100868055587
-9.53100868055587
9.57299131944443
-2.30700868055547
-46.4030086805555
-4.65700868055558
-41.0750086805555
-4.82500868055557
7.61899131944453
41.0669913194447
1.71699131944453
-34.1090086805554
-2.04300868055547
12.0289913194446
10.1389913194448
27.7909913194446
27.6169913194437
-15.9950086805564
-0.507008680556368
27.8269913194436
0.348991319443527
30.7309913194437
-9.83700868055647
15.9189913194434
2.14499131944342
-23.2570086805565
0.218991319443631
-21.2930086805563
20.8369913194438
-20.631008680556
14.9989913194443
30.5389913194447
-45.8150086805558
-25.9610086805559
8.99299131944403
-11.557008680556
-67.8590086805559
-41.241008680556
-6.37300868055597
-13.351008680556
20.948991319444
-18.7510086805561
6.98299131944393
-26.0410086805562
-41.2970086805562
72.2189913194437
-33.6190086805557
9.91499131944433
-5.76700868055568
-40.7250086805558
18.3089913194443
-6.80300868055567
46.4229913194447
-17.6910086805558
-9.20300868055568
-33.5130086805557
-41.6010086805557
18.0509913194441
-5.52500868055577
-22.7510086805558
7.59099131944413
-16.8530086805558
-21.0490086805558
-24.2810086805558
7.02099131944422
-12.3250086805558
-30.3830086805558
-20.2810086805558
-30.0850086805557
-20.9050086805558
52.8429913194447
-20.6290086805557
-48.5790086805555
-8.52900868055527
-10.6710086805554
4.65899131944462
-23.8390086805553
-15.9070086805554
-28.4650086805553
-73.4910086805555
-54.6270086805557
6.59499131944443
-17.8150086805556
7.59299131944442
-64.4310086805555
-43.8650086805554
16.5809913194446
5.03099131944462
82.6029913194447
-33.0270086805556
5.29699131944433
2.98699131944403
-41.3790086805559
-1.08500868055597
-5.36300868055588
47.8889913194437
-7.23100868055538
-37.7270086805554
-21.1370086805554
8.59099131944463
-17.1610086805552
-14.2170086805552
-0.257008680555273
-52.5910086805554
-9.96100868055537
9.25099131944482
27.3729913194448
28.7709913194448
8.33299131944483
-1.99900868055518
