-6.2254993570544
-26.3794993570543
-4.65949935705429
-6.12749935705449
75.2665006429459
44.5005006429459
-9.25949935705409
-32.2694993570539
-9.5074993570537
-24.5574993570535
0.724500642946509
-13.4674993570507
-48.0914993570507
7.1885006429492
13.8305006429492
-50.9834993570507
-47.5954993570508
-46.2434993570508
-92.4174993570508
-58.8694993570508
-90.9194993570508
-34.2134993570508
-110.049499357051
-97.9394993570508
-83.2014993570508
-71.4154993570507
-21.7054993570507
-15.6114993570507
-39.6054993570506
-46.6014993570506
-52.6834993570505
-61.6714993570504
-42.1114993570504
-59.5574993570504
-46.8454993570503
-34.8374993570503
-35.5874993570504
-39.4314993570505
7.3705006429496
-12.7554993570507
-59.0834993570503
-13.4494993570503
-20.2574993570504
-44.6354993570504
20.0625006429493
-43.9334993570506
-7.33949935705059
1.94050064294941
91.4165006429489
-10.9794993570508
-59.5874993570508
16.3625006429492
31.6605006429492
62.7525006429489
66.0045006429489
23.8205006429492
27.8845006429491
19.6185006429491
84.4125006429489
57.7525006429489
60.8725006429489
-8.18549935705099
-18.2854993570511
11.214500642949
-20.2054993570511
17.8805006429488
-20.0994993570512
-42.3914993570513
-7.20949935705119
-6.91149935705119
80.5805006429489
4.89250064294871
-29.8014993570514
-3.14549935705139
-23.6374993570515
-9.1254993570516
-9.54749935705169
-38.4894993570517
14.4465006429482
-7.29349935705179
18.8285006429482
-22.8074993570518
-41.6514993570518
0.232500642948111
21.0185006429481
-0.555499357051893
35.0045006429481
-22.799499357052
-15.239499357052
-34.799499357052
11.678500642948
6.184500642948
-3.24549935705199
21.532500642948
-4.37949935705209
17.0505006429479
65.7205006429479
28.436500642948
30.9225006429481
21.4885006429483
-9.48149935705159
60.2305006429479
47.1665006429479
75.8085006429479
-28.6114993570517
-15.763499357052
0.984500642948305
58.0145006429479
54.9325006429479
1.73650064294831
26.4805006429484
10.4025006429483
1.9885006429484
29.4725006429484
1.28650064294861
20.3405006429486
5.59450064294851
-20.9554993570515
-15.7414993570515
-14.4334993570514
22.7565006429486
-22.2474993570512
-22.2474993570512
-22.2474993570512
-22.2474993570512
-1.37149935705119
1.64450064294881
-15.3154993570512
-21.4534993570512
19.7805006429489
17.3585006429489
31.194500642949
-23.785499357051
-3.05349935705109
20.6085006429489
61.3005006429489
-8.52949935705109
2.43050064294891
19.6925006429488
24.5285006429488
-3.73149935705129
18.7085006429486
-9.0314993570513
14.0205006429487
40.3625006429489
-16.3354993570512
1.95450064294881
7.76650064294881
10.6325006429487
28.2025006429487
28.2685006429487
-14.2134993570513
30.7085006429486
-9.48349935705129
21.0145006429487
25.8965006429486
-13.7794993570515
42.9705006429489
24.7485006429485
-3.31349935705149
-3.31349935705149
42.4145006429489
53.1065006429489
12.5125006429488
9.5365006429488
-9.74349935705119
5.16250064294881
4.2565006429488
29.2365006429487
-17.2814993570512
6.9205006429488
-24.8694993570513
13.1845006429486
10.8005006429486
1.69850064294871
-24.3374993570514
-21.5974993570513
9.03250064294871
6.2065006429486
40.2625006429489
-4.4154993570513
-40.1194993570513
4.22250064294871
-3.75149935705139
-8.26349935705139
35.6565006429486
4.7305006429488
-20.0354993570513
34.1005006429488
11.0765006429488
-48.9294993570512
-21.7374993570512
7.1285006429487
-37.8714993570511
-25.5154993570508
4.61250064294911
-22.461499357051
-9.13949935705099
21.7345006429489
44.9745006429489
36.9785006429489
-6.91349935705109
40.2985006429489
28.0305006429489
55.3585006429489
48.8205006429489
23.6245006429489
27.3465006429489
18.8345006429489
31.5225006429489
30.9905006429489
63.9185006429489
19.9065006429491
-17.3694993570508
-16.3254993570508
-30.8294993570508
-15.1114993570509
-11.5494993570509
-0.621499357050894
6.40450064294921
33.0505006429492
23.7825006429494
-6.08149935705059
29.5665006429493
22.3105006429494
-50.2594993570506
34.6745006429495
15.6605006429494
-15.7354993570505
9.09050064294961
19.3665006429497
25.1925006429498
51.2205006429499
22.3865006429497
-13.3654993570503
-17.8874993570503
-38.9674993570503
-61.4394993570504
-4.63149935705039
22.6805006429496
0.376500642949708
2.63450064294971
-30.6994993570503
-20.8594993570503
-19.0414993570504
-52.0314993570504
-20.7634993570504
-9.09149935705049
-78.2414993570504
-68.3334993570504
-73.7594993570504
-82.5074993570506
-84.5234993570506
-66.4354993570506
-88.3954993570507
-84.9614993570508
-109.369499357051
-115.307499357051
-88.7974993570509
-128.289499357051
-90.5874993570509
-71.355499357051
-84.5994993570509
-66.3174993570509
-56.4614993570512
-37.1754993570513
-37.5394993570513
-47.5634993570514
-133.119499357051
-123.079499357051
-11.5354993570511
-17.1194993570512
-75.0394993570512
-48.2394993570513
-19.8094993570513
-35.9674993570512
-36.3294993570512
-42.5394993570512
16.1045006429488
-35.6514993570511
6.29450064294881
-34.1914993570512
-34.5854993570512
9.24650064294871
-11.1474993570513
19.1345006429487
4.8045006429486
-6.1834993570515
-5.81149935705129
-22.6994993570513
54.5905006429489
21.956500642949
29.364500642949
23.7625006429491
6.99050064294911
-22.721499357051
-15.4554993570511
-2.31149935705099
34.336500642949
-21.6814993570512
-16.3154993570511
20.0605006429489
26.200500642949
63.3865006429489
58.0925006429489
28.476500642949
20.658500642949
33.422500642949
4.58250064294901
21.442500642949
1.05450064294911
-14.2674993570509
20.7065006429491
59.0805006429489
2.36650064294901
-37.0414993570511
6.67250064294891
1.03650064294901
11.3385006429489
27.6565006429489
44.2325006429489
-4.78549935705129
-14.1094993570514
-45.7514993570514
30.8145006429484
28.9465006429485
14.8245006429485
23.6885006429485
4.02850064294851
36.1645006429485
26.8305006429486
22.2905006429486
46.6605006429489
20.8225006429486
-53.0874993570512
9.61250064294881
19.5245006429488
41.8125006429489
-6.81749935705119
-8.52149935705129
8.51650064294861
18.8445006429484
-53.2114993570516
13.7345006429483
10.4125006429483
28.7885006429483
-25.7474993570516
0.516500642948508
42.4565006429489
20.1125006429489
0.416500642948805
40.1165006429489
41.2085006429489
44.7885006429489
15.5185006429488
-14.8674993570511
-28.6774993570512
24.6645006429488
39.8705006429489
-5.85949935705119
-14.8194993570513
1.69650064294871
-22.7474993570513
2.2985006429487
27.4165006429487
-24.8994993570515
19.5825006429486
7.08650064294861
40.2105006429489
-2.25749935705149
12.4885006429486
42.1245006429489
27.1325006429485
22.3245006429485
17.2005006429486
34.9305006429486
30.448500642949
18.8485006429489
-18.7514993570512
-36.5914993570512
9.00850064294871
5.8525006429488
-74.3394993570514
36.1485006429486
7.72850064294891
28.0285006429489
1.04650064294881
27.0925006429489
29.2965006429489
6.2685006429489
31.3545006429489
-16.8914993570512
7.6345006429488
25.4065006429487
-17.4834993570513
6.5005006429487
34.8745006429488
30.4905006429488
45.9865006429489
52.6885006429489
5.3345006429488
9.7745006429489
-6.27949935705119
-33.7634993570512
-33.2694993570514
-36.5294993570515
13.0125006429485
-17.6854993570515
-30.8474993570514
13.2165006429483
19.4665006429483
59.4085006429489
-33.7974993570519
5.946500642948
-26.191499357052
-3.90349935705189
-43.1194993570519
-36.631499357052
-50.3454993570519
48.0585006429479
3.62650064294821
-31.2714993570518
-2.3474993570518
-52.8234993570518
-3.37549935705179
-9.0974993570518
2.57650064294821
-23.0574993570518
43.7845006429479
-9.04949935705189
-30.4994993570518
-13.0874993570519
-1.00749935705189
8.57250064294801
-29.9614993570513
14.5605006429487
-30.0534993570513
-34.1474993570514
-4.28349935705139
-10.4674993570513
81.9785006429489
16.6625006429487
37.0685006429487
15.7385006429486
24.8525006429487
-20.2514993570513
-7.41749935705129
28.3885006429487
51.5565006429489
9.62450064294881
-19.9614993570512
-3.10749935705119
44.9945006429489
18.7265006429488
5.49050064294881
48.7185006429489
19.6085006429489
-17.6934993570512
12.5665006429488
4.7365006429488
33.5685006429488
9.39850064294891
-6.7054993570512
-3.37549935705109
2.09450064294901
23.6405006429491
19.5725006429484
2.87050064294851
10.1725006429485
23.6065006429486
17.4205006429486
20.1085006429485
-13.1234993570515
19.5025006429485
-11.1514993570514
-68.7594993570513
-57.5694993570513
-34.2974993570514
-22.7254993570514
5.9765006429486
14.6145006429486
28.9185006429486
-22.7774993570515
-1.54749935705149
23.4765006429485
-14.8494993570515
19.1665006429485
13.4605006429485
2.74050064294861
21.8725006429486
35.3085006429486
14.0785006429486
18.7125006429486
21.0265006429486
1.47050064294871
24.6965006429485
41.4385006429489
25.4845006429485
42.8365006429489
27.0685006429487
53.0945006429489
27.5845006429489
-22.5854993570512
46.4085006429489
31.9005006429488
40.9165006429489
-36.3894993570512
-2.92749935705109
-1.39949935705119
19.5745006429488
26.0325006429488
-21.8814993570512
-18.0574993570511
13.3965006429489
31.4965006429489
54.2725006429489
12.1525006429489
36.2465006429489
4.09250064294881
-21.2654993570513
2.74850064294861
27.6925006429486
1.37050064294861
5.32650064294851
49.2225006429489
6.01050064294861
29.4165006429486
17.8705006429487
10.9925006429488
37.0685006429489
50.0465006429489
31.4405006429489
10.0885006429489
-9.0134993570511
9.3405006429489
64.5405006429489
24.258500642949
35.8625006429491
61.6405006429489
61.7085006429489
15.7725006429491
7.90450064294901
20.3305006429491
67.2185006429489
35.5565006429491
31.0725006429491
16.538500642949
73.8605006429489
-56.3714993570509
-115.507499357051
-25.1714993570508
-23.5394993570507
24.6965006429493
-48.9814993570508
-44.8934993570509
-39.925499357051
-2.62749935705109
-26.359499357051
-14.9494993570511
-63.5774993570509
-27.6334993570508
-44.3934993570509
28.3725006429491
-30.5814993570509
-11.0954993570509
-42.1794993570509
-30.9874993570509
-7.49949935705089
8.8705006429491
7.16450064294951
-28.7214993570505
-42.5534993570505
25.1645006429494
27.1165006429494
3.9805006429494
12.9805006429494
47.9805006429499
-46.0014993570512
0.358500642948904
3.4145006429488
9.8525006429488
-36.6554993570512
-46.4154993570515
-4.27549935705159
9.5485006429484
-72.7594993570516
-25.8954993570516
-32.4994993570516
-60.2494993570516
2.94450064294841
45.5905006429479
39.5225006429479
107.126500642948
19.2245006429483
29.2485006429483
32.9205006429483
57.6905006429479
14.2205006429482
-16.0534993570518
27.9565006429482
80.3945006429479
-20.8514993570518
-2.11749935705189
12.3325006429481
-9.88749935705189
13.126500642948
0.856500642948006
35.3825006429481
-13.1994993570515
23.3545006429484
-23.9954993570515
-4.85949935705139
23.9965006429487
-3.51949935705129
0.416500642948805
-7.93949935705099
4.7305006429489
11.3045006429489
-20.1994993570511
3.414500642949
49.1585006429489
14.368500642949
-0.963499357050992
57.7705006429489
-1.25949935705099
-37.5214993570509
25.9745006429491
-53.4814993570508
-53.4814993570508
-53.4814993570508
-53.4814993570508
33.7185006429492
-7.05749935705089
53.0965006429489
35.982500642949
-8.32349935705099
-16.657499357051
1.77050064294911
15.0425006429491
56.8705006429489
11.7225006429485
-3.98349935705149
8.9945006429486
41.5705006429489
61.4185006429489
10.8885006429487
-40.0914993570514
-19.9794993570514
-49.4274993570514
-59.1974993570514
-18.7474993570514
-26.8634993570514
-18.4174993570514
16.9705006429485
37.9645006429489
39.3765006429489
11.9925006429485
3.7085006429485
-15.0034993570515
-15.0034993570515
-15.0034993570515
34.1165006429484
27.0645006429484
25.2785006429483
28.1385006429483
-2.86949935705159
20.5885006429486
1.92450064294861
-2.98149935705139
7.02050064294871
10.3945006429488
-9.27149935705119
46.3765006429489
2.266500642949
4.01250064294901
12.966500642949
17.154500642949
17.958500642949
71.6305006429489
11.036500642949
-28.235499357051
-0.629499357050996
33.9565006429489
0.678500642949004
30.560500642949
41.5565006429489
3.96450064294901
3.090500642949
3.090500642949
-6.37749935705099
-15.0314993570509
-6.77349935705089
19.7545006429491
-7.32349935705099
-51.4054993570511
-36.3114993570511
12.8565006429489
6.2245006429489
-37.4014993570512
-29.2854993570511
-6.67349935705109
21.768500642949
44.0905006429489
5.6225006429488
34.9965006429488
-12.6614993570513
12.6545006429487
14.1365006429486
22.4405006429487
-11.2674993570513
65.0505006429489
-5.82949935705129
-30.0214993570513
-3.00349935705129
-44.9274993570513
36.5805006429486
-8.77149935705139
-17.5154993570515
15.8825006429486
5.74250064294861
77.7885006429489
-34.2734993570507
-11.5054993570506
13.9485006429493
8.80450064294941
-15.5154993570505
-22.3754993570506
22.7525006429495
20.3965006429495
40.3085006429499
-7.38749935705069
12.8365006429493
-18.9294993570506
17.3925006429494
34.3145006429494
24.1125006429494
52.6045006429489
-67.9714993570505
32.6705006429495
14.9945006429495
17.0105006429495
40.3745006429499
-22.3554993570505
54.2865006429499
45.6245006429499
39.2565006429499
69.1445006429499
-16.0294993570509
5.74050064294911
4.27650064294911
20.5965006429491
-4.99349935705089
22.6385006429491
20.4265006429491
-9.48349935705079
43.0705006429489
3.33050064294921
20.6405006429492
35.5505006429493
-17.1134993570508
5.05050064294921
-0.211499357050691
49.9425006429499
-37.7634993570506
-27.7154993570506
5.11850064294941
18.5185006429494
45.8705006429499
22.8425006429494
16.8325006429494
25.7525006429494
25.4145006429494
-9.17549935705059
15.4285006429494
-22.8534993570507
-13.3754993570507
-8.73349935705069
-31.8914993570506
-11.9634993570506
-1.25949935705059
