7.57258557844865
-16.0954144215516
-7.19741442155145
5.75058557844845
-3.48741442155145
-29.7654144215515
-6.93741442155155
-44.1954144215517
-13.3834144215517
-26.2694144215518
-11.4794144215518
-23.3354144215517
-6.09741442155155
-42.7134144215515
-13.4094144215515
-6.26941442155165
-15.5234144215517
-28.4034144215519
-15.3474144215521
-34.7474144215526
-18.6834144215527
-40.2054144215527
-28.8914144215527
-8.67941442155285
-2.96341442155285
23.0505855784471
-10.9354144215527
-7.14141442155285
3.70658557844715
-28.547414421553
-33.539414421553
4.78058557844705
40.0665855784471
1.60658557844645
-45.9134144215537
15.1085855784463
-6.70941442155355
-32.5274144215536
-17.6914144215537
-6.54141442155375
-25.6994144215536
47.2105855784467
9.16258557844645
-19.6514144215537
23.6385855784463
13.4845855784463
15.6165855784465
-2.12541442155365
7.34458557844635
-24.0974144215537
-3.98541442155355
10.0185855784465
-9.03541442155355
-13.3474144215535
34.0445855784467
-7.86341442155415
1.59858557844585
-43.1034144215541
-19.9074144215542
3.00058557844575
3.00058557844575
3.57658557844575
57.0945855784458
-27.9694144215538
-12.1414144215537
-2.71341442155375
-41.9914144215537
11.8005855784463
-23.3854144215538
-7.83141442155375
25.5585855784462
16.2705855784464
-13.9374144215537
-4.36141442155365
22.3285855784463
21.9505855784463
22.2165855784463
27.1085855784462
-14.8654144215538
-12.2834144215538
9.86458557844644
13.852585578447
-4.55541442155315
15.5405855784468
0.610585578446752
10.2105855784467
46.4645855784468
3.57458557844695
-34.717414421553
-26.055414421553
-6.47341442155325
5.80658557844685
-10.8954144215531
49.3225855784468
-29.2674144215531
-19.1654144215532
-12.8654144215532
5.07258557844675
-42.7454144215532
-9.21541442155295
-7.90141442155305
-24.3794144215533
36.3725855784469
-1.96741442155325
-26.6674144215534
-13.9294144215533
-14.1374144215534
8.26658557844665
-18.9554144215534
-1.27341442155345
56.0285855784467
-4.12541442155335
-43.2714144215532
-31.3474144215534
-6.41141442155325
7.45658557844675
-4.77541442155325
10.3585855784468
8.70258557844675
-26.5014144215532
-13.5414144215531
-0.323414421553153
18.2965855784468
45.0085855784467
7.41058557844675
-26.2194144215533
-15.8734144215533
-30.1194144215534
16.2085855784467
-26.2854144215532
-15.7634144215533
-16.4174144215534
51.4625855784468
-27.3014144215534
12.7185855784467
-42.1274144215534
16.7245855784467
15.3425855784467
-14.3434144215532
26.9845855784467
20.2005855784469
-3.36941442155315
-14.5394144215531
-19.8494144215532
21.8145855784466
2.14058557844665
-0.131414421553352
-4.41341442155345
-10.1194144215532
2.22058557844695
16.980585578447
-41.5534144215532
-20.3974144215533
-15.0054144215531
31.9285855784468
-43.9974144215533
-4.59941442155325
-27.0534144215533
-13.1394144215533
45.6265855784467
-7.34741442155345
-10.9014144215534
-8.43341442155345
-9.00541442155335
-5.42341442155335
40.8245855784468
19.9085855784466
-24.5134144215534
7.97258557844675
-20.2194144215533
-12.6054144215533
-21.9934144215531
-24.1714144215531
24.1365855784468
-16.4874144215529
-15.5954144215529
7.73458557844715
-8.06341442155295
5.24658557844695
-8.38141442155295
-15.6274144215533
2.05858557844675
2.52058557844695
10.5385855784471
22.9905855784473
-22.1754144215527
-4.84741442155265
-4.84741442155265
-17.9554144215526
25.4845855784472
-24.3454144215527
-38.7254144215526
-3.84941442155265
-3.84941442155265
-23.5234144215525
48.4125855784478
7.58858557844735
-20.6474144215526
22.9505855784473
7.28058557844735
33.1245855784473
-2.14141442155245
-19.4114144215524
19.8665855784475
-39.7894144215526
10.4345855784476
-23.4854144215524
-5.20541442155245
-19.0914144215525
24.5845855784478
34.1145855784479
-27.7594144215523
-24.6194144215523
-21.3414144215523
64.9605855784478
-8.69141442155245
-6.01541442155235
-28.8194144215523
-16.9834144215525
0.0305855784475497
20.3365855784475
-22.6034144215525
0.248585578447653
-1.88341442155245
-41.8794144215525
-46.0274144215524
-25.7074144215524
-17.6874144215521
51.9885855784477
9.97858557844756
6.44258557844745
5.09858557844755
4.96258557844745
19.4165855784474
-30.4774144215528
-10.6854144215527
-18.6094144215527
56.6085855784478
4.19258557844755
-23.2634144215524
-26.6774144215524
34.9345855784475
-19.7714144215525
7.69258557844755
34.9165855784476
-39.9274144215525
-22.8154144215525
4.04058557844735
18.4645855784472
-11.2254144215527
55.2405855784467
14.9565855784473
-18.4914144215528
-4.63341442155305
-3.78741442155305
-6.75741442155255
-27.0254144215525
29.0405855784474
-0.467414421552149
-10.6014144215521
2.93858557844775
13.8085855784477
-32.8434144215525
16.8145855784475
-4.87941442155265
2.78658557844745
29.1025855784474
19.0885855784473
3.25458557844745
9.66058557844745
-17.3554144215525
7.07258557844755
5.05458557844755
-1.37741442155245
27.0185855784474
38.3905855784469
-5.18341442155335
-2.53741442155335
10.9485855784465
-28.4134144215535
-14.8894144215537
-36.7774144215539
-0.0194144215538472
14.4945855784462
-20.2314144215539
-13.8194144215539
20.6065855784461
40.0125855784462
0.256585578446149
24.5225855784463
-30.0194144215534
-17.0654144215533
-34.4954144215533
14.4745855784467
-25.6454144215535
18.1165855784467
-3.25741442155335
-5.47541442155335
14.1725855784468
-3.57541442155335
-12.6014144215535
23.452585578447
-3.11741442155305
1.61458557844695
16.3125855784468
26.0825855784467
26.4525855784467
22.3225855784466
13.7185855784467
21.1165855784467
9.83658557844665
7.69458557844665
54.8665855784468
6.85658557844675
-25.4094144215532
-4.76941442155335
-2.33141442155325
0.29458557844675
16.0165855784466
-29.8274144215531
5.69458557844695
-8.43741442155305
-25.671414421553
24.9625855784472
18.8045855784474
-1.39741442155265
9.01258557844725
-20.1074144215528
-9.51141442155275
-33.1314144215527
-18.5394144215527
13.9225855784471
28.706585578447
-13.379414421553
1.50458557844705
-22.665414421553
13.9065855784475
-22.2174144215523
21.9305855784476
13.3425855784473
-23.0674144215527
-4.14741442155275
-1.65941442155265
1.85858557844745
41.0325855784472
0.804585578447252
-5.29541442155285
0.276585578447353
24.7185855784474
-32.7414144215527
28.6385855784473
4.13458557844725
39.3165855784474
-13.7994144215527
-39.065414421553
-34.651414421553
-15.069414421553
-27.4214144215531
-48.821414421553
-31.7314144215528
37.3345855784471
-7.68741442155275
24.6065855784471
-33.3394144215529
9.42258557844695
12.0265855784467
15.2845855784467
-0.267414421553148
-17.6714144215533
22.1685855784467
11.2925855784469
75.5665855784468
-32.9454144215533
-8.57741442155315
-10.3854144215532
-18.5214144215531
-22.6054144215532
5.48658557844675
4.62858557844695
42.6885855784469
13.974585578447
-10.9614144215531
-2.20941442155315
18.200585578447
-20.9594144215531
22.7365855784468
-0.811414421553252
-4.10341442155325
-19.4454144215532
22.664585578447
-3.46341442155275
-14.2354144215527
8.43858557844725
26.0365855784471
18.9285855784471
17.6205855784472
-28.529414421553
14.5605855784471
-17.4554144215531
17.652585578447
-4.69141442155295
-16.2574144215531
-11.519414421553
-40.779414421553
-7.91141442155305
-22.3114144215531
-41.6954144215527
-39.4674144215527
-36.5854144215527
-4.80141442155285
-29.0314144215529
63.1765855784468
26.432585578447
-13.5234144215531
-7.48941442155315
-22.847414421553
21.3745855784469
-35.081414421553
4.47658557844705
44.8365855784468
12.2685855784474
10.1845855784474
-6.09541442155255
7.59458557844745
-10.1334144215525
32.6165855784474
-22.6054144215525
32.9325855784475
5.19058557844745
15.6885855784475
-7.55941442155255
11.4025855784475
35.7045855784476
30.4765855784476
-27.8274144215524
-37.7574144215522
-0.0174144215521466
6.42058557844785
19.8605855784479
-25.6894144215523
51.8525855784478
14.5505855784476
-4.31741442155245
-8.90941442155235
-14.4514144215524
-5.10141442155235
-16.4434144215524
12.0885855784476
-17.3274144215523
-8.81341442155235
23.7525855784476
49.9545855784478
-0.11541442155265
-5.48741442155275
44.2785855784472
10.5805855784472
44.7825855784467
3.74858557844725
-7.57741442155285
-29.3034144215529
-10.8554144215528
-11.6514144215529
5.49658557844715
46.0765855784467
8.09858557844735
36.9125855784474
4.85658557844735
18.4805855784475
-2.65941442155265
47.3005855784477
-12.4514144215525
-12.8634144215525
-5.30941442155255
-2.12141442155245
5.95658557844745
-18.6274144215526
15.1685855784474
20.7185855784474
-43.0154144215528
24.1545855784471
7.49458557844705
-10.1274144215529
-11.4734144215531
9.97258557844685
14.8625855784469
45.5745855784468
-21.959414421553
-31.851414421553
20.7465855784467
11.2125855784468
-13.3214144215533
17.8765855784465
7.38258557844635
-3.58541442155335
1.63258557844665
-7.25941442155335
-38.4494144215534
-13.9874144215533
-20.4554144215534
28.5045855784466
19.6845855784467
22.5665855784467
32.0205855784466
-4.73141442155335
14.7845855784467
2.15258557844675
-17.6614144215532
-7.25141442155325
8.18058557844675
3.13658557844685
-4.06341442155305
-19.1514144215531
-27.669414421553
34.7825855784472
34.5745855784473
-14.8894144215528
6.16858557844735
-9.73941442155205
-28.9354144215518
-14.8974144215519
-4.42541442155185
3.85458557844815
32.9145855784481
32.0745855784478
16.5305855784481
-38.7794144215518
11.8685855784481
12.6805855784481
3.40258557844815
22.7645855784481
3.74858557844805
-18.3634144215519
-8.81541442155195
0.908585578448047
8.08258557844805
6.69458557844795
23.608585578448
9.95258557844804
16.898585578448
1.79858557844765
-10.9634144215522
-11.3814144215523
22.9965855784473
-6.48541442155265
19.3165855784473
-31.4614144215528
4.74458557844725
-1.24141442155285
-0.821414421552852
-12.613414421553
20.7265855784471
-39.669414421553
17.372585578447
18.7685855784471
20.7845855784471
23.4725855784469
-5.89141442155295
28.666585578447
15.984585578447
16.2545855784472
33.6765855784472
-9.18341442155285
9.64458557844716
1.46858557844715
6.30058557844715
6.30058557844715
-14.8334144215529
35.6045855784472
22.2425855784474
-23.9574144215527
23.9525855784471
38.7425855784472
56.2285855784467
3.31058557844705
14.5405855784469
-34.9454144215532
27.4765855784471
-5.82941442155285
-37.4314144215527
6.76658557844715
-24.4794144215528
-9.03741442155275
16.6305855784472
33.1065855784472
-18.1894144215528
-10.9814144215528
-58.6554144215528
-11.8454144215529
-25.3714144215528
-28.2594144215529
16.648585578447
45.4945855784468
6.03058557844705
-11.7894144215529
-21.5154144215525
-46.7494144215525
-41.9714144215527
32.5765855784474
-0.257414421552546
-12.6334144215526
40.0605855784477
40.2405855784472
-5.79941442155275
-13.3754144215527
-17.7154144215528
32.7225855784473
-37.4714144215527
-24.6914144215528
-4.53141442155285
1.18258557844725
8.87858557844725
59.8605855784477
24.5405855784475
-18.9174144215526
-21.8354144215525
-7.92341442155255
47.8725855784477
-8.50741442155285
13.9865855784473
17.2485855784472
12.1465855784474
14.4065855784473
12.8645855784471
-17.0714144215529
13.862585578447
9.80058557844705
19.8545855784472
30.7145855784471
3.37658557844675
-6.98141442155315
11.5365855784467
-1.71541442155335
12.9205855784467
20.4545855784466
2.03658557844675
2.88658557844665
46.5985855784468
9.43258557844666
42.5145855784466
-31.0074144215533
11.6225855784468
2.37458557844665
-20.0134144215534
-0.795414421553652
-19.1294144215537
-29.9754144215538
-23.5774144215536
-6.02341442155365
26.2605855784463
-6.84141442155385
-13.0874144215539
-34.3234144215538
-36.0974144215539
13.7465855784464
5.53058557844645
8.07658557844665
-49.8514144215532
1.99458557844685
0.862585578446847
-21.3834144215531
21.6165855784469
-10.0934144215531
-17.8014144215531
-8.52541442155315
-8.93341442155305
33.0285855784469
12.8905855784468
6.42658557844685
15.3165855784469
-36.3074144215528
-57.4594144215527
1.53658557844745
-64.8894144215523
39.8705855784477
-18.5114144215523
-3.38341442155245
-16.2634144215524
-8.20341442155245
-10.5034144215525
55.5725855784478
-53.273414421553
18.0665855784471
-31.6794144215533
3.97458557844675
42.9105855784468
13.1005855784468
12.7045855784468
-1.03341442155325
-16.5674144215533
-57.6654144215531
-14.0234144215531
-4.31941442155315
3.21258557844695
23.7045855784469
-10.1894144215531
-1.64741442155305
3.72258557844695
26.6225855784471
-3.76341442155305
-12.2594144215529
-48.681414421553
-15.2754144215531
47.9545855784467
-21.2754144215526
-9.06141442155265
-38.3054144215529
-29.1974144215528
19.002585578447
22.272585578447
-2.33341442155305
7.46858557844695
18.5125855784469
1.30658557844685
-27.5794144215532
-7.16941442155315
10.2625855784469
35.7745855784469
-17.7514144215532
-16.8414144215533
7.23458557844685
-27.5894144215532
11.6805855784468
-17.7614144215531
-40.7254144215534
6.78258557844655
-5.51341442155325
2.11058557844655
15.2625855784467
-16.5854144215536
-18.0234144215537
-5.42541442155345
45.8765855784467
6.94658557844695
27.2685855784472
9.67458557844716
9.54258557844725
15.0905855784473
19.0765855784472
16.1365855784472
14.9705855784471
-20.6554144215528
7.00458557844725
41.2945855784472
-1.50341442155275
-6.22741442155285
-8.29141442155295
14.5525855784471
-6.45741442155275
-28.0394144215527
49.9225855784477
29.6185855784472
13.6585855784472
-32.8174144215529
29.5805855784471
12.7885855784471
-7.59541442155265
-10.7134144215525
27.6265855784473
9.52458557844715
33.8365855784472
3.23658557844695
-34.5054144215529
-27.945414421553
-35.925414421553
