696;665;543;467
794;774;594;556
699;503;559;556
729;614;580;535
726;556;556;554
674;485;559;542
695;515;560;554
710;559;583;623
717;573;589;654
707;515;571;617
726;571;588;649
738;594;590;672
737;486;571;687
697;566;564;566
749;753;585;545
723;517;518;565
709;488;565;581
704;635;641;595
679;471;563;567
736;625;636;610
727;587;557;537
710;502;582;581
689;609;627;556
724;594;617;610
743;601;592;582
716;632;572;551
700;546;564;572
765;597;550;562
690;461;565;586
722;490;579;594
720;529;600;602
699;569;596;557
721;615;614;576
726;595;614;600
718;617;609;583
724;513;576;592
714;543;596;587
720;399;498;576
742;582;576;582
680;557;581;537
701;621;575;561
727;546;590;599
685;562;586;554
722;521;582;593
711;511;522;594
706;477;558;587
712;652;627;536
732;570;561;549
719;488;575;589
738;549;600;655
720;520;583;599
735;552;590;580
710;522;579;560
757;552;577;576
783;620;580;565
702;560;608;568
746;609;598;592
740;605;584;559
750;615;598;573
686;619;625;490
724;526;587;587
752;600;606;603
708;607;626;555
729;667;666;601
689;462;568;574
691;528;590;556
726;544;599;578
704;521;587;574
726;532;556;559
761;560;591;591
691;607;614;537
744;596;587;563
740;619;613;602
765;621;610;594
712;587;618;585
689;622;573;674
737;640;572;520
650;610;599;497
730;589;590;565
720;603;565;549
656;564;592;507
683;567;587;531
677;498;545;538
656;398;521;539
692;559;572;531
690;600;580;526
731;735;555;521
732;737;553;519
719;694;556;529
719;694;556;529
722;713;556;528
729;731;558;525
729;728;559;528
725;714;555;530
727;730;560;525
730;738;562;525
731;739;560;524
731;736;561;528
730;734;560;529
723;701;561;533
728;710;564;530
723;702;559;533
715;682;557;536
700;619;558;543
689;556;556;549
690;458;540;569
720;512;568;591
693;486;559;583
710;505;589;603
755;580;599;605
726;522;577;588
701;491;575;579
743;546;585;594
719;466;537;596
731;593;555;516
702;547;594;569
671;609;604;504
706;588;598;565
755;574;581;583
702;581;607;542
732;546;584;574
741;576;591;578
756;596;591;571
656;774;705;561
691;623;588;526
765;772;630;547
711;674;640;578
715;630;609;645
721;601;614;594
739;568;595;613
725;635;622;593
714;544;584;564
714;545;590;622
744;571;581;562
699;580;610;555
703;572;590;560
711;688;666;571
707;667;581;497
716;521;582;573
735;554;601;607
709;496;567;569
703;500;574;569
736;579;599;583
684;505;559;556
710;529;591;570
723;528;597;603
694;480;574;569
679;606;605;528
707;624;593;557
733;710;606;551
715;572;586;568
726;552;586;578
743;642;609;566
753;570;578;586
739;641;614;594
735;541;596;604
712;571;610;581
756;585;608;611
697;597;607;546
711;606;577;571
721;614;615;587
722;519;567;590
748;646;597;564
717;582;588;582
728;536;603;606
715;543;607;591
731;557;611;611
733;595;593;575
714;591;610;573
701;665;631;545
712;576;592;578
738;560;612;626
742;528;579;618
734;541;597;590
748;545;597;629
715;497;576;578
742;543;608;622
747;599;592;577
726;626;636;577
734;683;606;571
756;780;614;526
756;780;615;526
754;780;615;526
753;780;615;526
753;780;615;526
724;641;631;604
720;663;645;575
725;632;586;564
755;633;599;611
716;586;584;580
686;574;590;513
739;511;575;583
724;490;573;584
707;476;566;586
717;534;590;588
737;563;589;598
735;554;589;596
730;577;578;589
718;605;604;578
745;616;601;612
731;518;558;605
728;568;593;589
786;602;571;568
708;458;568;594
748;522;571;593
739;502;581;599
769;570;593;607
737;673;648;593
775;600;574;569
707;475;569;596
768;590;592;605
751;577;603;628
729;614;612;573
728;576;611;551
734;505;569;551
739;517;575;572
774;565;573;573
761;567;609;602
758;623;605;578
711;501;592;561
726;565;610;540
767;633;607;559
802;661;596;559
694;612;607;472
780;639;599;544
760;600;620;611
750;592;608;581
759;647;635;599
749;601;573;535
736;660;643;566
717;564;595;564
729;581;591;545
720;574;556;531
779;632;609;591
738;676;654;548
740;582;596;560
765;588;617;677
759;552;591;576
767;632;623;602
763;552;572;571
740;671;650;571
767;560;574;565
753;522;591;623
750;604;601;549
761;621;612;566
727;411;577;611
746;576;598;624
744;537;605;644
745;574;601;636
737;606;598;557
784;767;595;517
749;551;605;618
739;562;595;563
736;508;602;642
745;547;599;630
745;525;588;629
731;610;597;558
750;737;611;533
721;528;597;567
738;465;590;605
752;517;601;679
744;585;613;639
717;676;599;523
762;749;610;529
683;657;632;548
750;610;621;611
750;666;603;542
767;651;594;528
741;541;586;569
733;602;595;568
768;780;611;520
719;662;641;575
726;690;663;556
767;685;618;542
749;534;588;576
741;633;577;529
774;553;585;600
745;498;592;602
773;584;624;635
777;679;662;624
736;580;611;565
724;627;632;526
776;661;619;559
744;556;614;579
743;516;600;591
751;501;602;683
758;629;593;544
735;501;594;582
743;659;666;601
776;604;631;637
748;583;605;555
730;598;619;561
719;546;611;585
739;584;626;565
721;562;601;557
757;619;635;610
719;556;606;569
751;547;600;582
757;662;665;607
733;453;565;572
743;636;655;579
759;588;606;573
747;585;617;588
788;653;624;588
793;615;583;596
726;614;628;564
755;535;589;563
738;500;582;580
791;627;593;562
724;562;604;565
736;580;617;563
763;574;598;576
753;581;607;665
754;620;626;647
769;734;619;538
766;780;628;507
720;668;647;583
736;623;637;674
746;691;685;620
736;605;623;585
733;547;611;596
770;592;641;636
739;558;613;587
764;662;647;608
756;621;601;573
746;674;618;580
755;780;621;514
727;672;626;588
741;595;628;700
664;699;652;429
764;699;624;536
726;576;618;588
746;573;603;587
756;648;639;600
796;622;590;596
783;697;634;596
757;628;658;632
744;532;611;611
724;566;618;577
714;595;558;599
730;638;596;617
728;612;587;606
725;615;584;583
712;567;576;586
723;588;587;609
734;558;593;655
724;537;584;632
699;524;570;556
712;505;569;566
716;490;563;556
747;572;584;554
707;564;580;515
709;509;538;520
705;557;588;542
729;492;537;564
720;501;570;559
699;578;608;531
720;666;595;549
768;765;666;607
706;664;664;605
669;634;614;561
698;603;612;563
695;553;595;554
700;462;520;545
721;543;597;571
696;501;576;557
711;600;602;551
692;567;584;535
751;769;660;558
721;769;605;449
718;589;628;646
679;576;585;499
699;497;563;515
696;491;591;560
689;566;624;513
679;456;570;531
735;576;593;553
742;517;528;521
671;562;587;499
751;647;583;537
750;578;629;593
706;543;587;551
731;487;571;571
727;571;601;556
758;622;607;543
730;670;619;500
750;558;569;535
719;632;682;524
710;653;702;479
689;545;567;461
746;745;583;415
744;512;592;546
680;521;587;492
697;403;531;493
709;519;596;515
724;574;570;488
756;547;596;522
688;526;611;484
722;585;627;478
738;590;654;553
734;645;671;533
757;555;613;517
719;630;670;455
754;536;626;540
694;533;631;501
696;468;596;518
709;497;597;516
732;536;615;520
674;510;597;494
707;525;630;526
738;550;618;537
698;467;602;531
725;502;592;500
721;515;610;537
740;560;585;495
684;570;622;445
734;544;610;527
735;545;636;575
740;537;628;573
694;479;593;532
728;566;625;529
695;547;622;515
715;541;628;538
733;536;615;548
700;538;622;526
743;527;617;561
753;529;607;574
737;521;617;555
734;607;663;551
739;534;611;541
721;534;605;549
710;545;632;539
736;548;614;566
745;556;574;522
715;516;603;539
712;630;659;501
728;566;606;535
715;533;606;544
721;532;617;539
699;583;641;498
740;565;632;558
737;593;642;581
722;565;629;537
741;566;649;573
728;544;623;540
728;543;632;554
717;510;616;554
726;526;632;584
728;537;615;509
725;538;630;546
743;509;612;560
711;559;647;539
720;562;637;535
727;539;642;559
751;575;642;563
741;537;618;546
708;604;659;472
734;597;660;559
762;605;653;601
741;561;642;564
730;527;607;538
761;551;619;544
713;549;640;541
750;559;617;551
722;476;615;563
762;620;667;574
708;537;624;542
719;579;629;512
706;554;634;532
722;581;646;550
753;588;624;560
709;611;651;505
741;624;657;565
721;647;657;503
705;597;650;506
747;600;652;575
751;604;658;587
717;621;674;533
757;610;660;543
720;540;616;539
753;567;616;539
697;590;638;506
748;556;632;629
741;550;607;623
740;556;625;618
737;558;630;614
746;571;650;651
733;537;630;621
729;554;629;600
755;560;649;582
775;618;671;620
696;607;648;456
734;561;630;523
730;550;640;549
764;581;642;548
711;551;630;533
754;548;630;526
754;573;661;597
755;551;650;612
727;579;638;537
732;598;630;541
748;581;644;662
721;622;659;533
745;643;641;510
719;531;583;512
747;584;616;527
741;651;687;543
735;690;697;509
765;630;654;539
751;657;659;532
774;654;668;584
722;563;642;544
739;566;614;537
719;620;666;519
729;579;647;555
766;562;605;460
718;614;660;523
744;581;656;581
735;574;654;597
741;581;632;541
702;523;621;539
758;614;665;578
748;622;683;590
721;551;623;536
710;556;642;542
717;605;615;578
742;519;597;574
726;570;581;509
755;524;591;582
755;503;583;563
707;475;588;538
703;506;613;528
721;475;597;547
720;446;583;548
721;524;621;556
726;554;604;532
748;521;631;590
709;501;609;546
754;551;615;562
710;518;614;530
738;599;636;552
744;589;629;547
760;578;634;553
737;565;614;527
680;583;630;500
732;537;608;544
771;587;621;543
699;403;566;544
737;582;580;515
732;578;633;555
693;445;594;552
698;500;607;528
720;495;618;560
723;597;653;524
758;591;585;523
702;510;619;533
708;546;614;527
752;559;623;579
715;543;604;535
714;462;599;564
717;610;616;512
715;594;655;543
751;582;644;600
767;641;670;612
705;573;631;499
751;552;626;567
727;510;610;563
729;492;604;567
707;527;622;555
715;544;626;562
744;602;604;532
725;596;619;499
721;479;596;549
750;595;637;543
736;481;599;566
746;518;629;594
762;537;619;591
727;614;657;538
725;565;617;544
722;597;654;516
722;634;680;531
751;600;617;539
737;551;647;575
732;587;658;571
730;549;635;557
739;556;636;580
742;589;647;545
732;491;600;566
730;648;680;561
718;606;629;528
765;682;623;562
728;602;643;542
745;568;643;587
726;606;659;560
756;583;629;555
711;439;603;568
735;475;611;583
740;634;673;528
770;557;623;557
727;496;611;564
722;602;660;523
745;623;680;584
734;511;622;554
723;586;629;548
801;781;682;611
693;617;647;515
762;614;631;533
718;545;634;567
757;616;665;595
736;626;670;584
728;601;644;546
711;548;640;545
735;593;660;578
768;592;620;553
713;511;620;558
759;580;643;578
772;643;627;550
770;606;655;587
743;542;627;581
733;603;657;563
729;514;627;568
719;533;637;567
747;582;663;607
777;584;643;577
763;624;612;557
741;619;659;577
762;569;635;577
757;564;650;643
743;549;643;605
737;535;631;608
739;509;629;624
734;525;631;611
738;533;636;615
726;631;667;509
756;545;640;579
729;469;608;576
742;525;641;592
753;627;679;588
745;550;643;586
739;560;637;557
718;561;655;550
751;507;634;601
734;480;614;589
724;632;667;514
766;564;627;561
770;553;636;582
760;600;678;625
758;611;623;540
746;615;663;597
726;541;648;579
743;573;649;583
742;600;665;595
743;520;636;583
735;482;617;582
753;550;634;575
746;569;654;597
755;594;639;597
765;542;651;608
741;612;675;585
734;580;661;581
729;482;623;611
739;534;638;615
759;583;666;661
741;589;651;563
743;631;676;569
722;665;685;529
736;567;632;562
733;548;653;577
763;533;649;622
757;501;628;596
783;548;650;615
722;659;666;499
735;476;628;580
754;552;646;582
740;446;561;562
726;584;652;541
737;585;659;588
748;546;645;578
740;613;697;620
726;471;620;574
763;480;607;590
771;552;639;592
797;614;640;568
711;566;650;530
770;601;639;562
796;621;640;572
722;548;645;566
728;554;642;575
764;631;621;528
718;458;619;585
731;624;681;563
767;604;673;614
721;493;625;581
757;585;603;520
743;515;633;586
708;598;662;511
771;570;633;589
766;616;647;580
716;447;617;580
749;633;676;570
738;655;667;526
769;579;670;625
746;462;599;578
724;541;645;572
718;500;632;580
725;556;631;554
741;431;599;589
784;607;668;618
744;490;625;596
722;527;643;582
778;653;634;523
758;558;664;620
756;651;703;620
773;588;638;578
749;647;692;601
741;512;628;588
775;567;645;602
740;483;627;607
755;562;669;621
774;623;676;608
745;499;627;584
746;545;641;649
772;603;668;627
746;567;651;604
774;608;666;614
752;574;649;584
749;379;626;664
736;475;629;623
717;637;677;514
739;565;657;589
741;427;602;592
768;592;674;631
751;599;664;595
756;633;681;608
723;636;664;563
783;589;651;606
757;532;644;606
758;582;670;612
763;705;692;562
746;728;711;534
713;637;567;588
758;775;570;541
711;689;634;528
758;606;558;549
728;475;551;591
768;592;603;619
714;566;597;553
705;526;525;533
710;613;632;562
711;548;568;552
724;535;602;585
754;567;576;576
766;603;564;560
754;542;584;597
747;562;569;562
698;588;615;546
719;485;569;585
757;536;567;589
770;557;561;566
728;497;586;603
719;588;634;586
722;576;596;580
726;569;604;574
696;543;589;563
741;571;588;591
766;619;628;611
700;479;559;584
755;557;583;589
778;578;580;581
726;541;571;567
758;562;628;619
729;595;603;575
725;496;576;591
716;460;556;580
727;551;597;581
720;540;585;602
733;540;570;577
753;607;577;573
735;618;589;569
775;588;578;594
705;543;588;575
727;588;610;582
736;619;649;593
717;507;570;572
694;536;594;566
732;534;583;592
731;550;566;578
720;494;583;606
718;484;583;604
740;547;611;602
741;580;581;558
783;604;584;583
704;483;571;598
758;609;579;574
696;601;631;549
747;585;607;606
749;618;628;580
710;561;620;579
736;543;599;600
755;597;636;614
755;565;636;634
754;597;537;551
730;503;573;600
718;573;618;591
724;602;621;583
747;597;628;616
714;564;605;589
762;569;584;599
731;627;647;562
766;597;612;603
730;540;579;597
762;673;607;522
755;654;635;540
710;480;568;554
737;565;606;520
710;484;546;533
686;519;578;544
749;536;568;540
770;621;585;533
738;493;576;567
699;510;595;544
701;566;582;533
752;715;592;539
697;625;655;539
713;568;598;546
723;596;599;524
718;538;586;543
732;512;571;552
754;525;576;555
704;512;593;556
738;556;580;541
775;566;591;564
722;510;599;577
720;481;581;566
706;487;583;561
717;554;598;556
713;523;606;554
783;574;621;603
765;576;603;558
717;523;609;577
770;516;587;590
698;590;622;508
744;515;591;565
746;558;634;589
757;613;597;551
709;463;580;557
745;659;644;562
740;629;625;611
732;666;656;560
728;678;669;556
697;583;611;545
717;603;632;565
721;612;631;568
693;569;621;559
734;641;674;591
735;641;613;539
698;593;627;547
679;476;556;543
767;686;663;586
695;618;642;528
710;562;620;567
775;587;602;545
703;526;612;552
757;602;650;598
735;620;612;566
698;591;631;519
758;538;609;575
741;563;635;575
730;513;614;574
690;593;625;530
720;539;605;562
751;576;627;587
751;623;597;536
732;551;620;584
762;564;597;561
725;580;630;568
732;505;603;581
721;506;615;608
725;592;645;582
747;586;609;567
721;632;663;563
708;635;653;548
720;576;631;594
728;562;623;600
747;568;636;662
762;571;623;580
728;608;657;579
728;608;657;579
724;533;617;604
654;704;682;563
735;581;584;504
693;448;555;552
684;501;584;536
681;517;614;548
718;543;598;573
680;604;609;498
734;632;651;574
658;542;608;524
694;540;558;530
715;595;599;547
682;547;618;540
683;517;573;536
680;555;624;539
692;568;624;547
696;538;610;549
720;606;614;525
705;500;611;565
720;536;628;568
704;628;632;525
687;536;604;553
709;506;603;572
712;536;582;551
704;566;614;570
722;544;603;645
736;578;628;658
726;538;619;656
707;575;613;563
699;614;628;532
727;585;626;585
749;566;603;564
693;618;655;547
714;589;638;581
750;608;628;568
692;479;598;573
714;546;607;569
726;566;624;582
753;616;650;602
728;588;618;563
683;565;623;543
710;493;586;561
724;540;614;575
719;517;596;561
683;606;626;526
721;578;621;563
738;535;606;590
713;617;637;564
730;557;616;585
740;652;632;546
727;588;638;583
738;587;637;595
712;630;640;545
714;559;626;572
688;575;632;545
715;554;622;573
725;541;614;579
729;524;625;643
737;588;641;636
743;633;664;627
765;635;629;570
700;496;603;576
719;508;614;591
719;606;660;580
713;506;612;589
706;566;619;562
716;538;591;576
691;474;587;561
