771;534;622;516
793;613;614;516
776;460;588;501
812;565;638;586
779;498;587;512
789;514;610;511
764;428;616;513
786;505;630;533
772;526;646;541
793;576;625;510
776;486;624;553
797;467;624;666
789;478;602;516
801;519;625;583
786;488;614;653
782;484;621;563
762;442;594;501
776;445;594;498
792;504;619;540
807;586;657;593
796;555;637;537
783;586;651;492
785;489;626;531
774;440;608;508
807;571;640;516
797;614;668;518
787;500;622;513
793;515;625;515
784;493;616;512
786;530;644;520
781;589;664;505
789;514;635;560
798;533;623;511
788;473;628;613
759;410;607;515
785;480;617;498
795;566;651;510
777;442;587;486
791;622;683;571
762;534;639;503
788;628;623;450
805;625;638;550
792;625;673;527
795;558;607;513
785;560;620;477
779;626;682;543
808;580;662;589
789;612;668;505
784;602;658;505
785;557;630;509
765;560;651;492
779;534;645;536
805;563;671;602
799;483;615;665
799;362;614;673
779;534;639;498
816;593;667;582
806;555;648;531
829;605;653;517
781;526;627;524
783;539;633;520
790;538;630;503
785;495;617;525
784;524;650;535
763;440;612;518
778;536;628;515
781;511;618;524
786;490;623;525
772;419;603;538
791;552;635;512
801;524;637;550
795;543;651;578
814;576;665;615
806;613;669;558
756;605;655;499
788;526;637;598
784;582;652;531
770;498;614;539
777;632;668;483
767;552;630;517
784;619;613;474
792;644;682;522
773;524;636;516
771;456;617;541
787;576;654;525
788;522;617;525
778;506;637;543
788;623;684;560
757;482;622;507
770;519;622;522
774;563;637;488
781;592;623;490
793;651;648;533
788;544;648;523
795;499;622;559
780;518;616;509
799;515;641;601
783;552;639;518
770;577;657;522
791;525;640;617
766;523;616;506
792;639;649;527
770;619;678;499
803;532;645;541
793;540;645;554
797;544;657;599
787;480;590;519
763;528;634;493
747;556;642;467
775;502;622;535
800;522;652;673
789;498;631;633
790;510;638;618
790;501;629;630
793;465;612;643
776;509;614;522
810;532;636;563
797;523;645;602
774;484;635;553
796;626;694;587
788;636;682;514
780;533;618;519
765;489;599;508
786;606;650;497
787;611;661;500
793;517;632;652
798;505;632;665
795;528;641;649
769;492;619;526
786;573;655;524
773;519;628;521
766;556;637;504
762;442;614;533
783;454;627;600
788;463;632;617
780;458;630;590
783;624;655;430
769;480;585;480
762;529;645;505
764;478;619;503
800;642;645;490
777;532;621;517
798;531;650;584
776;592;625;482
785;594;641;514
772;499;623;511
773;502;644;536
801;521;616;529
768;612;677;497
780;548;637;510
778;490;632;518
790;557;643;512
795;572;642;508
784;516;640;523
780;555;650;513
806;517;659;634
792;574;630;481
796;587;673;554
773;453;615;514
805;557;642;577
814;654;686;549
791;560;651;507
782;394;616;628
791;456;626;663
790;414;616;640
793;514;641;648
790;506;637;628
795;530;645;640
776;501;646;496
789;548;660;544
773;504;592;460
800;555;634;506
794;512;645;536
796;491;619;637
805;514;655;684
799;494;636;658
791;474;639;639
801;589;629;483
798;552;625;507
788;540;652;522
813;630;658;531
795;610;665;518
759;490;631;503
794;582;658;530
789;517;622;511
788;545;658;539
764;449;622;525
769;473;610;509
759;587;658;456
802;535;632;551
809;594;665;571
796;616;669;542
794;555;635;533
785;581;643;493
800;564;647;534
800;549;641;548
802;560;649;548
792;534;638;548
771;549;654;529
803;600;653;531
798;559;656;564
765;441;623;546
761;362;595;516
799;546;634;518
757;370;597;509
759;587;642;470
774;568;629;526
798;662;658;529
774;618;691;569
764;481;618;531
774;654;647;332
779;603;666;513
788;538;632;498
800;602;637;500
818;641;688;597
794;566;624;511
765;532;631;506
771;554;632;511
784;443;632;633
796;508;651;671
788;499;640;629
801;535;658;679
793;473;625;646
798;518;639;656
792;542;645;612
798;526;636;653
799;546;650;651
763;473;643;497
803;626;687;545
789;452;610;548
799;559;640;528
778;550;646;504
775;536;662;554
791;600;682;514
789;603;653;429
806;531;640;514
748;596;664;388
761;450;620;502
783;547;652;494
773;495;622;515
788;532;630;521
791;556;665;558
785;518;626;530
770;583;676;517
784;507;618;516
801;532;651;588
763;539;644;500
789;535;635;518
778;527;647;546
764;537;653;521
749;579;649;463
767;550;611;496
791;638;624;493
788;589;675;544
798;586;605;472
788;512;643;581
769;567;656;513
783;594;656;487
811;644;688;599
789;527;640;539
765;566;661;516
795;552;611;503
807;584;674;594
762;450;626;517
790;557;670;556
761;429;618;519
815;558;640;548
772;622;668;448
779;530;629;519
771;536;592;456
791;482;619;548
763;626;646;393
789;488;627;482
798;536;657;571
806;561;674;616
780;457;598;493
783;513;650;509
776;619;656;422
785;484;610;505
767;535;663;497
772;494;636;550
797;333;638;701
785;523;664;531
779;486;638;512
736;642;679;269
770;530;630;504
780;447;594;546
772;477;615;512
814;565;623;563
797;669;665;475
773;629;687;527
776;524;619;509
800;585;681;602
781;485;593;515
803;570;641;534
832;631;692;627
784;622;710;523
775;507;621;504
770;555;633;483
784;605;628;479
804;567;681;608
799;551;628;512
799;537;623;522
779;583;636;494
799;571;646;504
818;610;646;500
796;653;705;558
756;594;635;437
792;524;644;647
790;522;644;641
791;548;639;607
792;563;649;608
796;549;649;633
798;548;646;653
798;566;646;628
796;556;647;628
801;508;634;677
785;593;705;586
822;678;752;651
798;560;616;511
803;596;669;581
802;613;657;519
770;576;656;498
784;527;627;534
774;521;612;532
797;443;605;522
759;431;619;528
788;636;661;484
770;435;614;525
775;381;605;533
811;526;645;584
796;496;629;547
811;586;657;550
812;610;648;528
760;448;615;526
776;430;592;525
782;529;625;522
763;589;655;496
799;609;650;516
775;528;651;542
801;587;683;606
812;571;667;620
774;494;641;532
774;637;688;481
785;565;681;552
796;615;674;529
789;583;650;513
799;573;638;564
805;595;677;611
800;564;649;514
771;626;691;502
794;523;629;546
779;475;625;565
783;569;662;545
771;503;693;536
784;550;634;460
787;552;699;587
781;561;637;475
796;584;653;495
802;582;659;528
817;601;670;580
784;509;631;488
773;551;658;498
759;525;657;410
756;445;619;482
788;617;639;514
816;676;642;571
795;511;621;515
751;579;657;486
805;564;675;592
785;536;633;499
767;633;659;439
776;526;624;518
784;649;695;544
804;559;630;506
824;637;654;497
771;506;633;528
783;508;637;527
794;566;659;548
787;591;654;524
809;606;644;524
766;534;644;512
812;582;654;543
779;527;617;535
796;521;635;544
802;513;645;682
804;529;664;684
768;481;623;516
817;447;651;724
769;585;652;449
795;577;649;581
783;545;629;519
803;563;659;666
790;532;645;596
796;484;638;639
801;527;633;660
802;567;655;656
811;576;677;689
787;617;640;488
789;668;637;459
779;553;658;523
788;558;650;515
795;589;638;509
803;410;645;708
781;475;641;594
781;236;541;397
795;553;597;492
801;471;603;544
809;608;603;427
786;540;634;511
765;443;605;517
754;337;563;480
806;529;625;550
778;506;591;486
755;417;596;521
800;602;671;579
807;523;630;533
796;555;637;523
815;595;664;603
785;548;623;510
789;654;677;497
791;542;638;530
814;608;651;580
800;685;693;532
780;509;596;510
791;609;627;492
785;498;622;542
819;610;633;536
785;526;632;548
792;569;639;543
793;572;670;569
790;594;642;525
812;617;643;521
748;513;601;468
783;586;629;519
798;627;631;517
777;551;615;517
773;449;600;544
786;563;591;498
784;611;684;501
765;567;638;474
781;561;611;488
795;600;621;507
787;617;676;540
792;538;626;517
802;537;642;572
799;489;588;505
785;530;618;504
796;580;630;479
785;647;676;475
797;499;626;531
800;590;658;549
799;559;646;558
804;607;644;515
768;595;634;487
771;498;647;540
777;445;599;527
795;537;634;536
782;444;625;581
780;495;614;516
730;565;613;387
764;475;615;512
785;514;630;524
762;484;617;520
777;466;618;531
785;508;638;557
749;643;685;430
790;544;624;524
803;554;641;640
806;560;649;649
801;546;650;630
798;516;645;634
802;481;631;663
779;523;615;528
802;636;682;559
776;495;635;518
788;463;614;556
804;623;676;583
792;517;639;604
789;516;626;581
801;531;638;650
800;527;635;643
795;503;628;628
803;517;591;550
807;498;637;687
789;524;623;552
776;487;611;541
766;438;609;539
807;462;615;700
789;492;609;519
812;555;607;533
817;618;675;598
793;557;628;499
777;619;678;547
801;553;650;551
805;552;623;529
799;569;659;560
785;493;637;560
785;509;606;513
794;430;622;659
785;499;628;571
803;479;615;676
779;436;614;619
777;494;608;527
770;473;617;538
797;458;626;681
767;459;603;507
797;498;619;543
804;541;632;558
797;565;627;518
785;547;625;497
760;461;601;502
768;540;620;482
792;528;617;546
793;624;646;487
799;597;616;488
793;554;642;542
772;469;620;543
800;642;679;539
777;506;630;553
794;535;644;563
792;467;628;655
788;442;621;588
783;505;612;517
797;506;619;555
792;559;647;537
797;487;598;524
793;478;626;576
798;555;650;598
789;563;637;538
761;556;616;489
783;571;644;528
796;625;620;521
809;643;670;565
784;537;644;563
768;538;643;518
794;556;640;541
823;560;646;579
810;616;640;539
800;558;631;533
765;519;634;510
799;515;639;649
800;538;627;522
797;636;683;582
800;542;641;652
778;525;623;523
785;650;679;495
811;519;644;696
795;519;637;624
776;561;609;438
786;690;703;606
795;591;615;517
794;597;653;523
780;545;625;535
777;622;672;530
811;535;625;700
802;549;635;623
799;544;634;625
800;558;639;626
799;549;636;631
824;539;643;729
792;631;679;428
787;532;618;486
793;536;635;645
795;549;640;639
788;573;653;546
764;497;623;526
791;572;612;507
788;559;629;530
799;640;674;528
786;631;645;470
800;487;636;603
805;623;663;587
775;528;640;536
793;517;628;561
783;483;622;565
817;552;638;628
766;456;615;547
808;630;681;592
807;506;603;564
762;515;636;527
795;369;617;685
