644;604;549;614
752;733;562;592
719;551;556;620
733;561;532;615
683;516;540;644
466;618;596;560
654;571;597;633
691;581;565;621
775;627;593;625
796;678;592;623
625;534;546;627
671;586;605;637
726;572;576;650
688;644;610;610
674;579;551;627
701;623;592;620
695;608;620;639
727;589;563;625
629;533;545;630
708;573;583;660
706;640;576;607
645;609;614;631
652;583;591;620
696;588;581;626
649;599;615;627
658;543;539;626
686;562;559;643
515;677;620;562
692;594;584;634
761;627;553;618
698;629;587;626
751;691;622;619
675;613;599;634
555;614;576;605
618;560;546;615
714;598;568;642
653;607;620;626
687;596;534;625
733;603;586;638
632;549;550;638
721;543;601;709
704;592;612;689
690;585;577;628
711;591;598;656
702;570;549;630
701;587;592;640
696;602;606;633
648;592;603;624
710;572;577;691
692;576;553;655
687;576;554;656
698;560;553;692
736;594;534;619
756;481;579;756
705;549;559;709
732;587;552;634
725;614;606;673
739;625;569;622
649;590;608;626
682;624;628;638
667;598;552;633
710;681;575;623
631;532;545;638
715;602;603;655
677;598;612;649
709;596;570;635
732;614;613;648
613;632;626;623
698;657;587;636
632;647;656;617
672;589;561;636
735;605;574;644
769;635;586;645
637;557;553;648
727;544;545;708
717;595;568;651
774;655;626;662
734;610;596;654
724;661;592;615
697;627;586;638
709;622;588;641
736;615;602;660
746;631;617;669
588;693;622;571
704;604;592;645
690;622;609;642
677;614;601;665
689;502;528;716
753;613;547;637
640;551;554;642
669;612;601;622
681;591;604;679
725;598;568;639
684;658;631;614
637;545;547;641
663;601;605;637
531;653;599;571
684;613;586;640
715;627;636;673
676;633;589;644
737;673;647;642
634;629;604;605
698;634;584;636
725;657;580;616
640;654;604;633
740;621;578;642
664;586;595;648
650;569;573;642
686;609;567;643
676;611;571;644
647;557;543;645
694;590;616;703
702;571;555;720
689;613;577;636
688;627;638;650
683;648;646;628
737;626;592;671
721;662;670;666
713;653;612;630
725;610;625;657
757;646;619;653
670;623;621;667
743;628;605;676
752;630;540;631
778;665;612;642
706;619;577;640
629;556;554;626
612;589;571;616
682;647;596;638
722;684;614;652
498;653;599;565
737;623;611;655
757;684;614;637
681;587;544;640
745;622;579;645
647;653;626;616
736;627;555;638
710;581;565;647
740;579;543;640
666;655;652;633
711;663;662;662
705;618;614;657
707;661;630;633
668;609;595;646
711;597;577;653
719;603;550;647
776;660;603;652
730;663;579;637
616;592;571;629
705;615;577;664
733;630;606;710
720;640;630;698
733;623;578;720
725;632;616;700
709;646;608;706
662;580;567;650
695;596;587;648
686;604;561;630
607;563;542;599
722;590;543;637
678;570;544;641
703;621;604;656
650;540;540;636
704;595;571;642
748;652;583;628
652;585;540;636
669;553;532;638
715;594;594;664
691;647;591;629
718;612;577;644
662;523;512;679
699;589;589;697
730;661;596;635
764;676;625;654
644;585;570;642
684;605;551;641
649;563;539;646
763;642;612;662
650;545;524;640
672;625;615;642
702;657;596;632
704;611;549;640
774;660;575;649
797;712;604;641
706;587;598;653
720;631;598;648
695;616;591;654
711;664;661;669
732;639;552;640
687;621;613;655
685;664;671;691
697;668;560;631
733;696;589;643
683;646;637;663
675;557;515;661
742;604;628;731
708;682;540;628
726;713;593;628
649;550;548;646
690;583;563;650
757;651;627;677
668;591;555;638
714;624;553;636
700;690;658;653
743;614;556;654
696;597;571;650
731;719;559;623
647;555;540;648
681;639;640;656
683;630;545;640
760;695;572;666
626;555;534;637
682;587;536;664
662;552;544;688
758;631;598;672
710;616;600;666
691;629;618;653
743;637;622;660
639;537;523;649
671;675;639;626
689;662;587;650
718;654;610;665
702;655;650;687
719;622;562;659
741;630;587;672
713;539;511;738
706;573;567;699
729;588;569;727
753;615;623;743
710;623;582;661
783;670;614;664
759;618;579;673
655;701;671;636
745;641;605;660
684;575;568;659
665;663;632;654
659;578;554;651
761;634;600;671
773;646;534;642
794;706;604;647
652;562;554;652
691;602;551;648
659;634;576;634
683;615;567;652
697;629;570;649
680;616;561;646
745;673;549;636
665;579;556;648
651;554;529;651
743;649;556;638
697;606;536;654
737;638;603;670
489;708;633;566
696;639;557;646
698;624;558;649
652;594;556;653
710;683;628;621
730;658;556;642
728;698;678;688
738;666;573;630
713;615;573;657
695;592;554;654
682;597;592;662
681;613;560;655
730;644;608;680
707;637;593;657
692;614;556;657
695;661;641;643
700;645;584;651
744;675;527;625
576;678;571;604
693;649;573;649
757;718;609;657
668;685;659;625
684;645;579;648
730;697;610;650
752;712;659;664
672;659;634;651
638;551;573;661
697;611;580;695
686;575;569;687
689;625;631;657
635;652;609;620
694;651;573;652
773;730;640;678
641;680;665;626
699;611;560;651
775;669;610;669
703;608;564;660
712;686;666;664
649;569;557;656
713;597;571;667
678;598;572;664
668;592;571;661
656;575;548;660
693;649;641;664
695;630;627;672
765;657;655;715
741;634;567;655
674;697;647;583
721;655;559;650
686;649;611;648
686;621;561;657
738;675;588;656
648;563;537;658
655;571;555;661
649;563;545;658
656;577;531;658
726;647;568;668
674;628;547;652
771;656;610;669
657;639;612;646
723;586;536;666
712;600;559;661
721;638;609;664
657;576;560;661
711;672;675;659
689;631;617;647
651;575;556;662
692;634;558;654
696;665;638;648
670;570;496;657
650;574;555;663
697;558;536;723
748;654;620;717
716;612;605;709
712;698;710;703
672;616;562;663
698;664;634;652
691;605;545;653
669;679;664;623
694;648;555;636
703;628;599;667
688;646;609;649
679;633;557;642
716;620;555;658
687;639;608;643
714;618;588;659
784;678;598;659
734;677;571;650
702;616;608;673
647;569;550;662
683;644;633;669
699;673;633;638
712;621;600;680
754;650;597;670
783;660;606;681
658;634;625;660
649;567;540;659
714;685;636;647
679;659;604;653
692;627;524;644
768;660;587;673
708;715;662;625
687;651;566;644
718;606;594;681
694;614;575;665
652;573;558;665
711;681;679;662
606;657;629;632
686;646;571;663
795;740;579;665
707;640;620;671
720;613;572;664
777;655;564;666
727;623;561;663
763;670;606;659
730;590;563;741
736;524;536;754
683;580;550;705
692;582;562;703
711;603;555;667
741;625;557;664
790;675;586;671
748;641;580;670
717;410;461;761
677;574;544;668
660;558;545;664
666;548;537;665
784;662;603;668
676;626;622;648
657;623;550;633
709;656;629;665
723;635;609;673
716;656;633;665
751;595;575;742
718;696;670;643
749;699;694;698
750;651;628;687
706;672;605;639
721;641;551;661
652;670;634;632
705;594;544;659
736;656;595;663
663;559;519;667
726;630;618;677
731;659;557;640
640;626;593;652
714;653;583;667
645;567;551;664
743;633;605;677
790;674;607;669
740;662;615;670
664;585;575;660
691;596;572;666
697;620;551;644
718;625;602;668
693;568;530;673
710;651;639;672
698;667;644;661
685;620;558;664
676;699;660;663
699;615;571;683
731;606;543;729
740;643;615;734
662;660;616;635
747;613;566;671
737;657;616;664
734;658;661;688
728;700;679;664
718;681;653;687
700;571;504;670
720;675;656;657
751;686;649;672
660;715;642;640
686;631;561;657
711;690;598;619
689;640;640;676
724;619;606;697
744;629;597;674
709;667;656;691
717;653;550;657
712;626;608;677
789;670;550;672
656;576;560;668
754;689;608;668
757;707;584;637
736;656;490;621
724;627;551;666
728;639;607;680
724;699;658;670
695;653;601;670
653;588;547;661
684;572;512;660
704;650;655;691
647;556;537;665
693;643;589;651
681;692;682;705
719;693;587;656
783;762;577;628
650;567;551;665
748;612;576;695
651;548;535;663
690;678;611;635
741;661;552;650
722;598;538;684
691;647;623;663
752;674;608;668
714;682;643;649
709;610;580;673
771;691;621;674
729;661;560;657
714;623;584;671
740;684;588;657
678;646;625;652
701;647;568;662
710;643;634;678
759;697;596;618
729;602;560;693
640;680;643;637
726;652;580;655
679;612;593;666
694;640;628;676
683;595;587;679
727;659;543;655
666;690;671;637
641;594;549;652
728;618;548;667
693;679;660;656
729;619;596;678
779;663;606;680
698;619;587;677
699;649;571;662
671;649;554;646
689;648;640;675
749;662;620;728
689;649;640;661
581;650;618;651
708;668;595;669
782;748;604;648
749;615;627;749
691;648;550;660
766;752;576;641
690;619;576;668
765;639;596;684
716;635;587;663
759;653;578;662
670;663;615;657
715;616;598;681
749;639;580;673
758;731;621;661
699;642;658;716
735;575;536;670
739;647;618;736
719;576;539;725
707;661;616;672
669;589;564;671
726;623;598;682
677;627;592;651
684;610;565;662
725;692;646;671
704;610;597;709
704;595;581;719
699;598;576;707
697;567;563;713
762;630;558;696
664;650;555;667
743;599;521;690
720;687;659;660
711;634;591;668
727;725;677;642
724;657;587;664
657;574;555;668
723;631;595;672
721;615;587;703
592;693;670;629
711;676;628;665
735;635;566;663
801;715;617;673
796;745;632;659
754;643;561;670
751;660;633;684
750;625;594;702
727;667;651;680
699;629;557;656
693;648;640;675
648;615;601;655
677;641;521;655
731;713;616;667
689;642;648;681
723;609;521;662
716;621;559;666
691;623;605;672
754;685;689;704
710;678;657;694
729;657;630;689
722;635;617;684
736;637;556;663
718;649;653;694
687;721;695;597
729;710;677;671
745;650;615;703
694;537;554;724
760;612;557;748
654;586;550;668
650;582;552;667
674;642;548;629
718;676;648;675
738;655;620;687
751;654;608;669
707;660;616;649
647;550;536;665
745;634;594;675
777;667;614;677
713;621;612;686
736;690;597;651
705;601;559;674
775;666;560;664
687;605;556;669
667;692;677;640
717;679;627;663
713;530;561;747
654;576;556;671
723;677;656;693
724;616;599;692
691;598;586;679
755;634;607;686
673;645;632;667
706;634;627;672
739;671;595;660
701;618;581;670
696;657;634;672
664;590;566;670
729;616;600;690
649;562;547;666
690;589;549;673
732;608;565;691
727;622;562;669
721;602;536;674
705;652;626;664
734;664;581;668
613;678;607;631
759;648;613;687
707;667;638;673
734;646;581;673
703;690;641;636
742;631;620;690
673;655;634;657
701;636;582;669
735;613;563;689
756;651;642;707
741;673;581;662
657;695;641;643
688;633;563;667
711;643;601;678
700;641;586;671
699;630;594;675
692;591;546;666
777;683;641;680
661;636;603;670
655;584;563;673
672;685;584;622
703;609;540;666
732;629;573;670
659;579;549;667
732;673;630;672
699;658;640;667
693;632;611;676
751;662;587;668
698;675;594;615
734;640;556;665
761;694;671;706
644;624;617;660
652;584;558;671
681;657;584;671
727;730;593;662
726;728;593;662
728;731;595;662
726;730;594;662
724;725;582;662
725;725;579;661
725;726;582;661
728;732;576;660
732;735;577;659
760;759;668;681
760;759;668;681
681;611;641;688
585;672;612;602
669;639;568;665
762;723;587;678
661;596;574;668
685;610;531;663
743;635;576;676
728;654;576;668
706;704;621;642
704;631;586;678
715;600;550;684
698;661;620;676
763;688;580;665
669;656;630;663
725;666;593;665
725;631;569;674
784;681;592;673
732;613;613;708
671;687;677;682
661;601;563;672
700;615;562;668
806;730;638;682
807;753;630;670
650;574;550;671
731;652;595;673
765;670;644;712
647;551;542;672
752;677;583;659
721;715;677;684
660;595;568;669
675;595;587;674
682;620;564;673
710;657;614;702
660;594;566;675
690;634;586;671
741;683;634;670
739;601;524;704
736;655;636;690
782;661;533;670
665;702;660;605
724;699;609;670
759;725;650;696
582;717;649;539
759;613;632;762
740;648;612;744
755;660;607;666
785;712;664;679
688;517;531;733
777;657;601;676
771;698;638;682
771;661;558;676
702;545;506;678
670;594;580;675
654;578;554;671
696;639;587;670
639;667;626;654
761;661;638;708
664;559;541;670
694;696;676;631
680;612;579;672
708;630;592;674
743;664;622;675
718;630;617;700
703;637;592;672
685;662;641;660
649;582;552;672
753;661;549;672
515;670;575;624
701;657;575;668
702;646;612;682
704;701;681;665
753;671;646;695
789;702;652;689
743;689;542;651
637;549;511;671
669;637;576;669
769;708;639;670
689;718;683;611
706;656;589;673
651;590;564;672
705;612;569;666
783;666;569;670
682;628;602;682
772;713;596;671
704;690;698;724
661;592;577;672
726;646;600;678
657;665;542;647
756;663;572;662
753;694;673;700
668;690;665;658
678;656;540;668
715;683;663;690
730;683;610;666
671;667;640;674
616;593;690;696
703;664;670;651
698;669;665;667
696;678;693;639
712;680;658;670
730;647;593;715
748;656;616;747
716;641;576;699
722;649;593;710
724;654;593;709
747;638;588;750
726;658;607;702
708;675;622;671
781;687;615;684
761;659;629;683
743;658;587;669
719;691;671;683
685;581;576;731
705;689;641;636
655;586;559;674
719;638;609;689
773;668;648;722
773;707;683;719
694;677;644;673
744;711;636;663
761;739;661;669
718;657;601;671
721;681;664;686
581;666;642;641
721;682;628;674
746;651;615;748
740;725;647;631
774;679;604;687
732;723;659;664
690;512;535;736
706;648;586;672
723;625;587;679
656;589;563;675
709;628;635;698
654;585;563;675
733;675;566;662
728;601;563;703
635;550;522;670
729;681;676;710
650;586;558;670
639;708;681;657
