759;685;665;576
758;688;648;513
734;565;608;522
783;666;626;556
800;694;620;544
725;596;628;538
740;658;627;514
748;665;651;549
768;607;632;587
745;624;624;494
742;611;630;557
752;631;635;525
756;643;629;531
739;625;615;508
743;555;603;613
757;376;580;688
706;459;582;514
740;624;634;529
713;523;601;513
737;561;590;510
711;480;592;522
730;630;592;518
755;694;607;525
720;534;610;556
748;607;644;595
743;609;613;529
736;672;647;541
725;622;634;535
721;554;603;500
736;652;639;544
741;635;627;515
736;501;584;527
745;611;627;587
754;650;617;543
716;589;612;529
752;631;620;593
726;505;591;583
729;541;581;510
711;468;581;534
709;520;618;515
743;642;661;585
757;577;599;517
725;504;593;500
726;646;653;520
736;581;630;571
731;652;645;539
743;549;608;545
742;608;612;529
740;666;612;508
732;439;578;641
719;459;590;603
741;529;603;611
742;552;601;605
721;562;640;524
758;626;651;512
742;571;598;491
760;497;578;609
730;574;621;532
738;613;609;513
761;672;590;484
723;671;626;494
744;627;639;574
751;619;612;511
717;652;625;464
758;608;650;537
769;646;659;489
775;431;583;732
716;508;634;465
748;617;663;508
767;561;589;464
722;475;590;480
773;541;601;575
729;527;608;493
744;517;560;466
772;646;611;473
744;592;631;511
730;527;610;496
716;441;592;503
717;450;588;497
744;632;663;496
749;587;593;440
760;611;599;463
744;546;600;470
744;561;612;508
716;444;593;496
758;604;620;528
728;552;616;485
719;553;618;494
719;578;628;491
757;694;644;444
742;549;591;457
763;610;636;541
750;510;608;532
754;630;633;562
761;616;618;512
724;528;596;491
775;645;615;463
791;675;633;552
750;638;638;474
739;462;601;635
728;453;606;565
757;479;629;676
737;492;609;509
759;535;626;585
759;535;626;585
746;659;639;486
767;664;625;476
755;554;616;499
779;569;591;492
756;628;635;489
744;583;602;477
738;623;631;462
745;525;613;545
798;653;631;521
792;659;634;507
721;602;626;485
761;542;615;541
713;449;594;511
752;460;598;534
742;547;592;482
762;637;633;508
763;679;648;523
763;626;630;516
767;636;632;531
775;656;617;510
764;602;618;548
742;602;630;507
718;436;588;521
736;447;609;571
746;436;616;648
726;457;617;549
730;448;621;576
755;568;609;483
778;670;616;454
778;591;599;512
769;554;619;566
774;585;625;545
744;579;631;485
742;639;653;508
755;656;640;509
755;632;618;493
739;555;613;501
752;623;649;481
746;674;663;464
727;502;620;518
771;593;630;541
769;590;632;543
779;616;634;570
753;573;605;504
745;573;606;486
738;479;608;639
732;454;612;571
747;477;626;646
730;448;609;559
750;315;608;674
754;624;588;470
775;695;619;481
760;556;619;548
773;573;608;490
767;567;635;582
762;624;651;550
759;620;628;521
719;572;624;498
739;588;634;497
756;594;627;489
773;622;640;569
767;643;617;491
732;670;636;446
714;514;610;505
737;484;609;525
765;585;629;570
773;565;596;513
741;616;636;505
754;702;668;502
729;619;596;505
774;705;613;519
737;634;655;588
758;584;646;588
779;627;647;606
770;615;633;581
735;497;631;599
756;432;614;679
740;427;610;649
757;610;633;533
763;554;612;576
752;611;650;593
770;614;624;512
763;622;636;487
742;465;589;500
772;522;620;613
781;590;637;608
741;501;600;510
754;602;627;527
705;657;629;436
727;641;635;479
742;541;607;472
761;529;578;462
729;646;631;457
771;628;638;543
787;712;663;588
765;467;634;697
745;500;612;560
736;466;630;619
740;446;612;598
751;518;631;610
746;487;634;618
750;563;608;507
719;471;605;507
794;463;600;527
757;501;612;562
744;583;632;528
739;609;637;529
751;471;583;542
740;564;613;493
776;636;651;568
754;599;637;500
785;643;631;498
771;674;650;501
726;560;611;495
767;669;627;479
776;680;625;528
756;613;600;488
734;586;627;524
735;555;565;466
741;647;618;478
756;642;632;532
722;645;614;451
751;655;659;543
780;667;651;586
778;641;612;503
784;631;597;526
791;657;627;518
754;624;612;464
746;665;657;544
762;568;608;546
754;495;598;544
756;607;640;583
755;610;624;499
738;518;606;502
761;591;619;505
726;624;645;484
774;566;621;592
766;522;618;573
753;544;608;537
749;532;598;498
790;675;624;508
786;669;624;494
732;630;640;520
777;605;633;544
799;676;642;545
794;700;627;510
775;667;635;544
780;680;652;571
768;700;640;518
758;676;639;520
753;649;635;520
730;635;654;514
747;484;626;592
748;585;628;478
785;625;624;499
780;651;600;494
734;578;612;477
741;576;623;504
712;595;614;471
772;567;609;524
748;562;607;514
762;633;636;518
757;677;641;459
747;534;584;493
735;529;611;525
752;588;629;515
760;554;619;543
773;560;619;586
796;632;637;600
747;591;638;534
749;684;668;527
740;656;591;426
766;698;607;497
749;496;628;619
746;618;608;482
794;720;629;527
750;527;608;493
770;596;619;533
741;630;651;549
719;462;601;515
716;429;583;515
748;463;608;598
741;484;632;602
749;573;658;594
743;568;663;592
750;588;651;578
750;625;668;587
750;629;669;589
750;630;670;591
750;630;669;592
751;629;670;593
751;630;670;593
752;629;670;593
752;629;670;593
752;627;668;591
752;627;668;591
746;536;585;483
786;611;639;594
765;613;608;496
703;606;625;475
723;626;633;473
738;483;591;477
771;567;617;548
768;622;640;553
751;594;627;509
753;638;628;495
742;513;639;620
756;599;602;462
737;684;663;520
724;618;636;462
785;668;641;501
723;558;623;507
742;631;629;496
717;582;624;498
735;582;632;532
750;540;611;529
773;533;606;596
708;628;632;451
755;610;609;490
755;503;618;653
747;506;607;603
738;445;604;620
761;458;616;687
742;496;610;575
721;468;603;525
747;464;591;553
770;570;622;548
722;635;631;472
764;615;651;600
749;513;602;554
743;640;660;590
756;574;628;544
763;560;616;540
768;642;609;438
774;673;615;465
735;451;604;623
726;526;617;503
716;447;595;510
728;588;613;467
774;561;600;517
754;551;595;484
767;571;616;551
767;571;616;551
787;571;633;636
736;533;603;498
753;591;620;516
759;565;615;572
770;544;619;602
746;521;608;531
715;525;612;494
752;582;603;490
750;574;611;491
760;582;613;503
718;594;614;487
761;649;621;511
781;694;611;485
782;677;640;526
716;646;635;442
765;576;612;500
779;648;622;489
745;482;617;571
777;604;616;518
766;652;609;501
756;416;571;573
748;562;594;513
739;501;607;540
731;483;606;530
765;561;619;573
746;527;614;538
727;623;642;521
772;618;615;489
744;529;600;510
768;600;615;512
746;574;574;487
756;719;653;465
745;699;623;479
765;619;626;558
744;701;667;530
753;655;639;539
769;693;624;503
784;698;632;507
762;661;647;557
786;687;635;550
779;681;633;533
742;457;622;650
752;367;608;661
758;573;632;589
799;694;642;524
730;467;591;515
801;666;632;529
776;658;633;502
746;576;610;508
772;674;635;498
745;557;612;516
766;563;621;548
759;662;661;559
731;605;629;498
751;574;636;522
769;563;616;551
754;646;641;470
756;608;631;507
765;622;629;503
753;656;676;527
760;634;669;558
762;618;665;620
740;531;631;538
777;642;621;454
752;689;658;433
717;600;634;471
770;539;634;624
755;521;622;558
748;665;662;573
770;522;590;551
769;586;628;583
752;616;640;573
767;662;647;550
765;421;624;703
752;523;601;492
780;611;618;530
762;596;635;544
778;585;600;512
739;632;643;506
753;685;622;456
755;602;615;522
775;637;633;534
798;672;629;515
752;643;643;531
763;607;631;550
764;640;632;529
735;626;627;480
765;570;619;540
750;582;620;445
752;621;620;511
780;639;624;535
768;658;653;529
721;554;612;504
783;737;639;544
751;576;638;571
756;626;652;578
733;672;642;476
766;532;628;569
740;566;626;528
742;561;609;525
759;597;661;525
745;538;620;503
775;607;629;509
733;626;645;480
722;470;601;523
762;611;641;516
754;614;616;519
761;600;616;523
748;647;643;509
746;676;612;492
769;682;628;544
755;649;640;501
741;649;627;509
766;684;627;509
746;629;625;507
765;713;656;520
767;628;641;568
773;599;625;542
798;660;636;555
773;665;645;543
757;618;623;516
775;639;640;561
768;594;624;572
781;624;629;575
751;634;665;563
761;675;670;596
750;618;650;560
759;665;680;609
752;460;587;532
755;626;633;537
745;659;635;503
771;640;622;541
770;607;620;555
780;604;621;550
763;628;636;512
731;658;647;514
774;699;652;526
773;691;636;503
785;703;615;481
715;639;639;502
776;660;640;562
788;591;611;511
786;642;631;533
743;581;623;528
760;625;632;547
758;495;621;645
747;495;628;614
748;479;624;615
766;452;631;685
763;435;625;685
769;675;643;557
768;658;638;514
763;571;630;571
786;624;651;625
764;618;630;539
759;597;622;527
775;636;623;570
739;577;628;530
749;677;657;525
758;584;618;511
754;635;643;533
792;700;643;554
774;677;656;568
758;603;641;565
742;472;608;550
772;598;631;532
720;541;612;488
774;607;612;565
777;618;631;594
736;604;637;514
748;648;670;542
762;614;646;558
783;678;638;462
738;587;630;512
786;608;624;517
722;556;616;505
771;632;640;540
760;606;631;518
784;581;601;573
779;594;622;603
781;596;636;625
767;604;630;543
764;612;623;510
762;526;618;598
748;529;620;616
759;475;622;666
739;423;611;596
769;430;623;679
740;424;608;578
760;434;628;681
784;578;624;546
764;564;637;583
775;570;632;579
723;463;597;522
736;493;604;521
723;467;603;530
798;604;632;643
773;549;625;558
710;611;612;471
767;671;629;479
754;572;627;568
747;437;627;646
751;506;607;515
745;513;611;520
799;659;628;533
797;700;638;534
741;580;621;529
779;657;625;505
774;622;635;551
782;650;660;607
740;670;658;553
771;674;624;467
763;598;639;568
772;565;618;560
772;569;637;606
770;652;609;475
792;661;616;558
776;569;622;567
789;604;644;612
782;669;668;561
757;592;614;516
715;602;625;424
740;568;608;519
756;585;614;557
743;659;647;479
761;552;616;542
769;618;612;493
771;596;606;508
754;655;626;425
715;660;621;454
743;685;626;486
747;685;625;510
717;639;622;477
751;692;655;522
761;593;625;539
805;671;631;553
768;633;638;561
781;618;626;516
755;579;629;513
773;640;648;543
783;661;631;553
764;663;649;540
769;629;637;550
772;554;612;559
779;641;666;597
783;689;663;530
754;650;639;480
752;633;645;523
762;622;643;527
756;688;657;488
771;683;650;527
750;614;650;479
777;610;621;534
712;600;619;481
741;691;646;487
764;605;630;569
769;588;618;529
727;593;616;498
777;609;639;603
763;666;651;498
768;665;649;557
727;606;625;462
776;581;611;554
761;590;637;574
753;602;632;570
750;595;626;529
786;637;634;535
749;568;620;529
733;454;584;537
772;618;636;562
750;615;624;525
736;501;604;541
769;641;644;535
780;665;623;536
732;587;622;513
766;655;639;538
747;656;652;539
764;621;608;549
766;604;632;572
748;621;632;533
778;650;632;547
776;648;616;513
715;595;607;488
760;683;667;596
762;599;624;532
728;683;659;470
748;612;618;498
746;603;615;517
751;586;615;523
785;643;627;525
769;623;615;518
776;629;636;533
726;614;640;509
746;555;633;510
761;623;636;533
732;602;642;520
770;621;610;495
775;647;634;505
740;533;578;502
793;686;624;499
766;634;624;532
757;604;600;490
720;620;627;481
762;580;623;547
789;638;629;527
777;579;620;557
752;595;643;566
778;641;648;563
765;675;644;540
758;597;628;530
783;665;647;567
759;629;646;554
778;600;647;626
774;604;633;555
791;630;616;523
755;624;637;517
732;544;620;524
784;671;621;509
755;647;650;497
733;650;640;486
761;590;629;631
754;529;623;595
757;558;630;587
761;564;630;614
753;544;634;595
754;502;630;635
754;488;629;641
762;572;615;565
743;604;603;457
767;605;621;525
760;643;662;557
746;649;652;518
732;641;624;512
770;716;636;537
722;662;652;508
782;683;664;593
773;641;646;563
803;691;657;595
755;559;649;655
733;456;612;538
746;517;623;568
770;669;668;628
756;531;608;490
730;576;592;499
749;502;615;548
758;611;630;534
780;584;610;548
761;670;636;487
746;679;654;513
773;673;658;564
777;638;645;575
796;657;634;527
788;663;639;522
748;646;656;547
766;588;634;561
796;646;628;510
761;576;634;563
757;601;623;526
777;651;621;502
793;652;628;500
778;661;640;556
724;652;650;468
761;642;610;488
768;617;641;609
757;615;633;518
770;594;631;581
781;621;631;547
717;636;641;478
776;647;625;479
775;657;642;523
790;674;633;554
755;634;626;500
746;474;615;620
759;532;620;623
768;644;624;527
801;706;623;521
756;673;640;423
783;687;657;556
768;622;629;555
773;695;640;503
748;637;644;536
740;583;623;528
704;597;614;474
731;524;608;534
761;606;668;655
753;577;655;644
721;565;616;528
767;555;637;606
741;633;647;553
721;580;627;530
769;659;644;570
771;688;658;577
765;591;616;514
749;615;652;549
748;655;661;547
750;650;674;537
787;700;676;612
765;461;575;575
771;675;668;544
763;605;624;530
728;494;613;531
779;563;611;586
761;644;646;545
761;626;622;502
792;687;630;528
742;607;642;544
726;592;632;512
774;695;623;544
749;588;647;566
761;606;652;604
749;562;631;564
781;686;672;632
750;707;648;502
774;609;647;615
759;614;630;569
760;591;615;542
761;648;633;523
755;605;614;531
729;541;623;535
738;612;617;541
767;583;623;575
762;527;611;489
726;594;629;527
760;637;638;552
794;694;635;541
801;704;634;527
734;481;603;540
748;561;607;526
716;686;642;443
759;620;620;525
763;561;624;586
755;521;638;654
742;505;616;565
758;561;620;538
742;498;615;553
758;640;648;568
755;631;623;520
772;653;652;538
770;643;640;521
788;671;642;523
738;589;632;496
749;609;636;532
740;532;626;516
743;631;652;535
745;632;653;551
762;625;638;565
725;661;649;485
749;675;650;537
777;606;620;552
745;684;662;546
762;628;655;585
748;658;639;503
763;649;638;543
750;552;605;517
773;631;634;537
755;645;634;524
779;589;636;558
758;583;630;548
764;614;634;585
750;683;666;556
766;560;627;578
782;649;633;558
781;658;633;502
713;681;653;435
749;607;610;506
719;492;573;492
768;644;620;533
737;642;624;523
754;485;599;565
767;579;619;576
738;526;612;524
751;580;616;534
792;640;621;534
743;642;625;511
766;594;616;536
772;619;639;560
772;646;645;585
788;698;655;547
786;695;631;512
749;672;641;523
735;635;611;527
763;716;623;519
744;595;641;556
763;617;659;603
759;599;624;570
763;668;662;581
742;623;631;536
760;615;634;560
770;639;649;585
777;655;642;558
734;610;641;534
760;672;638;490
743;666;652;535
740;647;644;535
771;650;657;594
778;657;632;580
754;545;613;527
764;586;628;559
771;613;622;534
721;615;630;486
751;658;637;519
771;685;630;516
780;646;639;570
760;651;670;566
756;598;643;596
748;511;634;599
755;543;650;654
754;517;639;650
748;529;641;618
746;512;636;605
784;685;632;511
784;659;631;530
782;688;629;500
757;562;630;649
747;513;626;613
750;514;635;629
725;504;632;531
738;696;645;463
798;707;640;556
783;671;619;506
787;703;642;540
719;625;647;517
772;677;638;534
760;693;641;533
738;621;634;538
750;547;617;567
748;533;633;644
752;497;614;532
781;651;636;550
748;551;616;517
774;629;659;598
765;605;622;544
754;617;628;514
741;631;626;529
777;687;639;554
749;529;597;517
754;574;612;532
784;636;626;537
745;676;653;551
748;553;616;549
755;573;625;548
762;698;666;582
769;628;631;538
800;691;644;544
758;622;630;552
757;614;656;629
773;599;650;679
740;541;645;604
760;560;601;550
746;670;702;589
760;595;625;550
771;434;639;713
768;668;614;462
765;618;638;560
779;648;654;611
740;675;662;538
722;495;605;535
765;665;629;515
771;615;645;613
778;683;662;587
778;683;662;587
721;597;629;522
741;654;654;547
773;679;662;590
787;642;626;557
779;696;664;524
734;680;657;478
768;669;625;522
767;632;630;536
780;634;642;608
740;588;622;538
755;650;630;557
746;517;608;554
750;598;634;548
745;603;625;531
729;586;626;547
773;634;582;514
766;686;641;500
770;623;631;590
784;634;641;609
780;625;635;582
742;689;657;500
775;616;587;487
754;593;606;521
759;633;585;530
782;656;612;542
734;633;643;537
769;624;622;547
776;667;631;544
779;710;633;530
767;693;646;546
780;691;638;561
802;695;636;571
788;673;626;551
758;490;643;670
750;530;630;583
768;625;620;531
756;582;634;551
746;564;606;528
748;665;662;536
746;613;624;530
771;685;664;523
783;559;607;569
774;593;624;584
777;687;663;612
744;580;612;539
742;604;630;541
759;629;620;528
775;641;647;576
775;593;601;548
746;666;640;517
754;720;674;506
758;678;631;520
760;653;602;498
738;587;599;517
720;538;629;531
737;519;626;585
712;556;678;341
700;659;607;274
732;659;655;535
723;656;695;465
705;614;679;450
719;618;647;469
720;593;602;462
722;622;648;481
721;640;680;438
723;620;633;469
723;621;648;485
719;614;641;464
726;621;645;474
750;623;614;615
726;624;634;490
703;545;627;503
731;661;671;552
726;584;612;499
703;489;595;504
754;620;622;507
751;620;623;498
761;646;630;496
768;676;634;517
778;708;630;514
723;597;625;510
758;687;621;494
726;629;634;494
681;572;613;456
701;668;634;462
770;718;642;574
713;568;639;558
726;641;655;556
733;722;687;528
721;599;605;493
730;595;654;560
716;525;588;502
720;520;587;614
736;486;567;661
717;531;608;534
717;539;595;495
753;655;648;519
720;477;607;596
722;485;598;612
720;610;619;472
740;677;672;486
753;674;666;578
742;597;638;609
712;477;591;499
737;630;618;523
744;593;631;571
735;607;648;533
720;684;644;473
700;719;646;457
761;713;631;543
722;574;633;548
747;682;676;590
709;665;646;449
724;582;628;516
746;629;646;502
760;662;639;530
777;716;654;486
750;686;656;451
724;581;613;500
740;645;628;497
749;684;659;489
742;621;635;532
745;666;658;501
725;540;613;610
718;517;612;568
721;497;630;630
735;538;643;663
738;489;629;682
738;666;647;523
711;526;598;498
742;655;643;520
746;559;627;546
751;586;640;567
730;603;631;519
711;489;602;518
761;574;604;574
754;575;642;602
727;633;587;461
738;620;630;531
758;618;639;569
724;699;668;437
759;612;631;557
733;619;623;519
732;675;677;583
715;525;562;496
735;665;659;540
718;527;607;494
756;594;633;591
750;583;635;593
741;610;601;473
721;662;620;468
720;641;631;483
747;621;645;560
741;606;634;543
734;610;628;528
710;476;589;516
763;560;627;677
713;464;594;510
741;612;587;483
741;661;653;541
736;638;613;488
734;634;634;522
731;604;609;507
717;636;641;532
721;545;606;501
768;621;634;551
725;696;640;466
733;665;618;479
758;691;632;548
757;695;660;550
719;606;615;443
772;609;625;525
782;659;638;534
777;684;631;516
769;689;620;445
794;736;634;524
750;543;610;534
781;612;650;616
773;670;657;574
761;684;636;487
703;551;608;488
767;671;635;494
731;547;605;504
755;558;618;548
764;618;635;521
729;673;645;497
756;669;635;458
750;670;609;452
755;694;661;557
734;540;626;647
739;567;614;566
733;513;618;605
785;569;635;672
778;617;652;628
748;605;620;507
748;613;624;502
774;652;633;517
784;681;635;503
745;646;664;600
774;616;642;590
717;509;612;627
744;614;622;544
737;557;616;505
713;579;625;497
759;686;643;551
745;624;628;535
719;646;623;481
727;672;645;478
717;650;637;479
756;670;654;566
777;648;630;552
780;690;639;474
762;701;664;523
722;527;595;504
746;597;620;532
756;614;641;575
748;628;633;554
713;471;589;520
750;548;634;654
727;485;611;594
769;615;611;520
728;474;582;545
774;621;650;628
749;641;633;530
732;566;583;479
712;446;585;523
714;487;595;528
773;700;681;576
754;595;632;527
765;708;672;533
757;743;676;533
682;307;613;565
710;439;644;573
710;443;644;573
711;446;644;573
712;450;645;574
713;457;646;575
716;469;647;576
716;470;647;576
717;475;647;577
718;486;648;577
719;498;648;577
719;500;649;584
720;511;649;584
722;524;651;585
722;527;654;586
723;533;655;587
723;537;656;587
724;541;656;588
724;542;656;589
725;546;656;588
725;550;655;588
726;555;655;588
725;557;646;581
725;558;640;582
726;445;640;583
755;553;677;613
744;436;630;615
743;598;670;572
733;598;654;530
745;631;675;516
760;579;642;551
773;635;661;525
782;647;671;528
751;642;680;518
731;598;632;491
741;624;648;479
718;586;644;527
707;418;588;504
706;511;596;498
739;505;621;532
775;587;636;549
785;621;636;531
769;622;639;532
719;476;625;539
736;617;657;526
742;578;637;527
744;585;570;538
748;565;634;562
718;466;623;543
772;541;638;650
766;552;625;522
788;606;638;542
747;640;631;421
741;618;622;510
731;600;626;498
756;584;667;645
735;623;639;470
748;603;613;512
727;648;653;466
717;635;652;502
735;636;664;519
755;579;632;555
781;657;651;527
765;697;648;459
734;620;645;515
761;587;652;617
783;590;654;623
759;610;634;535
752;573;639;568
757;568;634;564
727;653;661;525
762;602;661;613
745;539;612;515
784;625;628;537
795;680;640;523
774;662;644;556
766;607;639;569
740;667;668;531
765;626;609;530
763;584;640;566
774;612;633;541
774;612;633;541
780;590;637;626
766;631;647;556
760;630;645;524
748;561;634;560
780;613;648;641
749;543;621;530
731;644;663;528
733;621;629;475
747;567;627;511
756;589;624;532
732;592;640;529
732;587;633;487
781;688;640;513
797;700;645;557
744;616;644;509
762;689;691;600
751;694;625;502
760;693;605;514
751;708;655;470
745;617;635;520
756;663;625;523
739;579;630;545
743;679;665;533
780;682;658;565
795;680;646;563
790;671;640;528
749;677;657;476
771;638;640;533
764;612;644;547
779;633;644;571
762;647;641;545
676;577;625;508
765;615;581;438
760;614;638;545
745;530;651;620
756;503;641;674
762;629;636;521
778;681;639;478
728;478;601;527
736;437;609;556
774;579;640;639
787;646;637;517
729;479;588;504
801;698;649;504
733;562;614;507
735;508;612;518
747;619;640;516
770;655;646;509
741;602;614;488
765;659;635;509
746;649;646;497
740;649;645;511
756;591;621;505
789;655;653;547
780;627;627;504
785;680;640;503
759;664;658;525
737;616;622;492
758;729;637;435
765;736;674;491
758;643;633;507
786;644;631;505
798;724;643;485
765;594;659;620
771;571;648;646
773;598;628;500
763;472;631;679
770;575;605;504
784;705;640;481
760;690;654;479
766;708;675;499
740;677;647;472
773;631;635;538
767;634;619;493
767;619;613;484
743;671;663;519
748;469;545;440
766;653;647;548
746;569;620;520
747;695;650;485
766;573;640;586
762;664;636;497
765;696;668;519
760;698;681;571
776;643;669;526
748;686;676;545
758;674;651;528
786;705;624;501
756;638;642;509
733;637;652;511
741;658;637;501
771;697;641;515
763;683;629;507
728;590;626;511
756;551;579;505
773;614;640;573
743;465;617;618
765;471;622;690
737;473;608;546
755;579;636;538
769;581;597;537
755;441;617;656
766;523;649;668
758;565;664;654
773;678;683;489
795;696;647;477
743;570;624;516
755;571;627;547
749;545;620;515
745;608;634;512
780;572;628;577
719;648;642;436
750;606;638;530
776;696;665;564
758;723;671;489
773;610;640;559
759;609;641;509
755;642;612;488
776;674;609;511
756;648;644;543
745;685;634;497
762;730;612;480
745;555;631;551
772;648;641;535
785;662;620;481
749;641;649;533
771;659;624;468
747;493;602;539
781;697;674;605
742;513;609;573
761;588;634;595
749;501;635;616
756;601;653;555
748;630;649;518
749;625;644;525
767;618;650;557
774;639;656;579
760;607;648;575
780;654;674;627
771;590;631;590
778;681;638;528
759;621;634;521
770;605;620;531
768;628;613;523
775;703;663;509
675;514;589;443
678;539;604;442
705;565;621;481
738;618;656;544
701;501;594;463
649;467;585;427
703;511;607;437
734;542;619;463
742;537;598;425
711;641;638;372
758;652;654;499
758;652;654;499
699;551;607;417
712;657;665;453
743;646;620;416
736;623;620;441
752;652;604;424
724;668;632;365
731;586;623;482
768;576;630;510
720;606;652;455
747;660;673;526
742;583;654;594
708;530;658;496
714;529;653;452
714;534;675;509
717;540;682;507
715;541;681;498
717;546;685;508
719;549;680;495
718;542;676;452
721;560;693;510
718;540;662;489
724;522;599;479
723;515;599;485
742;515;641;540
777;555;637;541
720;604;687;378
710;519;683;449
708;512;687;481
714;534;711;481
703;513;700;468
704;513;700;468
704;512;699;472
704;511;699;472
704;510;697;471
704;510;697;472
704;510;697;473
704;510;697;473
705;511;698;474
704;511;698;474
705;511;698;473
704;511;698;474
704;512;698;474
705;512;698;474
705;512;698;474
705;512;698;474
705;512;698;475
705;512;698;475
705;511;698;475
705;512;698;475
705;513;699;475
705;512;698;474
705;509;697;474
705;508;695;475
705;505;691;475
705;505;691;474
704;499;684;474
707;539;712;470
697;517;714;453
708;498;683;489
703;516;706;453
711;536;720;409
705;502;682;447
698;498;696;464
717;446;613;543
721;461;618;530
724;456;617;558
725;461;616;562
734;347;607;628
730;556;638;487
713;542;616;466
742;571;639;566
736;603;608;465
776;717;652;511
715;525;691;445
710;537;707;470
710;537;707;470
710;538;706;473
712;540;706;473
713;540;706;473
713;540;705;474
714;540;705;474
714;541;704;475
714;542;704;475
714;544;705;475
715;544;705;475
715;544;703;478
715;544;703;478
715;544;703;480
715;543;700;481
716;540;696;481
716;535;691;482
717;533;684;482
693;528;703;445
757;541;691;607
738;471;631;556
728;555;643;499
759;600;632;495
736;606;653;449
758;619;639;504
751;643;661;501
748;557;612;520
753;560;635;508
753;549;635;530
724;547;624;468
763;654;684;547
723;554;637;503
739;582;625;478
749;604;626;461
753;583;651;564
762;541;629;552
766;615;651;509
726;606;665;482
758;612;642;501
751;530;619;548
772;584;628;522
704;604;632;386
754;606;652;538
747;658;709;407
758;649;708;514
757;620;700;571
759;629;623;429
744;639;640;476
751;587;648;534
750;527;641;547
767;574;636;538
712;625;629;401
743;530;613;475
755;550;642;542
767;582;642;528
707;614;660;456
757;625;670;532
756;581;643;502
710;609;645;420
761;603;644;532
762;580;645;539
754;589;650;543
794;654;648;530
767;648;647;516
776;617;651;539
793;678;651;520
752;673;677;506
752;640;671;531
770;626;644;502
731;620;664;492
747;553;656;561
763;575;632;518
798;648;633;515
796;702;637;435
793;690;643;535
772;611;649;577
754;635;627;459
721;539;643;535
736;512;632;535
782;646;657;545
734;687;673;433
732;584;637;511
767;575;628;564
745;579;634;477
753;638;655;525
733;545;628;494
774;606;650;566
741;638;676;539
730;628;622;477
751;660;624;523
743;627;640;512
731;638;649;510
767;691;640;498
752;647;634;506
737;635;654;513
743;554;633;525
773;551;640;576
741;619;634;512
740;549;601;515
751;501;596;507
744;514;643;555
760;536;643;588
747;496;604;522
771;618;612;430
785;636;642;537
791;619;634;524
778;643;646;504
779;629;652;512
772;635;660;513
777;608;623;500
745;655;660;490
753;625;677;556
775;610;635;522
784;668;629;489
755;611;615;508
757;569;629;540
753;633;626;474
754;686;693;573
757;578;626;514
752;510;638;550
764;557;630;535
764;557;630;535
792;628;668;628
770;655;661;535
765;607;653;554
775;589;649;563
781;590;650;609
773;573;632;541
719;548;630;508
733;611;646;514
754;637;643;491
727;553;636;518
711;433;598;511
770;667;630;471
781;599;656;519
737;699;684;524
716;539;686;414
716;532;696;439
727;574;714;387
730;559;706;432
729;560;707;431
730;561;707;432
730;562;707;433
730;562;707;434
730;563;707;435
730;562;707;435
730;562;707;437
730;561;707;440
730;561;707;442
731;561;707;442
730;561;707;443
731;562;708;443
730;562;708;443
730;563;708;442
730;563;708;443
731;562;708;444
730;563;708;444
730;563;708;445
730;563;708;445
731;562;708;446
730;562;708;446
731;561;708;446
729;532;686;444
727;520;666;437
727;549;707;472
727;570;716;470
728;568;715;471
727;565;713;471
729;555;709;472
729;553;707;473
725;553;711;458
725;551;701;441
722;525;676;425
728;543;696;463
715;540;703;415
724;539;696;455
727;537;697;474
729;533;692;478
730;534;691;478
729;531;691;480
730;531;690;482
730;557;706;468
729;566;717;484
727;570;715;482
727;570;714;483
727;570;714;482
727;566;713;482
727;555;707;485
727;530;688;488
727;526;687;489
748;631;720;453
773;567;632;651
768;475;620;655
771;564;637;626
754;581;627;545
776;659;623;471
751;635;628;474
761;652;645;479
690;489;647;381
722;538;683;471
722;539;682;470
723;536;682;471
724;527;676;473
724;526;674;473
724;519;666;476
724;518;662;479
724;514;652;480
723;508;649;478
721;489;617;479
720;483;611;478
713;501;647;470
719;499;629;477
721;527;666;479
721;528;665;480
722;527;665;480
722;528;666;481
722;529;666;481
722;528;666;480
722;525;664;481
721;491;621;476
720;482;602;473
722;483;602;487
712;510;628;471
722;528;631;466
731;527;631;457
763;598;610;499
750;618;588;478
686;556;575;385
764;664;632;482
722;513;561;446
736;513;596;487
692;692;584;423
693;494;675;413
713;524;675;424
714;527;687;484
709;500;689;474
722;535;692;486
721;533;691;486
722;534;691;486
724;530;693;491
