76.7425834373697
31.6605834373696
75.2945834373697
68.1085834373697
62.3125834373697
63.6325834373697
46.8405834373696
-8.14941656263036
2.37858343736954
-4.83141656263046
19.0165834373695
59.1305834373697
12.3525834373694
4.41658343736955
24.4585834373694
42.2205834373696
41.9145834373694
7.73458343736944
43.2565834373693
87.5245834373697
-15.3294165626306
-23.9454165626305
28.6185834373695
27.5445834373696
73.9925834373697
30.3665834373698
1.26458343736994
-12.7314165626301
-21.8574165626299
-82.5674165626298
-10.0794165626296
-16.8114165626295
-22.7854165626294
0.314583437370743
0.314583437370743
21.7025834373705
-70.6314165626296
-40.6174165626296
41.3925834373703
28.2225834373701
35.9085834373701
-45.85541656263
-15.5294165626301
-4.71941656263016
18.2965834373699
27.2825834373699
12.9905834373698
8.88658343736984
-44.0014165626301
-9.33741656263015
-3.04341656263006
98.8905834373698
63.9765834373697
41.7905834373698
29.9025834373697
-0.383416562630359
49.7725834373696
66.6805834373697
78.7865834373697
66.2285834373698
89.0885834373697
39.9065834373696
56.6705834373697
74.7645834373697
-1.25341656263016
52.3365834373697
55.5225834373697
55.5225834373697
50.4405834373699
81.0565834373698
41.67858343737
15.7585834373701
85.7825834373698
15.2425834373701
15.2425834373701
70.0145834373697
73.2385834373708
25.5745834373702
-8.63741656262976
-5.51541656262976
41.7605834373703
68.2025834373707
82.2805834373697
52.6225834373697
22.8365834373702
11.4945834373701
-53.4994165626297
-87.6014165626297
-1.85541656262966
-12.3654165626297
-79.3114165626297
33.7185834373702
4.24058343737024
36.0525834373702
-16.0894165626298
-20.2454165626298
49.6425834373701
49.7645834373701
13.7205834373701
5.23858343737005
-23.64941656263
-34.62341656263
-22.01741656263
-39.05941656263
37.0385834373701
-20.56141656263
-76.49141656263
57.0245834373697
62.7765834373697
45.76858343737
47.9925834373701
87.7945834373698
59.0025834373697
28.1985834373701
18.2185834373701
1.55858343737015
-29.80741656263
-8.91141656262996
-10.14141656263
35.03058343737
18.3785834373699
-16.3034165626302
36.2745834373697
5.96858343736984
66.5005834373697
19.9785834373698
-1.79341656263026
30.5105834373697
-9.84341656263026
25.1905834373698
58.5105834373697
26.7045834373697
97.2845834373697
47.9985834373697
90.1665834373697
15.4005834373696
35.4285834373695
30.8165834373695
76.8425834373697
62.1925834373697
29.9485834373696
-0.363416562630256
-12.0154165626302
-34.7974165626302
-19.9094165626302
46.3965834373698
50.5625834373697
51.3565834373698
79.1265834373697
48.7985834373698
-10.8314165626302
33.9505834373698
53.8585834373697
-28.6914165626301
1.46858343736994
-35.6014165626301
-51.1194165626302
-25.0774165626302
12.0005834373698
-5.14941656263016
8.54258343736984
-17.4294165626302
20.5065834373698
-25.1174165626302
8.69658343736985
3.20258343736995
50.4945834373698
9.58858343736994
-52.3734165626301
-19.7114165626301
25.8125834373699
-17.7194165626302
-9.14541656263005
74.7765834373697
56.5085834373697
15.3125834373699
20.4545834373699
53.6885834373697
74.9365834373697
91.2925834373697
73.7365834373697
73.7365834373697
20.4405834373699
14.63058343737
44.7285834373698
74.8645834373697
-3.84141656263016
-7.28341656263016
72.3565834373698
-2.64941656263016
50.4665834373699
19.6265834373698
66.7225834373698
30.8405834373699
-24.2374165626302
-14.0694165626303
25.4745834373697
-26.1634165626303
27.4605834373697
12.1825834373697
53.9505834373697
27.6465834373695
-1.27341656263056
23.7765834373695
13.2845834373694
-6.09141656263056
1.77658343736955
-39.1734165626306
-17.2014165626305
1.34258343736954
7.99858343736955
-39.9614165626305
35.3465834373694
15.4925834373695
39.2325834373696
11.9785834373696
8.57258343736964
18.4305834373695
19.4185834373694
52.1165834373697
62.9665834373697
-35.0434165626305
-16.1534165626305
6.66658343736955
6.94258343736954
17.9245834373696
34.6245834373694
83.5365834373697
-28.0654165626304
-47.1074165626304
-2.88141656263036
-43.2774165626303
75.6205834373697
37.1905834373698
58.4425834373697
65.2825834373697
39.3085834373697
13.3345834373697
-5.61941656263016
45.3705834373698
15.3305834373698
26.9065834373698
50.4545834373697
-19.5054165626303
28.1985834373697
58.0185834373697
27.0525834373695
35.6005834373697
20.6225834373696
44.6285834373696
-10.6814165626305
-11.8034165626306
38.3965834373695
-131.73341656263
-103.05541656263
-37.8274165626306
-48.6354165626305
-35.2014165626305
-7.92741656263055
36.6365834373694
4.58058343736934
24.9005834373694
32.6365834373695
34.0905834373693
36.6045834373695
9.69258343736944
26.0825834373693
51.1405834373697
3.12458343736945
33.3085834373695
63.1545834373697
-23.1394165626306
4.00858343736935
-35.7534165626307
-19.3814165626306
32.1885834373693
22.9065834373693
30.6785834373693
24.5905834373694
28.7885834373694
32.8465834373695
1.06258343736955
-55.7094165626304
-92.9974165626303
-13.8354165626305
-13.2354165626305
-12.2494165626305
70.3025834373697
31.4065834373695
63.5025834373697
47.2265834373695
-2.36941656263046
-23.4934165626304
-10.0834165626303
-4.36541656263026
16.2765834373697
16.0845834373697
4.01058343736965
7.40658343736964
25.9685834373697
25.9745834373696
17.5205834373695
23.6305834373695
28.3965834373695
20.5185834373696
33.1985834373696
12.8185834373695
29.5245834373696
52.3205834373697
24.1585834373695
-25.7094165626304
-33.6694165626304
-6.39341656263046
-18.6834165626304
3.98458343736954
-9.34341656263046
-42.5954165626305
-65.2934165626306
-67.6914165626306
-0.481416562630557
-12.1034165626304
-2.09141656263026
-3.86741656263035
17.0525834373697
-5.01541656263036
-29.6694165626299
11.9685834373698
-11.95741656263
-31.68141656263
-45.17741656263
20.83258343737
-42.6374165626299
-6.64541656262995
-18.05141656263
-30.3094165626301
-20.9054165626301
-21.85941656263
-14.03741656263
2.92458343736984
31.8765834373698
30.5585834373699
12.1125834373697
17.4045834373698
10.1485834373698
1.86258343736974
6.56658343736974
5.16258343736974
-78.0974165626303
-9.33941656263026
-13.6934165626301
20.0525834373698
-13.7154165626301
-43.0654165626301
-36.8374165626301
19.2705834373701
26.9605834373699
-14.25941656263
-33.11741656263
-30.80941656263
-3.89541656262995
-29.28341656263
-29.86141656263
-8.84141656262996
3.26658343737024
11.4565834373701
-22.84141656263
10.06858343737
10.06858343737
6.77258343736985
5.37858343736984
7.30458343736984
-8.50141656263015
-35.1174165626302
13.7665834373698
36.2485834373698
-13.9214165626303
-13.9214165626303
17.8585834373694
13.7365834373694
11.8125834373694
-3.10941656263056
33.5825834373692
36.8685834373694
56.9425834373697
18.6965834373693
-27.9114165626306
-25.5974165626305
-16.2894165626307
19.6345834373694
26.6365834373694
36.8925834373694
53.7245834373697
46.9005834373694
33.9665834373693
47.2585834373695
42.1205834373694
6.57658343736944
-24.0294165626307
-21.5494165626305
-20.4214165626305
-20.3214165626305
8.12658343736955
-29.7234165626305
-47.7474165626305
-24.1294165626307
27.4625834373693
-16.3314165626307
-31.3954165626307
-27.8454165626306
-20.9734165626306
-18.0474165626307
26.1085834373694
-54.0434165626305
-106.551416562631
-94.7274165626307
-96.1114165626307
-4.89341656263066
20.1925834373692
20.1925834373692
-19.6174165626306
-65.8674165626308
-34.0694165626306
-14.4214165626307
-35.7794165626308
-53.2074165626309
-69.4414165626308
-44.4234165626307
-27.8874165626307
1.58058343736934
20.4525834373693
-3.20541656263055
-18.2314165626306
1.35458343736954
21.5505834373697
34.4885834373697
18.5725834373696
13.7365834373695
38.5865834373695
38.5865834373695
20.8965834373696
-84.9634165626305
-75.2934165626306
-58.7814165626306
0.99258343736944
-9.07341656263006
32.1825834373699
28.23258343737
26.1265834373698
7.64858343736984
11.8265834373698
-8.89141656263016
-7.93741656263025
15.0885834373696
-5.15741656263046
-52.6814165626306
14.9025834373693
-19.9894165626307
7.80858343736934
-35.2834165626306
-50.8794165626307
0.822583437369346
-10.2314165626308
58.3565834373698
40.2665834373694
51.3285834373697
39.0125834373695
32.8505834373694
59.1765834373697
25.0005834373693
38.6645834373689
8.79458343736894
22.0265834373689
-7.68341656263106
-41.999416562631
2.40458343736914
3.82858343736904
38.728583437369
12.2465834373688
-28.7194165626307
-20.2714165626307
-32.7074165626306
-44.4134165626305
-5.74141656263036
-17.2674165626299
-6.54141656262986
-26.4974165626297
-34.6614165626296
-28.7854165626296
-61.8634165626296
-42.8874165626299
-60.03341656263
-18.97341656263
-35.42741656263
-27.8754165626299
-64.8074165626299
-10.1994165626299
-37.5074165626299
-44.5214165626299
-65.6634165626299
-19.6114165626299
4.03258343737014
-29.27141656263
-51.36941656263
-35.80941656263
-11.7214165626299
-19.99541656263
-19.99541656263
-26.5994165626299
-1.34341656262995
-39.6354165626298
-42.6814165626298
-10.0954165626298
-44.6534165626299
-11.9394165626298
-2.55541656262976
-59.6834165626298
-27.3134165626298
-38.3554165626298
-22.7534165626297
-22.0054165626296
-21.5374165626296
-41.2434165626297
-58.1514165626296
-8.94341656262956
20.5125834373704
20.5125834373704
24.8065834373703
-115.73141656263
-2.93341656262976
-32.7354165626298
-8.73541656262986
10.81258343737
-16.8294165626301
8.07858343736984
-12.8274165626302
27.0885834373697
1.51058343736975
-11.4714165626302
-46.1714165626301
-30.1814165626301
-11.3334165626302
17.19858343737
-16.44541656263
-6.76141656263016
-36.3314165626302
-79.9134165626303
-59.2254165626302
-63.2754165626303
-20.7514165626305
9.59258343736934
34.3185834373693
5.80058343736934
34.7765834373693
12.4945834373692
4.34258343736944
-21.5054165626307
1.29458343736945
20.6305834373693
23.2845834373693
4.17258343736924
-0.387416562630655
-0.387416562630655
-21.5234165626307
7.64058343736934
-38.9114165626306
-38.9114165626306
7.47058343736934
-9.47541656263056
20.9865834373693
-132.21941656263
-104.55741656263
-83.6354165626304
-42.1234165626305
1.73658343736955
-65.5594165626304
-6.06541656263045
18.39058343737
1.66458343737014
-12.9594165626298
7.94458343737024
14.1005834373702
13.5305834373701
45.0885834373702
35.6285834373703
24.1205834373702
44.7645834373702
18.2305834373702
-13.3214165626298
-8.25141656262966
-9.10941656262965
6.56258343737034
-68.5894165626297
-1.33541656262976
-26.8394165626297
-44.5334165626297
-27.1534165626297
-63.0034165626297
-47.9554165626296
-11.2894165626296
37.2225834373703
27.4305834373704
36.1525834373703
36.1525834373703
45.6745834373702
48.0825834373701
47.4425834373701
49.61058343737
71.1045834373697
37.4645834373699
-58.5754165626298
-95.7254165626299
-63.4794165626299
-39.6614165626298
-51.4914165626298
-53.5534165626298
14.8745834373703
-69.0894165626297
-96.7974165626298
-84.3334165626302
-23.20141656263
1.92858343737014
-51.6854165626298
-36.4114165626297
1.13658343737044
-3.22741656262956
-40.4454165626298
-54.7334165626298
-21.6814165626298
-29.4274165626298
-18.4414165626298
-14.3894165626298
-86.9874165626296
-38.9454165626297
20.9585834373702
25.3565834373702
13.8225834373701
28.36458343737
13.9285834373701
-12.82741656263
6.90258343737004
-33.4354165626298
-51.5394165626298
-21.5734165626299
0.662583437370145
10.1645834373702
-63.5214165626297
-15.5654165626298
1.58258343737025
-0.535416562629656
11.2485834373701
35.2365834373702
-7.34741656262986
-24.2754165626295
8.56658343737024
22.3145834373702
-35.71341656263
2.48258343737015
32.0165834373701
10.8665834373701
-52.5194165626297
4.54458343737044
40.6445834373703
12.5225834373703
25.3625834373702
30.72858343737
31.2005834373701
66.7225834373698
-13.8434165626301
-11.9654165626301
-22.0714165626301
-12.6554165626302
-40.3454165626301
-26.4614165626302
-21.4634165626302
-14.8074165626302
-59.3274165626302
-49.6414165626303
8.07058343736974
8.24858343736994
14.56858343737
-8.18541656263006
3.18458343736975
-35.7214165626302
10.8465834373696
-50.1174165626304
-14.8154165626304
-28.0454165626305
-29.1954165626305
9.86258343736954
9.86258343736954
-14.8074165626305
-13.0394165626305
0.94058343736954
11.0645834373695
-2.31141656263055
-61.7174165626305
-29.2774165626306
-40.6974165626305
32.0805834373695
2.45058343736935
-27.4534165626307
-44.4614165626306
-25.9714165626306
-7.31741656263056
32.6525834373695
8.03658343736954
-3.03541656263056
53.3205834373697
34.1525834373693
54.1245834373697
3.91658343736945
12.2245834373695
23.2225834373694
22.3865834373695
-15.2134165626305
-11.4014165626306
16.1625834373693
-3.77741656263056
15.8145834373694
44.0265834373694
0.990583437369246
0.990583437369246
-18.4754165626308
27.9685834373693
48.0485834373694
-1.91341656263056
31.4925834373696
39.3505834373698
-23.3734165626304
-38.5134165626304
-45.7254165626303
-43.9734165626304
-50.4094165626304
3.91858343736964
52.5185834373697
54.7645834373697
64.6565834373697
27.0385834373697
19.8985834373697
46.0905834373697
70.6605834373697
55.4685834373697
25.7685834373697
21.9945834373697
-58.5034165626303
12.9145834373696
4.43458343736965
17.4305834373696
24.0965834373695
41.2745834373696
34.7145834373697
48.6005834373698
43.0305834373697
45.7085834373696
-3.36141656263025
-14.1534165626302
20.3725834373698
-7.52341656263015
-53.4014165626301
-13.1114165626303
0.942583437369642
26.9065834373698
22.8385834373697
42.9505834373698
-6.38341656263005
3.45258343736995
9.17458343737005
29.8525834373698
-52.1594165626301
-48.03541656263
-56.4394165626301
-63.4694165626305
-51.1694165626307
-43.3094165626306
-7.31941656263056
-12.8834165626307
2.34458343736905
-1.60141656263086
-27.6134165626308
14.9025834373691
32.2765834373691
64.1465834373687
1.06858343736894
-4.15341656263116
-8.66341656263106
10.5325834373688
13.1245834373689
15.7225834373688
16.0225834373689
21.4785834373688
14.1885834373689
15.3265834373691
-2.91941656263096
-72.4894165626309
-57.3774165626308
-39.5014165626308
18.9025834373691
-8.25341656263075
-41.4854165626306
-41.8394165626307
20.3325834373693
-33.7354165626308
-56.0634165626307
-32.4974165626309
-72.4594165626309
-12.1534165626309
-70.7794165626309
-24.247416562631
