748
739
709
728
725
736
750
716
713
735
735
708
708
712
712
722
718
702
758
766
744
721
709
738
705
737
737
751
688
704
731
761
774
758
728
757
739
741
727
782
716
731
722
745
736
732
720
714
719
737
736
777
784
753
721
727
727
725
725
757
736
725
707
708
731
775
758
724
720
727
718
711
770
766
753
772
759
780
777
793
792
782
758
762
767
775
785
785
781
780
779
771
770
756
721
722
716
744
720
723
719
725
715
716
713
745
733
728
761
754
724
743
709
728
709
715
722
733
733
735
774
730
726
719
731
758
782
774
751
703
688
739
717
711
713
744
720
762
717
706
758
748
732
722
749
735
731
749
752
728
717
728
737
733
720
750
768
773
783
755
751
743
753
729
712
725
769
788
788
742
718
760
761
715
746
748
727
729
731
750
706
733
731
724
762
771
753
729
711
719
714
712
740
726
735
759
756
745
718
720
720
718
726
755
719
739
715
724
721
717
720
716
717
718
709
705
743
733
709
708
708
705
708
711
714
716
710
711
715
712
712
715
716
737
734
713
735
719
715
721
719
717
714
701
701
718
753
762
762
713
710
710
711
701
742
724
709
725
725
713
739
711
728
778
755
719
750
742
716
735
714
728
712
735
710
729
724
727
731
777
757
714
752
727
754
785
713
759
740
781
705
743
730
735
731
744
763
790
723
737
731
751
720
752
765
745
740
791
771
730
716
737
710
737
748
738
735
735
729
733
718
727
737
704
706
730
730
740
726
755
730
798
737
721
711
731
717
730
730
761
740
730
747
762
781
784
780
745
765
758
709
738
736
730
772
778
793
762
751
768
746
774
758
741
752
792
754
752
775
761
753
781
762
738
763
773
769
734
733
779
731
789
770
787
787
716
719
717
715
718
715
720
717
716
707
708
746
793
713
762
742
773
737
763
752
759
759
763
735
778
752
750
741
738
749
731
766
782
754
773
773
771
782
787
767
793
779
752
663
788
794
741
628
738
726
743
704
678
678
706
747
761
649
704
723
707
666
749
749
725
726
744
744
698
767
773
769
746
749
776
739
773
781
784
749
744
744
783
756
781
769
731
686
712
741
756
736
741
715
776
767
722
740
757
702
750
775
736
725
721
721
729
765
767
685
720
706
760
704
792
755
742
762
740
755
736
727
713
715
716
690
724
717
753
744
722
680
719
717
731
722
742
742
716
708
736
711
736
754
724
724
697
723
732
679
727
678
719
697
740
698
724
704
727
727
712
747
729
708
736
741
741
742
734
769
783
749
712
736
745
688
710
710
712
720
726
726
722
743
743
763
777
765
793
771
734
761
773
736
763
753
760
755
774
757
754
756
772
744
739
755
778
773
765
750
746
787
772
743
751
740
756
759
783
744
722
718
796
794
754
779
764
733
774
756
750
780
784
790
800
800
783
814
793
760
751
738
770
743
747
739
758
743
755
763
691
750
756
728
764
781
779
770
759
753
766
757
793
781
720
736
748
757
702
750
719
688
718
718
710
719
721
774
791
705
695
776
756
721
688
702
684
706
723
736
743
723
745
774
755
756
717
775
776
769
798
770
797
699
756
767
788
784
763
731
728
710
732
732
765
712
699
700
752
795
740
698
735
702
712
770
758
721
716
698
733
715
744
737
765
745
755
752
736
726
737
737
742
758
769
773
796
804
783
789
806
806
716
698
759
739
790
802
774
771
765
788
763
763
789
767
801
793
736
722
719
712
725
716
757
742
746
703
743
723
748
727
705
740
710
718
746
761
739
783
749
782
707
709
734
722
756
744
761
733
726
697
695
694
694
736
748
752
753
739
800
801
712
699
754
709
738
744
706
700
738
718
766
766
752
739
770
770
739
739
789
787
753
719
712
779
753
740
754
796
774
774
774
759
734
754
764
732
699
758
765
761
782
764
753
738
759
742
758
760
760
724
735
737
743
727
713
714
711
736
710
715
745
773
767
767
726
737
759
738
754
733
750
768
783
744
714
707
737
768
762
767
789
762
770
763
737
758
791
805
763
739
771
794
724
752
723
692
717
726
702
716
759
725
750
687
703
774
751
710
735
719
717
733
733
733
707
757
741
725
740
745
760
760
735
735
775
790
767
784
790
806
750
750
755
766
789
789
734
737
758
764
786
772
813
808
786
789
777
773
763
782
779
779
736
729
750
738
773
690
766
748
788
714
769
734
711
739
712
707
768
747
766
729
751
736
730
774
765
773
766
757
751
752
758
775
765
760
764
736
751
782
792
805
780
767
756
756
740
745
720
784
724
772
787
727
762
798
788
773
743
698
737
707
700
740
771
775
773
766
770
772
706
694
737
771
728
742
726
732
769
744
761
711
722
718
733
739
720
733
761
761
744
744
753
750
744
793
718
709
759
790
700
700
725
738
720
705
777
773
741
725
745
747
732
801
765
776
793
789
774
773
768
786
760
751
753
771
781
741
788
808
780
787
789
782
771
754
770
805
788
687
692
695
720
700
731
722
697
695
708
699
721
701
700
693
704
705
700
767
777
777
745
745
749
747
785
809
788
767
741
723
727
704
735
780
780
763
742
707
746
715
720
705
732
723
777
729
765
755
721
762
753
725
714
703
732
754
713
704
697
719
734
734
739
697
734
726
756
756
767
759
725
741
753
741
747
737
766
766
737
741
791
767
716
727
733
734
753
722
794
809
792
727
756
756
706
761
755
704
745
728
746
733
781
769
730
738
769
735
768
774
785
785
731
745
722
776
727
729
771
770
765
761
741
740
747
712
765
777
736
711
766
719
725
728
750
705
705
701
748
764
778
754
766
777
765
764
753
771
773
754
781
704
748
742
746
781
800
800
796
785
785
785
729
720
714
702
740
699
740
764
730
757
727
725
801
757
717
735
732
738
757
752
739
781
773
786
746
