746
764
725
724
719
719
718
720
736
785
744
714
726
714
706
710
713
740
731
702
735
707
725
716
738
730
706
715
720
706
736
714
748
722
722
717
714
718
726
725
712
714
721
746
718
725
721
743
760
772
745
753
723
728
735
718
722
721
733
742
719
719
738
734
717
720
731
731
707
721
724
723
720
725
721
721
744
717
713
713
731
720
727
770
720
730
719
738
727
728
729
780
721
720
721
727
730
724
714
720
721
719
719
762
731
742
723
722
720
720
721
721
708
728
722
720
719
727
790
787
717
730
715
716
720
716
724
710
744
733
721
727
782
771
720
734
724
724
717
719
726
726
711
719
730
752
721
719
721
719
714
721
722
718
709
718
736
762
729
718
719
734
757
710
731
768
714
717
738
762
716
764
767
802
790
804
730
758
738
739
743
713
744
751
745
804
744
729
706
708
714
734
720
726
724
725
722
721
771
792
712
710
722
718
732
723
749
770
739
717
748
742
726
731
731
721
721
782
792
803
768
782
714
713
713
713
709
709
720
735
719
778
714
707
711
730
830
801
735
735
745
765
721
725
748
721
730
713
717
769
722
724
720
723
721
719
730
723
729
728
732
732
721
722
741
732
740
731
725
725
758
719
753
745
775
779
721
726
726
728
732
717
733
723
753
763
727
752
748
722
757
789
796
761
721
726
725
724
726
725
738
778
806
806
755
778
736
766
751
796
726
730
727
734
724
723
724
723
753
775
805
727
746
731
716
724
736
722
732
735
725
736
715
744
724
724
767
767
764
786
725
727
731
723
738
738
733
733
773
778
768
790
786
798
723
724
734
717
738
725
731
731
731
718
721
727
726
727
728
736
731
731
737
737
727
717
719
726
745
758
740
760
727
739
742
747
730
727
767
770
733
776
728
729
725
736
718
724
762
768
765
799
793
798
764
761
733
714
818
762
722
718
760
798
759
717
717
756
752
715
718
716
721
719
733
723
717
743
720
737
734
723
724
723
725
771
734
718
760
777
787
765
725
738
729
729
737
770
714
729
752
768
718
718
719
733
719
755
751
778
728
728
793
773
724
735
773
789
730
729
724
721
725
716
727
724
733
750
719
714
721
730
746
806
731
794
729
730
743
776
727
728
737
734
737
730
737
737
731
730
803
803
730
740
726
739
736
726
775
731
722
729
760
765
742
746
738
732
761
742
739
732
732
725
734
729
747
748
784
794
738
760
733
733
740
734
740
745
740
736
731
731
754
730
741
741
732
728
735
737
738
732
751
755
734
714
726
738
734
733
740
734
728
725
731
730
728
731
737
757
733
742
736
735
729
730
739
731
728
728
733
727
732
742
752
752
733
729
734
738
733
731
741
737
732
736
738
730
738
731
749
729
724
732
735
727
724
728
734
736
737
744
741
757
744
747
744
750
744
742
800
777
731
732
752
759
745
741
756
779
759
745
747
705
724
726
717
723
727
727
728
729
745
737
741
729
754
750
728
730
729
729
740
741
742
735
736
740
730
729
735
733
741
742
725
732
733
728
744
767
730
738
745
745
730
710
739
730
729
742
734
734
779
760
729
729
730
729
768
789
729
727
753
731
745
726
738
755
739
731
733
727
739
730
733
727
724
726
729
733
738
740
751
785
771
726
730
728
729
731
747
729
739
728
741
722
754
754
727
729
732
731
723
725
716
713
719
740
722
723
723
733
748
757
719
719
728
721
740
729
734
742
742
773
732
731
731
746
746
746
741
749
734
736
733
734
739
758
730
730
745
745
724
725
731
731
731
734
753
736
769
773
735
735
733
735
731
721
727
730
737
738
731
732
724
728
727
731
730
741
739
739
723
708
732
732
734
729
735
729
741
730
734
725
734
728
736
732
753
735
734
738
739
737
733
736
739
734
733
733
735
760
733
725
721
724
727
734
730
731
760
779
729
729
730
730
724
719
718
721
728
721
739
739
742
731
765
771
735
736
739
733
729
732
738
736
737
741
735
742
734
738
732
728
728
729
715
727
731
729
734
730
723
723
726
726
726
726
732
732
730
735
744
731
728
732
735
748
742
732
733
731
737
741
738
742
743
743
733
731
735
729
730
728
725
729
735
735
735
727
728
731
728
724
736
734
729
727
734
759
730
731
731
730
739
735
729
732
741
782
729
732
740
763
734
730
730
731
735
728
736
737
735
755
763
767
766
769
738
738
741
737
725
736
741
752
734
731
725
722
726
724
723
724
720
717
736
732
732
734
752
800
737
755
729
726
730
736
732
733
730
745
774
776
791
773
735
729
731
731
740
734
740
733
741
734
736
739
730
726
728
732
739
739
737
747
736
748
741
737
739
736
738
759
741
740
736
729
732
732
740
737
736
732
749
723
746
742
733
725
727
736
737
736
741
741
731
731
735
728
739
733
774
768
758
770
740
727
733
738
732
729
727
733
737
758
745
731
735
738
738
732
735
732
735
735
738
732
734
737
755
781
730
728
737
737
725
728
737
730
739
735
737
741
729
725
730
733
734
735
740
739
733
734
748
760
732
731
740
747
736
731
738
731
734
739
723
718
730
727
748
756
743
724
733
732
732
731
725
727
732
736
733
736
728
774
735
762
729
728
735
728
728
729
733
736
737
730
743
730
725
720
724
709
727
729
721
739
718
729
725
728
754
754
732
728
732
803
749
735
734
729
729
733
742
728
742
739
737
733
741
728
748
751
732
724
741
720
730
727
732
728
730
740
740
744
740
740
726
727
727
735
734
732
733
732
727
728
727
730
728
730
732
729
751
751
720
723
740
729
734
737
744
738
731
731
738
727
720
727
732
732
729
730
736
733
724
723
731
734
735
