723
717
742
729
719
763
764
719
703
702
682
737
717
706
716
720
731
716
728
719
711
700
717
699
710
709
698
709
705
730
730
706
698
741
709
700
713
716
710
715
695
709
686
696
705
703
698
700
698
694
699
699
695
725
746
746
757
720
728
697
695
707
713
708
732
697
700
703
697
702
696
719
707
705
757
704
702
696
696
695
698
699
701
697
716
695
721
696
702
710
681
696
701
696
710
752
762
743
709
732
703
733
703
707
719
708
703
718
700
737
701
697
713
723
704
715
731
709
700
702
708
697
694
720
716
687
695
708
694
695
692
692
726
700
693
695
695
703
689
767
770
715
696
706
723
700
701
710
718
708
733
756
723
715
686
726
726
696
699
782
788
737
712
726
736
697
695
736
756
705
718
730
737
776
770
721
721
721
721
757
767
703
696
706
695
721
678
695
690
755
749
694
697
781
773
706
681
695
737
732
755
737
696
708
712
714
714
694
698
709
734
785
768
739
738
760
702
699
699
695
720
719
739
741
734
692
695
692
693
699
711
699
699
696
670
735
726
694
694
693
692
706
717
695
690
737
707
717
734
686
692
703
690
691
702
699
693
720
729
693
690
686
691
713
728
730
747
747
733
704
695
691
684
688
696
698
729
693
716
693
694
690
701
703
700
732
735
703
695
693
698
691
707
692
696
698
695
697
703
695
697
705
702
704
697
714
736
696
700
703
698
697
699
700
694
705
702
697
700
691
710
701
714
697
697
727
715
696
704
688
703
701
701
700
713
705
705
705
732
700
700
697
699
696
691
712
693
693
690
705
717
686
698
701
701
716
696
696
705
709
734
695
693
692
693
695
706
708
691
747
738
696
687
693
741
719
736
721
743
699
697
695
696
693
698
699
697
730
736
694
727
693
684
695
696
700
738
692
700
695
728
691
703
700
695
746
748
702
698
693
692
698
698
714
697
698
698
720
716
696
696
709
709
744
737
709
693
699
694
687
717
729
712
700
700
727
724
699
715
727
727
713
732
696
698
694
704
697
740
732
759
718
701
701
695
707
693
702
703
720
756
742
706
694
692
715
723
693
706
701
729
704
705
687
687
713
695
694
698
732
689
701
701
703
697
703
695
701
695
702
701
720
694
695
700
722
712
716
747
704
686
717
722
710
724
719
727
741
704
726
726
692
709
696
715
693
676
690
698
702
718
738
755
721
694
690
703
707
732
698
688
698
704
707
734
707
701
706
706
687
687
731
702
695
697
698
688
694
711
699
732
706
706
691
699
697
698
737
750
757
759
708
700
696
696
712
692
693
700
692
693
692
694
694
693
700
703
713
704
689
706
698
711
740
749
721
721
752
748
713
710
696
696
717
699
692
713
702
702
696
728
707
695
693
726
703
698
762
767
753
757
762
750
701
696
690
681
713
701
705
695
752
762
699
762
690
693
695
725
702
699
726
747
699
699
769
761
698
692
692
696
686
693
737
731
722
738
695
693
709
710
755
741
715
725
716
691
686
696
738
761
716
697
714
696
711
750
770
773
722
722
695
695
710
717
740
758
756
735
753
740
725
730
741
729
730
743
699
691
694
716
716
751
738
740
691
708
738
738
704
708
686
684
732
717
725
758
706
698
742
762
698
698
706
706
709
688
708
690
699
685
716
749
705
713
703
703
700
698
721
699
743
752
695
688
695
733
713
685
694
723
702
707
702
678
697
696
696
694
742
728
702
694
722
698
685
713
749
762
780
750
717
710
702
736
721
706
695
705
732
714
738
763
740
696
747
686
691
729
750
778
713
727
704
698
744
698
696
698
696
696
756
765
724
750
744
699
706
707
718
718
707
709
752
747
743
740
701
696
704
699
761
753
705
689
699
702
758
746
700
700
697
732
709
727
705
695
690
701
724
728
686
697
721
701
697
742
709
707
733
719
731
706
705
736
710
690
692
692
724
735
697
731
715
725
737
721
706
723
699
696
734
719
700
759
743
769
713
713
727
751
721
722
695
714
724
699
698
718
751
750
756
761
764
765
763
747
712
714
693
696
720
720
698
698
705
707
736
711
686
720
691
737
704
695
710
694
706
708
719
743
733
740
704
700
748
771
707
700
689
695
720
720
744
767
755
758
751
730
767
753
702
692
700
697
710
708
737
725
700
719
754
766
701
687
735
735
722
714
727
746
750
756
780
775
719
699
713
713
745
776
776
728
728
701
713
734
719
707
699
702
704
695
762
766
774
751
720
732
688
692
757
757
742
747
712
727
687
710
701
755
704
704
714
693
728
691
732
776
695
746
710
689
703
704
711
699
687
696
712
697
715
768
704
687
715
745
686
691
740
754
755
745
719
711
703
726
745
734
698
687
688
686
711
702
718
688
698
716
689
689
689
713
724
733
696
684
746
747
708
693
683
693
695
693
739
760
760
741
697
694
703
688
687
711
753
761
697
697
697
715
727
738
687
707
700
692
694
697
740
743
702
722
730
698
696
699
738
712
712
696
707
695
720
744
740
736
741
761
697
701
695
697
692
702
706
697
715
680
705
698
752
760
722
696
695
674
692
709
759
762
702
698
707
698
712
688
696
709
745
745
714
765
722
698
695
714
737
749
696
696
731
761
710
693
697
717
707
688
708
720
758
749
715
695
706
763
753
714
689
692
703
696
757
735
709
698
724
712
694
705
757
771
760
768
720
693
698
690
727
727
754
717
717
745
722
698
692
703
703
