734
745
748
723
702
708
703
714
697
684
722
696
693
717
693
707
696
729
700
720
705
684
695
708
695
709
695
727
704
709
702
711
724
718
694
695
705
713
708
716
694
705
715
711
720
714
697
716
723
703
689
674
696
714
692
711
719
694
694
691
696
699
693
728
719
693
697
712
696
704
695
721
701
687
722
706
693
702
695
747
692
691
692
694
698
713
696
704
701
711
695
683
693
702
690
714
693
711
715
741
732
689
693
679
694
711
692
758
687
724
691
687
695
700
698
685
719
690
693
690
692
695
691
721
694
715
691
730
743
717
691
710
707
711
698
693
696
711
691
692
696
726
700
707
693
705
694
700
676
705
695
712
692
708
693
745
692
693
761
671
694
685
694
703
688
707
696
694
712
702
701
691
693
724
687
695
696
710
707
710
696
711
688
767
669
709
702
663
699
661
699
687
694
681
705
690
686
685
691
687
705
686
674
692
673
680
672
695
686
680
677
704
678
746
715
713
748
672
685
667
715
674
703
700
727
699
684
659
679
701
677
701
679
692
678
696
679
666
675
716
677
709
675
699
680
688
702
676
689
691
726
747
702
709
687
709
708
675
678
701
679
705
728
708
685
701
701
678
683
714
694
680
687
715
684
710
686
696
721
672
722
703
688
757
693
701
696
711
699
687
698
752
683
742
742
713
697
716
726
680
710
671
724
711
752
713
692
695
694
707
695
697
695
685
691
694
709
717
698
686
719
717
691
716
759
728
693
679
682
680
701
708
689
689
687
707
688
683
685
713
689
700
691
737
693
704
691
689
678
675
686
683
689
681
728
711
698
725
689
679
738
711
689
696
685
689
687
723
689
674
682
705
700
722
681
734
692
708
734
719
682
670
685
688
681
670
684
698
688
697
682
692
698
722
695
718
715
701
696
725
695
738
694
678
708
757
695
699
695
671
682
674
687
752
682
743
678
710
717
709
681
709
690
686
708
701
675
715
730
706
693
756
686
683
711
708
694
706
692
694
716
708
687
710
710
734
750
705
684
677
689
721
689
741
697
733
733
726
713
753
722
708
694
731
700
760
688
676
693
701
687
702
698
696
736
698
684
703
691
727
700
701
695
682
688
689
689
699
687
711
684
702
690
740
688
720
706
703
695
704
691
706
692
679
693
730
699
695
696
702
690
714
686
711
720
695
692
679
689
698
694
725
684
697
714
682
691
709
682
707
730
714
695
678
688
678
689
716
689
751
691
705
701
708
691
716
693
740
680
684
694
705
693
698
727
704
687
680
699
703
736
702
681
717
691
677
685
688
682
692
682
690
679
701
700
738
678
706
683
669
693
721
687
707
689
705
687
673
689
699
688
692
691
708
690
688
686
702
696
700
691
713
693
711
692
712
691
698
693
730
690
721
690
715
683
713
691
700
693
691
696
698
699
716
709
718
692
701
689
721
690
685
700
689
687
725
738
700
726
705
721
709
675
674
684
689
697
705
753
719
733
699
695
733
726
688
706
716
695
723
731
724
701
706
687
718
694
677
697
711
696
729
692
738
696
717
699
714
689
680
687
684
670
684
686
710
678
688
685
688
683
681
683
682
689
686
681
672
685
687
696
682
694
691
701
686
687
685
671
681
683
682
683
689
691
680
688
684
683
691
687
704
687
678
686
678
683
687
737
686
698
683
689
685
704
688
688
678
700
680
685
679
685
700
693
688
688
687
680
708
689
736
686
675
685
682
688
692
684
678
681
682
689
682
683
692
685
739
740
688
685
679
689
693
683
692
692
704
687
688
688
718
692
685
688
739
688
679
686
684
686
698
682
699
687
690
687
679
691
685
685
690
687
687
679
712
697
682
688
713
684
694
686
696
687
677
685
688
681
718
684
698
704
691
689
741
688
696
687
681
683
696
686
704
686
682
757
702
679
677
692
683
687
710
683
721
676
701
687
679
689
724
687
687
689
707
686
685
690
712
686
698
687
681
699
695
728
690
690
682
688
720
688
696
707
691
689
682
691
676
690
738
695
690
687
705
691
680
687
693
688
686
687
741
741
679
670
685
684
688
750
683
725
683
715
708
684
700
686
693
688
697
693
684
688
689
675
688
690
688
716
692
716
717
717
700
692
696
691
692
688
685
695
698
689
688
705
701
691
689
688
694
691
685
691
691
690
709
738
705
688
701
719
699
705
687
691
686
746
706
718
708
700
689
691
702
692
688
693
694
696
688
706
682
690
728
689
685
716
716
689
709
687
679
696
748
705
715
689
715
729
686
689
703
688
688
721
699
712
691
692
715
690
712
689
739
692
690
683
707
707
691
689
697
691
682
689
711
700
680
694
696
687
697
690
716
688
715
687
680
705
701
701
720
690
689
690
683
696
698
690
709
691
680
694
727
690
712
687
686
691
698
688
701
690
686
717
686
690
682
700
699
774
691
692
698
698
696
695
710
689
689
693
691
690
704
691
719
694
710
693
684
703
681
691
700
687
710
691
687
736
699
690
688
718
692
692
697
726
713
715
692
713
710
691
682
696
691
693
680
691
690
688
696
690
684
687
687
687
728
704
712
687
699
691
707
689
685
694
688
691
701
698
719
715
709
694
704
667
682
689
698
692
706
692
689
689
693
692
701
688
684
693
744
696
736
697
753
706
769
692
692
691
704
693
742
691
705
687
686
691
709
686
709
695
698
714
721
692
692
715
699
691
719
739
702
690
706
686
703
688
733
694
687
712
718
693
701
691
705
722
701
687
690
693
701
693
693
759
700
686
685
694
692
724
706
693
702
727
710
710
687
688
703
693
706
690
715
728
723
692
715
685
692
694
702
693
743
689
698
724
733
693
692
702
701
696
654
