717
749
749
735
743
712
712
745
745
716
736
742
716
737
744
788
783
736
714
723
716
715
712
724
707
722
712
732
720
737
722
738
808
741
732
742
732
750
709
791
756
770
718
702
713
744
692
759
714
713
715
719
731
655
711
727
720
741
716
719
722
733
715
752
712
792
805
765
718
747
718
720
715
748
718
760
710
735
736
768
712
722
713
715
717
717
744
741
712
744
724
722
711
759
711
771
800
756
730
742
730
722
724
713
715
719
713
759
723
741
703
670
668
697
671
730
700
727
709
698
709
713
704
750
710
753
715
716
715
699
681
694
694
703
712
724
770
720
686
688
703
718
696
725
692
714
692
696
690
691
695
733
707
742
797
733
705
721
731
744
684
688
698
714
710
738
700
719
711
726
693
734
691
695
690
738
756
737
697
734
698
769
663
713
752
733
719
773
777
744
697
711
717
697
702
740
700
715
707
724
700
722
703
705
702
709
699
740
744
727
702
750
713
719
714
729
704
761
732
778
705
718
706
713
712
720
703
739
750
719
706
696
707
710
707
739
716
744
710
766
716
718
711
728
710
706
707
767
728
727
720
737
722
772
715
759
714
702
708
757
807
763
702
746
705
747
703
720
703
709
708
719
715
748
710
765
787
740
717
726
788
732
716
785
682
712
712
745
723
723
698
726
700
713
686
733
724
719
721
739
741
738
715
747
739
705
702
695
706
683
732
723
698
738
661
656
647
673
658
668
682
705
714
687
690
652
657
665
658
669
669
676
663
684
732
687
727
678
660
701
668
656
673
673
665
677
673
715
669
683
668
652
663
703
660
718
660
665
664
675
660
726
721
686
673
690
679
664
665
677
669
687
673
689
668
642
642
701
654
676
688
715
683
696
677
762
667
662
704
682
677
674
663
691
663
720
670
661
663
660
649
717
703
729
740
688
688
667
676
697
658
731
671
641
671
685
671
724
674
673
669
685
696
756
769
711
658
703
673
726
726
761
777
728
688
662
658
672
659
723
662
676
665
672
664
687
652
673
661
674
660
722
658
679
673
682
696
733
757
673
664
771
779
698
719
668
710
699
665
691
672
698
686
702
677
661
664
666
667
664
654
704
669
682
682
695
657
684
668
667
666
661
651
706
674
680
721
721
670
708
713
696
689
701
671
663
663
694
706
727
770
712
678
720
680
749
778
712
684
730
721
681
669
698
704
710
673
693
680
705
715
704
700
700
675
709
687
680
666
698
698
657
667
708
663
728
655
717
693
658
666
688
668
702
668
698
681
693
668
681
790
700
681
664
668
680
672
693
753
698
679
690
679
703
671
676
674
679
744
699
683
707
722
702
734
704
679
682
676
727
672
664
707
694
676
741
752
688
679
683
674
714
690
692
701
690
699
687
681
686
761
689
681
712
707
704
683
709
668
684
705
716
743
686
666
673
667
708
708
649
679
717
671
759
733
715
695
715
681
711
743
703
702
692
724
723
727
714
702
712
707
712
715
736
737
723
693
701
687
688
668
692
714
666
671
696
691
720
677
715
691
699
668
735
689
691
699
717
764
721
705
756
793
739
711
719
740
724
673
674
674
672
659
706
736
785
786
711
680
725
678
691
673
712
757
686
711
716
669
734
735
774
783
716
708
698
680
676
680
659
679
700
673
695
662
708
658
780
770
698
678
674
670
697
718
708
732
723
688
704
690
718
689
704
707
689
683
711
686
676
691
748
677
724
738
718
665
712
689
718
682
674
721
709
755
688
670
683
704
761
775
713
677
691
673
732
677
707
692
678
677
701
678
728
685
710
705
717
682
716
682
718
686
744
703
704
691
703
719
715
726
704
686
703
677
700
720
730
772
715
715
692
696
758
692
725
701
746
678
722
685
660
668
666
666
664
656
667
667
717
660
661
656
745
740
712
666
699
673
712
680
729
660
687
684
701
681
691
682
740
710
702
649
684
684
688
663
699
669
690
677
678
710
767
756
700
700
692
675
704
673
614
686
670
712
763
766
697
710
695
674
674
665
685
660
693
715
766
746
686
697
753
750
680
698
674
667
698
674
712
695
650
664
712
669
706
678
684
678
697
676
677
682
688
686
692
734
705
676
680
661
712
681
685
680
737
678
719
681
690
673
703
700
696
683
751
751
701
678
710
678
714
671
703
672
715
676
694
687
687
661
675
686
709
678
692
677
746
690
706
684
687
679
694
694
711
671
696
681
690
682
707
712
713
698
670
681
714
683
720
701
710
706
708
688
672
678
727
756
720
747
693
744
735
700
686
715
695
714
751
777
714
695
713
713
720
769
722
683
685
680
673
687
713
738
763
776
769
789
711
709
693
775
706
681
698
683
738
690
718
739
725
700
697
726
763
773
717
689
718
688
703
685
767
739
669
715
716
716
698
695
724
707
731
729
711
710
728
716
734
721
719
672
685
691
706
680
721
708
738
698
717
748
723
701
719
694
733
698
745
745
717
728
683
713
717
692
756
786
701
684
723
687
712
687
703
694
681
714
707
700
728
738
711
706
712
724
687
770
679
685
702
702
709
681
757
787
740
688
676
694
703
701
731
707
728
704
762
698
726
693
688
680
742
684
716
684
710
695
751
690
704
687
685
685
737
681
727
698
716
689
768
704
694
683
713
697
728
688
684
690
723
687
768
667
687
687
706
689
732
694
726
726
751
691
713
694
689
683
705
684
713
680
709
690
743
675
683
687
743
690
712
693
720
720
671
684
731
784
716
685
699
706
715
688
693
683
712
689
723
674
709
733
760
762
709
675
724
687
684
732
774
801
743
687
725
725
699
695
718
701
722
709
712
710
726
716
731
727
723
704
684
676
670
689
753
689
733
686
688
700
730
712
706
685
704
700
720
688
683
685
704
685
733
785
709
729
721
685
760
692
679
684
732
693
728
672
696
683
729
678
779
760
700
