738
744
744
749
723
741
802
777
692
752
752
752
756
744
756
755
734
796
766
700
712
707
720
746
777
723
724
728
722
734
720
791
782
727
718
713
724
734
734
786
779
737
723
718
716
730
730
761
741
701
722
714
718
783
722
722
736
735
722
713
653
744
753
738
724
774
716
784
777
727
728
713
723
740
787
733
724
720
725
763
729
720
727
720
740
750
764
745
728
734
728
718
747
755
761
753
782
734
725
784
760
722
722
721
721
738
776
730
724
741
707
713
730
733
741
798
729
716
715
719
736
738
735
711
719
726
726
709
722
741
726
771
782
741
724
730
775
775
771
772
772
724
746
737
729
732
730
738
730
740
703
727
736
768
778
735
735
785
763
738
725
725
728
741
741
733
727
752
726
775
755
740
721
724
724
752
782
719
722
752
779
745
754
793
740
723
728
756
750
751
730
746
778
756
732
724
728
735
744
739
655
739
747
741
701
721
732
765
747
761
730
748
744
727
724
727
731
732
780
776
723
737
728
731
725
726
733
746
728
778
725
764
730
743
752
729
729
758
749
747
751
787
770
727
726
724
734
758
786
731
744
769
727
721
726
733
728
725
730
777
787
755
750
752
794
750
731
800
757
728
728
756
795
788
732
747
731
781
771
736
732
730
731
729
726
743
737
747
734
760
780
755
779
741
733
795
751
734
729
778
754
733
754
754
730
729
731
761
752
756
790
740
737
759
773
693
727
727
730
736
736
739
731
741
774
749
753
727
730
790
753
756
756
754
730
795
740
728
730
752
758
744
754
746
739
771
744
726
728
731
746
737
731
784
790
744
732
729
730
763
733
734
732
763
756
746
729
738
738
767
779
752
732
736
736
753
760
741
732
749
739
728
734
743
756
758
758
789
798
757
740
766
751
726
731
750
791
747
732
746
746
770
745
734
733
739
778
744
742
759
746
756
749
761
761
767
732
782
754
728
734
766
757
755
734
741
733
738
734
758
765
764
739
772
746
786
799
791
731
802
722
731
736
765
780
782
779
759
733
802
773
747
753
781
760
743
729
735
768
735
735
750
728
746
730
740
738
750
750
748
733
752
735
743
733
754
737
735
736
757
775
757
757
782
785
735
748
745
735
737
744
735
736
778
794
747
749
739
743
746
740
745
741
733
782
786
772
772
772
744
744
754
740
751
752
743
740
748
741
750
738
757
781
771
787
750
750
670
767
767
738
769
740
766
742
735
739
754
779
758
797
758
753
763
796
747
748
805
781
750
729
732
735
754
768
739
742
756
760
733
737
767
798
748
768
750
738
735
733
764
784
742
737
739
733
752
730
733
801
746
737
732
739
780
777
752
761
753
735
730
734
769
788
755
733
742
729
787
810
748
759
785
805
747
735
739
779
754
749
730
732
782
791
746
732
781
759
742
736
738
736
725
754
736
731
763
792
746
733
756
733
793
752
733
720
774
774
770
738
738
745
756
737
753
747
749
733
752
752
758
735
815
742
732
732
780
789
763
723
775
770
802
786
768
726
726
730
781
787
762
728
699
795
725
733
786
776
689
695
715
723
763
779
727
729
765
734
762
764
731
730
721
726
770
785
751
727
764
724
784
771
771
728
773
760
732
726
716
727
756
788
743
728
739
728
741
741
763
740
765
804
772
729
811
763
726
728
728
726
780
792
752
743
749
730
782
791
779
776
750
773
743
741
728
730
756
756
744
730
723
735
741
736
745
734
721
733
773
785
768
750
770
792
777
803
755
752
721
730
751
772
759
729
737
778
732
774
752
785
744
748
765
782
747
733
725
719
776
754
763
761
777
777
750
788
749
749
737
729
786
746
726
744
754
756
741
740
784
795
751
747
723
729
738
733
744
732
741
735
789
746
730
731
748
743
668
734
776
765
771
792
760
760
726
731
745
742
745
731
786
783
750
766
765
759
754
755
740
734
743
755
750
754
775
738
678
742
761
736
748
734
744
765
777
713
732
732
747
747
745
731
789
771
763
737
730
731
785
776
748
741
774
807
753
757
772
750
764
749
748
757
744
734
742
745
733
740
772
798
740
736
744
745
759
745
747
733
739
739
759
798
768
752
727
724
768
771
771
787
745
745
751
731
730
739
790
792
792
751
742
763
741
758
786
774
752
759
763
781
782
773
747
731
728
740
755
796
742
732
798
806
745
745
742
744
729
735
751
753
745
734
757
757
745
724
732
731
756
800
754
730
783
758
743
738
732
735
764
689
766
786
732
783
770
716
734
737
759
737
750
760
758
758
785
792
774
797
761
738
766
739
751
731
732
735
776
759
767
763
763
737
760
733
800
743
732
736
806
798
748
763
742
734
754
743
802
758
719
745
750
734
740
744
795
770
770
793
757
754
726
733
783
804
751
786
748
739
745
735
731
739
748
757
750
750
745
735
731
782
753
738
739
735
773
759
746
753
743
754
753
742
757
737
776
786
751
719
728
737
804
773
755
755
812
764
739
743
729
737
742
798
750
731
743
733
739
734
760
744
739
735
736
764
752
738
762
773
740
747
738
741
749
738
731
778
783
778
750
755
767
747
750
758
797
743
729
738
754
729
788
793
747
734
757
745
753
734
731
734
750
743
766
750
759
771
744
736
733
730
735
754
756
756
749
736
760
795
792
724
730
731
762
775
746
755
776
786
745
737
803
747
730
748
749
744
758
735
740
737
748
737
752
752
731
746
787
743
771
797
769
792
759
749
729
733
748
733
766
735
747
736
728
738
756
763
749
736
749
793
733
733
727
734
750
751
778
800
748
754
741
757
746
799
777
752
731
735
743
735
672
733
742
736
750
735
728
731
745
744
764
745
752
737
753
752
748
736
729
735
779
779
781
775
741
754
749
719
737
733
745
733
793
806
793
786
768
741
795
758
751
732
755
756
753
739
740
753
773
776
743
