758
802
752
748
748
731
712
777
755
723
738
723
708
725
712
728
711
745
720
765
716
689
723
713
721
711
706
756
742
742
714
739
741
779
767
772
775
744
744
719
733
747
759
734
723
738
722
752
728
777
779
779
725
731
744
749
779
752
784
728
764
730
706
726
726
744
746
711
709
731
697
722
705
705
716
741
751
765
761
770
764
779
729
735
781
798
797
769
765
722
749
760
808
808
797
745
783
732
723
761
749
738
738
719
762
794
790
790
783
759
746
713
707
731
718
773
715
726
705
757
757
739
774
785
792
741
726
733
751
777
776
776
738
721
713
740
768
763
755
736
757
726
731
742
733
737
737
682
726
746
757
733
775
755
689
719
748
776
788
738
728
722
731
733
707
749
765
733
710
760
774
749
776
733
766
782
770
722
722
713
705
726
715
727
727
717
744
732
739
790
727
762
762
714
725
728
703
735
705
753
780
727
705
724
739
738
738
753
711
749
711
716
716
716
700
774
780
762
750
738
719
737
722
720
744
733
712
729
766
701
727
734
699
724
739
731
711
739
712
747
727
795
771
721
731
726
708
701
772
764
768
771
773
776
779
781
781
781
783
786
787
787
787
788
788
788
788
788
787
786
783
781
781
780
779
778
778
778
778
780
780
762
740
699
730
715
713
742
794
787
777
764
736
744
717
726
788
791
776
794
755
746
745
750
736
772
792
796
776
791
747
747
741
760
748
748
753
753
741
741
735
735
741
736
736
775
757
758
743
763
779
782
782
739
734
726
780
774
770
776
744
744
724
714
752
733
703
735
778
790
790
794
747
698
723
747
778
785
759
752
739
708
774
778
769
773
743
749
752
762
768
774
733
733
735
743
750
744
770
762
732
744
731
742
732
785
739
712
743
756
770
717
717
740
758
770
765
757
744
759
753
745
788
744
731
751
760
774
747
706
724
719
739
763
744
740
727
744
738
750
769
743
753
756
788
756
756
741
722
744
742
766
753
768
733
717
787
765
757
727
748
741
717
735
732
745
790
748
741
739
779
779
777
773
762
748
732
730
773
782
768
758
727
717
748
784
776
763
749
736
732
723
753
752
794
798
789
751
729
758
763
739
719
742
737
762
742
716
717
764
785
778
718
735
769
779
779
719
719
721
756
778
753
727
708
764
773
785
785
780
740
740
723
712
716
763
797
764
722
723
761
761
739
768
732
732
731
731
727
741
765
789
732
713
764
764
733
737
711
756
750
716
731
731
729
714
732
772
731
725
711
716
772
787
799
803
792
757
718
713
730
730
764
756
734
737
767
793
760
760
749
774
760
737
732
731
768
768
748
724
718
746
777
780
751
752
745
745
716
745
773
777
718
730
785
791
765
756
770
779
726
709
714
737
770
776
761
734
725
764
793
786
775
775
751
732
727
765
765
778
757
739
779
774
696
696
800
779
744
727
725
746
773
773
725
724
774
754
725
776
717
692
699
705
769
777
749
764
727
745
772
726
703
732
760
765
785
774
731
730
731
731
726
715
792
788
780
757
735
751
744
773
734
698
722
737
734
751
776
701
740
734
711
719
738
727
771
763
729
729
762
723
718
727
733
749
735
723
723
714
720
720
771
782
768
749
738
764
759
751
746
728
722
723
776
772
770
770
744
744
761
772
784
785
789
799
738
702
773
755
715
706
750
759
787
795
782
774
736
755
730
732
772
762
775
780
766
730
709
709
757
749
762
767
738
727
713
720
771
769
741
692
712
745
739
740
765
755
725
725
768
722
722
733
772
774
769
746
743
750
722
710
729
691
725
718
717
700
728
715
743
716
729
757
723
754
782
777
728
728
782
782
767
731
719
702
771
773
773
782
732
701
719
716
739
738
732
772
740
752
758
746
720
755
737
754
751
729
713
706
727
727
778
738
753
726
726
747
771
742
731
715
739
728
723
736
779
789
759
756
750
741
778
778
777
763
734
725
745
716
738
703
745
729
683
716
755
775
768
765
762
720
730
759
787
784
761
744
758
742
713
773
784
788
776
771
737
709
777
801
770
781
732
791
799
788
744
713
715
740
771
770
776
776
729
699
707
730
751
792
733
733
725
692
743
702
725
676
726
748
725
701
790
811
810
778
733
740
746
727
724
744
743
753
711
711
750
744
710
734
779
783
768
768
739
704
697
731
724
702
728
760
736
784
731
708
696
731
770
789
750
750
760
739
728
728
761
782
729
759
775
739
704
681
758
770
731
723
707
718
737
738
757
750
737
738
726
725
774
756
752
747
764
785
783
748
741
741
705
740
731
705
727
774
725
711
801
797
732
754
728
709
728
728
739
710
666
708
712
702
738
740
736
711
750
762
726
770
744
700
719
732
768
770
739
739
708
709
786
796
792
772
768
768
741
689
742
710
739
739
719
716
772
775
777
791
786
783
745
717
797
790
743
776
762
740
748
733
741
780
779
782
791
796
771
785
782
763
733
708
733
757
735
741
763
763
730
703
713
713
773
787
744
740
768
758
715
749
748
712
713
744
722
723
720
739
738
705
769
778
792
761
722
716
718
732
742
754
725
714
777
801
801
791
770
750
716
718
770
758
758
734
713
708
774
789
721
751
722
737
737
764
730
744
737
737
721
730
764
764
777
736
739
739
736
721
733
710
740
728
754
763
759
759
765
781
745
767
774
774
766
740
730
776
744
772
782
778
737
752
747
734
741
745
800
785
785
778
734
734
779
733
760
790
786
772
717
715
740
722
709
789
792
786
786
772
757
751
767
781
781
777
745
745
713
758
755
769
773
785
755
760
740
780
789
779
750
750
731
763
773
775
744
723
717
739
785
771
722
736
744
711
747
714
759
799
771
710
754
733
716
769
732
757
776
776
758
769
742
729
732
743
692
763
740
736
721
737
740
793
772
743
706
723
740
706
777
789
769
769
751
735
745
755
734
743
786
785
785
764
745
726
762
779
751
736
711
748
770
796
736
736
735
712
755
745
709
744
740
737
778
736
738
779
768
739
709
792
772
788
770
738
717
717
756
778
746
763
710
720
769
790
790
799
785
690
765
769
763
780
715
747
733
733
772
755
723
711
721
684
744
752
725
727
764
734
736
764
801
791
780
769
766
761
730
755
777
738
738
770
737
737
726
759
798
700
737
737
774
765
738
735
773
797
792
790
748
737
694
709
733
699
748
708
720
708
715
733
725
736
774
759
702
764
730
728
709
701
793
776
732
726
744
762
702
712
716
716
724
733
780
785
740
727
719
724
731
731
753
753
786
709
779
765
739
715
742
705
725
713
769
769
755
741
741
773
720
720
794
778
750
715
705
705
741
744
749
772
731
709
734
720
729
732
759
786
763
748
729
736
737
710
737
763
755
747
724
708
757
757
765
754
738
704
753
738
713
725
774
777
767
766
768
759
759
689
789
785
731
729
709
745
795
793
725
725
741
759
733
775
738
716
712
747
752
756
721
720
769
722
704
745
798
796
739
745
732
749
714
732
737
716
767
786
771
794
732
738
737
735
739
751
736
738
718
718
738
738
750
750
782
790
745
731
707
707
779
786
757
751
716
720
736
733
742
742
739
749
720
732
740
740
740
746
734
735
753
753
779
773
741
741
723
721
743
754
789
783
751
739
725
691
753
753
716
716
764
744
725
711
741
740
744
742
734
732
719
728
788
785
783
783
759
733
722
719
750
750
771
737
723
734
782
773
733
770
758
752
709
702
781
763
722
730
726
726
722
738
783
783
759
801
727
715
724
701
723
723
722
722
723
694
773
776
769
734
737
720
754
745
760
763
719
715
743
718
782
798
737
725
734
708
712
732
757
724
709
703
739
724
716
726
798
787
769
772
771
738
716
715
765
765
762
735
772
772
728
792
760
728
705
719
770
798
740
715
772
787
777
777
772
765
754
739
743
718
751
751
772
784
732
719
774
803
765
811
738
735
770
745
723
708
784
800
774
748
742
715
734
753
785
790
765
744
736
716
711
726
726
717
749
712
722
679
747
725
738
710
766
806
750
738
722
722
749
714
737
712
736
724
719
763
773
788
786
799
795
794
798
796
792
783
792
684
746
728
721
715
729
767
738
723
729
729
765
782
781
777
777
762
741
753
746
738
773
754
779
751
745
776
769
705
765
735
734
720
789
800
790
783
770
735
727
768
752
760
757
767
800
812
716
708
708
707
741
741
778
801
793
746
731
769
769
747
767
775
775
786
766
715
798
774
734
734
709
762
727
718
757
728
740
741
730
752
738
744
764
746
734
755
790
777
777
753
773
786
738
703
766
791
730
730
708
766
769
778
732
720
754
805
742
735
705
754
779
764
720
715
738
727
717
770
772
772
792
762
744
734
748
748
786
757
738
722
786
786
763
703
737
749
696
689
751
742
767
752
759
759
776
774
727
745
780
772
737
737
740
775
725
725
777
785
751
760
729
727
727
725
739
735
773
773
743
741
741
746
780
763
764
747
729
738
775
774
743
733
790
768
732
714
795
759
759
708
728
748
778
799
797
787
741
721
742
728
761
746
763
766
765
747
722
722
718
723
722
714
728
714
718
708
739
724
744
746
724
787
782
770
804
745
745
718
755
774
753
754
784
761
721
710
737
737
767
767
779
797
787
745
717
720
769
784
753
717
723
718
795
786
775
800
789
781
766
774
761
728
719
718
711
711
757
743
712
739
734
789
721
762
709
709
729
729
719
774
741
741
767
758
721
717
738
717
794
794
794
742
723
754
768
764
736
746
767
773
746
746
770
784
780
732
722
742
770
777
740
790
735
749
716
726
775
764
764
753
743
756
765
746
733
756
729
760
797
800
786
749
714
720
736
749
769
761
757
763
750
750
752
721
794
792
735
727
757
734
718
720
736
736
742
707
733
695
742
710
792
789
754
711
707
712
725
754
788
760
727
727
736
731
723
714
781
776
792
793
788
784
731
755
763
740
725
731
782
796
760
760
723
771
749
728
740
710
737
727
716
715
730
727
758
702
730
735
758
800
796
695
687
706
729
700
725
727
781
783
790
790
790
748
717
730
783
792
771
759
719
761
782
779
734
773
729
736
734
723
726
752
788
764
756
710
729
756
749
768
798
791
749
794
736
725
726
742
779
761
768
772
733
733
731
695
786
784
737
722
763
766
768
789
731
740
714
744
750
789
730
739
759
744
719
757
756
765
760
758
766
757
686
686
752
733
724
724
765
710
759
718
757
757
763
791
775
775
766
789
758
710
749
752
752
734
740
715
729
757
734
705
786
785
745
713
724
705
750
730
722
752
733
733
718
664
725
770
728
752
734
703
761
755
753
707
745
745
732
737
722
758
729
739
773
726
752
752
761
785
766
766
738
704
719
727
741
755
731
731
737
737
748
736
725
760
761
761
744
728
742
745
709
723
746
733
753
720
739
713
716
716
733
700
737
734
717
725
777
800
775
789
777
721
760
771
735
735
708
730
746
734
753
766
773
745
747
752
753
748
747
775
793
795
747
728
749
749
726
744
769
766
750
725
763
763
735
752
756
742
755
734
741
729
744
730
752
752
752
752
735
741
756
743
788
756
719
750
760
745
725
735
793
791
737
737
722
726
745
767
780
764
729
719
711
714
759
755
759
750
803
777
744
747
721
763
799
792
759
771
771
782
787
736
731
727
795
779
769
782
760
752
711
720
766
770
724
717
750
750
774
752
733
791
749
785
776
740
747
735
724
712
726
741
722
700
725
757
785
788
774
747
731
761
765
762
795
786
722
722
735
710
730
717
741
701
762
784
743
704
750
732
699
744
739
687
729
726
730
730
719
728
763
773
778
754
727
747
749
773
781
768
794
794
780
780
775
786
771
766
770
788
786
786
786
750
728
749
767
767
729
747
768
733
733
722
802
791
760
768
745
746
714
738
749
763
737
797
746
754
731
731
757
778
751
747
766
779
770
733
718
751
780
797
777
777
770
755
757
787
760
708
727
737
721
714
719
749
721
706
757
703
790
793
747
746
754
722
732
762
762
733
720
753
711
732
750
750
801
756
739
741
750
747
785
804
766
768
706
706
767
780
790
780
780
792
755
741
719
738
773
766
750
734
726
720
737
707
768
746
747
754
679
747
792
786
755
784
773
776
794
759
751
749
736
725
753
741
730
746
771
761
764
721
716
716
742
728
777
778
748
734
754
741
752
732
771
769
769
774
735
759
724
707
743
720
716
739
759
784
736
708
740
739
735
723
704
718
782
775
753
705
718
756
782
785
773
779
749
739
704
707
754
756
748
742
731
733
733
757
758
789
763
745
722
756
771
771
771
752
734
718
816
820
820
810
770
708
798
777
732
732
752
733
740
724
762
789
750
711
743
751
761
766
782
761
784
776
752
754
713
736
796
793
801
809
802
738
719
723
753
705
790
761
727
757
757
736
787
753
764
721
769
792
751
751
735
762
781
786
789
787
767
797
753
773
758
723
783
804
768
776
762
781
779
779
739
774
779
769
772
749
730
724
761
719
750
714
713
726
748
716
735
732
799
815
748
717
711
709
771
771
781
760
728
754
788
790
740
728
783
799
764
759
723
727
721
749
778
785
769
729
720
754
736
715
753
735
786
785
741
766
733
739
746
736
742
742
753
774
767
709
763
752
739
714
742
742
774
782
750
750
748
737
754
726
727
766
797
796
741
714
737
737
759
746
721
717
792
797
785
803
775
732
746
721
765
764
762
774
743
687
720
753
769
769
763
766
775
724
701
724
785
795
787
759
741
764
757
777
748
739
756
759
760
749
744
788
798
781
781
799
753
740
754
754
714
740
715
734
784
795
723
715
744
720
786
784
760
787
748
752
788
785
764
731
729
707
802
801
764
735
789
756
756
718
741
744
752
713
716
744
726
713
804
802
727
714
733
709
724
724
720
717
724
716
775
763
720
720
746
728
740
785
769
787
788
784
750
770
747
732
741
723
754
767
772
767
719
732
740
760
763
782
724
773
758
737
724
724
746
754
724
752
720
712
704
696
750
739
779
797
784
735
719
709
796
791
764
738
796
801
801
755
718
701
742
776
784
770
741
741
725
714
777
786
726
738
719
729
739
749
735
735
738
799
731
700
738
762
743
730
739
739
790
747
747
708
785
778
777
781
779
769
755
790
782
741
762
734
758
738
750
744
734
773
781
789
746
723
760
746
743
768
753
785
800
779
733
733
741
745
733
792
778
778
793
758
758
763
764
735
772
761
739
758
755
772
724
748
741
712
735
728
748
713
753
762
753
794
790
796
780
793
748
735
726
788
745
714
797
807
793
773
758
802
801
809
751
717
736
723
729
727
720
697
742
719
735
728
773
757
769
799
763
745
718
757
792
789
769
755
719
785
749
712
728
738
781
806
752
735
774
775
775
795
731
719
794
790
778
746
729
718
793
785
773
773
746
747
748
746
779
769
743
715
706
705
760
773
749
748
726
759
741
745
725
718
766
714
722
722
752
707
744
739
750
771
742
760
750
753
749
757
733
769
783
773
743
743
721
753
742
810
738
788
720
740
755
745
770
779
747
725
757
771
732
719
722
722
796
775
749
767
743
714
731
759
776
720
796
805
808
814
745
739
743
740
755
771
771
748
789
772
764
735
731
734
746
722
720
734
734
734
749
746
762
724
741
750
737
740
800
771
718
711
785
799
776
742
734
752
725
758
726
733
779
801
794
792
790
803
732
720
784
777
743
771
760
760
720
720
783
777
777
771
756
756
761
742
807
751
728
758
733
753
753
757
737
721
749
800
737
763
767
775
790
789
777
772
772
775
785
766
724
769
731
731
760
788
788
779
719
720
740
747
730
716
738
731
771
764
751
796
786
785
735
784
775
791
756
737
730
722
766
779
734
739
741
711
784
805
805
802
762
769
745
744
757
740
772
786
787
782
782
754
783
778
769
766
753
758
736
727
773
783
804
803
760
760
723
742
734
722
754
754
734
710
741
758
792
792
741
739
730
751
724
736
707
752
781
775
771
737
749
784
781
781
770
808
770
767
760
753
717
717
718
702
768
765
734
743
764
803
822
785
749
767
733
772
771
760
759
773
741
731
722
761
783
756
732
721
730
729
780
780
795
729
729
748
720
710
760
760
729
714
745
804
802
806
754
754
756
756
718
740
763
763
799
786
732
769
790
760
722
792
772
772
783
796
783
793
794
742
738
720
744
779
734
737
752
756
767
795
756
759
756
756
747
751
746
753
758
740
734
719
770
770
782
774
742
765
799
793
738
756
751
729
734
739
791
779
746
746
745
748
749
789
800
799
797
796
797
797
797
797
797
767
767
805
771
719
733
737
723
748
747
728
729
745
743
718
793
791
765
779
772
771
736
749
758
739
745
757
751
735
763
799
771
747
732
769
783
804
805
798
772
735
757
770
748
760
755
776
781
801
792
775
760
745
763
781
729
727
765
738
797
797
757
755
731
729
736
736
726
752
749
776
780
752
742
708
708
735
746
762
773
773
773
792
773
741
724
752
800
788
794
790
790
719
708
710
783
789
738
738
722
716
767
786
788
770
738
751
759
779
749
739
732
732
728
716
783
783
764
744
725
797
757
751
793
799
753
753
782
763
800
821
821
806
781
786
786
750
737
733
778
793
787
761
751
732
765
765
802
716
703
750
768
787
755
772
768
798
779
715
706
