677
710
698
698
700
669
669
744
734
714
708
710
726
696
718
668
735
738
707
695
745
739
731
730
701
722
729
714
740
755
766
741
701
681
746
743
754
700
686
740
766
726
691
716
720
698
698
727
748
726
730
705
705
672
708
712
712
732
732
701
693
756
755
701
704
698
692
700
670
683
688
683
721
720
728
715
700
708
722
722
734
711
718
747
719
705
721
704
749
729
722
693
757
751
747
752
757
725
686
700
718
743
763
736
765
703
707
711
696
748
762
762
773
769
731
739
768
739
729
685
722
738
728
728
742
735
738
696
743
718
712
753
736
700
687
738
716
712
749
720
710
718
719
734
719
702
702
698
739
702
699
734
774
721
692
728
749
714
714
709
736
746
719
719
732
764
781
786
757
702
704
674
720
730
716
729
732
749
785
750
750
725
709
723
728
739
714
706
737
714
716
702
704
753
710
692
740
727
735
712
718
718
715
721
711
733
744
762
753
703
721
691
685
694
692
686
735
740
727
716
707
695
741
726
760
714
700
708
733
735
726
689
691
752
738
731
773
753
749
760
771
736
764
724
726
750
737
734
730
782
754
737
737
742
740
703
711
727
701
761
777
768
792
774
747
710
722
772
756
726
731
726
723
758
773
799
797
797
751
727
727
780
746
757
775
742
744
702
709
756
769
746
715
716
783
779
777
758
771
732
732
715
707
757
760
715
700
747
750
708
707
701
723
740
746
724
761
785
779
735
720
774
786
721
755
743
734
770
755
775
741
749
767
722
718
741
768
768
767
764
765
761
739
724
770
731
721
797
779
729
733
739
715
675
726
720
706
698
755
732
722
735
722
710
784
737
718
717
702
716
707
719
757
757
757
733
734
766
746
714
715
713
770
742
725
722
725
744
747
736
741
739
730
756
759
732
775
742
699
709
788
796
764
764
770
748
767
776
741
739
773
767
756
750
741
733
782
746
757
715
721
785
757
734
725
751
737
760
767
783
783
737
745
716
716
704
718
742
723
752
777
743
752
735
769
737
762
732
738
738
720
743
758
712
765
748
733
790
791
746
746
743
737
756
769
731
727
768
764
736
775
754
734
729
736
753
760
741
733
792
804
809
780
749
760
749
733
728
720
729
723
743
717
720
720
592
727
784
771
745
727
703
780
754
768
735
705
774
771
716
781
728
722
716
718
753
767
732
732
766
749
719
730
747
762
755
759
735
735
729
717
787
792
780
810
753
719
720
739
724
734
784
772
740
738
745
780
777
774
781
786
767
742
753
746
758
748
743
743
732
766
752
753
756
778
726
720
717
712
750
791
734
710
729
741
749
740
753
767
732
767
737
737
725
725
765
752
723
742
718
714
782
747
720
764
763
731
723
737
710
724
738
745
745
730
737
770
767
778
776
756
735
735
759
775
743
712
744
745
699
770
772
763
751
728
705
727
717
631
758
783
749
717
727
735
774
791
782
800
756
720
689
696
751
770
721
754
785
755
738
798
797
775
791
791
777
767
731
791
765
743
754
741
805
794
748
713
731
710
713
723
764
738
752
750
752
747
753
762
760
761
726
752
768
780
783
770
720
722
792
815
811
756
737
707
803
781
781
773
758
735
759
771
742
737
744
789
765
772
753
776
777
797
790
753
735
739
760
780
751
777
743
732
787
747
755
768
751
793
771
752
713
772
762
764
754
795
750
755
767
804
790
776
812
792
797
785
812
805
758
758
780
780
771
801
799
823
769
761
743
771
810
812
769
762
802
814
766
759
771
757
764
764
793
778
768
753
744
744
755
783
780
780
760
793
780
765
752
763
770
754
790
760
773
799
793
791
758
749
766
790
754
742
757
759
797
785
768
751
724
727
792
700
800
800
740
754
780
770
785
753
746
760
737
722
740
735
764
785
793
796
757
761
756
736
745
770
753
760
753
724
746
724
755
773
767
798
765
743
752
776
794
806
762
762
740
742
779
761
758
800
763
764
762
772
738
768
733
717
786
775
759
761
753
732
751
762
762
784
772
761
755
795
810
796
792
779
757
759
772
806
776
798
786
801
788
801
770
771
802
811
806
819
770
770
748
808
805
800
625
753
774
802
786
746
810
751
748
750
769
767
776
755
759
783
769
769
785
788
806
804
772
790
771
773
747
778
764
812
802
793
779
792
766
766
748
785
766
741
740
730
760
728
782
781
742
763
778
793
783
771
770
766
757
758
756
748
752
773
756
770
809
797
785
780
770
775
757
796
766
746
750
772
795
823
798
781
775
815
791
788
793
817
756
758
788
781
774
799
774
768
755
807
808
808
814
815
777
761
755
816
778
788
800
788
782
738
734
741
756
753
743
763
763
767
747
786
792
788
762
769
770
755
755
774
800
800
779
787
769
769
772
802
798
765
749
765
753
734
745
756
758
758
765
790
789
767
767
795
772
733
743
744
775
796
765
770
788
779
756
792
764
747
730
726
789
769
758
729
743
800
801
749
717
752
762
735
714
736
735
773
739
786
742
721
757
760
748
798
774
745
735
769
759
747
745
723
740
793
773
773
737
736
780
791
758
760
780
798
753
753
754
741
771
742
725
734
724
737
723
784
797
790
735
739
761
776
786
765
732
781
787
747
755
768
776
771
719
777
750
750
741
758
731
735
739
744
751
745
764
772
729
765
793
797
792
798
789
762
797
814
814
814
769
762
807
808
756
771
785
799
764
779
793
778
771
770
742
749
799
783
784
756
762
754
790
770
763
791
782
777
786
796
758
758
766
789
780
763
751
755
742
771
785
773
726
726
724
724
754
777
800
769
780
780
785
753
760
760
720
723
762
798
805
793
765
759
755
762
766
741
791
762
771
764
803
787
783
770
785
781
774
772
724
738
771
765
717
717
790
775
755
753
751
787
782
796
752
748
791
776
805
800
770
761
813
815
806
789
792
805
748
753
802
809
751
748
783
769
778
785
769
764
788
804
789
778
753
749
747
751
756
759
748
754
778
803
791
743
732
738
736
730
761
767
750
784
782
768
781
754
757
770
783
790
774
771
770
744
757
740
747
756
756
760
759
761
767
763
763
762
764
766
780
781
800
760
748
759
758
753
752
749
749
748
750
771
773
775
775
776
776
776
776
776
775
775
774
774
774
774
773
774
773
771
771
811
786
815
796
806
811
817
737
797
768
755
807
808
777
801
760
788
753
758
757
736
772
753
743
746
760
763
744
786
788
762
753
763
755
776
801
803
795
779
769
769
802
765
767
742
742
730
731
730
731
732
732
732
795
745
734
756
781
790
767
766
785
788
767
791
746
748
745
744
788
796
782
765
794
788
758
797
747
737
716
758
801
801
709
717
717
782
769
751
764
759
747
745
741
793
751
778
794
781
752
760
775
818
765
747
757
749
788
768
757
811
813
828
812
777
771
783
777
808
798
805
767
759
805
805
766
773
802
823
804
767
754
781
795
795
776
736
761
780
762
756
771
742
783
802
804
813
766
769
770
782
756
768
767
752
781
787
798
798
736
758
754
744
746
755
779
786
750
779
766
755
794
795
763
760
743
760
779
798
795
788
769
789
751
745
810
804
804
804
779
792
807
783
759
762
744
744
741
773
785
785
785
785
786
786
788
791
789
789
787
757
757
735
726
752
745
773
750
755
745
766
768
775
784
794
814
792
766
762
757
761
733
762
778
758
746
749
735
766
812
769
711
756
797
798
819
819
830
838
806
815
812
801
807
806
773
782
816
803
830
791
774
758
761
757
730
757
813
769
736
749
739
761
771
810
820
822
817
779
784
773
756
750
741
759
744
757
750
734
794
816
805
780
776
756
747
720
769
730
709
777
761
722
738
786
807
796
793
776
765
760
775
747
747
717
746
728
784
739
740
771
701
740
803
790
780
770
804
770
770
736
821
755
759
777
793
784
785
764
764
768
774
782
773
793
784
784
767
764
775
774
756
786
786
754
771
769
774
763
754
811
819
819
812
767
778
762
793
770
745
758
764
751
768
751
751
754
775
763
751
763
763
767
754
775
799
797
798
788
768
777
809
776
776
777
773
779
793
760
758
753
744
744
781
801
801
799
796
804
800
765
738
765
774
760
789
810
807
812
807
809
812
801
782
793
801
769
728
765
784
789
799
781
774
779
782
763
740
724
709
792
784
784
781
731
723
737
731
741
723
705
807
760
763
728
743
743
770
783
800
743
724
741
739
753
734
783
799
786
818
748
728
792
758
775
795
789
772
751
744
733
779
771
801
799
819
776
774
768
731
752
749
769
800
767
767
770
803
799
811
778
750
745
783
827
821
821
820
812
829
787
756
769
780
766
780
755
769
768
754
804
791
745
734
772
772
789
796
756
739
757
767
793
771
779
784
767
775
774
826
786
749
788
781
764
814
818
825
775
742
793
793
773
807
824
830
821
809
775
768
760
761
769
800
778
800
772
789
765
762
797
805
800
771
775
799
793
791
791
823
816
785
790
779
748
746
740
717
765
806
794
803
789
811
790
765
736
714
776
756
741
775
757
757
754
752
798
785
733
730
760
776
608
757
811
832
800
794
756
784
730
724
667
725
732
742
729
719
768
795
807
810
773
735
738
783
769
794
778
745
765
798
727
764
765
728
765
743
738
738
776
817
762
740
762
744
763
756
772
766
774
763
759
761
719
719
778
796
780
800
766
777
723
738
766
769
769
755
762
766
771
784
772
791
770
763
751
796
782
729
753
731
764
801
756
753
736
735
820
819
806
779
739
810
762
720
734
721
786
755
738
765
754
776
763
810
796
815
801
814
774
728
786
751
764
771
779
790
785
752
748
745
752
746
765
769
754
736
778
810
818
824
784
777
774
737
739
767
750
804
746
743
740
753
813
804
782
772
799
766
766
743
768
772
773
760
698
785
774
770
760
771
765
745
744
746
746
737
744
725
733
787
769
742
724
791
781
781
764
767
749
740
674
675
729
741
711
737
733
722
785
807
802
760
725
719
717
767
768
811
768
733
777
806
756
722
736
720
745
741
774
783
758
756
758
744
720
781
753
713
741
727
782
782
805
816
775
774
764
808
811
790
736
760
766
748
783
735
743
760
751
744
789
764
789
808
817
790
791
793
825
828
780
772
791
801
793
797
767
765
760
776
791
806
805
807
794
820
763
759
805
782
744
736
803
783
763
799
782
752
728
792
792
793
776
738
747
731
792
790
796
802
757
765
740
744
745
735
748
763
793
809
780
782
750
804
814
815
789
759
677
775
749
751
812
800
795
781
765
685
761
758
783
758
746
743
774
774
766
764
804
804
795
771
788
803
809
807
771
780
756
737
779
785
806
818
811
770
760
802
801
787
795
808
789
755
757
814
818
795
814
814
825
795
779
764
764
764
790
795
750
760
800
794
805
809
748
759
752
795
766
778
817
823
811
788
804
789
762
787
756
777
731
768
788
813
771
779
761
770
752
768
756
724
788
764
752
796
800
768
737
736
774
785
780
737
749
763
740
729
787
804
781
771
733
731
749
737
754
730
749
783
821
823
783
752
756
807
773
773
655
741
801
793
765
765
768
777
804
743
714
705
775
811
792
794
774
778
704
751
755
738
768
780
792
803
753
743
752
