771
767
732
649
649
662
763
788
733
691
739
789
696
696
693
758
715
687
717
708
788
672
690
723
747
747
755
748
719
704
706
706
731
701
691
717
751
791
767
740
693
705
735
706
733
743
733
724
759
660
709
738
729
729
738
676
701
710
733
739
727
731
726
771
799
787
742
758
738
711
754
776
751
716
753
769
717
720
718
696
784
776
759
725
710
708
756
760
724
712
746
724
705
745
736
728
737
731
768
767
740
710
728
725
737
707
738
714
779
745
708
738
721
726
730
718
761
756
732
765
743
720
712
728
751
760
729
736
733
711
752
768
752
732
719
713
713
710
671
631
711
746
746
726
700
678
736
717
717
683
681
739
722
722
727
743
743
702
786
778
729
691
673
742
726
726
694
676
705
712
702
698
697
701
689
682
679
706
708
663
685
692
681
672
623
677
703
705
685
751
705
702
674
700
671
718
704
681
782
763
723
687
709
716
690
691
722
710
696
698
714
718
743
711
716
716
703
751
688
688
706
695
707
743
724
724
704
702
729
693
696
746
758
769
730
734
716
686
729
729
753
718
704
713
723
713
706
703
703
716
737
749
749
749
712
688
711
729
707
715
688
704
726
705
695
704
718
718
698
704
701
698
721
731
716
701
688
712
689
697
690
719
665
685
685
690
728
734
754
764
741
668
683
699
720
735
731
721
704
738
742
746
718
734
716
705
712
719
731
715
705
725
740
709
706
690
697
704
755
712
732
730
687
704
753
757
721
704
706
702
712
738
719
695
695
698
724
752
717
699
728
697
717
723
733
712
702
700
721
734
711
708
691
697
743
747
723
709
725
732
724
713
733
750
724
718
750
705
707
710
722
736
728
730
725
735
724
741
732
734
735
741
729
768
742
728
779
767
725
711
714
733
757
754
754
709
720
735
697
717
717
771
716
720
728
727
730
722
725
717
724
715
733
691
691
742
699
743
740
711
765
768
762
741
717
715
736
736
729
742
736
729
734
729
741
727
771
743
743
733
736
723
701
697
734
748
728
682
699
703
736
736
726
707
731
578
734
709
728
732
737
760
763
692
708
737
749
742
733
712
759
759
766
775
719
766
757
776
763
710
711
722
727
749
724
724
724
717
733
720
739
704
708
761
721
704
743
781
739
740
773
746
736
737
794
793
731
722
752
723
704
750
784
742
712
710
770
780
756
750
701
713
703
716
722
706
675
702
743
756
709
709
709
690
711
711
716
715
732
716
736
753
742
739
702
718
741
775
723
702
719
719
751
763
703
771
736
720
702
703
717
736
772
751
747
747
719
705
743
704
724
727
779
734
729
725
737
757
732
722
745
768
710
725
744
719
735
715
765
687
649
740
771
791
714
696
715
694
748
761
696
691
710
700
707
696
693
693
695
704
776
767
722
698
724
732
741
744
776
784
774
747
724
709
753
733
669
704
693
693
683
703
713
714
740
722
725
745
739
719
689
701
700
700
702
730
771
769
719
701
729
737
723
730
745
700
704
731
728
722
732
721
741
715
733
733
745
733
757
734
732
746
739
722
716
735
725
726
741
724
739
729
775
765
739
739
771
735
719
726
733
723
601
719
731
725
743
724
727
758
744
716
724
719
754
735
735
735
723
723
751
731
743
737
737
769
737
719
758
765
765
776
733
765
778
799
777
774
748
743
728
712
776
788
766
753
729
723
724
741
700
724
706
728
742
767
767
715
732
719
751
781
794
725
725
779
736
717
737
713
745
720
754
739
783
783
730
721
711
718
749
728
774
774
784
763
758
774
731
727
727
711
746
737
765
730
765
745
721
792
792
760
745
721
721
711
740
716
737
737
751
742
785
799
742
749
723
727
760
750
717
717
767
767
720
720
720
721
747
747
757
755
757
739
788
776
744
716
716
737
770
754
739
749
766
782
782
782
756
721
718
723
749
735
673
729
736
728
767
782
743
743
726
750
744
743
753
749
749
757
762
787
787
741
741
732
769
735
743
743
652
652
756
724
733
731
764
763
736
736
729
744
709
727
801
801
740
719
747
725
739
754
751
751
726
728
752
726
759
759
723
744
793
757
723
742
788
737
727
724
724
732
741
725
748
755
745
756
756
767
752
753
733
759
750
732
764
752
750
750
758
802
783
754
722
713
784
785
775
745
733
725
792
781
735
728
741
741
773
731
712
712
744
774
794
792
742
746
724
721
767
744
699
724
776
744
716
733
767
769
662
650
674
704
659
714
748
741
741
701
701
683
705
686
689
686
690
713
688
683
691
691
706
727
711
711
714
749
723
742
703
690
738
730
716
716
692
695
743
763
744
738
706
718
703
687
732
708
683
720
744
725
733
749
740
758
758
723
689
716
731
780
740
711
711
698
753
745
720
710
710
722
714
716
712
718
737
721
731
737
736
739
726
712
739
713
706
708
719
706
725
725
701
706
722
750
722
726
758
759
725
725
710
680
752
753
756
718
701
702
739
753
729
710
698
715
780
708
708
707
704
705
730
738
730
725
740
708
710
708
728
728
729
676
753
770
741
707
704
727
727
731
715
732
752
702
702
700
766
754
708
705
728
707
722
705
733
719
732
717
750
764
699
699
718
701
767
725
744
744
783
753
760
719
724
735
761
786
791
785
785
740
740
712
723
717
757
752
735
714
724
716
790
768
768
756
727
726
728
713
724
723
748
783
765
709
702
703
765
759
695
695
703
695
738
740
739
725
696
712
706
715
723
743
741
707
716
755
729
766
711
711
739
732
731
715
740
737
730
751
744
746
760
750
734
721
734
741
728
727
761
754
754
730
706
713
750
715
710
711
751
771
771
716
716
735
764
753
715
715
707
734
724
718
748
744
717
738
732
717
743
743
731
713
771
771
755
741
716
718
748
726
725
716
731
722
738
722
759
745
720
742
777
745
735
714
727
718
741
725
729
714
731
731
732
732
744
758
775
802
746
732
701
733
761
795
743
726
706
747
715
728
714
730
721
719
727
718
756
769
760
721
707
733
724
724
717
710
726
716
746
783
744
716
754
713
756
731
709
705
791
776
752
722
713
735
791
791
721
722
731
723
737
737
742
769
739
731
730
718
784
785
734
754
761
784
777
751
692
708
754
741
723
710
760
782
778
728
718
735
728
735
722
715
763
769
741
723
759
773
736
716
615
615
781
756
661
728
735
744
716
701
708
713
724
730
747
755
760
760
752
731
709
714
727
778
752
761
749
705
693
717
748
736
715
714
720
722
745
730
741
730
714
739
727
735
762
749
699
708
715
715
750
747
779
790
808
810
758
614
704
740
735
726
755
712
735
744
741
751
728
728
728
728
740
713
747
752
739
771
739
746
711
735
766
725
722
721
738
721
775
776
734
749
736
727
719
717
752
733
758
725
736
702
726
750
768
767
759
759
790
788
749
794
730
743
728
723
703
718
754
781
770
755
735
710
755
780
742
704
667
705
736
736
748
754
725
736
720
712
739
716
738
744
739
701
738
762
769
735
774
759
760
789
789
717
709
736
752
785
736
735
706
706
759
761
772
738
713
714
765
777
746
754
721
717
762
735
721
719
775
776
717
712
713
715
752
715
765
714
723
735
765
731
731
712
719
719
709
733
755
774
742
742
723
697
741
717
774
771
724
750
737
720
689
744
766
774
759
731
748
741
737
743
733
733
734
731
795
732
718
744
766
758
764
764
767
786
772
692
677
711
734
711
693
756
751
729
707
719
737
775
780
742
750
750
742
742
711
714
773
768
724
724
746
718
711
698
757
751
774
766
766
798
746
751
730
733
737
730
714
772
743
766
739
749
749
714
716
716
759
766
743
748
718
714
732
720
740
728
744
744
769
760
754
751
719
720
742
732
757
757
763
755
711
711
730
719
740
727
730
751
739
755
735
725
778
727
731
718
739
753
742
791
788
762
760
721
757
772
734
752
758
758
782
794
801
795
751
751
719
750
759
794
735
727
740
721
764
737
792
774
766
766
749
737
726
710
768
783
784
716
723
747
774
748
745
749
710
772
745
758
740
740
791
748
717
757
703
723
714
749
762
764
759
764
756
755
753
753
752
752
753
755
754
752
751
756
759
760
760
731
731
750
788
764
721
748
735
728
719
730
769
769
752
724
727
728
763
759
762
737
743
739
743
734
748
721
728
719
767
778
750
724
748
728
719
708
769
755
753
782
778
792
754
723
747
746
744
743
760
791
748
741
785
747
736
729
775
778
788
787
748
734
747
744
717
733
773
773
754
754
735
737
752
612
809
747
724
721
782
722
766
774
750
729
782
785
775
775
758
735
737
743
754
727
763
770
740
733
732
729
755
756
751
733
733
738
789
786
768
748
766
783
765
742
766
741
735
765
757
739
734
747
746
772
731
749
748
762
771
771
709
721
797
755
737
732
732
733
756
740
799
746
764
764
803
799
775
755
737
731
738
733
764
772
781
750
725
757
752
730
724
738
758
773
776
724
726
726
755
736
737
742
751
750
764
760
770
741
712
725
763
764
765
766
766
766
767
766
768
782
791
797
746
739
718
744
770
787
756
756
740
737
730
710
722
713
772
767
743
722
750
697
695
663
740
725
717
710
689
740
772
756
734
742
762
707
704
706
772
800
790
718
718
705
705
726
711
718
730
737
734
771
790
770
714
716
712
717
735
722
792
801
762
736
736
736
712
717
786
785
740
729
715
719
731
739
727
742
759
759
759
722
722
746
701
708
754
722
708
716
726
793
748
742
726
759
740
739
788
790
742
742
682
721
724
743
738
732
781
787
719
719
730
749
744
696
722
712
730
737
756
764
754
727
734
791
755
755
780
795
750
760
779
779
749
718
719
727
783
768
734
731
721
761
775
775
750
731
758
734
741
741
744
759
746
753
783
809
775
730
784
730
749
795
756
731
747
734
764
749
731
743
765
763
810
811
758
728
710
728
746
736
728
727
774
762
733
744
750
750
760
740
716
733
741
783
756
727
738
731
735
764
773
770
743
751
604
604
706
712
733
706
749
727
710
739
758
747
752
766
725
717
739
717
717
725
729
718
741
747
736
568
731
708
759
736
708
716
774
763
731
701
789
739
734
716
760
722
732
721
739
758
744
726
757
757
720
721
735
722
727
722
749
730
763
772
745
745
732
728
769
767
742
742
722
731
747
742
782
776
737
766
765
730
741
719
737
732
740
758
781
768
773
773
720
761
742
726
745
738
760
752
735
744
753
717
763
747
772
772
738
739
755
743
758
750
758
767
741
730
750
768
743
751
771
798
801
794
766
759
743
751
735
728
759
774
749
749
739
730
740
738
753
739
793
757
750
732
786
750
723
746
762
781
735
752
754
733
743
743
702
753
749
770
752
732
729
727
758
742
740
758
775
735
745
782
750
751
804
813
760
726
759
728
761
733
759
756
744
737
724
725
782
776
759
765
780
797
755
734
773
752
746
736
759
768
751
738
737
748
730
760
735
761
796
801
770
730
750
758
751
731
734
735
720
748
748
724
735
724
752
729
742
747
753
743
751
751
791
788
749
721
727
746
739
743
744
747
787
751
751
726
735
738
745
744
775
753
746
760
750
769
742
742
729
713
757
732
791
791
757
723
773
648
755
755
760
729
718
723
643
