760
740
738
781
712
736
792
803
746
746
734
734
753
725
752
765
770
741
734
734
784
784
793
812
714
768
745
745
759
746
755
733
744
739
759
722
743
728
770
801
786
719
731
740
761
761
784
795
754
740
734
736
762
755
694
803
812
775
739
761
746
727
729
782
763
763
773
703
717
732
747
737
763
762
759
730
783
722
731
737
768
773
787
789
770
737
771
777
757
736
749
740
739
750
763
762
762
733
728
755
804
768
768
791
735
736
776
778
747
725
732
738
756
756
771
750
717
735
748
748
738
738
746
736
748
736
744
740
731
738
775
772
728
735
724
740
732
735
756
756
743
736
773
794
744
740
757
775
735
760
740
732
790
737
730
736
764
786
781
785
733
733
778
794
794
799
746
760
763
763
725
724
764
741
730
729
747
747
779
745
721
736
770
812
801
797
780
746
724
751
781
777
742
740
735
740
747
740
753
739
749
733
718
735
771
788
767
742
792
720
730
749
804
816
778
728
746
738
744
735
741
734
764
780
783
802
784
756
705
737
797
763
723
729
723
716
744
741
737
742
761
775
778
742
741
749
753
746
753
744
768
740
767
753
761
748
792
756
722
737
747
803
800
809
754
732
771
795
733
733
758
758
731
739
753
800
731
628
718
664
763
763
725
725
798
724
733
737
758
780
776
740
778
740
747
737
743
740
748
743
739
784
762
745
760
766
781
788
782
782
755
743
732
740
767
771
768
726
763
809
738
721
723
736
766
808
745
769
760
744
740
739
732
739
774
776
738
798
786
803
761
739
745
743
775
797
812
813
811
795
817
817
760
741
745
741
751
770
767
744
735
751
760
715
748
740
762
721
731
739
762
806
760
743
763
763
747
739
729
767
753
743
736
723
735
736
752
798
751
739
736
758
749
776
797
808
759
729
732
737
769
807
743
741
742
742
767
739
740
740
758
740
735
769
756
741
746
763
788
788
789
811
802
769
769
807
794
742
752
739
749
742
755
742
775
742
754
744
757
741
734
743
779
759
759
744
737
741
724
762
806
801
747
765
746
738
809
791
760
736
730
732
732
759
786
765
765
766
760
811
749
730
729
775
796
793
766
741
731
735
797
817
760
760
760
752
732
736
790
779
755
786
745
764
768
737
732
736
751
762
734
789
773
739
737
737
808
812
792
751
745
713
735
758
753
743
746
746
771
741
726
741
768
772
743
743
758
737
741
781
756
756
743
743
765
750
728
740
721
757
758
742
753
750
773
751
751
744
735
744
802
764
764
747
729
731
774
802
754
745
785
726
738
741
783
779
735
775
752
752
753
753
727
741
756
756
741
717
790
760
739
741
756
777
787
810
762
740
768
786
748
770
766
734
734
734
754
741
748
748
773
808
782
746
736
740
754
743
808
808
767
731
709
752
773
790
747
765
759
738
755
755
720
734
793
774
744
734
760
750
760
726
761
761
722
741
727
736
776
737
750
739
760
755
737
738
740
735
729
751
775
771
743
738
717
739
728
738
752
740
740
745
753
762
708
736
732
734
742
752
755
755
785
768
728
740
756
737
760
739
739
743
787
792
802
746
749
742
802
810
806
801
756
756
805
768
740
764
781
755
741
734
792
779
738
729
734
742
798
802
810
807
796
795
805
785
729
768
760
738
751
751
760
752
744
742
753
768
754
772
757
771
747
747
743
750
790
785
755
741
742
741
784
734
767
767
729
739
758
742
752
747
750
763
799
794
799
759
759
796
756
748
734
742
758
757
756
756
781
781
734
744
785
792
783
730
737
747
777
823
764
760
752
742
775
790
765
748
805
785
770
743
732
789
740
751
761
750
751
753
758
758
811
809
761
749
736
741
762
747
756
753
781
758
785
777
746
739
749
759
748
748
741
741
754
780
746
746
768
755
752
745
783
822
813
812
760
740
743
745
718
752
783
783
784
786
786
787
788
793
794
796
805
814
816
814
814
755
755
739
741
759
776
776
729
737
762
762
760
740
784
737
767
818
763
764
754
766
757
742
732
740
782
792
778
764
732
760
806
812
777
733
764
746
735
738
751
731
755
755
726
798
787
775
734
743
751
734
732
732
765
742
769
743
761
764
749
739
794
816
808
812
768
772
736
739
758
739
773
747
747
741
766
778
763
808
771
713
738
740
767
793
738
737
758
743
739
743
770
799
756
756
778
754
730
750
740
738
729
729
734
738
751
746
737
737
729
739
751
795
786
786
729
741
748
748
724
776
738
773
757
738
770
749
758
739
804
787
750
743
744
742
709
738
751
801
785
757
756
807
767
737
743
762
805
818
818
793
793
794
742
736
733
738
747
741
742
737
725
730
804
804
806
778
730
752
745
740
735
759
780
780
782
783
784
784
787
790
793
796
799
799
809
749
738
747
740
766
743
736
742
776
757
770
735
804
737
737
741
769
783
755
758
750
741
796
744
728
643
770
739
810
817
764
739
801
740
757
740
770
748
756
749
741
741
765
738
730
736
770
770
758
744
770
742
743
738
726
767
762
738
802
815
765
748
739
740
787
813
801
813
795
789
741
740
809
807
756
768
788
800
758
731
747
736
782
785
769
799
822
767
744
793
738
739
724
739
766
768
758
747
756
738
725
739
758
783
802
827
745
737
765
765
755
752
764
758
747
747
760
786
764
739
745
745
734
739
779
790
748
736
753
753
750
727
718
756
743
774
738
736
757
780
795
790
796
806
729
729
798
758
734
737
807
816
774
742
738
742
756
740
779
748
739
731
791
762
733
741
750
750
764
740
765
766
801
792
771
745
756
746
724
724
765
806
725
781
761
732
713
742
748
748
761
779
761
771
816
810
774
761
755
743
810
804
763
797
798
769
769
741
754
741
793
793
758
746
739
743
715
729
761
761
734
739
747
766
749
742
756
735
739
740
764
739
762
743
738
741
783
813
744
744
732
739
764
768
777
801
748
704
730
740
765
817
772
772
760
751
788
786
804
796
744
742
750
750
735
742
789
790
749
743
769
743
702
741
783
778
753
740
735
753
763
786
740
756
784
754
735
739
772
775
808
821
761
742
759
779
763
763
764
750
749
726
754
755
743
768
771
819
752
755
740
751
755
755
754
754
760
757
743
767
767
777
726
726
787
778
731
747
760
760
791
772
766
775
761
761
727
742
760
749
733
731
769
769
742
745
787
756
772
753
793
741
750
740
795
798
757
752
742
745
768
796
764
709
754
734
801
796
748
736
743
746
769
769
751
741
752
752
792
761
730
786
756
742
750
736
775
719
738
743
815
789
754
746
751
751
760
738
760
722
732
732
792
825
775
741
746
750
733
764
786
786
786
786
786
786
786
785
786
786
786
787
786
787
785
782
781
779
780
774
768
761
762
817
787
750
729
731
749
758
758
758
758
806
799
737
740
737
743
759
742
730
742
738
742
753
824
763
712
723
756
743
734
747
752
756
738
757
740
749
740
770
778
735
739
774
778
766
785
795
784
764
729
723
738
770
786
780
783
758
748
731
742
785
769
782
743
714
740
753
753
769
743
730
738
764
764
756
737
788
813
772
772
733
766
761
751
764
742
764
742
723
766
760
743
642
748
808
814
804
782
746
740
742
813
743
779
736
745
761
778
735
740
777
780
790
801
774
743
732
740
795
797
661
661
734
736
755
737
753
743
749
760
784
791
812
808
794
798
764
741
736
742
792
779
780
780
794
776
731
742
758
740
759
742
776
739
755
747
760
758
757
736
750
736
738
757
757
763
757
748
741
756
761
807
757
757
624
624
744
744
726
770
794
776
770
745
754
779
749
744
735
741
742
735
749
741
774
738
738
744
738
742
756
741
781
771
744
744
733
762
759
747
751
745
756
744
737
744
796
774
742
739
760
747
752
752
736
757
756
793
757
736
772
746
740
746
755
744
753
766
759
746
744
744
777
769
743
758
761
761
769
783
793
795
775
746
745
759
763
773
747
745
772
766
741
745
784
782
782
799
774
736
750
738
785
775
765
738
742
742
770
799
750
738
814
814
770
740
771
739
743
737
791
751
789
739
737
737
771
754
757
749
753
735
732
745
756
741
754
743
760
760
751
735
729
745
730
735
786
736
781
816
804
807
751
741
770
742
770
770
739
745
751
738
775
757
737
739
746
725
741
745
750
744
747
747
744
743
787
771
749
749
754
754
740
741
771
800
755
745
757
741
772
772
754
757
774
774
750
742
789
791
797
801
810
761
749
773
750
742
738
758
748
763
769
743
794
815
789
756
743
789
759
786
755
752
758
742
756
796
738
757
759
749
741
767
758
767
751
783
812
807
770
748
729
745
745
748
782
747
736
745
758
750
762
744
770
748
746
751
759
748
775
746
753
750
764
766
762
762
746
778
796
804
752
742
779
718
739
746
810
815
804
818
748
744
795
822
746
728
740
762
762
762
748
744
780
752
731
757
781
786
753
736
742
774
756
746
760
760
763
821
737
745
781
795
810
808
769
761
736
744
778
814
780
764
780
744
803
791
756
794
747
747
738
766
752
736
736
743
756
753
739
740
774
782
754
746
761
816
746
753
757
775
778
809
757
749
737
763
755
740
748
743
755
760
777
753
753
746
731
743
752
752
783
792
792
767
765
740
771
757
764
760
763
763
756
756
762
736
769
769
738
763
771
765
770
746
747
746
795
815
783
817
782
723
747
737
803
768
744
817
760
760
748
748
722
739
762
762
733
733
779
745
736
720
808
823
800
744
746
731
744
820
771
774
743
763
790
782
804
800
790
800
797
786
765
745
731
745
771
790
739
742
812
817
770
770
780
744
729
746
762
774
747
742
768
752
744
738
782
801
812
809
762
744
750
736
773
756
766
745
742
746
743
741
729
741
761
782
768
768
756
735
741
761
761
748
741
743
766
744
760
737
738
742
764
777
775
781
750
731
781
760
735
735
758
753
671
737
771
740
813
824
790
763
738
741
789
789
803
817
776
738
758
739
821
785
743
740
727
740
656
742
790
825
780
742
789
767
768
745
764
741
767
745
755
743
747
744
734
764
800
800
814
819
768
743
763
746
749
