702
725
763
718
695
689
722
734
703
764
774
734
708
736
712
730
712
727
715
740
753
739
718
722
719
720
721
714
747
728
715
747
720
747
731
754
720
736
720
737
710
768
781
746
720
731
721
716
725
739
776
751
735
718
721
740
739
745
723
736
756
776
750
722
713
755
755
711
724
718
747
771
778
743
748
762
780
742
731
727
729
767
767
786
802
750
732
763
738
749
725
744
744
754
754
742
727
744
749
774
775
739
739
726
745
750
737
732
735
753
730
750
760
743
744
766
766
750
758
752
752
727
765
763
733
742
733
755
732
723
732
738
741
751
770
752
738
733
757
747
773
755
735
745
758
763
754
725
778
750
723
755
729
730
752
752
729
753
759
749
737
747
738
751
752
750
741
754
735
764
755
779
786
763
729
736
735
780
745
733
734
749
768
788
803
735
734
747
733
759
732
742
733
760
760
755
737
780
791
771
781
752
755
733
736
725
732
737
772
757
737
734
735
752
752
752
741
729
727
737
735
763
792
743
743
781
738
776
737
733
738
756
737
777
755
719
765
761
741
749
738
740
730
745
737
752
751
759
748
727
769
751
739
751
738
754
740
756
740
759
738
753
740
738
739
768
740
744
756
734
755
761
788
753
750
744
769
758
785
806
804
768
771
756
740
780
742
780
632
745
749
767
753
763
752
748
767
760
765
767
770
774
765
763
760
772
791
763
747
767
742
733
735
744
772
806
815
767
738
749
739
771
740
777
742
782
737
755
736
736
791
772
745
754
752
748
750
745
739
755
764
742
738
755
755
736
732
768
739
771
742
731
740
776
802
763
741
758
740
755
742
756
741
737
780
743
740
734
738
768
739
751
777
755
740
751
740
759
742
745
757
747
739
796
811
755
756
757
782
784
789
760
743
757
757
769
743
739
784
768
768
753
745
710
733
765
762
741
745
743
735
750
744
756
743
754
780
766
752
757
741
742
764
745
756
743
740
752
749
749
734
773
758
742
754
761
795
748
747
743
751
780
791
770
767
746
743
752
744
773
751
746
764
764
744
754
736
776
743
765
745
761
746
738
739
760
772
763
743
741
762
747
744
743
754
746
771
761
739
763
776
765
740
744
753
738
744
754
738
744
741
740
767
763
764
761
750
753
756
775
774
764
751
747
744
760
743
773
745
766
758
735
768
765
745
788
763
753
743
750
738
753
744
760
760
764
747
741
771
758
765
768
768
787
775
743
762
755
745
745
751
748
750
762
746
743
758
757
757
745
755
762
762
754
756
749
749
765
743
755
743
751
747
738
754
799
766
747
745
750
755
784
790
761
746
741
744
765
757
756
743
736
742
747
743
762
741
764
728
749
743
781
807
761
745
765
765
771
746
758
748
764
759
750
766
780
790
770
754
795
815
768
768
741
746
802
797
760
779
775
752
752
749
759
777
757
753
745
767
785
787
757
747
753
745
750
746
741
753
736
743
767
745
766
742
758
773
763
760
735
745
769
767
763
747
748
757
758
760
759
746
749
746
774
745
750
759
743
743
757
772
750
752
750
762
768
748
755
743
760
742
758
758
765
767
764
755
749
756
750
750
774
744
767
796
765
752
771
758
780
746
773
740
744
756
762
792
758
742
744
742
783
794
785
745
757
779
781
769
760
766
743
746
776
782
766
745
762
760
744
747
775
772
746
767
803
801
765
745
766
752
767
747
751
751
765
746
769
769
749
751
774
755
771
748
753
760
758
741
747
749
762
759
759
749
770
758
777
761
747
747
767
743
794
747
767
749
794
783
767
752
753
748
751
750
778
755
744
748
762
749
761
771
781
773
762
749
780
750
794
797
758
761
765
748
755
767
769
762
745
750
762
757
767
749
759
750
767
747
747
749
764
764
772
746
770
767
777
754
752
751
750
763
782
764
763
760
753
775
779
782
784
749
767
767
761
762
753
759
782
783
776
755
757
775
770
762
754
748
752
758
759
799
766
772
766
746
791
773
743
770
804
793
766
750
765
760
759
767
787
778
759
744
780
772
744
774
764
766
749
754
748
745
763
774
752
746
805
815
782
770
751
748
755
747
773
751
783
748
783
765
745
749
739
746
768
768
760
748
746
751
763
793
768
754
747
747
780
784
768
776
762
770
760
772
764
767
745
779
779
747
761
750
781
784
756
750
779
744
783
771
747
749
762
748
768
768
764
745
749
748
758
783
764
768
762
762
745
752
749
752
763
763
763
752
766
750
762
760
765
748
774
729
744
786
760
747
764
742
775
750
782
764
757
764
747
767
767
767
742
746
767
749
773
758
745
750
763
764
788
750
721
741
705
734
752
780
757
735
731
738
768
775
787
802
766
757
779
800
759
735
759
738
734
717
755
755
754
739
721
761
782
755
763
782
763
765
761
767
767
772
773
770
766
770
768
773
773
765
768
756
771
771
760
755
762
792
752
746
746
741
783
771
760
745
773
774
753
753
745
745
777
799
762
749
751
745
792
737
750
749
763
751
766
781
752
750
785
749
746
746
749
745
731
766
763
784
757
757
738
743
764
764
776
731
776
745
741
749
759
759
757
803
775
752
748
772
793
793
757
745
784
795
795
762
750
743
784
794
779
745
750
793
754
747
776
784
775
749
755
749
750
746
781
760
756
744
744
748
761
742
743
764
779
763
743
770
760
766
756
747
762
745
752
745
787
814
814
800
781
747
764
744
755
750
738
759
756
745
778
763
742
747
775
761
775
749
763
761
767
752
762
740
775
742
745
748
776
793
771
749
749
773
790
796
766
760
757
748
654
750
777
746
747
743
759
759
754
749
766
777
771
775
755
747
764
750
735
746
744
745
774
747
793
748
763
782
769
772
782
762
749
764
754
750
748
752
745
778
782
785
759
760
794
756
756
748
761
768
765
753
740
740
788
788
776
782
784
770
774
748
751
751
761
777
771
750
748
748
790
749
773
750
753
770
768
753
772
750
752
747
790
777
748
749
762
754
779
768
747
801
790
769
756
745
796
783
751
773
799
798
773
773
754
742
773
748
755
750
744
772
776
751
787
808
762
762
744
769
774
795
758
748
771
751
781
796
748
755
760
774
785
793
751
762
753
767
764
752
765
771
754
754
767
755
765
772
783
772
746
766
777
778
757
771
765
761
752
782
798
795
766
756
773
756
659
752
757
756
761
752
765
774
764
768
769
765
790
662
751
766
780
750
790
766
751
774
770
754
766
754
779
749
787
751
766
754
750
754
789
788
763
757
791
772
740
755
783
801
766
757
751
773
755
774
754
754
780
756
763
756
764
755
774
774
749
753
770
794
767
751
781
752
776
751
755
767
759
782
793
794
779
752
756
752
744
755
772
782
770
754
764
781
775
779
770
781
792
744
746
751
773
783
751
764
790
773
748
781
799
662
791
755
767
774
770
769
750
755
758
754
774
754
770
753
765
757
744
760
785
796
754
755
745
753
766
776
764
753
751
776
762
752
756
746
745
751
759
756
768
752
751
773
790
753
742
769
793
787
767
750
768
806
758
752
748
750
785
769
768
762
749
