691
744
746
748
749
749
713
706
679
708
734
706
691
676
711
692
692
694
707
699
699
692
690
730
723
703
715
693
724
692
716
707
684
695
694
731
746
724
733
711
705
700
698
702
687
706
702
709
740
707
707
681
690
700
727
724
704
688
727
726
699
705
694
704
691
693
687
699
687
720
718
701
692
709
732
721
705
703
715
743
748
736
752
714
689
716
681
686
722
724
726
717
742
732
712
706
703
705
715
708
698
702
694
718
707
730
729
768
777
732
629
717
714
750
745
750
732
744
758
734
714
699
717
725
754
714
714
713
724
748
742
703
703
725
707
703
711
755
775
768
719
747
697
713
706
701
696
706
684
705
698
731
701
709
693
713
712
721
701
689
697
705
705
726
747
721
734
698
699
707
695
713
732
702
694
759
763
709
727
750
742
705
696
704
712
741
721
732
716
698
732
712
699
702
740
744
736
702
736
706
702
701
712
725
719
750
716
697
729
706
703
712
712
704
730
755
753
726
705
710
717
765
770
770
762
761
738
726
726
737
748
739
727
707
722
730
711
715
703
719
731
734
717
740
714
763
754
720
709
706
716
714
737
719
728
736
737
730
736
714
728
731
712
732
737
754
760
722
711
716
741
722
707
724
706
712
706
738
721
724
708
712
725
716
720
724
722
717
713
724
720
700
702
702
708
711
724
727
727
718
701
710
711
708
712
715
709
718
725
733
729
732
729
722
720
712
708
714
710
712
722
753
744
711
713
719
715
719
719
720
725
745
751
742
714
712
707
719
708
723
731
747
767
745
725
713
707
768
732
732
731
731
713
736
730
753
720
724
716
727
712
719
714
723
732
720
721
723
637
753
754
726
692
707
702
737
734
712
718
754
756
711
710
714
717
708
726
741
731
719
716
713
736
713
741
727
726
719
729
717
740
706
724
714
707
707
707
742
739
707
724
725
724
732
732
729
737
780
759
739
722
758
750
740
740
756
765
764
768
741
720
741
756
726
715
717
707
755
762
751
740
740
747
729
709
720
736
736
749
738
749
745
736
739
730
728
730
743
731
734
738
738
731
721
734
723
718
725
729
722
750
722
748
748
722
716
740
732
710
715
714
717
710
719
743
743
760
738
721
735
743
759
781
780
765
745
727
716
738
717
738
725
725
747
763
713
725
724
727
714
728
761
769
742
736
724
725
753
720
707
707
748
710
713
726
719
728
720
714
711
738
732
716
737
715
727
737
724
715
733
723
766
777
722
722
727
719
720
711
760
757
720
732
727
718
705
722
735
742
729
755
738
738
709
743
759
765
752
712
744
742
762
737
721
718
721
751
731
755
735
753
738
744
739
738
784
760
736
736
782
786
783
764
736
712
751
757
738
738
748
750
767
763
725
706
708
707
716
710
737
730
726
738
732
715
719
710
709
768
782
782
717
706
756
736
746
731
724
737
737
754
750
743
736
729
736
729
719
705
738
794
737
746
717
717
773
748
727
699
714
714
711
755
710
710
729
728
712
706
716
714
770
727
744
751
733
718
736
731
727
725
723
748
716
716
716
710
715
634
724
708
739
758
728
717
716
716
755
741
744
771
770
777
741
749
743
723
717
721
735
726
728
742
742
727
727
709
708
712
725
723
734
733
738
761
738
728
701
731
783
780
737
748
745
716
623
743
727
735
758
750
711
719
724
722
720
740
730
710
751
729
736
719
767
726
719
750
751
771
749
749
720
720
746
708
729
723
743
719
768
758
720
715
705
736
734
719
745
714
723
710
713
709
707
706
717
717
720
770
719
722
719
719
726
714
699
734
731
710
756
754
760
754
739
731
718
730
728
728
752
764
733
733
715
764
760
769
740
712
743
778
756
748
720
738
724
727
707
704
713
709
728
731
712
737
738
737
750
758
783
773
766
777
745
743
717
719
724
741
716
740
753
752
756
728
777
777
762
713
719
714
740
723
709
760
744
739
746
749
736
745
724
722
744
732
743
752
752
746
733
716
723
728
726
734
720
720
714
745
730
730
731
745
763
759
739
713
727
719
715
720
711
711
725
776
736
747
726
726
727
709
742
742
744
748
757
743
750
726
712
709
721
751
748
721
736
750
733
728
719
719
757
771
771
735
719
736
742
721
748
732
729
717
739
588
772
745
722
719
732
732
756
751
769
779
755
750
719
716
724
734
733
731
754
772
752
779
726
719
702
745
788
802
755
712
731
722
734
739
731
745
775
786
740
740
749
724
718
734
730
727
714
709
736
749
726
714
722
716
593
734
726
741
731
732
739
740
735
743
742
739
737
740
757
746
759
731
723
717
735
723
726
726
736
759
737
742
785
789
744
730
728
735
733
719
736
716
729
718
727
761
791
803
756
720
750
742
754
785
775
758
732
741
804
770
753
726
726
758
797
790
780
744
767
767
780
785
755
755
739
759
742
758
735
752
733
752
742
775
806
797
777
748
757
740
739
730
728
740
749
757
739
749
768
791
757
754
770
762
762
754
739
731
725
739
755
798
750
749
724
742
750
753
740
734
749
740
775
721
752
752
738
736
764
772
738
738
726
756
724
724
759
725
716
723
733
721
745
733
753
751
754
763
749
767
753
773
756
750
770
771
738
730
724
748
733
726
753
703
725
748
737
752
742
742
743
751
721
766
757
780
737
741
736
736
728
726
769
787
757
762
757
770
764
728
745
775
789
805
777
777
779
747
732
723
769
785
752
747
732
724
745
777
781
772
766
782
740
725
723
735
768
759
736
731
735
722
775
780
780
765
758
745
762
747
727
759
759
757
738
765
743
725
733
730
726
728
752
747
739
722
751
737
764
791
789
768
767
767
771
783
741
741
723
752
755
757
780
726
750
742
729
767
766
743
762
733
743
744
739
754
763
774
743
757
768
773
735
734
728
759
754
760
752
748
764
755
741
738
758
735
762
752
746
774
756
747
755
798
779
748
746
761
754
764
768
786
764
771
773
765
776
768
755
755
770
762
800
754
749
744
758
758
767
731
741
753
752
752
732
732
769
794
735
751
769
786
767
712
735
730
791
777
777
756
740
782
795
801
740
739
791
803
760
732
726
753
765
799
757
730
755
743
749
743
771
771
772
768
739
742
742
724
799
755
751
733
754
748
764
775
756
756
747
747
763
762
750
727
762
726
729
741
795
802
792
758
757
762
767
766
776
770
766
769
768
764
777
772
753
765
781
795
757
763
749
754
749
751
756
758
783
805
772
783
763
753
759
758
790
778
778
781
779
744
735
736
763
761
733
734
780
794
747
754
751
762
760
763
751
751
773
775
758
759
738
741
771
771
761
740
740
762
765
782
765
757
762
751
774
749
757
746
773
774
790
781
753
759
758
744
741
739
742
768
759
759
741
741
764
764
737
748
763
762
784
788
771
736
738
767
740
754
758
760
773
780
776
765
763
769
772
761
789
795
771
741
776
738
744
754
779
805
758
736
766
726
728
774
773
753
748
770
747
759
757
739
745
745
753
761
774
768
782
745
752
765
752
771
748
771
761
756
801
793
775
775
785
795
766
767
748
772
795
787
766
769
758
775
788
756
745
744
767
750
768
772
798
818
784
752
764
763
762
745
752
740
742
740
758
745
747
743
742
747
768
749
760
748
760
736
779
778
779
779
779
780
780
781
781
782
781
781
781
781
782
782
781
781
781
781
781
782
782
781
781
781
781
781
781
781
781
781
781
778
768
759
758
754
755
751
752
752
750
750
747
756
758
757
752
760
750
739
754
779
780
795
792
762
756
748
765
752
747
748
746
774
774
803
794
764
746
749
748
776
751
741
769
768
766
770
761
767
767
763
767
767
770
767
765
766
769
774
765
768
769
779
767
782
794
793
799
790
792
746
739
743
769
766
764
766
757
783
759
751
762
779
794
774
765
767
780
780
787
787
775
768
768
748
781
762
756
765
765
770
793
790
780
743
738
749
769
760
737
742
738
763
763
766
762
752
