780
782
783
784
788
789
790
790
792
793
794
794
794
793
792
787
787
785
784
785
784
777
767
769
758
747
746
751
750
740
738
738
738
731
732
740
743
744
748
755
755
751
744
740
745
765
734
734
685
678
671
689
679
711
730
730
716
696
684
673
676
752
752
740
720
704
725
736
684
674
708
706
699
704
687
751
729
691
715
697
704
704
744
686
695
705
730
700
757
727
754
727
723
755
736
711
695
690
690
753
769
707
702
690
730
719
728
709
697
700
700
695
697
757
696
697
698
730
755
724
728
728
700
738
763
732
702
711
707
714
707
718
709
706
704
728
707
716
709
718
714
716
701
686
701
752
747
701
695
698
709
712
701
701
712
756
751
729
733
729
701
697
704
723
730
709
721
764
756
710
706
718
701
721
712
699
704
727
739
732
719
697
717
709
704
713
703
714
702
711
708
711
713
716
701
732
721
742
702
706
714
713
743
726
706
631
699
750
702
709
714
733
701
736
727
757
785
749
709
712
712
747
730
699
705
722
705
706
733
767
775
719
720
755
785
753
761
720
720
705
709
728
724
713
707
713
637
724
705
733
712
727
735
725
710
706
702
750
741
718
717
711
700
755
772
769
753
732
706
725
761
720
705
716
710
690
710
641
698
706
700
722
741
704
709
708
701
745
694
694
699
711
702
722
722
755
707
719
708
714
708
766
771
725
718
757
732
736
736
709
688
768
747
726
716
704
706
772
753
718
707
706
765
773
781
727
708
785
750
709
705
700
740
714
707
745
717
728
717
772
751
717
712
693
706
703
706
763
772
723
709
703
711
753
789
727
736
766
734
732
711
747
752
719
712
719
714
715
714
723
715
760
782
730
728
724
716
730
721
712
713
740
740
774
793
737
737
750
774
724
728
704
730
722
716
728
725
757
716
774
723
712
718
745
714
730
708
715
714
754
742
717
738
752
774
725
716
718
732
764
776
736
709
736
712
788
726
706
717
773
753
718
718
735
735
733
715
723
721
734
724
736
739
728
727
725
734
735
739
726
740
724
719
720
721
735
739
741
733
731
719
777
791
717
753
779
731
716
736
766
752
716
715
718
728
760
777
709
715
749
769
749
778
739
716
769
754
705
731
724
743
728
743
745
747
712
713
727
719
729
720
727
732
738
733
737
745
739
721
738
720
753
796
739
721
711
739
760
724
752
779
749
722
723
719
755
755
734
718
761
780
732
759
749
731
734
723
770
770
711
738
746
717
740
718
724
716
713
716
769
775
724
740
787
785
726
711
712
710
755
730
750
750
731
700
716
717
737
742
732
720
789
789
732
722
727
719
723
723
730
720
729
718
729
722
737
718
732
723
733
723
735
725
725
734
736
724
730
721
725
738
737
736
752
728
732
753
790
783
754
720
767
757
718
715
737
715
798
804
779
760
731
713
718
760
734
712
780
789
736
736
720
737
728
728
751
742
746
730
731
718
748
748
719
742
779
743
743
712
716
714
773
785
733
743
796
735
714
703
768
764
764
777
737
724
728
720
740
721
743
739
746
723
764
766
743
726
786
769
761
749
742
736
764
743
743
785
752
778
739
720
722
730
750
741
741
735
735
735
779
718
752
719
670
718
745
728
737
722
784
773
738
724
742
722
746
740
731
721
770
780
754
725
745
723
663
727
714
735
751
720
747
727
773
768
730
717
768
755
755
770
752
731
718
717
738
790
742
718
734
721
758
758
763
745
734
735
797
778
741
725
719
769
737
722
737
723
731
758
755
755
712
721
726
722
725
729
728
744
764
761
728
745
735
749
735
735
730
719
747
748
756
756
756
753
717
767
753
753
713
705
768
783
725
717
755
737
723
723
734
719
740
726
740
717
737
772
737
737
754
740
727
746
735
724
731
742
753
768
768
753
781
763
763
724
721
747
776
781
741
722
721
728
747
723
755
747
779
742
743
746
780
763
757
744
742
750
758
750
731
723
742
735
732
724
740
726
757
787
761
743
758
769
732
726
784
774
747
742
734
727
718
736
763
763
745
744
785
745
745
744
737
744
736
723
736
735
741
726
724
724
713
741
758
729
746
741
765
714
722
723
784
722
786
731
721
725
781
786
762
726
758
795
744
726
723
722
785
779
749
733
790
727
728
726
764
741
758
772
753
725
744
724
740
729
741
730
723
727
771
762
799
799
739
724
760
731
739
739
731
740
745
731
768
728
778
787
732
738
726
736
770
789
741
727
772
759
725
656
735
760
749
743
725
733
771
765
730
722
744
740
734
750
776
761
731
724
737
775
753
773
740
729
803
755
739
724
737
745
747
742
731
731
773
785
762
728
715
722
729
721
730
722
704
730
770
785
738
715
785
752
726
707
760
790
736
741
755
738
715
709
794
765
735
713
713
714
769
769
724
734
714
718
721
722
745
712
736
737
739
717
718
756
740
718
737
720
730
721
704
719
698
766
766
745
746
714
773
749
717
711
768
774
727
707
772
786
759
748
761
771
728
725
704
702
770
733
713
728
726
746
770
752
744
736
754
754
723
710
741
720
733
720
715
740
782
797
755
718
785
738
716
721
728
645
728
729
734
740
774
722
710
781
731
713
711
719
738
716
777
725
742
742
773
801
757
721
787
734
717
747
734
747
742
722
748
731
717
734
746
723
734
779
737
715
716
722
768
721
793
802
742
722
738
722
730
722
746
722
739
719
779
776
747
723
793
798
734
734
738
723
733
756
748
741
732
729
739
739
778
774
777
785
727
727
721
715
786
754
727
752
748
760
761
771
748
764
750
730
796
748
717
728
737
725
733
721
782
750
724
722
776
769
761
767
730
722
736
724
714
728
747
746
764
756
740
741
739
739
760
732
758
758
771
782
737
754
709
719
733
782
734
723
712
722
746
720
720
722
731
741
726
720
756
779
756
724
719
715
787
770
725
714
732
721
746
719
732
719
726
723
750
730
742
733
731
720
736
734
755
792
721
751
759
731
726
720
743
725
745
729
737
733
782
800
740
701
721
736
768
761
723
722
742
722
801
784
744
729
718
723
773
768
746
710
722
786
752
730
780
774
797
784
770
752
736
732
756
742
725
721
761
768
757
779
741
741
714
731
748
721
750
749
717
719
775
783
735
721
775
740
716
722
766
769
772
784
726
726
723
725
748
769
732
732
755
770
754
741
722
725
732
746
738
724
745
721
738
755
751
737
718
721
734
721
748
723
790
796
741
750
766
733
725
746
780
786
731
731
726
764
743
724
742
744
760
732
747
724
723
719
793
794
779
735
724
734
729
719
798
748
715
720
725
722
755
724
736
736
757
723
763
764
727
719
797
727
718
721
720
739
751
742
734
736
722
733
762
756
810
749
749
720
711
740
748
719
751
733
745
755
716
707
781
778
734
720
793
797
721
723
700
733
730
719
783
719
751
723
774
781
733
723
723
733
722
729
785
776
722
716
714
733
746
746
762
753
771
789
762
792
761
761
745
743
789
732
723
729
724
743
749
723
795
767
739
723
767
773
787
795
770
791
762
762
786
764
729
729
711
731
728
723
728
726
730
725
732
742
721
741
749
782
733
720
732
738
736
785
740
723
749
763
750
750
724
727
717
721
737
735
733
733
712
712
716
773
756
746
754
742
770
797
728
722
784
734
723
718
791
793
735
721
720
737
776
772
746
717
755
735
746
721
719
723
761
779
739
717
787
752
722
724
776
781
760
744
768
778
735
735
763
752
714
726
747
754
738
738
747
721
719
736
729
733
726
726
738
727
747
768
793
802
736
750
733
763
726
744
792
802
780
799
737
724
718
738
730
744
720
718
752
722
720
722
755
735
737
765
747
732
722
724
743
728
742
748
736
724
734
775
727
702
705
713
710
694
706
706
735
735
746
750
730
730
763
763
756
756
717
745
780
737
707
744
734
746
722
722
783
785
738
734
773
732
714
714
736
709
771
778
745
752
742
731
769
768
754
731
755
721
721
729
725
721
728
738
731
711
714
731
738
745
711
731
733
740
756
743
763
765
764
763
763
747
709
709
712
736
769
740
717
703
708
706
771
774
727
719
792
755
703
703
726
733
732
761
779
749
730
712
708
719
778
748
730
720
712
755
727
721
738
792
713
712
710
713
723
724
740
765
760
741
741
715
737
726
726
743
726
720
760
796
735
719
781
764
744
722
740
728
749
749
718
717
740
726
789
789
789
756
768
768
750
737
714
727
718
741
721
718
744
742
735
723
749
728
721
716
743
737
722
740
731
754
729
739
774
746
746
717
750
765
755
748
733
744
756
784
740
729
777
785
745
743
715
741
730
730
754
717
719
722
747
726
766
732
723
758
751
752
727
725
738
729
755
739
750
750
779
771
755
723
776
764
775
784
752
752
724
785
782
775
775
758
737
727
723
720
752
751
745
730
743
739
756
728
733
733
759
747
718
722
727
731
726
721
733
724
769
730
717
707
785
751
728
721
720
721
777
778
753
757
729
701
720
721
748
760
726
750
776
720
776
720
737
735
728
720
728
728
784
793
741
740
735
719
753
745
723
717
717
722
742
742
777
801
745
734
756
749
766
741
731
760
723
727
727
727
764
738
744
718
764
783
732
717
726
726
713
723
742
745
735
735
745
730
764
719
764
718
737
722
743
791
734
734
723
724
784
767
736
721
720
724
745
722
737
724
745
772
740
741
727
710
780
789
731
760
795
748
718
773
748
725
734
721
750
753
755
777
733
745
745
754
723
740
730
734
746
780
731
730
724
729
733
725
739
749
746
756
733
733
749
723
734
744
744
724
742
730
735
755
739
746
749
749
740
737
749
755
744
741
726
754
744
766
744
725
733
747
767
796
745
754
781
758
758
729
725
731
739
774
776
804
763
738
721
779
763
762
733
729
743
758
746
745
720
717
763
794
752
719
722
730
779
785
734
734
741
741
713
787
794
797
791
791
770
757
740
724
729
729
736
761
732
727
752
734
745
730
782
772
766
726
735
752
733
729
714
732
743
730
719
740
779
791
732
747
706
771
775
773
739
741
774
727
721
726
775
775
748
728
736
787
749
743
797
783
737
716
731
731
789
797
746
724
722
764
771
787
741
739
719
731
800
757
757
770
742
793
745
725
777
751
752
782
760
775
764
746
748
736
734
726
713
737
779
780
782
779
734
733
732
727
746
749
795
762
744
726
724
723
802
738
730
747
781
779
745
730
758
778
738
741
719
724
746
737
783
761
720
755
762
786
735
745
795
779
742
726
750
750
766
786
739
728
729
729
761
772
791
801
741
741
729
748
753
780
776
762
735
747
776
760
730
779
779
757
719
726
785
776
734
721
779
728
725
720
714
746
735
729
742
770
726
797
746
726
764
738
719
726
762
789
739
727
752
752
721
711
761
765
743
728
739
729
759
729
726
750
784
787
740
732
760
759
722
735
736
748
734
731
752
726
761
795
750
728
702
772
764
728
723
726
766
728
773
745
794
801
761
756
756
726
728
762
746
750
788
810
751
728
761
786
757
731
725
720
745
726
750
740
753
729
751
727
731
715
729
727
773
767
778
723
747
729
733
729
733
747
768
774
743
724
723
750
737
726
726
729
752
728
768
768
751
766
771
764
716
724
741
735
751
744
749
744
736
734
767
741
734
727
748
744
776
784
749
749
736
729
752
744
773
755
725
728
748
757
747
743
768
761
725
729
783
800
756
727
789
789
744
733
726
728
766
765
807
813
769
728
747
765
769
749
749
763
753
785
742
730
736
708
724
742
758
755
757
778
764
728
753
727
752
730
741
732
755
732
750
789
743
727
753
748
736
733
740
729
739
745
738
737
748
734
744
731
789
756
767
779
755
785
768
804
747
739
743
743
732
732
785
755
744
744
761
733
737
724
763
774
739
724
772
814
814
793
778
728
765
733
780
727
809
789
741
728
749
730
716
722
745
761
775
793
757
757
747
742
793
737
725
727
788
751
751
727
728
755
788
782
729
745
765
801
753
728
769
772
730
719
715
747
739
733
758
736
724
725
778
786
735
769
737
728
741
745
737
747
755
777
768
781
751
720
726
771
772
787
805
791
735
733
738
750
732
732
785
785
747
729
752
752
730
756
719
727
731
765
770
782
744
744
775
732
732
731
734
727
726
730
732
723
781
778
747
735
753
732
746
735
738
732
726
727
775
743
734
729
748
748
724
758
779
791
772
772
754
766
719
796
758
755
784
760
794
784
752
721
721
743
741
754
755
734
728
724
740
752
756
731
726
733
748
724
789
791
748
728
813
781
