1.62674767080646
-19.1732523291932
10.7287476708067
69.8087476708065
42.9227476708068
70.1527476708065
83.7747476708065
56.9467476708065
98.5107476708065
147.466747670806
44.3407476708066
94.1747476708065
98.5647476708065
52.9467476708068
-28.343252329193
21.0767476708071
39.3407476708073
37.7747476708072
98.2407476708075
102.800747670807
54.2667476708076
80.0687476708075
102.358747670807
82.3007476708075
38.6447476708079
-0.0412523291920408
3.20274767080776
63.0647476708075
67.5187476708075
0.450747670807964
6.22674767080806
37.9667476708081
39.4687476708081
32.9727476708082
11.8487476708082
32.1987476708082
-74.3552523291917
11.3207476708083
5.78274767080816
17.0487476708082
15.5427476708082
1.36474767080816
34.5367476708082
43.3767476708081
46.7507476708082
63.2587476708085
54.9467476708085
-39.1252523291918
14.3907476708083
39.6487476708083
19.8327476708083
19.0027476708083
-37.3972523291919
7.50274767080806
-43.669252329192
11.6047476708081
51.1907476708081
24.6447476708081
15.832747670808
7.44474767080786
13.5967476708079
13.6147476708079
11.4267476708077
-33.4132523291924
28.0787476708077
29.3147476708077
-11.1072523291923
-6.43125232919234
-13.7812523291923
-1.21525232919234
-14.3732523291923
-0.44325232919244
-29.7472523291923
-47.4452523291924
-29.7912523291924
9.21074767080756
-27.2032523291925
6.10274767080746
47.4207476708075
30.6627476708075
21.0967476708075
-1.64525232919254
4.16074767080756
18.6987476708077
15.7947476708077
41.4047476708078
4.87274767080766
-3.06525232919234
7.11674767080756
13.8527476708076
50.9187476708077
31.6127476708077
31.6127476708077
-20.4272523291924
1.06674767080746
-24.1032523291925
-37.2992523291926
-0.103252329192536
18.4167476708076
39.6727476708076
18.1767476708076
22.7967476708075
-8.10125232919244
16.4067476708074
24.8667476708075
48.1027476708076
62.0227476708075
46.6907476708076
55.0207476708075
37.7727476708076
0.192747670807464
34.1647476708075
0.412747670807462
36.2087476708076
-0.0892523291924405
42.3047476708076
38.2047476708075
58.0607476708075
41.3227476708075
42.9347476708074
42.9347476708074
62.7547476708075
30.4687476708073
-1.74725232919264
1.15674767080726
14.9547476708073
22.1767476708073
17.2607476708074
-22.0112523291926
5.01674767080726
5.01674767080726
10.4147476708073
9.58474767080736
11.9147476708074
29.5967476708075
13.3067476708075
26.1947476708075
30.8367476708074
42.0907476708072
33.0567476708072
10.3647476708072
2.22274767080726
-13.9192523291924
-23.0132523291925
-45.1992523291927
-24.1832523291927
-5.26325232919274
-2.86325232919274
6.98074767080736
-16.1872523291926
22.0327476708074
26.2187476708074
9.89274767080746
16.0287476708075
-15.3712523291925
5.62274767080746
21.6187476708075
18.9907476708076
-12.1292523291924
19.1927476708076
-24.4492523291924
-32.4592523291924
-37.3492523291924
-28.6892523291924
-30.9712523291924
1.44474767080766
-5.96925232919234
-19.3152523291923
0.48674767080756
21.4027476708077
38.4427476708077
-7.81925232919234
-20.5012523291923
-10.9852523291923
-12.6332523291923
-1.36125232919234
-35.2632523291924
-35.1172523291923
13.6707476708076
-27.3832523291925
7.97274767080756
-42.2792523291922
-14.5492523291921
-7.86725232919214
-16.0332523291922
-6.66325232919224
-36.6852523291923
-3.76925232919234
12.1127476708077
12.7987476708076
-7.82125232919244
-10.0832523291924
-10.3432523291923
31.2047476708077
-45.5652523291923
-14.7652523291923
-6.70725232919234
12.5127476708077
-3.09725232919234
-24.7312523291922
-21.0232523291922
-66.0392523291922
-21.7312523291922
-4.98925232919234
15.0447476708079
27.1627476708079
15.7127476708079
-37.7332523291921
-8.89325232919214
-3.41725232919214
0.798747670807863
-43.879252329192
-12.091252329192
22.098747670808
-34.743252329192
-28.5592523291921
-0.21525232919204
11.352747670808
-28.223252329192
-23.145252329192
-31.5432523291923
-45.8972523291922
-6.73925232919234
-11.6672523291922
14.2067476708078
-0.161252329192237
-61.2072523291924
-72.4472523291924
-36.1272523291925
-7.02925232919244
-32.8512523291924
-19.4672523291924
-5.97325232919254
-27.8112523291925
-16.3312523291926
-7.53925232919254
9.30874767080746
34.7667476708074
18.7747476708074
-83.5612523291926
-56.3212523291926
-15.3232523291927
-2.87925232919274
0.286747670807259
-34.8532523291927
-34.6592523291927
-14.1572523291928
-45.4552523291928
-17.9552523291927
-16.2752523291927
-39.7812523291928
-24.5472523291927
8.57474767080726
-9.80325232919264
-20.8972523291925
-17.4092523291926
-19.4392523291926
-34.7452523291924
-16.2072523291924
6.76474767080766
-8.50525232919244
-15.1792523291924
-3.91925232919244
-0.683252329192442
0.54474767080756
-8.58525232919244
-3.41525232919244
-9.48125232919244
-40.6852523291925
-9.18525232919244
2.33474767080746
10.7827476708076
9.16474767080756
15.7447476708076
-3.46525232919244
-3.61325232919244
27.7947476708077
33.9907476708078
-36.3112523291923
-3.93325232919234
2.92874767080776
-11.9532523291922
10.2787476708079
-6.46525232919204
-5.24925232919204
10.888747670808
0.0967476708078578
40.2907476708079
6.70074767080756
-32.5332523291924
-22.1652523291925
-32.2752523291925
-14.7172523291926
-14.1212523291925
-27.8532523291925
-26.1112523291925
-26.2492523291925
-19.8372523291925
0.694747670807459
15.2347476708075
-2.03925232919254
-30.6652523291924
2.62274767080746
-7.27925232919244
30.7967476708076
-1.33125232919274
-33.5232523291927
-30.5292523291927
-23.673252329193
-4.75525232919304
26.8107476708071
2.57674767080706
-22.6052523291929
9.85874767080706
-81.8492523291927
-74.4852523291927
-64.4552523291927
-15.9232523291927
-16.7252523291926
-24.8272523291926
17.9327476708074
20.6687476708074
7.95674767080736
25.4067476708074
23.6207476708074
-19.3372523291926
-1.59125232919264
-15.0132523291925
15.9287476708075
-24.8492523291925
7.31074767080746
-12.1872523291925
-1.42125232919264
-39.4792523291926
-22.8772523291926
-23.8052523291926
-17.3752523291925
-6.72325232919254
32.9107476708075
5.28674767080746
-24.2032523291925
-15.1172523291925
1.66274767080746
-38.9352523291925
-23.8312523291925
-19.1952523291924
3.47274767080756
-4.33525232919254
-30.5792523291926
-34.3852523291925
-26.4752523291926
8.57274767080736
4.02074767080736
11.0467476708073
11.0467476708073
13.6967476708074
1.39274767080736
14.6867476708073
-4.26725232919284
11.0267476708071
-23.9332523291929
-41.4112523291929
-55.8652523291929
-35.371252329193
-41.235252329193
0.460747670807059
-18.9672523291929
-8.40725232919294
5.45474767080696
0.324747670806964
-6.62325232919294
-10.947252329193
-3.78925232919294
-48.933252329193
-67.3532523291932
-21.3632523291932
-25.4432523291933
-20.6392523291934
-57.4272523291934
-9.52325232919344
2.56474767080656
8.57074767080666
-8.26525232919334
-15.5972523291932
-23.8972523291931
-38.1172523291931
-9.74925232919304
-15.911252329193
1.41474767080686
19.000747670807
2.29274767080706
-24.9212523291929
-11.065252329193
-14.829252329193
9.38474767080706
17.1707476708072
4.91274767080716
-29.3752523291928
-6.62325232919284
16.1627476708072
36.4967476708072
-7.98925232919284
-52.1492523291929
-5.19525232919284
-21.4132523291929
7.96674767080706
7.78074767080716
14.2427476708072
6.01474767080706
-16.6892523291928
-16.6212523291928
-29.5532523291927
-18.8912523291927
5.09074767080726
5.09074767080726
13.7887476708072
-6.74125232919284
-31.9212523291928
-10.5012523291929
36.9207476708071
-21.8972523291929
-10.977252329193
19.082747670807
27.846747670807
-9.00125232919274
-18.2952523291927
-31.7852523291928
-5.79925232919284
-5.93525232919274
-46.3832523291928
-2.16325232919274
-21.9912523291927
-6.53125232919274
-45.6832523291928
-4.73325232919264
-50.7012523291927
-24.8432523291926
1.02274767080736
-36.2772523291926
12.0307476708074
4.88074767080736
4.88074767080736
6.85874767080726
-28.9232523291927
-72.3432523291927
-9.69125232919264
-22.7852523291926
-26.0852523291926
-40.6272523291926
-24.3512523291926
-2.99925232919254
-30.5792523291925
0.580747670807561
-11.5632523291924
24.3227476708076
2.22074767080766
0.798747670807863
18.8387476708079
26.2607476708079
35.1867476708079
0.0927476708076611
-10.6052523291923
-18.3592523291924
23.2527476708077
-24.7712523291922
-32.2332523291921
-9.42525232919214
-57.8592523291921
-18.4552523291923
7.15274767080766
19.398747670808
26.496747670808
-17.295252329192
-35.821252329192
-25.047252329192
-4.28125232919204
6.54674767080796
23.078747670808
-5.89725232919204
12.6367476708081
-17.8772523291919
-21.8132523291919
-69.621252329192
-21.385252329192
18.174747670808
15.3347476708079
4.80274767080796
-18.5492523291921
15.8367476708078
22.6947476708078
-7.64525232919234
-26.1572523291923
-17.0912523291923
-9.05925232919234
-27.2092523291923
-38.4012523291923
-12.2692523291924
13.4027476708077
-15.0592523291923
5.85874767080776
32.2107476708077
-6.01525232919244
-20.1772523291924
-12.9132523291923
-6.67325232919234
-4.31325232919224
13.2567476708078
6.66074767080756
-13.8652523291924
-28.5732523291924
23.3787476708076
-2.68325232919234
12.1767476708077
14.3767476708076
-8.25325232919244
-1.07325232919244
4.23874767080746
0.122747670807463
-38.2172523291925
-27.4692523291924
-41.3032523291925
5.79874767080756
1.75874767080756
-5.49725232919244
-5.22325232919244
-71.0312523291924
-33.5932523291923
4.34474767080746
-30.3592523291924
-51.0672523291925
-55.6232523291924
-11.8252523291924
-11.5692523291923
-15.0632523291921
-33.3592523291921
-1.53525232919214
-14.5872523291921
-2.85125232919214
-12.8552523291922
-62.0292523291922
-54.1792523291922
-27.5852523291922
-21.0212523291921
-17.037252329192
-3.31725232919204
-6.44125232919204
3.31274767080796
-10.951252329192
-6.07125232919204
-18.3952523291919
-47.463252329192
-19.2212523291919
-16.159252329192
-39.6272523291922
-23.2112523291922
9.62074767080786
19.1967476708079
-2.24325232919214
-4.04325232919214
-35.6172523291922
-2.00325232919234
33.9367476708077
-13.5872523291923
-11.2792523291923
-8.84925232919234
-17.9352523291923
-18.4572523291923
-12.8192523291923
-6.56525232919234
-13.3352523291924
-52.2992523291924
-44.2812523291924
-2.97325232919234
-18.7632523291923
-8.03925232919234
-10.8552523291924
18.6147476708075
16.3727476708074
26.1947476708074
-34.6272523291925
-2.43325232919254
1.18674767080746
3.37274767080746
13.8727476708074
-1.58925232919254
-38.7152523291925
-14.0392523291924
-5.33725232919244
-1.75725232919244
0.416747670807162
-1.63125232919284
-7.90325232919274
-7.90325232919274
-15.8992523291927
-6.82725232919284
1.54874767080726
-13.6152523291927
-34.5012523291927
-13.9092523291927
-19.9052523291925
-16.8012523291925
-18.1052523291925
-20.2932523291926
-20.8652523291926
28.8567476708075
-33.7312523291927
-57.1572523291925
-40.4832523291926
2.71874767080736
-17.9212523291926
-53.1412523291927
-34.1592523291926
2.26074767080736
22.9747476708073
-12.6412523291926
-15.3952523291926
1.02474767080736
-19.0572523291926
-7.66125232919264
17.2567476708074
18.1047476708073
-29.3652523291926
-22.5052523291926
-37.5032523291926
-17.3292523291925
-8.56725232919254
20.3267476708074
-18.0692523291926
-48.9392523291926
-27.8532523291926
-36.3012523291926
-8.91125232919264
-37.0012523291926
-41.9752523291926
-63.6132523291925
-13.4252523291926
-22.1392523291925
-14.6692523291925
9.96274767080756
-1.55725232919244
7.93874767080756
-3.39925232919244
-12.3352523291925
-43.0112523291926
-20.3712523291925
0.508747670807459
1.03074767080746
19.8407476708077
-14.2632523291924
-29.6972523291923
-19.3712523291924
-4.77525232919244
26.7687476708076
-4.82925232919254
-24.4232523291924
-3.02725232919244
3.71874767080746
13.7047476708075
19.4607476708075
-0.887252329192542
-61.2252523291925
-12.9272523291925
-0.245252329192439
-3.22525232919244
-1.31525232919244
-21.8692523291923
-43.7892523291923
-29.9812523291923
-8.59125232919234
-51.7052523291922
-30.8252523291922
-48.7772523291922
-39.0332523291922
-12.2432523291922
-29.6872523291923
-12.4372523291924
-25.2792523291925
-57.6352523291925
-21.6232523291923
-54.5272523291924
-23.0552523291924
-24.9412523291925
-37.8952523291925
-5.98325232919254
-22.0892523291925
0.850747670807458
-25.5172523291925
-14.5112523291925
-1.57325232919254
-5.93925232919254
-19.6372523291924
-53.3112523291925
-3.47725232919244
9.05874767080756
-2.01525232919244
-0.487252329192437
-27.1392523291924
-3.79725232919244
-17.2072523291924
-4.80725232919234
-3.87725232919234
-3.99525232919244
-22.0272523291924
-33.4352523291924
-26.7112523291925
-27.2652523291924
-6.49925232919254
-31.0052523291925
6.73474767080746
7.65274767080746
-29.1752523291926
-18.0552523291926
-20.7752523291927
-26.8252523291928
-7.51325232919274
-19.6472523291928
-24.1852523291927
-41.5472523291927
-2.61725232919264
-3.47925232919274
15.8007476708072
31.5967476708071
6.31074767080706
6.22674767080706
-24.9392523291928
-18.3572523291928
-18.3572523291928
-31.6432523291928
-47.4312523291929
-13.7932523291928
20.9387476708072
-3.49525232919284
-29.6952523291928
-0.557252329192941
7.35274767080706
5.18674767080706
-21.401252329193
7.81474767080686
8.12874767080706
2.84874767080696
6.03874767080696
7.55474767080706
7.55474767080706
0.620747670806963
-21.2892523291929
-26.891252329193
-19.2252523291929
3.93674767080716
-22.0572523291928
5.24074767080726
7.01674767080726
11.8747476708073
27.4807476708072
-11.8052523291927
17.1187476708073
-23.7432523291928
9.91474767080716
15.6387476708072
35.4267476708072
19.4147476708073
19.4147476708073
-15.8972523291926
3.94474767080726
-62.8952523291927
-55.9412523291926
-14.0292523291927
-50.4532523291927
-4.45325232919274
-1.37525232919274
-12.8472523291927
15.6267476708073
