57.3199999999974
3.36399999999759
97.5919999999977
60.4559999999977
148.295999999998
44.291999999998
23.8939999999982
90.9799999999984
88.4819999999986
133.103999999999
140.593999999999
76.8459999999992
128.609999999999
113.212
111.172
121
66.1539999999997
87.3239999999997
116.732
138.272
138.094
147.888
141.058
142.403999999999
117.228
140.382
117.816
79.2320000000004
77.4860000000004
80.8680000000005
-18.4919999999995
53.7240000000006
71.7360000000004
75.4640000000004
12.3540000000004
23.0060000000004
27.8260000000005
-58.6139999999995
9.19600000000042
7.25600000000031
-16.3099999999998
-13.9019999999998
-37.5599999999999
43.8339999999999
53.558
-21.2400000000001
-14.3040000000001
115.18
65.7479999999998
20.8039999999997
99.4079999999997
104.87
19.9219999999997
111.546
39.1419999999998
68.7699999999997
71.5499999999997
87.9299999999997
166.428
7.2919999999998
56.6559999999998
129.968
129.576
39.4139999999998
52.6179999999997
120.196
117.22
132.462
88.5139999999997
137.9
121.272
107.76
126.549999999999
86.2399999999994
73.3199999999995
122.312
128.155999999999
119.312
83.3399999999995
37.5299999999995
116.026
95.0859999999996
118.408
121.908
44.3659999999997
35.4319999999996
70.1459999999996
51.9939999999996
115.846
67.4159999999998
31.3319999999998
90.4659999999998
115.564
84.9179999999998
-20.7840000000002
-20.7840000000002
81.8299999999998
36.8179999999998
116.158
32.4739999999997
115.528
114.408
86.2439999999997
39.2959999999998
117.516
60.1599999999997
102.624
34.1399999999998
73.9779999999998
47.8259999999997
103.264
46.1259999999997
12.086
32.8339999999999
108.116
102.958
28.9139999999999
43.1199999999999
60.3559999999999
77.0259999999999
37.302
50.206
38.0679999999999
33.4759999999999
101.918
108.266
2.78399999999988
48.8999999999998
68.3899999999998
58.8079999999998
37.1339999999998
38.3999999999998
44.1959999999997
33.8319999999997
81.6799999999996
69.5099999999996
92.7379999999996
58.5979999999996
57.5399999999996
70.2359999999995
65.7859999999995
110.622
45.6659999999995
45.6659999999995
37.2699999999995
85.5839999999995
87.2539999999996
32.0319999999996
90.5699999999995
94.7359999999995
68.0219999999995
50.3179999999995
73.8239999999996
46.0519999999996
91.8479999999996
24.3479999999996
98.0759999999997
90.0999999999997
49.0159999999997
95.5959999999997
30.1279999999997
89.6719999999996
30.0799999999996
-2.96800000000042
30.3979999999997
30.8599999999997
94.9759999999999
92.2759999999998
59.1819999999999
24.4799999999998
11.5119999999998
106.826
50.6939999999998
92.3679999999997
26.1939999999998
32.0919999999999
43.7699999999999
-4.81000000000012
60.4399999999999
110.378
40.9219999999999
102.026
76.5579999999999
46.9119999999999
35.4459999999999
51.7099999999999
5.9799999999999
97.5739999999999
119.824
17.2279999999998
77.8999999999999
119.926
62.6739999999999
125.872
102.124
55.2619999999999
57.7199999999999
106.194
93.1559999999999
101.662
112.46
114.756
54.8299999999999
57.332
41.8300000000001
66.4900000000002
49.0420000000001
55.664
69.2679999999999
45.9239999999998
38.9479999999998
102.882
106.146
10.5579999999999
36.1339999999998
51.6599999999997
108.134
77.7899999999997
103.434
104.766
33.4119999999997
58.8959999999997
34.2379999999997
94.7739999999997
36.6539999999998
54.0039999999997
113.098
108.626
78.4599999999998
109.358
99.1079999999998
46.3999999999998
25.7579999999998
98.3159999999998
107.012
91.4339999999997
73.1439999999998
54.5359999999998
33.5539999999998
114.816
112.022
100.91
112.206
88.0159999999999
37.4319999999997
120.156
109.696
109.696
65.0159999999996
41.5879999999995
44.1739999999996
54.8079999999997
65.8319999999997
44.0079999999997
-1.29800000000023
75.9439999999996
48.9199999999997
14.6379999999996
85.1719999999996
23.2419999999997
34.0099999999998
94.4099999999997
54.9039999999998
52.2799999999997
78.8759999999997
67.3259999999997
102.576
79.2519999999997
55.6339999999997
37.7039999999997
96.9119999999998
48.6679999999997
59.8119999999997
47.5979999999997
32.9499999999997
43.1759999999998
95.5079999999999
49.6599999999999
42.7379999999999
75.338
11.5299999999999
102.7
35.6159999999999
16.994
37.2419999999999
53.6099999999998
47.5839999999998
91.4839999999998
65.5639999999998
111.084
48.27
122.37
47.5960000000001
70.9719999999999
69.706
96.824
-2.66000000000008
27.4779999999998
37.3619999999998
26.0979999999998
29.3159999999997
135.414
62.6459999999998
31.6859999999998
38.9079999999999
104.318
49.3679999999999
82.8479999999999
28.17
128.784
35.9959999999999
78.6499999999999
0.17799999999994
70.8439999999999
13.0639999999999
24.4379999999999
14.8859999999999
13.3739999999999
67.7539999999998
28.1179999999998
106.022
120.544
-38.4900000000001
-38.4900000000001
115.908
45.8699999999999
54.8079999999999
107.46
77.2219999999999
111.158
70.7339999999999
112.746
42.3819999999998
119.374
109.044
58.6859999999999
37.2739999999999
50.896
113.348
91.106
104.756
49.958
49.388
94.1700000000001
65.1140000000002
111.53
94.0300000000002
109.834
101.45
101.09
63.3100000000001
101.474
82.9660000000002
57.0820000000003
64.6940000000004
37.9760000000003
49.1060000000003
74.6920000000003
44.5460000000003
76.8740000000003
38.6080000000003
115.506
38.1340000000004
50.0500000000004
33.8820000000003
100.884
69.9200000000004
66.8080000000002
39.6260000000002
72.1900000000002
107.068
37.3680000000003
48.2000000000003
44.7120000000003
15.9620000000003
110.712
18.8980000000003
17.1480000000003
17.9780000000004
69.5920000000003
43.7680000000002
78.1320000000002
75.0980000000002
100.362
52.816
57.896
67.278
93.942
30.994
28.112
-3.68999999999994
64.3860000000001
83.9920000000001
70.4560000000002
43.5280000000001
43.2280000000001
-7.65000000000009
4.71399999999994
1.29199999999997
50.0819999999999
107.226
63.3519999999999
32.3799999999999
57.0439999999999
39.1339999999998
94.9199999999998
68.4879999999998
33.1879999999998
61.6999999999999
86.5099999999998
64.7079999999999
76.7619999999999
57.5019999999998
47.6859999999998
32.9979999999998
93.3939999999999
75.836
42.9499999999999
50.6019999999999
-9.48200000000008
86.2919999999999
71.6799999999996
128.29
89.7799999999997
99.3419999999998
42.3819999999999
81.3159999999997
83.5239999999997
51.9699999999997
64.5679999999997
98.4719999999998
59.7119999999998
60.0339999999998
98.7159999999998
60.1339999999998
113.276
116.364
99.3239999999998
46.6799999999998
68.6719999999998
61.9099999999998
115.284
53.1979999999998
107.586
99.5519999999997
79.2019999999998
22.9499999999998
50.7839999999998
16.3139999999998
52.7779999999997
113.186
54.4319999999997
106.748
51.406
83.86
109.36
65.9920000000002
65.5600000000003
35.4260000000004
53.3520000000003
58.7400000000003
35.2320000000001
40.5120000000001
87.0980000000001
64.2200000000001
39.5420000000001
117.748
56.3379999999999
110.066
101.604
61.4639999999997
78.8379999999997
41.3819999999998
76.4899999999998
89.9739999999998
52.3899999999998
103.694
109.072
79.7399999999998
108.222
50.6259999999999
83.3499999999999
87.5939999999999
68.1479999999998
68.5159999999998
55.5859999999998
79.0279999999997
75.9779999999998
100.902
70.0179999999998
100.656
52.6239999999997
68.5999999999996
31.2139999999996
71.3839999999996
119.084
103.776
105.63
67.2759999999997
74.6019999999998
70.8639999999999
98.3219999999999
89.8519999999999
70.3059999999999
9.19199999999995
105.12
53.696
34.004
69.5840000000001
78.262
62.442
98.01
92.02
81.886
93.59
78.222
35.078
96.152
69.598
67.432
22.368
45.258
95.83
93.3220000000001
28.61
103.794
80.67
63.476
77.85
-5.01599999999985
112.834
46.2480000000002
78.45
66.62
31.7140000000001
93.7720000000002
44.244
34.7880000000001
95.7120000000001
50.4999999999999
103.604
103.26
97.204
50.3019999999999
78.7479999999998
64.9619999999998
94.7619999999998
-13.3520000000007
54.2759999999993
91.7639999999994
49.4999999999994
105.127999999999
61.6939999999994
75.6139999999995
24.4919999999995
109.501999999999
63.5119999999994
86.7039999999994
116.064
122.94
43.5579999999995
101.176
106.086
57.4419999999995
92.3259999999995
67.5779999999996
65.3819999999996
101.122
80.1299999999995
71.6599999999996
3.21999999999952
30.1459999999995
114.1
66.3119999999996
5.9419999999995
112.114
-11.5960000000005
-11.5960000000005
-11.5960000000005
-11.5960000000005
-11.5960000000005
77.9139999999997
77.9139999999997
77.9139999999997
77.9139999999997
84.8299999999998
58.6979999999997
79.4919999999998
56.4599999999996
70.8999999999996
118.762
78.6599999999996
131.192
96.2559999999995
85.6499999999995
63.6339999999995
84.9139999999995
65.8699999999995
108.513999999999
101.917999999999
96.0699999999994
91.6539999999994
88.1779999999995
53.7459999999995
41.6919999999995
81.9419999999994
107.405999999999
76.1679999999994
85.4859999999994
51.6399999999994
72.6019999999993
58.8699999999995
50.2779999999996
104.142
32.4639999999998
51.2919999999998
27.0659999999997
34.3999999999996
64.5759999999997
85.9939999999997
61.5659999999997
82.0899999999997
65.1219999999996
63.1199999999996
56.3219999999996
88.7119999999996
3.9399999999996
53.6159999999998
63.2579999999998
108.644
39.068
67.4760000000002
29.8840000000003
22.9180000000003
34.4520000000002
79.6780000000002
68.5820000000002
51.6540000000003
92.8700000000003
52.3520000000003
45.8320000000003
76.0820000000003
89.0800000000003
98.3460000000003
26.2160000000003
30.8340000000003
77.9260000000003
80.3660000000003
23.3080000000003
54.2840000000003
61.4700000000003
68.2520000000003
87.3100000000003
43.1000000000003
96.6860000000003
69.3600000000005
55.4800000000006
58.8200000000006
26.2460000000006
113.676
89.1780000000003
56.9340000000004
101.612
103.238000000001
78.7660000000006
73.2660000000007
72.9200000000008
61.3660000000007
72.0280000000007
112.016
64.6380000000004
59.7620000000004
98.5600000000003
51.9740000000003
90.0280000000004
100.126
81.0760000000004
74.9880000000003
44.6680000000003
48.7560000000003
67.6080000000003
37.2800000000003
54.5360000000003
60.3500000000004
99.6120000000004
54.7760000000004
51.3280000000004
95.9640000000003
65.0480000000003
92.5820000000003
95.6700000000004
70.2240000000003
37.4900000000003
83.0360000000002
95.7340000000002
19.8120000000002
30.4780000000002
69.1580000000001
38.6640000000002
101.082
77.6100000000005
88.0620000000008
14.1420000000006
59.5980000000005
69.3840000000004
69.9280000000003
43.5840000000003
39.1760000000004
72.7640000000004
89.096
64.84
74.4400000000001
52.638
66.0960000000001
75.9160000000002
77.1760000000002
46.8660000000002
107.964
93.4860000000002
44.3460000000002
47.3540000000002
51.8340000000002
55.1480000000002
107.692
78.1740000000001
26.0500000000002
114.522
45.3600000000002
105.248
86.7980000000001
42.1800000000001
104.008
101.78
86.0280000000001
50.6720000000001
48.6660000000002
42.5980000000001
100.416
66.056
68.728
97.45
61.0820000000001
85.5480000000002
97.7140000000004
57.1260000000004
64.0420000000004
78.9640000000003
46.1260000000003
51.8060000000003
75.0620000000003
69.3100000000003
-35.2319999999996
106.406
84.5000000000005
50.2640000000004
122.366
76.0840000000003
39.7800000000004
74.0880000000004
59.6280000000003
55.1300000000004
117.692
63.2420000000004
67.9480000000004
100.284
97.2320000000004
90.6280000000004
26.7320000000004
68.5220000000004
57.9000000000004
