35.2499999999995
88.8879999999996
88.8879999999996
62.5059999999996
-14.4660000000005
15.2719999999995
17.7219999999996
-20.6740000000004
56.3659999999996
37.8579999999996
67.3179999999996
40.0559999999998
2.47199999999981
38.7799999999998
78.2639999999998
-1.72400000000022
94.9719999999998
-7.71400000000011
18.4479999999999
85.8579999999999
70.7719999999999
83.5279999999998
97.1239999999998
87.0239999999998
96.1859999999998
32.2019999999998
110.776
79.4719999999998
122.118
122.118
76.9779999999998
2.59399999999982
80.4399999999998
52.1319999999998
1.2879999999999
70.7219999999999
87.4019999999999
36.1879999999999
94.024
60.886
119.444
96.912
123.77
106.6
85.6319999999999
103.91
113.072
67.122
122.702
97.22
92.7019999999999
23.2499999999999
78.936
20.7119999999999
135.956
55.2199999999999
42.8839999999999
131.8
109.594
56.5980000000001
79.062
15.876
106.054
41.192
100.508
123.816
94.512
90.264
97.732
53.2300000000001
77.5700000000001
-11.1799999999998
-42.2839999999998
51.8420000000002
29.9060000000002
-35.6899999999997
71.7520000000004
49.7320000000006
89.4940000000004
66.2400000000004
66.2400000000004
15.5420000000003
-7.58199999999971
-4.54199999999969
86.2680000000003
11.8460000000002
69.8040000000002
4.47200000000021
32.9620000000002
132.756
110.226
117.606
117.606
67.9420000000002
-9.46599999999978
39.0300000000003
22.3620000000002
86.9340000000002
98.2940000000002
68.6780000000002
75.0080000000001
75.426
96.8599999999999
40.1079999999999
104.558
14.1059999999999
57.1019999999999
94.3619999999999
11.538
68.9039999999999
17.792
25.684
-1.20200000000017
39.0339999999998
61.7559999999999
76.7199999999999
-0.88000000000028
125.158
88.8959999999996
79.4819999999996
92.8339999999996
76.1599999999996
104.91
87.3959999999995
128.848
61.4619999999995
6.40999999999946
53.7839999999995
58.4919999999995
104.497999999999
78.1959999999995
124.047999999999
111.718
56.1459999999996
77.7819999999996
12.8219999999996
-5.99400000000043
48.2819999999996
144.45
91.9759999999995
96.8259999999997
19.4939999999998
65.5359999999998
25.7719999999998
97.4679999999996
109.862
25.0539999999997
51.3779999999998
37.3399999999997
65.0859999999996
63.7939999999996
59.7699999999997
35.2439999999997
124.586
91.6879999999997
103.01
87.6159999999997
47.8119999999997
70.1619999999997
95.7599999999997
-13.5880000000004
24.1059999999997
63.8299999999996
265.538
289.128
86.1639999999996
86.1639999999996
17.0719999999995
23.7439999999996
81.4659999999996
112.736
137.519999999999
66.278
92.5980000000001
30.996
52.738
133.732
97.6900000000001
128.27
109.832
52.768
154.884
121.38
121.38
121.38
121.38
121.38
128.222
95.08
118.76
142.218
163.304
112.134
123.594
76.9540000000002
156.254
112.196
148.292
146.292
113.346
168.324
57.3800000000003
73.0220000000002
16.164
54.7180000000001
46.2080000000001
65.6000000000001
79.6120000000001
31.7280000000001
96.1200000000001
111.262
69.1580000000001
39.5120000000001
25.766
26.298
67.178
57.726
111.484
66.76
109.028
36.2460000000001
90.614
82.5779999999999
35.7119999999999
113.666
87.2559999999999
89.4499999999999
115.518
87.2040000000001
80.6940000000001
33.01
51.1320000000001
22.3680000000001
74.044
73.098
58.7679999999999
72.6619999999999
84.3019999999999
125.762
92.0299999999999
22.5599999999999
85.408
17.948
110.42
92.3439999999999
59.776
35.7019999999999
61.838
6.79999999999995
28.006
-17.2779999999999
107.71
-53.6699999999999
26.4860000000002
28.9720000000002
61.0020000000001
24.5620000000001
13.3580000000002
75.7080000000002
102.384
21.0380000000002
24.2840000000002
7.28800000000024
-13.5039999999998
21.1060000000002
-5.01799999999992
24.1380000000001
40.2440000000001
33.4600000000002
93.4800000000002
36.2820000000002
68.6880000000002
16.7980000000002
139.736
63.7139999999999
129.474
114.768
101.416
146.474
50.5119999999999
12.9259999999998
102.226
30.6239999999997
74.1439999999997
-14.9240000000002
68.8619999999998
76.1059999999998
78.9639999999998
158.128
149.326
69.9079999999998
131.356
12.9219999999997
13.2339999999998
28.8719999999998
126.244
79.9379999999998
29.8499999999998
34.5379999999998
118.118
39.3259999999998
52.0399999999998
76.4339999999998
127.53
22.9099999999999
82.9359999999999
48.4359999999999
116.254
93.458
68.4040000000001
162.578
110.396
78.546
153.05
150.024
152.398
110.418
93.9340000000002
101.762
182.01
119.664
111.7
99.2120000000003
94.3420000000002
70.0600000000002
54.5380000000002
32.4780000000002
65.86
118.132
88.046
89.742
107.644
125.51
97.3839999999999
103.412
21.7739999999998
85.7739999999998
58.6499999999998
68.4899999999996
93.3739999999996
101.98
50.5039999999996
27.7719999999995
25.0519999999995
83.4079999999996
46.0899999999996
71.1599999999997
88.9939999999997
88.1699999999997
101.484
117.624
96.1659999999997
58.7099999999996
97.9399999999996
86.0379999999996
110.746
25.4799999999997
29.3699999999997
61.9739999999998
109.262
113.104
77.3219999999997
129.154
35.7539999999997
68.1199999999997
111.786
21.5819999999997
136.53
95.4379999999997
89.2939999999998
96.0519999999997
22.4099999999997
96.8559999999997
69.9399999999996
101.08
74.2799999999997
79.0639999999997
1.66199999999969
1.66199999999969
21.7859999999997
113.898
113.006
99.0259999999998
73.7899999999999
112.224
124.35
33.312
91.776
38.804
69.4660000000001
45.6880000000002
41.2120000000002
31.2800000000001
19.7500000000001
63.2620000000001
17.8020000000005
14.7520000000005
-65.8059999999996
54.0320000000005
77.5200000000005
117.552
125.45
73.2920000000005
124.906
115.482
63.2840000000004
123.628
44.4200000000004
45.5060000000004
58.5340000000004
43.7500000000004
47.4360000000004
79.6260000000005
1.07400000000052
58.9840000000004
116.244
40.5040000000003
64.3120000000003
97.1400000000003
118.94
83.7100000000004
12.5200000000004
121.422
77.2260000000004
72.0440000000004
93.7600000000004
-27.8679999999997
99.2040000000004
100.094
95.9520000000003
36.7860000000002
161.968
118.41
124.404
86.1820000000002
143.606
102.464
50.3160000000001
82.98
129.808
124.108
126.718
114.436
80.508
90.068
95.9880000000001
139.728
56.114
123.828
94.168
49.5140000000001
70.33
7.26600000000002
150.31
159.402
108.778
96.05
127.798
97.5240000000001
40.9
71.1999999999999
68.68
79.5359999999999
19.146
87.9120000000001
112.79
114.504
58.904
80.028
123.148
81.7340000000002
51.5540000000002
92.7940000000002
56.708
84.1260000000001
106.22
95.3340000000001
15.7620000000002
109.39
76.4360000000002
74.7920000000002
83.9380000000002
106.038
102.054
58.8420000000002
83.8140000000002
44.6700000000002
128.144
92.9720000000003
68.2580000000003
91.8660000000003
141.65
58.8740000000001
84.6000000000001
107.06
86.8000000000002
135.736
145.492
89.8280000000001
153.212
59.2100000000002
77.9400000000002
128.312
91.4220000000002
104.762
127.594
116.256
81.7680000000003
110.356
103.204
107.584
64.9740000000004
129.414
50.4640000000003
144.46
109.348
97.7420000000001
64.1420000000002
118.59
88.9840000000001
92.6940000000001
62.5720000000001
63.1340000000001
69.8820000000001
37.748
32.076
76.866
64.058
4.87600000000009
68.662
40.728
52.2620000000001
-0.805999999999926
74.7300000000001
55.4800000000001
59.5680000000001
64.224
64.224
54.828
57.778
82.91
84.534
47.472
80.0199999999999
17.7299999999999
59.5319999999999
87.9619999999999
10.4999999999999
73.9479999999999
61.756
28.0559999999999
78.4559999999999
21.1279999999999
67.68
46.5360000000001
70.148
94.272
29.974
89.0600000000001
142.506
79.9260000000002
136.882
27.3460000000005
76.5500000000005
103.158
86.8700000000005
86.3680000000005
46.8780000000005
51.3700000000005
76.0060000000005
60.0400000000005
94.3740000000005
79.8320000000004
61.0200000000004
50.1660000000004
35.4360000000004
120.694
104.41
-2.63799999999952
113.476
110.328
62.4280000000004
64.0680000000004
12.7900000000004
96.4380000000004
151.156
98.3420000000003
33.0440000000002
14.3520000000003
14.1280000000002
14.9780000000002
4.47400000000027
135.322
92.3720000000003
56.8580000000003
103.714
113.31
88.9859999999999
80.6979999999999
75.1159999999999
98.506
83.4039999999999
150.498
64.9479999999999
127.084
91.184
74.752
23.644
112.192
110.24
107.026
99.3539999999999
115.04
81.134
66.564
59.1959999999999
14.874
-13.864
70.788
60.5900000000001
72.8280000000001
51.3140000000001
96.2600000000002
64.8220000000002
88.0520000000002
62.3440000000002
26.5260000000002
43.3940000000001
62.178
50.93
9.51999999999993
-33.4400000000001
8.94599999999974
39.0759999999997
38.6819999999998
56.7359999999998
65.2819999999998
24.9479999999997
24.6859999999997
9.01999999999964
28.4219999999996
95.3739999999997
100.023999999999
88.9579999999995
36.6699999999995
145.615999999999
64.7159999999995
62.0639999999995
67.7499999999995
108.087999999999
97.2619999999995
114.185999999999
37.3739999999995
23.5759999999995
100.007999999999
107.985999999999
81.6099999999995
41.1979999999995
19.8419999999995
82.6099999999994
60.7459999999994
-22.5380000000006
-17.0940000000006
83.3859999999994
34.6499999999999
100.548
161.854
1.68799999999987
7.58399999999989
53.3319999999999
94.7439999999998
63.5339999999998
105.348
52.1879999999996
102.694
-9.74600000000032
-15.4500000000002
-1.58400000000012
12.2239999999999
47.1679999999998
23.1359999999998
91.316
22.66
108.974
89.2859999999999
59.3179999999999
73.5499999999999
72.1479999999999
124.08
90.6839999999999
93.572
132.596
85.17
31.336
104.866
60.5679999999999
131.53
103.692
120.006
178.11
104.13
134.316
99.0879999999999
145.716
152.062
47.1719999999999
96.2140000000001
30.384
6.44599999999997
106.866
131.44
122.738
113.174
104.178
66.0319999999999
102.688
67.2439999999999
101.894
61.8899999999998
88.9819999999997
88.9919999999997
73.9439999999998
139.916
183.99
89.4999999999998
89.4999999999998
89.4999999999998
147.128
147.988
84.5439999999998
144.352
120.546
99.2139999999998
103.674
124.884
87.3099999999998
16.7739999999998
88.4619999999998
69.5159999999998
10.5759999999998
158.814
51.9639999999998
86.6219999999998
62.8679999999998
98.954
21.244
133.166
78.568
123.444
95.7899999999999
0.409999999999968
170.488
-19.972
-13.166
75.1640000000001
86.082
103.272
115.44
-68.354
-68.354
-20.4580000000001
33.2619999999998
68.4619999999998
126.024
106.854
50.9199999999998
147.48
60.192
80.98
21.6059999999999
76.814
74.6060000000001
119.216
329.092
341.328
125.122
154.426
139.464
98.764
22.136
77.556
29.764
128.504
146.024
128.728
20.8919999999999
73.3079999999998
97.2739999999998
87.7159999999998
198.206
121.372
166.196
121.472
69.4819999999997
168.974
134.074
