-68.5279320507547
-26.4819320507547
-14.6199320507547
-98.4219320507548
-64.9959320507548
-7.93993205075515
-40.4819320507549
-14.5299320507551
-130.409932050755
-110.607932050755
-77.5559320507555
-135.899932050756
-49.131932050756
-2.40393205075614
-58.309932050756
43.9460679492439
8.84806794924386
11.3200679492438
-9.99993205075624
34.6860679492439
41.1340679492438
-34.0279320507566
-13.4639320507568
-45.4839320507567
61.2360679492438
40.1180679492429
29.2520679492428
116.216067949243
-9.53193205075715
29.8840679492428
12.3260679492429
100.470067949243
43.2960679492429
-94.8019320507571
32.3200679492429
54.3560679492429
25.3380679492429
-4.44393205075714
59.0660679492429
26.7180679492429
11.4660679492429
13.7420679492429
-2.67793205075715
26.7540679492429
107.050067949243
-69.477932050757
-92.2139320507571
-12.345932050757
-24.8119320507571
147.186067949243
16.8880679492429
73.0940679492429
-9.66793205075714
60.9780679492428
10.3580679492429
-67.3019320507569
42.4460679492429
-21.4279320507571
95.6920679492428
31.7680679492429
-14.0839320507572
14.7400679492429
-31.4859320507571
46.1540679492429
-62.0259320507572
66.0260679492428
49.0800679492428
10.1040679492428
-51.7859320507573
-22.2459320507573
-77.3039320507573
106.478067949243
-6.01993205075715
59.6420679492429
7.85806794924285
30.4460679492429
36.7360679492429
67.3640679492429
79.2380679492429
-60.1439320507574
-114.561932050757
-10.0999320507573
95.7240679492429
-23.5219320507574
3.31006794924285
-104.141932050757
-51.7539320507573
21.8080679492429
-84.9999320507574
-48.6259320507573
133.528067949243
40.1820679492429
-17.0619320507573
-25.0019320507572
66.5540679492429
41.1640679492428
33.0360679492429
22.5080679492428
65.2380679492429
-76.1959320507569
-103.835932050757
-74.181932050757
-100.555932050757
-71.903932050757
-87.027932050757
-75.521932050757
-82.675932050757
-73.1819320507572
-76.889932050757
35.7160679492428
38.0980679492428
-39.1439320507568
4.93206794924285
-5.97393205075714
140.694067949243
32.9600679492428
-113.353932050757
11.3020679492429
-7.66793205075714
74.3180679492428
-85.0399320507568
-2.62793205075715
57.8220679492429
63.3800679492429
-37.2659320507568
-10.0179320507568
-16.409932050757
-125.911932050757
18.3780679492428
-21.6739320507567
1.09406794924286
30.9480679492428
130.780067949243
-2.24793205075714
-116.727932050757
44.2220679492428
89.6580679492428
20.6760679492428
-43.5239320507569
24.6180679492429
-16.829932050757
18.4760679492429
-141.125932050757
1.01406794924286
-111.713932050757
-56.169932050757
-136.507932050757
-116.443932050757
-1.56393205075715
101.496067949243
73.9980679492429
-152.705932050757
75.7820679492428
-53.7679320507571
-100.651932050757
-5.30593205075715
-47.1599320507572
-14.9259320507572
14.2360679492429
-21.0499320507572
85.8320679492429
-8.96593205075715
-53.4359320507572
-61.0479320507573
18.9960679492428
-20.5419320507575
40.5140679492428
-12.8039320507575
24.1160679492428
75.8600679492428
54.2780679492419
32.1380679492418
9.84406794924185
56.8020679492419
14.0380679492418
-52.0579320507578
52.4540679492418
84.3420679492419
-16.4699320507576
54.6200679492418
33.1380679492418
48.7300679492419
50.7700679492428
-18.8199320507576
16.3780679492428
22.7000679492429
-100.137932050758
-69.8699320507577
108.170067949243
65.4460679492429
82.9080679492428
41.9820679492429
41.9820679492429
0.650067949242853
101.682067949243
111.298067949243
33.2660679492429
5.60806794924285
13.1400679492428
137.014067949243
-76.0059320507571
-9.39793205075715
-34.7999320507572
37.1420679492429
-88.6019320507571
66.8760679492429
19.6760679492428
-6.45793205075715
-23.937932050757
81.6280679492428
20.4820679492429
-48.7439320507569
14.8600679492428
-0.17593205075714
-37.587932050757
-37.3819320507571
65.1620679492428
85.6780679492429
30.8960679492428
-5.68393205075715
59.0080679492428
67.2700679492428
-4.10393205075715
17.7960679492429
16.2860679492428
49.5660679492429
-163.377932050757
-51.7259320507572
-61.3439320507572
71.4800679492429
-86.1799320507572
24.9060679492428
59.4480679492428
-5.93793205075714
88.7580679492428
-26.0539320507574
-37.5639320507573
-15.0719320507573
61.4980679492429
61.4980679492429
54.8320679492429
-11.1419320507573
14.5000679492428
12.6060679492429
75.1900679492429
63.5260679492428
9.20606794924285
-6.11593205075715
-9.75793205075715
79.4560679492429
7.24206794924285
-15.813932050757
-32.8199320507569
62.0320679492428
33.2080679492429
48.1580679492428
-46.701932050757
77.0680679492428
-12.071932050757
21.9700679492429
45.2220679492428
51.0260679492428
-95.4979320507569
-44.015932050757
31.5120679492429
101.194067949243
-52.6079320507571
40.3620679492429
-121.503932050757
-16.0599320507568
-27.5239320507567
33.1420679492429
92.2980679492429
-42.3659320507569
-21.9319320507569
81.7160679492428
-20.025932050757
-22.3599320507571
-92.055932050757
-1.90193205075715
-178.109932050757
-178.109932050757
-178.109932050757
-178.109932050757
45.7400679492428
160.920067949243
25.8100679492429
22.1000679492429
-67.2419320507572
-33.8259320507571
4.37206794924285
160.472067949243
-15.1559320507572
-26.5739320507572
33.4800679492429
-4.55793205075715
-0.559932050757141
11.0880679492429
124.572067949243
11.4980679492429
-128.325932050757
-134.955932050757
-11.7059320507569
-203.015932050757
82.5760679492429
18.9700679492429
18.9700679492429
-21.607932050757
-7.06193205075715
26.0820679492429
-47.839932050757
-28.3699320507571
-104.829932050757
-92.669932050757
-66.0719320507571
-54.4899320507571
-66.2159320507571
62.6240679492429
-124.101932050757
-9.60993205075715
-103.673932050757
138.762067949243
-92.2499320507571
-24.753932050757
-14.955932050757
20.6620679492428
-19.3159320507569
8.34206794924285
65.3480679492428
23.2440679492429
-32.899932050757
36.5960679492429
-67.2439320507571
61.0260679492428
-54.971932050757
-14.6899320507572
-30.699932050757
2.70606794924285
79.2860679492429
67.8260679492429
49.9440679492429
-54.673932050757
56.6100679492428
93.6980679492428
9.34206794924285
-45.969932050757
103.954067949243
-10.7739320507569
-61.8099320507569
12.8040679492428
56.7160679492428
-12.5239320507569
50.5300679492429
36.0120679492429
-39.9579320507571
9.70606794924285
47.3100679492429
18.5840679492429
61.8480679492428
98.4240679492428
16.9340679492429
-71.6079320507571
49.6940679492429
-35.1399320507571
145.620067949243
69.6960679492429
61.2880679492428
85.6080679492429
-8.41193205075714
43.5580679492429
0.780067949242849
47.3080679492429
-111.385932050757
-26.6859320507569
82.0560679492428
46.4820679492429
-68.967932050757
46.2060679492429
-75.0779320507571
102.076067949243
-26.7919320507573
-91.2439320507573
76.7560679492429
51.9820679492429
-55.4399320507573
-46.6439320507571
42.6980679492428
110.582067949243
-19.3719320507572
31.3200679492429
2.91206794924285
-32.5239320507572
-9.93593205075715
-9.38193205075714
127.724067949243
16.9180679492429
-18.1879320507572
-5.71593205075715
39.5680679492428
81.5680679492428
-42.589932050757
25.1800679492428
-36.9219320507571
36.3400679492429
23.1940679492429
53.2860679492429
-0.187932050757141
-57.753932050757
51.4800679492429
113.850067949243
285.156067949244
276.878067949243
259.456067949243
-14.3919320507569
-53.1259320507569
-86.793932050757
7.95206794924286
104.064067949243
24.6140679492429
-86.195932050757
9.35006794924286
96.9620679492429
-18.8759320507569
-31.289932050757
-139.655932050757
-30.823932050757
-2.33993205075714
-78.5199320507569
-114.423932050757
-113.823932050757
39.1120679492429
-0.0679320507571504
-91.0979320507571
-24.651932050757
-20.9559320507569
-89.0939320507569
-34.5479320507569
-58.193932050757
6.92006794924285
34.2500679492429
-40.3339320507569
-36.713932050757
-33.0419320507569
-83.895932050757
-138.945932050757
-68.2379320507569
-103.015932050757
-66.0959320507568
12.9080679492428
56.0040679492429
154.490067949243
121.020067949243
-86.9659320507568
27.2540679492429
-61.1279320507569
21.8520679492429
-123.025932050757
-10.8459320507568
-19.8899320507569
14.2020679492429
-39.413932050757
-85.6759320507572
-35.9879320507572
-4.51393205075715
16.9140679492428
50.9040679492429
-77.9459320507571
-60.0119320507569
-38.413932050757
3.93006794924285
63.7000679492429
-26.5779320507572
-56.2099320507573
-61.8339320507573
-9.62393205075715
-11.1839320507573
-85.9319320507574
17.4680679492429
-97.4899320507572
-84.1499320507573
24.9620679492429
-93.6839320507573
-50.6319320507573
13.0960679492429
-18.1519320507573
22.2620679492429
-11.7579320507573
-19.8919320507573
-2.48193205075715
35.1980679492428
186.460067949243
215.158067949243
185.036067949243
107.998067949243
107.620067949243
64.6060679492429
193.736067949243
158.866067949243
-42.939932050757
-6.40393205075715
72.8720679492428
154.570067949243
141.908067949243
58.0120679492429
-41.2119320507572
8.53206794924286
25.5220679492429
-16.6599320507572
-25.5039320507572
-95.2739320507571
-80.2939320507572
-4.39793205075715
9.14806794924286
32.2340679492428
-125.987932050757
-81.6699320507572
-49.4479320507572
-29.0879320507571
151.198067949243
189.606067949243
88.9720679492428
71.8940679492429
118.878067949243
30.2920679492429
6.83206794924385
85.0680679492438
156.134067949244
145.700067949243
160.788067949243
-68.8199320507564
-127.157932050757
-78.5719320507564
-166.517932050756
-57.1639320507564
-129.039932050756
-112.341932050756
-102.417932050756
-12.6879320507564
-32.9899320507565
-9.23393205075615
37.4340679492439
8.42006794924386
69.6380679492439
26.8020679492438
3.75806794924286
78.4640679492429
-60.3299320507566
-95.2479320507565
51.3980679492429
-44.6199320507567
-5.82993205075715
58.4520679492429
122.806067949243
109.760067949243
-105.169932050757
-82.9919320507569
-36.785932050757
-126.411932050757
-57.4099320507572
-34.1999320507572
-75.3619320507573
-124.425932050757
-126.003932050757
-69.4459320507573
-144.421932050757
-11.3099320507572
-59.8619320507573
-75.0279320507574
-156.635932050757
-52.5519320507574
-118.889932050757
-128.257932050757
-13.9059320507575
-97.2299320507576
-40.1059320507575
-38.3239320507575
81.7600679492429
109.540067949243
19.8760679492429
1.47206794924286
-17.3299320507571
-42.283932050757
-120.633932050757
-22.7019320507571
15.3120679492429
7.11606794924285
0.892067949242858
13.4260679492428
44.1300679492429
-31.9859320507571
60.3140679492429
-83.471932050757
-80.0079320507571
-76.5599320507571
-84.5699320507571
-70.5459320507571
9.13806794924285
84.3620679492429
-37.3919320507569
-2.09393205075715
30.6740679492428
-49.801932050757
29.3480679492428
-16.2679320507571
-61.3779320507571
-50.7239320507572
-97.2419320507571
-57.2799320507572
-158.329932050757
61.2320679492429
-72.6099320507572
-0.81193205075715
25.7520679492428
-10.5039320507571
0.648067949242858
-36.9059320507571
-56.7159320507571
-7.98593205075714
-27.9979320507571
63.6680679492428
70.7660679492429
98.9180679492428
100.928067949243
136.018067949243
-49.8159320507568
44.4820679492429
-75.5179320507569
-136.593932050757
-9.83793205075715
-33.9399320507571
-16.583932050757
-29.015932050757
-60.403932050757
36.8800679492429
82.8080679492429
-32.7459320507568
92.4320679492429
30.4640679492429
40.9520679492429
144.998067949243
141.120067949243
86.5040679492429
125.538067949243
44.4080679492428
81.4880679492429
50.3700679492429
43.0500679492428
-46.109932050757
6.06406794924285
12.3280679492429
-34.0359320507574
-143.299932050757
89.1780679492429
130.700067949243
-54.6939320507574
-59.5879320507574
-134.265932050757
53.2300679492429
45.0120679492429
-38.2239320507575
27.2580679492428
72.9860679492429
42.0400679492429
55.7980679492429
-11.0399320507574
80.2560679492429
-96.4999320507576
46.7480679492429
46.7480679492429
-33.4379320507578
-199.415932050758
-92.0499320507576
-190.039932050758
-59.8559320507577
-193.213932050758
-80.7199320507577
-198.933932050758
139.788067949242
145.254067949242
61.4680679492419
87.4980679492419
121.632067949242
112.938067949242
-137.871932050758
16.5700679492419
25.5480679492418
-158.159932050758
-6.64593205075815
-22.813932050758
-17.1259320507579
-9.72993205075815
-107.731932050758
2.14406794924186
-48.8079320507579
46.1460679492419
-120.647932050758
4.46206794924186
-49.1219320507578
-61.9459320507577
-158.225932050758
50.3940679492418
60.2700679492418
82.6260679492418
81.2680679492418
80.8280679492418
115.306067949242
-95.1679320507578
17.9120679492419
35.4600679492418
-7.89193205075814
66.5120679492419
98.0760679492419
102.186067949242
-101.447932050758
-45.1579320507576
-76.3799320507575
-164.863932050757
-137.953932050757
23.8600679492428
106.962067949243
123.472067949243
123.472067949243
56.9160679492429
-87.9779320507572
-39.9019320507573
37.4880679492429
105.974067949243
-82.1319320507572
-16.3579320507571
-23.8559320507571
-89.3439320507572
-134.957932050757
-23.4479320507572
74.2120679492429
138.062067949243
105.658067949243
-84.2839320507572
-120.121932050757
-115.885932050757
-16.6179320507571
-62.9779320507571
37.1520679492428
142.794067949243
64.5080679492428
-94.1539320507569
-117.257932050757
8.94006794924286
25.9440679492429
110.228067949243
-16.8639320507569
-10.657932050757
93.7480679492429
115.884067949243
116.164067949243
52.6380679492429
100.574067949243
-40.1539320507571
32.3640679492429
42.1280679492428
73.5840679492429
18.4760679492429
47.9960679492428
-191.005932050757
-11.2379320507571
-179.363932050757
-162.141932050757
-69.3999320507571
-53.8979320507571
-82.9099320507571
1.85406794924285
-41.9619320507572
-110.885932050757
-118.283932050757
-29.887932050757
-76.913932050757
-69.407932050757
-102.099932050757
-118.257932050757
-94.641932050757
6.84606794924285
-16.505932050757
-119.259932050757
-169.011932050757
74.5280679492429
-14.1499320507568
-6.41193205075714
-111.313932050757
-20.7219320507568
-108.755932050757
3.90406794924286
84.8840679492428
-97.6539320507569
20.7320679492429
-77.1879320507568
-26.4839320507567
-52.7839320507567
13.4540679492429
-168.565932050757
-83.7519320507568
-97.9619320507567
-94.8799320507568
-35.1439320507566
-136.125932050757
26.3300679492428
8.71806794924285
36.7060679492429
16.2820679492429
13.4660679492429
17.3780679492428
131.880067949243
158.194067949243
127.734067949243
165.190067949243
243.246067949243
46.6360679492429
27.3020679492429
-26.3919320507569
32.8460679492429
