23.4399021692887
-10.954097830711
-21.8180978307109
56.5959021692886
13.1439021692887
3.11590216928916
69.4439021692897
-2.54409783071064
-7.32209783071055
29.2739021692897
-87.1420978307107
29.8299021692897
-48.9160978307108
-10.9580978307107
-17.1200978307107
77.8939021692896
-126.762097830711
-49.3620978307106
-140.278097830711
47.9699021692897
44.6799021692896
-43.2660978307104
-30.1140978307104
-44.9040978307105
124.24390216929
-67.3300978307105
-10.6820978307104
-54.9740978307104
10.3419021692897
-81.2480978307106
103.19390216929
29.7419021692897
55.4839021692896
-41.3500978307105
54.7339021692896
10.4439021692897
77.1619021692896
71.0659021692896
42.4199021692897
-105.614097830711
-105.614097830711
-105.614097830711
-97.4560978307105
104.23590216929
90.2119021692897
5.93590216928965
37.6719021692897
57.0039021692897
97.8119021692897
11.4659021692896
11.4659021692896
19.4019021692897
13.8439021692896
62.7799021692896
-67.2620978307098
-80.3220978307099
-65.5940978307097
11.7059021692897
176.54390216929
-75.83209783071
-17.0180978307101
-34.7740978307107
-0.17209783071084
28.6139021692897
-46.3740978307108
1.67990216928915
93.4179021692887
-58.2420978307108
-62.9200978307107
17.6079021692897
70.5719021692896
65.7319021692897
115.41390216929
57.9459021692897
-47.0700978307106
139.43590216929
36.1999021692897
59.9739021692897
166.53790216929
-73.6660978307108
47.3059021692897
45.0559021692897
97.6219021692897
113.19590216929
31.7519021692897
100.95590216929
-3.74209783071025
-87.7500978307103
-36.6180978307103
-18.2440978307102
8.69590216928975
-26.9800978307103
-10.2740978307106
-17.7960978307108
63.7519021692897
14.3639021692897
36.0839021692897
-57.0760978307106
-2.61809783071064
19.7159021692896
75.0579021692897
-17.4140978307105
14.8419021692897
-89.0700978307108
111.50790216929
94.2999021692897
141.17590216929
49.5959021692896
-17.0000978307106
37.1679021692896
-21.2660978307106
48.9519021692897
62.6599021692897
-32.5220978307106
53.6899021692897
62.7479021692897
80.9039021692897
82.9559021692897
-24.4500978307104
30.7739021692897
105.33390216929
105.33390216929
90.6739021692896
70.2199021692897
44.3279021692896
47.5819021692897
-4.72009783071034
-31.1480978307104
-69.5120978307104
56.5659021692896
-25.0940978307104
-91.7880978307105
65.5279021692897
-77.3160978307102
108.57790216929
-47.1020978307103
38.6939021692897
-32.3280978307104
-76.9680978307104
-26.1120978307104
49.3979021692897
34.8439021692896
-106.10409783071
-106.10409783071
-83.1380978307103
-97.4980978307103
11.0499021692897
-114.37609783071
-79.9480978307101
-46.23809783071
-75.73409783071
77.4219021692897
20.3859021692907
-16.0100978307097
-0.974097830709752
-31.9780978307099
-37.08009783071
3.02190216928996
116.77390216929
-3.84809783071005
-41.37209783071
-81.1480978307101
52.2879021692897
-28.32409783071
23.5259021692897
-62.25809783071
9.64790216928965
36.4159021692897
-32.06409783071
41.5839021692896
-6.10409783071005
9.59590216928966
136.32190216929
-27.1920978307102
104.98990216929
-91.4600978307105
-8.01609783071045
-40.2000978307105
23.5199021692897
-22.8180978307104
34.7599021692897
18.9439021692897
-103.09609783071
20.7259021692897
-33.9480978307103
3.92790216928965
-59.5080978307102
-60.9100978307103
8.14390216928966
-31.7940978307102
34.8699021692897
35.6279021692897
-69.8200978307104
-73.9980978307104
-38.9320978307103
13.1019021692897
-20.8340978307103
-1.52809783071035
-19.7240978307104
-17.9220978307103
53.6819021692897
-18.1320978307105
9.89590216928966
85.3839021692897
132.54190216929
-8.58609783071024
32.1559021692897
-5.60609783071014
-10.2120978307101
59.5959021692896
1.37390216928975
108.70790216929
28.2539021692897
-59.7240978307102
17.9179021692897
-2.65609783071004
-34.17609783071
-56.90209783071
83.6599021692897
46.3939021692896
39.1639021692897
82.0559021692897
36.3039021692897
-19.0000978307099
35.7599021692897
-74.99209783071
54.6979021692896
26.4239021692897
-16.0140978307098
31.0719021692897
-87.4500978307099
81.7219021692896
-71.1500978307099
28.0259021692907
50.6439021692906
-20.4720978307098
5.62590216929026
-24.6640978307098
76.9299021692906
-50.09009783071
4.87590216929006
-61.1700978307099
66.4799021692897
38.0339021692897
52.0059021692896
104.26590216929
17.7899021692897
-10.40209783071
-23.75009783071
-5.18809783071005
-45.46209783071
102.99190216929
8.61190216928995
-108.36809783071
-74.37209783071
-71.73209783071
-30.4980978307101
-40.7020978307101
34.0199021692897
39.7339021692896
21.9939021692897
14.9739021692897
-86.1360978307102
-85.8820978307101
-62.5440978307101
-85.6000978307102
-47.1240978307101
-48.1080978307101
21.7219021692896
21.7219021692896
93.9899021692897
50.7019021692897
26.8839021692897
28.5699021692896
-9.96809783071005
-57.40209783071
19.1239021692897
-63.18009783071
71.2019021692897
12.5359021692897
-113.41409783071
38.6979021692896
-48.45809783071
20.0499021692897
-95.29609783071
-118.48409783071
-49.60809783071
59.5099021692897
1.75790216928995
-2.67209783071014
31.5639021692896
-110.55209783071
-63.89809783071
-1.13609783071014
-15.33609783071
-42.01209783071
-24.3640978307102
-26.4880978307101
110.37790216929
35.7659021692897
35.7659021692897
-35.31209783071
-61.7140978307102
-49.3400978307102
-32.1400978307104
127.80390216929
24.4859021692897
-91.9940978307104
-106.50809783071
-40.6260978307104
-118.15609783071
-130.03809783071
-130.03809783071
66.3719021692897
27.2579021692897
11.8139021692896
24.8939021692897
66.4899021692897
87.1439021692896
32.6119021692897
-24.6000978307102
33.2499021692897
-54.5280978307102
119.86190216929
-21.2180978307102
31.6139021692897
-68.8680978307101
40.2499021692896
20.4339021692897
-81.3300978307103
-45.4580978307102
71.8219021692896
9.91390216928966
25.9339021692897
-109.37209783071
-82.3020978307102
150.39190216929
-40.8780978307103
18.3359021692897
39.3179021692897
-55.4700978307103
41.2639021692897
8.03990216928956
36.3039021692897
-39.3500978307104
-41.2500978307104
-0.824097830710443
-54.6680978307104
39.4979021692897
22.2459021692897
54.2799021692896
121.89790216929
-44.1200978307105
84.6859021692896
-37.6600978307106
-71.5700978307108
57.5339021692897
14.0579021692897
-71.706097830711
-71.706097830711
-71.706097830711
66.9899021692887
66.9899021692887
66.9899021692887
66.9899021692887
66.9899021692887
66.9899021692887
-116.852097830711
70.8419021692897
-26.3580978307105
-83.3180978307106
6.25190216928945
65.8639021692896
65.8639021692896
-105.258097830711
-3.25209783071054
63.5819021692897
-47.6380978307104
88.1939021692897
24.8479021692897
-47.7000978307104
11.6639021692897
-95.4960978307105
41.1419021692897
-0.684097830710542
81.9979021692897
31.4799021692897
-17.1460978307105
23.6799021692897
-35.7520978307106
-23.0880978307106
-35.7560978307105
-13.2540978307105
5.24990216928946
116.36390216929
24.6779021692897
-28.5160978307103
71.2659021692897
-59.6320978307105
15.5219021692897
-69.7980978307106
25.0719021692897
34.4999021692897
-57.7760978307106
-35.9320978307106
106.95790216929
-40.1040978307106
44.5539021692896
-24.6640978307105
12.8579021692897
58.6299021692897
77.4219021692897
121.99190216929
41.0979021692897
-67.2340978307105
-44.8280978307106
-5.00009783071054
-75.8760978307106
36.0479021692897
56.4519021692897
14.2219021692896
24.7739021692897
48.4439021692897
6.20790216928965
1.16790216928966
52.5479021692896
37.5119021692896
-32.4140978307103
55.6419021692897
-58.3640978307102
81.8799021692897
-55.7000978307101
-103.33609783071
7.67590216929005
-37.22609783071
23.6819021692897
32.8979021692897
16.3759021692897
134.23190216929
29.9359021692896
36.6439021692897
18.9699021692897
-65.1580978307099
85.1959021692897
16.6839021692897
52.8899021692897
24.0119021692897
3.07190216928996
47.8019021692897
52.3759021692896
-25.53209783071
65.8999021692896
60.3759021692896
25.4059021692897
-32.1440978307098
-2.31809783070985
-1.06609783070985
16.9979021692897
117.49990216929
-4.83009783071014
23.4779021692896
-75.2920978307101
37.1279021692897
24.0799021692897
46.6039021692897
37.8579021692896
21.5399021692897
2.52390216928985
98.8999021692896
2.50190216928985
-15.7260978307101
-59.2460978307101
-75.3600978307101
-17.6640978307101
12.8079021692897
4.74390216928985
-59.6260978307101
-14.2280978307102
62.0839021692896
-79.4580978307101
35.2919021692897
-26.8300978307101
87.9959021692897
10.5479021692897
-35.7380978307101
-56.6820978307102
-33.7780978307103
94.0399021692897
-78.5920978307102
-3.69609783071024
36.1619021692897
4.36990216928976
94.0599021692896
-14.2780978307102
-131.52009783071
-13.6360978307101
-55.1280978307101
28.6719021692897
-107.91809783071
-25.7960978307101
69.3999021692896
67.6379021692896
-84.4740978307099
60.8639021692907
-31.0800978307098
-41.3580978307097
-125.46609783071
-71.2000978307098
79.6579021692907
-77.7700978307098
-84.2360978307098
-58.3420978307098
24.8559021692896
80.7279021692896
3.04590216929006
9.14390216928966
-61.68809783071
51.3199021692897
-24.5580978307101
-63.0300978307101
102.74190216929
13.8639021692897
-43.4520978307102
-7.51609783071025
66.1759021692897
17.4739021692897
127.20590216929
53.5919021692897
62.0639021692897
60.0999021692897
-32.1340978307102
68.4119021692896
148.34190216929
29.1459021692897
6.62590216928966
82.8539021692897
-93.9680978307107
19.6539021692897
27.0799021692897
4.03990216928945
-11.0240978307104
25.3039021692897
11.0659021692897
-86.1860978307105
65.9199021692897
115.94790216929
-41.0020978307105
-95.8240978307105
31.8459021692897
31.8459021692897
13.0779021692897
50.1119021692897
-21.1380978307104
-167.36209783071
-102.82409783071
-66.6720978307103
38.7619021692896
-49.0360978307101
52.7959021692897
55.8639021692896
-15.7120978307101
-14.0860978307102
79.7059021692897
29.8799021692897
-21.3140978307104
23.1119021692897
26.3499021692896
-23.7160978307106
-33.1780978307104
-26.4120978307105
-115.88409783071
10.7299021692897
-78.3060978307101
-71.2020978307101
51.3519021692896
1.63790216928976
-33.3400978307101
-63.1100978307101
-46.3200978307101
-48.21809783071
-3.97409783071015
55.9739021692897
-34.6140978307101
13.2459021692896
-88.3940978307101
-26.4040978307101
-99.8500978307102
87.8379021692897
-32.9580978307104
-68.4400978307104
-34.3720978307104
-81.7780978307106
-67.0440978307106
25.3179021692897
-29.2400978307107
-48.3720978307106
51.0439021692897
-77.8760978307105
-55.4460978307105
-19.6820978307105
42.5499021692897
71.9779021692896
16.3319021692896
-34.3760978307107
-90.1340978307107
9.77990216928966
57.1359021692897
38.0519021692887
-19.7260978307108
-10.0140978307108
3.23190216928916
27.3659021692887
45.9939021692897
-46.2720978307108
102.403902169289
-68.4400978307108
-13.4980978307108
-41.7340978307107
-15.2800978307108
24.0259021692897
24.0259021692897
-28.1160978307108
-94.8700978307108
-0.226097830710842
-88.7220978307109
49.3419021692897
-4.97809783071054
-99.5360978307106
-18.8700978307105
-106.556097830711
-31.7600978307105
-52.0560978307106
110.04390216929
-4.48009783071085
21.9999021692887
-47.4880978307108
52.7519021692887
57.1039021692887
-25.4440978307106
29.3539021692897
-82.7300978307106
-22.8180978307105
44.4659021692896
55.9319021692897
3.80190216928945
-21.1780978307105
-94.2280978307105
-1.19409783071055
-102.850097830711
-46.4260978307105
15.4419021692896
-31.9060978307104
1.67190216928955
37.8399021692896
-12.9720978307105
-145.81209783071
-51.5700978307104
-5.06809783071044
-78.4920978307105
21.6999021692897
-51.6240978307105
0.839902169289559
-2.56009783071045
4.01390216928955
96.8219021692896
71.6499021692896
58.5599021692896
54.2039021692896
-63.2220978307102
5.92190216928975
-1.40409783071034
118.56190216929
43.6459021692897
43.6459021692897
-70.9480978307103
14.9199021692897
-21.9920978307103
63.7019021692897
32.5419021692897
19.6039021692897
37.1219021692897
69.8119021692897
93.5239021692896
-13.7520978307103
-49.4320978307102
-13.7540978307103
77.3399021692896
-0.364097830710151
3.19990216928976
-38.9840978307101
-80.8240978307102
-76.31209783071
-50.91809783071
-35.7160978307099
47.8059021692897
100.30790216929
-1.14409783071005
-51.75409783071
-34.49209783071
10.7559021692897
-92.95609783071
18.7759021692897
67.4619021692897
32.7879021692897
-62.6860978307101
31.1239021692897
-26.3800978307101
-12.9720978307101
69.5139021692897
-53.0580978307101
-12.0260978307102
-136.39209783071
-13.1080978307101
-40.60609783071
-49.29009783071
15.4279021692897
63.8159021692896
18.8319021692896
-65.8360978307101
-22.18209783071
48.9179021692896
-42.4360978307102
20.1939021692897
31.7299021692897
-56.9780978307101
-10.2340978307102
-50.7200978307103
61.3259021692897
-89.9660978307104
-87.1840978307104
-26.8900978307104
109.50390216929
-49.1380978307103
-164.44409783071
-35.9400978307103
-10.5940978307102
-138.67409783071
110.13990216929
-140.66009783071
-133.15409783071
-130.08409783071
-130.08409783071
-95.4800978307103
-26.8200978307102
11.3399021692897
-2.15609783071015
52.1159021692897
-129.08009783071
-12.4060978307102
73.9319021692897
-29.0440978307102
-47.4280978307103
-1.94209783071024
-15.4500978307102
-33.0400978307102
-6.13809783071015
-18.9100978307102
-87.7560978307103
-95.9460978307102
-126.31209783071
-45.4840978307101
-9.26009783071005
13.9559021692897
34.6839021692897
-1.11609783071015
49.8039021692896
47.3199021692897
