89.1640000000031
91.1380000000031
81.1920000000031
83.2460000000031
89.848000000003
31.5000000000028
62.292000000003
101.532000000003
114.674000000003
86.5540000000028
90.6520000000027
90.7880000000025
54.3580000000023
67.2000000000022
26.6480000000021
58.6040000000017
53.0880000000017
90.5640000000016
85.6680000000014
87.2680000000013
89.1920000000013
86.9800000000012
89.1260000000008
77.0240000000005
94.2920000000004
34.7180000000001
28.8679999999999
21.384
78.2699999999996
86.6019999999993
81.1699999999993
54.7339999999992
64.3259999999993
99.5679999999994
88.1059999999994
76.8919999999994
68.9759999999993
70.2379999999993
88.3039999999993
15.8879999999994
56.1499999999993
42.9799999999993
70.4459999999993
50.5419999999995
32.0339999999994
56.4419999999996
50.6159999999996
76.6999999999997
62.5399999999999
80.7579999999998
46.7919999999999
57.398
17.8620000000001
56.2940000000001
35.7080000000002
57.2620000000001
32.9060000000001
47.378
64.484
-25.248
26.338
25.4079999999999
48.4499999999999
37.068
27.2019999999999
29.0279999999998
59.6379999999997
42.2959999999997
65.4219999999997
76.0639999999997
48.5739999999994
-44.4260000000006
-33.2340000000005
15.8379999999994
17.6179999999993
65.2579999999991
37.3819999999995
32.3039999999996
4.27799999999945
50.6779999999993
60.0359999999996
73.5199999999998
75.7619999999997
72.8279999999999
82.9079999999999
83.5699999999998
79.1119999999999
66.1259999999997
54.1059999999998
44.8619999999997
60.5679999999998
68.7519999999997
81.9559999999997
59.6999999999997
52.1979999999999
50.2639999999998
62.0959999999998
46.2699999999998
51.1859999999997
49.3859999999997
0.527999999999793
-2.56000000000029
-25.1000000000004
0.731999999999516
26.8319999999994
24.4899999999994
69.7339999999995
60.5419999999997
63.2559999999996
46.8059999999996
70.2479999999996
62.2839999999998
72.4599999999998
69.8739999999998
66.2939999999998
41.8639999999997
32.4779999999997
48.8139999999997
52.4939999999998
39.8059999999999
25.6659999999998
51.0299999999999
17.2259999999998
26.2959999999998
48.2819999999998
51.7559999999999
37.4259999999998
46.4459999999998
26.6359999999997
29.2459999999998
34.4039999999998
44.6059999999998
29.8959999999998
31.0799999999998
78.3999999999999
-2.15000000000009
-17.748
18.8959999999998
14.17
28.3899999999999
44.0139999999999
58.8259999999999
66.362
54.978
46.0079999999999
60.2159999999999
41.202
59.578
61.8400000000001
61.716
56.7840000000001
49.722
62.8500000000001
-18.5579999999998
-7.1479999999998
43.1860000000001
-3.48599999999988
25.1420000000003
16.366
35.3580000000001
42.8000000000002
29.7620000000003
5.67400000000043
14.8000000000005
24.1280000000005
42.0300000000005
43.0960000000006
50.1580000000007
44.1160000000007
41.1040000000004
57.4640000000003
54.3320000000003
26.4260000000005
25.3200000000005
50.3880000000005
11.3720000000004
65.4160000000004
33.3860000000003
41.6060000000003
45.3100000000004
58.9040000000003
68.4240000000003
45.0560000000004
22.9240000000003
68.7980000000003
77.4340000000004
23.2460000000003
15.5360000000004
24.1580000000004
49.4000000000003
18.4600000000004
58.2560000000003
58.2560000000003
74.5320000000003
57.0420000000004
30.9980000000004
34.3500000000004
38.4460000000003
3.10400000000027
28.7620000000003
38.3960000000002
38.4260000000003
55.1620000000001
31.7740000000001
39.2720000000002
12.2220000000002
3.41800000000023
38.804
9.14599999999996
-4.30600000000015
35.4899999999999
2.91599999999994
47.2439999999999
13.8079999999997
19.4699999999997
-2.34600000000034
4.58599999999967
38.3139999999997
59.3239999999996
38.2039999999997
56.9739999999997
29.0519999999997
19.7879999999997
-9.06400000000042
33.0739999999996
34.8739999999996
32.0979999999996
47.2279999999995
41.4879999999994
47.295999999999
81.6599999999991
65.5799999999991
73.1759999999991
63.4199999999991
82.6379999999992
67.8999999999992
75.5999999999992
56.6059999999992
40.6919999999992
36.5639999999992
49.5679999999992
29.3419999999992
87.5879999999992
81.8659999999992
67.8499999999992
70.0379999999992
34.4219999999991
78.0459999999991
67.849999999999
20.9399999999989
9.04199999999901
42.3939999999991
37.0359999999996
65.6159999999995
57.3859999999995
44.1039999999994
28.1839999999994
28.1839999999994
27.0499999999994
47.4559999999993
32.0959999999993
13.1039999999994
54.7299999999993
21.8319999999993
29.5679999999993
4.91199999999947
9.50799999999936
49.3619999999993
22.2479999999994
43.8139999999995
47.7099999999997
50.8359999999999
34.9580000000001
23.994
51.7800000000002
42.9300000000001
55.152
-0.611999999999966
26.3620000000001
17.802
40.1
20.33
47.772
51.3500000000001
38.044
55.948
32.4240000000001
32.684
67.042
8.85600000000011
12.0820000000001
22.8400000000001
29.0760000000002
32.2720000000003
62.7240000000003
43.6320000000003
58.2380000000003
63.2480000000003
66.5740000000004
64.7360000000004
80.0780000000003
84.1820000000004
42.1580000000004
1.07000000000028
32.1260000000002
23.3040000000001
51.5180000000001
38.4760000000003
41.1300000000002
26.9560000000004
24.4820000000002
33.1040000000002
69.1200000000002
27.2680000000004
37.2680000000004
51.8540000000004
19.0780000000003
6.19200000000023
32.9820000000003
24.6340000000005
-32.0559999999995
-13.5259999999995
-18.8299999999995
8.38600000000065
23.4080000000007
38.0600000000005
34.2320000000007
58.0940000000006
51.6920000000006
57.8940000000006
68.3720000000006
68.8720000000006
77.4240000000005
77.7500000000006
32.5440000000006
19.4420000000006
1.03600000000063
16.8240000000006
-25.5299999999994
2.7100000000006
3.52600000000064
-12.6099999999993
-8.13999999999942
53.9220000000005
18.4980000000004
21.3380000000004
18.8200000000004
23.2380000000004
-37.5999999999998
22.938
27.562
-1.84400000000005
21.1840000000001
67.1000000000001
62.0800000000002
58.5140000000002
24.0480000000002
-30.0599999999998
5.81200000000001
-8.30599999999993
16.9720000000002
83.7820000000002
88.0280000000002
80.1720000000003
65.8560000000002
89.3360000000002
78.3160000000001
77.6620000000001
51.8040000000001
68.9180000000002
72.7200000000001
70.7440000000001
72.182
69.7839999999998
100.3
45.6079999999997
45.9299999999996
33.3839999999996
71.5919999999996
63.2679999999996
50.6379999999996
97.1399999999995
59.5579999999997
48.8419999999996
75.9639999999996
43.9299999999996
95.6339999999996
90.4139999999995
49.1459999999996
53.0899999999995
73.6759999999996
80.6839999999995
41.4259999999996
53.1179999999997
59.4959999999998
67.922
52.698
23.3080000000001
49.1440000000001
14.3880000000003
50.9540000000002
51.1360000000001
64.028
75.7040000000002
37.1340000000002
70.9940000000003
67.8220000000002
80.8860000000002
46.2560000000002
61.6719999999999
68.14
64.748
64.9900000000002
72.6040000000006
47.2560000000007
58.7760000000006
26.6500000000007
25.6500000000007
67.8820000000007
59.0880000000008
74.8460000000008
71.6520000000007
15.6400000000007
22.6320000000006
62.2140000000006
20.7320000000005
63.3320000000006
14.0500000000006
18.2020000000007
37.1400000000007
40.3680000000006
75.6000000000008
55.9160000000008
61.2440000000008
68.9420000000008
44.6540000000008
50.8580000000007
48.8520000000007
56.4300000000007
47.8120000000007
55.4160000000007
36.5200000000006
33.4780000000005
21.2560000000007
19.5740000000006
20.6920000000007
8.19000000000074
9.38200000000074
33.2040000000007
-0.719999999999459
-16.4119999999996
35.7640000000006
47.11
18.5860000000001
28.0519999999998
4.16399999999976
-11.1040000000002
35.3339999999999
29.848
16.556
-1.28999999999996
13.7140000000001
3.05399999999997
18.872
31.274
56.706
-1.024
72.7860000000001
12.326
31.774
61.372
31.0119999999999
15.4499999999999
-5.22200000000009
30.444
-25.5140000000001
-92.494
16.6339999999999
8.88799999999992
17.5339999999999
42.4439999999997
77.4919999999997
89.1019999999999
83.9519999999999
35.3559999999999
56.596
34.3520000000001
58.192
12.0939999999999
52.318
32.746
58.4019999999999
63.26
34.15
7.73399999999992
50.8079999999999
63.4639999999998
41.348
45.796
33.6460000000003
-0.835999999999785
23.1600000000002
62.6820000000002
-19.6079999999997
88.8900000000002
55.4260000000004
53.4480000000003
55.3380000000002
50.4020000000003
81.1900000000003
65.9760000000002
1.96000000000004
68.838
42.462
42.462
102.69
79.3920000000001
68.8400000000001
28.7240000000002
32.2380000000002
9.57200000000012
3.0680000000001
17.1980000000001
5.78400000000011
35.17
67.8059999999999
40.764
30.8600000000001
28.1560000000001
-36.6579999999999
25.8280000000001
27.8700000000002
37.2580000000002
43.7620000000002
48.0340000000001
34.9040000000002
74.114
72.73
53.6419999999998
49.91
53.4740000000002
35.2780000000001
28.4880000000001
42.7900000000001
61.048
-2.35600000000011
8.49199999999996
36.4999999999999
53.1359999999999
47.1159999999999
52.1579999999999
50.7299999999999
35.718
64.1059999999999
45.2739999999999
30.7919999999999
50.774
22.2319999999999
18.9539999999998
46.614
17.638
71.4880000000001
29.9919999999998
56.7679999999997
-9.06200000000024
22.0219999999998
57.324
39.178
68.676
74.0720000000002
60.202
38.0140000000001
-4.97799999999961
45.7500000000006
52.3180000000006
38.2120000000006
32.4020000000006
64.3440000000006
61.6160000000007
48.3460000000006
58.1340000000006
64.4820000000005
54.9020000000006
71.6120000000005
-72.1119999999995
-9.44999999999936
-32.7539999999993
-83.0779999999993
-40.6999999999993
16.5900000000007
-41.8359999999993
-49.6739999999992
-70.6639999999993
-90.5079999999994
-73.9279999999995
-35.9219999999996
-18.5379999999996
-3.25399999999945
-9.83799999999951
22.3100000000007
-13.8899999999993
-9.83999999999912
12.3680000000007
-26.6599999999992
-4.93799999999919
-5.82999999999925
-3.81199999999933
-48.022
-25.4260000000002
-4.32000000000039
57.9499999999997
46.3499999999997
47.0059999999996
37.7879999999996
29.9739999999996
47.7819999999996
57.2519999999997
65.4439999999998
76.2759999999997
72.4739999999998
19.3559999999999
66.124
95.896
109.33
81.1759999999999
98.1479999999999
96.7899999999999
75.7479999999999
80.574
100.026
90.2759999999998
53.9539999999998
29.7099999999998
39.1459999999998
-3.61000000000013
-48.8280000000001
39.2639999999999
46.5479999999999
41.942
61.5700000000001
42.0600000000001
59.902
53.492
42.244
27.18
49.2379999999999
52.778
51.6439999999999
51.7859999999999
50.4559999999999
62.3019999999998
77.126
65.2640000000004
54.8280000000007
57.3760000000007
32.0300000000005
-4.21199999999931
4.34600000000057
26.5080000000006
52.7000000000005
39.0640000000006
49.5220000000006
46.2300000000006
20.6100000000007
25.9160000000007
13.4380000000007
4.60200000000066
16.5860000000007
24.5360000000007
21.9220000000007
22.2320000000008
67.0100000000008
58.7460000000008
58.7460000000008
49.0200000000008
47.8500000000007
-1.08399999999926
-8.13199999999927
0.318000000000779
10.6280000000008
8.66600000000085
25.1700000000009
26.2040000000009
24.5860000000007
53.1940000000008
69.1100000000007
57.8960000000009
58.9160000000007
59.5580000000008
55.4740000000007
7.1640000000009
67.3260000000009
93.1780000000008
12.4240000000008
29.7940000000008
53.9800000000008
18.7600000000008
3.10400000000084
5.72600000000091
-9.68199999999911
-16.6919999999992
11.9980000000007
19.6140000000007
33.0520000000008
24.1580000000008
29.1040000000007
42.7360000000008
21.5100000000008
20.5860000000009
2.36400000000106
37.124000000001
37.976000000001
36.730000000001
55.3000000000011
18.1280000000011
47.126000000001
-14.8239999999995
33.7320000000005
15.8460000000003
35.7680000000003
39.7140000000003
37.6840000000002
29.3460000000002
19.5500000000003
53.0460000000003
81.8180000000002
42.5460000000002
24.9400000000002
45.3820000000002
52.4580000000001
63.9120000000001
58.0640000000002
56.0880000000002
49.0120000000001
0.0620000000001255
1.98000000000013
-11.1859999999999
41.7880000000001
53.12
48.9880000000001
66.266
61.3080000000001
72.706
57.71
63.3420000000001
18.1759999999999
35.7979999999998
52.4759999999998
72.6159999999998
60.6919999999999
71.7919999999999
77.074
34.384
16.48
27.024
44.054
58.0739999999998
71.2019999999999
62.6779999999997
63.5399999999995
66.0019999999996
-5.80400000000043
-12.6200000000001
3.83199999999988
35.524
59.25
50.0060000000001
-29.6519999999999
-3.64599999999996
2.52800000000002
56.254
-60.18
-39.49
-34.2860000000001
-65.8400000000001
-36.9080000000001
-62.774
-26.1460000000001
-2.70400000000006
-2.93799999999999
18.6339999999999
2.678
-29.394
-25.53
3.49000000000001
-16.9179999999999
-10.5279999999999
