140.534000000001
130.588000000001
136.146000000001
147.778000000001
121.178000000001
121.316000000001
143.448000000001
117.174000000001
151.926000000001
157.544000000001
141.740000000001
137.932000000001
110.846000000001
139.158000000001
122.028
152.008
106.592
98.4660000000002
141.418
100.37
117.288
87.8420000000001
111.172
119.228
148.588
87.1840000000002
98.4400000000003
96.5700000000003
96.2480000000003
60.3200000000006
61.8480000000005
128.848000000001
102.108
42.1400000000004
50.5740000000003
96.4280000000001
109.622
61.1199999999996
62.8279999999995
74.0379999999994
63.8659999999998
24.4959999999999
30.8699999999999
31.7740000000001
152.576
92.1780000000001
69.4800000000001
63.2760000000001
29.352
40.484
55.1179999999999
55.6439999999999
90.8059999999999
96.9939999999999
84.458
67.87
79.88
67.054
71.7379999999999
64.1279999999999
66.3839999999999
118.19
118.788
100.152
51.9759999999999
55.2399999999998
7.92199999999991
19.5799999999999
27.8759999999999
32.8099999999999
50.3019999999999
56.9559999999998
27.7779999999998
49.6579999999998
39.6119999999999
84.8679999999998
84.8679999999998
47.2039999999998
12.9819999999997
38.0259999999997
28.3239999999998
60.8699999999997
51.3519999999997
14.4719999999998
14.4719999999998
36.0099999999998
33.9399999999997
6.3499999999998
30.1279999999997
28.6459999999997
30.5839999999997
-47.5620000000002
-18.4340000000003
26.8519999999996
31.0559999999996
51.5919999999995
64.0159999999994
79.0459999999994
66.8979999999996
71.5479999999995
40.4299999999996
8.1179999999996
18.5079999999996
39.4459999999997
53.6059999999997
66.0339999999998
53.4019999999998
15.4540000000001
-7.48599999999976
19.6240000000003
30.4140000000002
38.9260000000003
39.3700000000002
49.5380000000002
90.1500000000002
25.3900000000002
1.7560000000002
38.3740000000003
-3.23799999999972
28.4020000000002
18.7720000000002
1.44800000000032
74.9360000000003
58.9080000000002
102.406
73.9060000000002
38.3480000000002
49.9400000000001
70.0000000000002
37.7580000000003
90.3600000000002
80.1100000000001
55.7360000000002
54.0760000000001
72.1400000000002
87.2740000000002
10.2940000000001
16.5840000000002
54.248
107.496
73.1340000000001
18.9580000000002
37.1960000000001
41.2160000000002
72.3780000000002
-9.91599999999983
69.4240000000001
65.4140000000003
74.7700000000002
58.878
33.0320000000002
17.9560000000001
40.0060000000001
57.194
41.052
30.6519999999996
29.5859999999997
45.2299999999996
56.4259999999997
52.1439999999997
-11.1840000000008
27.9639999999991
18.7419999999993
37.9699999999993
47.9939999999995
9.18999999999937
25.1519999999994
89.8759999999994
74.3959999999994
46.9079999999993
50.7639999999993
49.0039999999995
32.0319999999994
48.9459999999993
63.8299999999994
22.6979999999994
17.1179999999994
33.0299999999993
76.6419999999994
71.6239999999995
70.1879999999994
44.6259999999993
34.4799999999993
58.2019999999993
19.7799999999994
43.0999999999993
15.6519999999994
76.3399999999995
59.9139999999994
59.7959999999995
68.3739999999993
65.4659999999993
38.5099999999993
55.1819999999993
76.7919999999992
104.845999999999
84.7659999999992
52.9119999999994
37.1379999999992
57.1919999999993
63.7579999999994
63.2999999999995
26.3919999999996
58.3739999999997
32.1399999999996
-29.2160000000003
0.689999999999714
5.7099999999997
45.7599999999997
93.2279999999997
68.396
35.7339999999998
37.7379999999998
8.87400000000002
-15.414
-5.51599999999996
-0.397999999999911
60.802
20.52
40.676
47.8420000000001
35.4900000000002
23.864
75.686
52.7660000000002
2.32000000000028
25.0640000000003
31.3760000000001
44.2879999999999
11.872
-4.61200000000008
13.242
73.648
79.9699999999999
35.458
29.352
48.6039999999999
13.9879999999999
-16.662
-48.188
5.01199999999994
-4.57400000000007
21.284
74.0659999999999
73.6899999999998
73.4799999999999
67.8119999999999
26.4959999999999
-4.85400000000004
-31.054
34.044
50.5600000000001
62.4700000000003
78.3640000000003
29.942
16.51
97.0419999999996
103.006
52.7799999999996
40.8079999999995
19.0939999999997
43.5179999999998
23.3819999999997
34.8839999999997
26.4279999999997
34.9299999999997
66.6379999999998
72.9819999999999
25.9059999999997
19.0059999999996
19.3419999999999
27.1979999999999
-29.2280000000001
17.4159999999999
45.0119999999999
48.9639999999999
63.264
58.8680000000001
74.7600000000001
58.61
70.1539999999999
64.6279999999999
31.8
30.024
29.6780000000001
47.7
51.51
50.7599999999999
3.65599999999995
36.6659999999998
44.3839999999998
45.0359999999997
51.1479999999996
38.3659999999996
67.2159999999997
21.8999999999996
49.3379999999996
84.8619999999996
65.1499999999998
58.5359999999997
30.8539999999997
10.7379999999997
19.7419999999998
9.15199999999982
30.588
24.208
43.3340000000002
54.9700000000001
9.35800000000017
-16.7859999999998
30.6780000000002
68.2820000000003
56.0560000000003
42.8520000000003
22.4720000000003
15.3840000000002
35.9720000000001
33.4500000000002
67.1540000000001
61.5520000000001
89.5400000000001
66.6180000000001
55.5900000000001
50.2860000000002
61.9960000000002
89.6000000000003
38.5040000000001
34.582
42.1419999999999
56.3380000000001
49.9320000000001
43.1700000000001
50.4760000000001
38.2640000000001
61.6820000000001
41.2660000000002
41.4140000000001
25.4460000000001
54.3100000000002
-11.8399999999999
5.16800000000001
-59.6339999999999
-7.06599999999992
13.9080000000001
17.1100000000001
43.2200000000001
23.8580000000002
29.9660000000001
31.0100000000001
27.9040000000001
41.6740000000001
42.3480000000001
52.2160000000001
55.6840000000001
74.0960000000001
58.6200000000001
37.2540000000001
22.4600000000003
21.9880000000002
3.09600000000023
39.7680000000004
45.5140000000004
34.2180000000005
83.7740000000003
67.4480000000004
45.3720000000004
25.5500000000004
68.9200000000004
66.8860000000004
70.5760000000004
56.0460000000004
75.2960000000004
25.2780000000005
55.7060000000004
61.5180000000003
23.3660000000001
11.7860000000001
4.74999999999989
40.6259999999999
36.5099999999999
18.4000000000001
12.188
-64.554
-28.8920000000001
20.342
66.074
30.0139999999999
45.104
9.87800000000004
53.654
20.3240000000001
4.81200000000001
15.6080000000001
47.454
30.848
24.668
50.65
39.866
49.952
39.698
31.8559999999999
16.71
-9.44000000000005
7.98000000000002
52.2360000000001
38.9719999999999
87.3619999999999
87.5659999999998
26.3079999999998
-12.4320000000001
17.7819999999998
52.1839999999996
73.7399999999997
81.1679999999996
52.2119999999995
54.5099999999995
73.7939999999995
69.2059999999994
60.3919999999995
21.7479999999995
1.86199999999951
65.1279999999994
65.1279999999994
76.6779999999994
52.3559999999994
84.9459999999993
42.2539999999995
60.3499999999995
-29.1460000000005
31.1079999999995
57.2559999999996
45.0599999999996
3.45799999999963
30.3879999999996
15.7679999999996
29.5819999999995
29.7639999999996
6.33399999999961
-1.60400000000038
60.4539999999996
3.37999999999965
-26.6200000000002
4.79799999999966
10.1719999999997
20.1319999999997
38.8259999999998
49.3619999999997
52.5699999999998
62.9679999999997
72.7739999999997
23.0339999999995
50.8159999999996
26.5859999999996
10.7139999999997
-55.5780000000003
45.0519999999997
56.7639999999997
64.9099999999997
51.0159999999998
35.5339999999999
30.6339999999999
21.7919999999999
56.1859999999999
61.7779999999999
50.7419999999998
54.9399999999999
52.622
47.4519999999999
74.1559999999999
44.886
33.4339999999997
50.1219999999998
49.8399999999999
49.2199999999999
34.9879999999999
61.0279999999998
83.4219999999997
89.1979999999996
77.1119999999996
52.4499999999996
32.9019999999996
8.44399999999962
31.9179999999997
8.09599999999966
44.1979999999996
64.9639999999997
57.1899999999997
-1.80800000000045
7.5259999999995
-24.4880000000004
29.1759999999996
22.9959999999995
37.6099999999996
51.9559999999996
38.7979999999997
29.4899999999997
56.4339999999997
38.8759999999997
49.7199999999997
55.0259999999997
46.3339999999997
43.5759999999996
48.6739999999995
49.9099999999995
45.2999999999994
49.9399999999994
25.0879999999994
23.9519999999994
-21.1640000000008
-12.1900000000009
-7.75000000000068
-16.9280000000008
16.0499999999993
49.4999999999993
69.2479999999993
70.9199999999993
63.2639999999994
27.0999999999995
15.6859999999995
9.30399999999963
21.0819999999997
21.8979999999998
13.4139999999999
21.1819999999999
-27.484
53.496
74.002
35.3499999999999
35.3499999999999
42.4459999999998
9.78999999999996
38.704
18.7799999999999
35.5119999999998
9.68599999999981
38.2519999999998
66.2719999999998
68.0919999999998
46.7019999999998
1.16999999999985
-18.8960000000002
-5.30400000000009
28.6479999999999
80.7579999999998
76.9139999999998
-20.5000000000002
28.6439999999998
25.1819999999998
-7.53200000000015
-3.54000000000019
21.9579999999999
45.7759999999998
-4.50800000000027
15.2339999999997
30.3759999999997
-0.682000000000244
4.78799999999967
6.14399999999966
14.5679999999996
46.8959999999998
9.97399999999993
44.8920000000001
49.028
40.95
36.758
-28.1919999999999
-24.928
5.45000000000005
30.55
30.432
-28.6120000000001
-16.5459999999999
-12.874
46.504
31.966
42.3140000000001
78.74
46.4119999999998
21.862
11.252
5.678
49.6319999999999
38.004
61.908
55.62
17.424
29.39
56.616
67.3919999999999
-35.5119999999999
-27.864
16.2099999999999
28.972
8.17599999999993
41.766
41.144
48.684
41.01
38.926
18.346
37.208
65.3739999999999
50.12
51.396
69.1659999999999
84.1639999999999
81.5599999999999
94.09
63.3679999999999
41.196
59.606
-2.24999999999989
-44.0779999999999
23.8360000000001
50.396
86.6159999999998
89.0259999999996
62.8979999999996
83.5579999999997
67.9279999999995
62.6339999999994
76.1679999999994
82.4419999999994
63.5659999999993
57.2359999999994
-3.8160000000006
34.7139999999994
61.0739999999994
15.5819999999994
8.93599999999947
-27.2980000000006
-2.58200000000056
-54.6720000000006
-19.1480000000007
27.7239999999994
41.7999999999996
48.1939999999997
51.3319999999997
29.6459999999996
-13.3740000000004
8.30399999999986
33.954
0.653999999999996
-7.53400000000011
49.0479999999999
24.2739999999999
41.1799999999998
0.603999999999928
68.4219999999996
68.1119999999994
46.8239999999994
23.7039999999996
65.9839999999997
89.9039999999998
64.992
12.4179999999999
4.61999999999978
11.9699999999998
31.0819999999997
58.8759999999995
58.8759999999995
11.3659999999996
19.0279999999998
37.3959999999997
62.5679999999996
73.6459999999997
17.9759999999998
-18.7760000000003
-67.1300000000003
25.5299999999996
-3.24800000000039
33.8779999999995
17.2299999999996
49.9339999999995
45.2239999999996
-18.6380000000004
0.319999999999595
21.8379999999996
-17.6780000000003
-63.7340000000004
-10.6000000000004
-4.05800000000045
37.6899999999996
46.6739999999995
64.0879999999996
57.4939999999997
57.8219999999997
37.7899999999997
68.6779999999998
60.5099999999999
52.2819999999999
68.9839999999998
76.9339999999997
38.8919999999997
37.4899999999997
84.6539999999997
56.7879999999996
39.4759999999995
49.2579999999996
40.3479999999997
6.45999999999981
61.9799999999999
30.7579999999998
-4.20600000000024
16.9939999999998
10.8219999999999
58.8879999999999
59.198
67.1099999999999
57.982
31.0479999999999
34.6099999999999
56.4300000000002
56.4300000000002
12.0680000000004
19.1420000000005
-0.575999999999453
17.3040000000007
9.29800000000057
7.90400000000068
13.9620000000007
32.8920000000007
31.4560000000009
-13.9359999999991
52.2520000000009
51.8800000000007
33.6000000000007
-0.121999999999275
-14.7119999999992
28.4180000000009
59.1060000000008
98.8800000000007
90.0660000000005
19.0280000000005
40.3220000000005
-2.75999999999954
19.2800000000005
-12.3559999999995
39.1240000000005
46.3180000000006
47.6040000000005
72.9140000000004
30.7880000000005
31.8340000000004
52.8940000000005
24.9780000000005
-15.9039999999994
-32.4919999999995
12.0080000000005
-47.3439999999995
23.7300000000005
-5.57399999999961
12.5520000000005
19.7420000000005
29.7880000000008
17.4200000000008
9.68400000000088
3.02600000000098
-25.663999999999
15.5820000000009
27.4140000000007
33.6920000000007
71.0440000000007
108.110000000001
108.110000000001
75.3240000000005
30.4460000000005
70.2720000000005
51.3020000000006
22.2600000000007
20.2380000000007
43.2060000000006
15.6640000000007
33.4060000000006
40.3060000000006
40.2980000000005
11.7860000000005
40.8300000000005
55.2820000000005
50.0160000000005
54.6360000000005
53.5700000000005
41.9260000000005
41.9260000000005
-29.0539999999992
50.0640000000009
79.7660000000008
42.7040000000007
17.0720000000008
54.7440000000008
56.9740000000008
57.9680000000009
63.9760000000008
35.9060000000007
21.0100000000008
32.8920000000008
82.1500000000008
82.1500000000008
16.9060000000006
10.5920000000006
23.8860000000006
32.9960000000004
66.0600000000001
-25.9300000000003
