76.2740000000011
56.9940000000012
37.4480000000009
67.0420000000009
85.0040000000009
69.8120000000011
23.4720000000011
86.9760000000011
87.7220000000012
79.5520000000012
99.8040000000012
57.6720000000013
91.7680000000013
87.5500000000013
61.4120000000014
50.6280000000014
67.9780000000014
68.1020000000015
67.0980000000014
88.1720000000014
83.8140000000014
88.6560000000015
44.2360000000016
60.6940000000016
65.9760000000017
74.1260000000018
83.9780000000019
57.7100000000021
74.8040000000021
71.8880000000022
90.5060000000024
90.2060000000024
58.8100000000022
64.1640000000023
64.1640000000023
53.8020000000021
80.3680000000018
80.3680000000018
68.6220000000011
50.752000000001
61.9620000000008
32.6000000000006
53.6580000000005
4.79999999999973
37.3999999999996
29.1799999999995
20.0579999999995
44.5539999999996
24.5979999999996
57.0459999999996
48.9279999999997
28.4339999999996
49.2199999999997
49.1239999999997
-26.1220000000003
31.7079999999997
23.1159999999998
47.6379999999998
43.1259999999999
36.0879999999999
43.7319999999999
49.284
11.5380000000002
43.1800000000002
28.5260000000002
26.2640000000001
30.0920000000001
29.9220000000001
34.1860000000001
33.8200000000002
73.7940000000001
37.4780000000001
25.7560000000001
55.6740000000001
34.0880000000001
66.5160000000001
45.5960000000001
70.2360000000001
-6.27800000000002
33.134
62.9200000000001
29.5340000000001
58.414
57.2379999999999
51.116
17.178
38.9120000000001
42.4320000000001
57.836
70.402
94.9079999999999
74.5459999999999
-14.3339999999999
50.6820000000001
75.2480000000004
29.7740000000003
40.8140000000004
48.8180000000004
39.1400000000004
36.0480000000005
50.3220000000006
32.4320000000007
58.7920000000006
51.2520000000006
51.1240000000006
52.1520000000006
74.0700000000006
34.6180000000007
-20.7779999999993
33.9200000000006
37.5300000000007
48.2380000000006
5.74000000000058
60.7040000000002
43.3020000000004
54.1020000000004
64.0560000000005
47.0580000000006
59.4680000000003
49.2020000000002
52.0560000000003
60.8820000000003
73.3760000000003
26.7040000000004
65.8140000000004
30.4560000000004
26.3000000000004
74.9660000000003
38.2000000000004
50.6180000000003
88.0120000000004
59.7220000000004
82.2660000000004
47.7820000000004
44.8200000000004
59.4720000000003
57.0040000000004
71.7140000000003
66.0360000000003
73.8740000000001
87.4560000000002
92.0040000000002
62.8760000000003
59.5400000000004
65.9460000000005
18.2300000000002
14.0400000000003
13.2580000000002
65.4140000000002
9.7620000000004
32.8300000000005
-16.9839999999995
53.9180000000006
-2.30399999999941
-35.4919999999994
75.1480000000005
61.9420000000005
77.3820000000005
52.5960000000006
44.0200000000006
7.54400000000055
44.5080000000005
38.7820000000005
39.3420000000004
54.9500000000004
14.8060000000005
8.98600000000079
12.1540000000006
40.2080000000003
36.5920000000004
56.0020000000004
37.3340000000004
32.5160000000004
43.2980000000006
58.2080000000005
40.0320000000005
65.0840000000005
44.8760000000005
34.7820000000006
76.2300000000006
72.9140000000006
71.2180000000005
65.2240000000006
39.3960000000005
69.1880000000006
60.5100000000004
80.7500000000005
24.7240000000005
2.47600000000045
29.5800000000005
8.36400000000049
24.4920000000005
18.4880000000005
13.6420000000005
55.8120000000005
48.1920000000005
73.7280000000004
61.9780000000003
89.0100000000003
97.6580000000004
68.3980000000004
60.7520000000004
36.3540000000004
36.1980000000003
32.1800000000003
57.5560000000003
4.00400000000013
4.00400000000013
4.00400000000013
51.518
64.5639999999999
41.1239999999997
54.8599999999998
53.6039999999999
57.0499999999998
31.1239999999999
28.1659999999999
36.0939999999999
26.7939999999998
70.3759999999999
32.082
35.6639999999999
61.7779999999998
54.4419999999996
45.2619999999995
56.9259999999997
37.7579999999998
56.6799999999998
57.684
47.2719999999998
49.5719999999999
29.6559999999999
2.41799999999989
28.9139999999999
21.8939999999999
58.9979999999998
55.0859999999998
29.9819999999997
84.9439999999997
15.6779999999998
56.9779999999997
37.4819999999997
49.8879999999997
36.1339999999997
56.0819999999997
55.7539999999997
51.8859999999996
45.2659999999996
48.2439999999997
48.2439999999997
-11.8880000000003
29.1879999999998
30.3539999999998
31.2799999999999
61.1379999999998
70.4579999999997
-3.19600000000003
35.4699999999999
0.189999999999827
31.1759999999998
42.804
22.8979999999999
39.0719999999999
47.924
50.0600000000001
59.55
83.9699999999997
79.5059999999997
75.1819999999997
63.4139999999996
53.5299999999997
86.4019999999997
46.7419999999998
68.8299999999999
54.4359999999998
65.3199999999998
40.2079999999999
37.9239999999998
21.6019999999997
52.5379999999999
74.1259999999999
48.3839999999999
36.9139999999999
43.6659999999999
35.4779999999998
88.0759999999998
9.90999999999985
21.7979999999999
44.7339999999999
18.7059999999999
43.5319999999998
38.336
36.894
60.734
70.0559999999999
61.914
55.848
-37.6620000000001
69.3599999999999
29.0059999999999
77.0519999999998
41.5699999999998
7.43399999999986
2.29199999999992
5.02399999999989
51.546
28.1400000000001
41.15
64.7379999999999
39.7280000000001
58.28
29.75
13.676
-20.7899999999999
33.2040000000002
49.5000000000002
23.5260000000004
16.6640000000002
31.2660000000002
35.3880000000001
35.5100000000002
-24.9799999999999
16.498
72.47
66.6760000000005
58.2880000000007
60.0480000000007
67.5280000000006
45.7680000000006
24.0260000000005
58.7000000000006
66.7280000000005
76.2920000000005
60.7740000000006
75.2360000000006
58.9760000000005
67.6980000000005
49.4400000000004
38.9800000000005
51.3660000000004
42.7480000000005
50.2080000000005
54.2780000000005
83.3060000000005
56.1900000000005
43.3660000000004
51.2600000000004
51.8940000000005
61.1240000000005
51.6540000000005
23.9400000000004
78.6880000000004
70.1000000000004
28.9280000000003
12.7540000000004
15.9200000000003
55.3780000000003
42.0040000000002
50.0840000000003
39.3440000000003
63.3580000000003
71.9660000000003
67.1880000000003
55.4660000000003
70.6200000000002
62.1500000000001
94.322
66.21
70.3620000000001
72.742
15.3140000000001
27.1900000000001
30.6060000000001
53.6980000000002
52.5220000000003
34.3600000000004
49.2740000000003
23.4600000000003
47.4280000000003
42.0680000000003
37.0780000000004
39.6840000000005
31.6540000000006
9.56800000000055
38.9640000000004
41.8400000000001
37.838
74.046
58.9959999999999
39.4579999999999
51.5999999999999
-0.666000000000054
10.914
21.5199999999999
1.12599999999998
29.9879999999999
31.1399999999999
26.8219999999999
36.0679999999999
29.9079999999998
48.2299999999998
23.2499999999998
65.7519999999998
63.824
39.1899999999999
44.3919999999999
64.4239999999999
35.6059999999998
-12.7920000000004
-12.7420000000003
55.0079999999997
25.2859999999996
31.5699999999997
24.6699999999998
20.4819999999997
41.5279999999996
39.0079999999997
9.45799999999974
20.8059999999997
5.63999999999976
-4.5600000000004
47.2199999999995
49.9359999999996
72.9319999999996
62.3199999999996
1.16999999999985
21.52
11.73
34.3300000000003
39.5340000000001
35.9440000000003
39.3580000000005
76.7100000000005
72.0180000000004
9.54000000000042
26.5720000000006
-81.1799999999994
43.8920000000005
34.5660000000006
54.0920000000006
88.7800000000005
69.7840000000004
61.7020000000006
42.0660000000005
46.4460000000005
67.3900000000004
52.6000000000005
41.8020000000005
54.7900000000004
55.8360000000005
42.8220000000005
35.7920000000006
54.6400000000006
65.5180000000006
59.2140000000006
51.3020000000007
4.40600000000074
34.4340000000009
-0.501999999999157
53.2000000000008
39.2100000000008
-30.7459999999992
20.4780000000009
39.6560000000009
59.1140000000008
57.0900000000008
29.7280000000009
7.82800000000088
36.2680000000009
55.266000000001
65.908000000001
68.6020000000011
63.6660000000011
59.7180000000011
68.408000000001
39.5520000000009
46.5420000000009
47.0480000000009
64.4460000000011
63.9760000000011
44.2300000000012
12.0820000000011
29.9000000000009
53.8660000000009
40.676000000001
30.5500000000009
70.7320000000009
59.4140000000008
63.6940000000009
32.4860000000008
-4.75199999999916
-4.59199999999919
14.2420000000009
16.2780000000008
-8.56599999999912
51.6960000000009
65.8740000000009
68.5480000000009
39.998000000001
-42.4499999999989
-25.3959999999989
13.004000000001
31.9300000000011
47.4500000000011
27.096000000001
30.1980000000008
32.8560000000009
26.642000000001
12.6420000000008
59.3280000000008
56.0580000000009
41.9100000000009
68.7460000000008
84.4920000000004
34.2020000000005
35.8360000000005
53.0600000000004
-26.8279999999996
-22.0959999999997
29.1280000000004
21.8260000000002
-51.5999999999997
46.5760000000002
84.6020000000005
64.4860000000006
38.3400000000003
53.4700000000001
57.1420000000001
50.9160000000002
85.5920000000002
79.4660000000002
56.2940000000002
57.1360000000003
60.9020000000003
52.4140000000002
63.0740000000003
32.4760000000002
61.9760000000002
23.2460000000002
33.5200000000002
20.8900000000002
59.7680000000003
52.2660000000002
84.6760000000002
61.5480000000001
70.2620000000002
64.814
87.172
63.802
50.514
24.0679999999999
20.4279999999999
42.7439999999998
-16.7100000000002
-6.40400000000022
23.1979999999999
29.2279999999998
35.3539999999998
-8.72400000000027
0.199999999999704
54.4699999999998
70.8779999999996
59.6919999999996
23.3139999999997
32.8999999999998
28.1759999999997
28.7179999999996
56.4479999999998
62.2719999999996
21.0399999999996
8.26599999999974
52.6959999999998
18.0979999999998
58.1459999999998
46.838
90.67
82.9939999999999
64.3979999999999
35.418
9.3599999999999
28.0519999999999
23.606
11.5080000000002
49.7000000000002
22.1420000000003
37.6040000000003
51.5800000000003
35.5140000000001
61.966
70.9819999999999
65.2019999999999
32.098
17.3899999999999
64.5659999999998
51.7139999999998
43.4959999999999
35.8779999999999
41.7719999999998
14.468
32.204
32.204
4.04399999999987
-1.34800000000007
41.2739999999999
56.1239999999998
58.7979999999999
14.6559999999998
16.6959999999998
-17.0400000000001
21.2319999999999
49.6579999999999
58.1839999999999
30.6099999999999
33.0279999999999
0.583999999999946
39.2280000000001
33.5000000000001
61.466
39.8580000000001
46.6560000000001
32.292
29.748
15.7700000000002
50.8300000000002
15.504
47.89
70.318
51.622
14.5479999999998
52.4479999999998
6.18999999999971
76.0279999999997
61.2519999999996
66.8399999999997
64.4019999999997
77.6619999999998
70.0859999999997
42.9259999999996
68.2979999999998
17.2599999999998
41.9699999999997
71.8879999999999
65.9499999999999
35.4259999999999
36.4499999999999
45.1719999999999
20.8939999999999
23.934
-13.486
58.434
58.434
9.28999999999996
45.2619999999999
41.856
31.8319999999999
28.6659999999998
21.6599999999999
-0.576000000000136
15.7439999999998
26.9599999999999
32.448
12.6960000000001
45.7460000000001
14.0800000000002
-24.5679999999999
4.14200000000017
-22.5659999999996
38.5400000000004
62.9600000000006
-47.8599999999993
16.9680000000008
-6.25199999999927
12.5720000000007
35.6600000000007
49.3480000000008
52.7220000000008
-5.34999999999911
27.988000000001
52.3080000000009
52.584000000001
52.7300000000006
54.5660000000005
45.7200000000005
51.2820000000004
17.6480000000004
44.0980000000003
49.5040000000004
26.3820000000006
68.4220000000006
0.934000000000538
1.0800000000005
27.0920000000004
47.2580000000004
-17.6519999999996
9.70800000000042
-8.02999999999963
67.1860000000004
48.0640000000004
76.0840000000004
86.8760000000003
63.1040000000003
71.4460000000004
81.1820000000004
-7.17999999999961
51.7540000000004
81.3320000000003
100.804
82.3180000000003
28.5080000000003
15.6700000000003
56.5480000000003
70.3060000000004
56.2320000000004
51.6620000000004
65.5240000000003
71.3620000000003
70.3640000000004
49.8280000000004
45.9680000000004
54.1500000000004
64.2800000000004
48.8420000000004
-16.6279999999997
77.4460000000004
24.2380000000003
28.1740000000003
-16.3539999999997
42.1400000000002
36.7200000000001
15.0960000000002
49.6420000000002
86.4620000000002
75.8580000000003
75.4360000000001
68.0940000000004
45.4460000000006
59.4980000000007
79.8880000000007
93.6980000000007
64.9500000000004
54.6920000000005
84.3860000000004
97.2920000000004
71.0820000000001
35.138
67.7420000000001
48.874
72.562
71.422
53.4440000000001
93.3420000000001
96.1340000000001
19.7320000000001
34.476
42.5
42.458
-14.4400000000001
35.25
-4.42399999999998
34.456
35.3059999999999
30.2599999999999
11.8359999999999
34.872
-7.99400000000003
-17.558
27.008
39.408
41.1659999999999
40.8199999999999
-3.26800000000014
16.9279999999998
26.7779999999998
-15.6160000000002
20.3199999999997
40.0279999999997
42.2499999999997
32.9239999999995
42.6879999999995
59.4739999999996
53.1799999999996
40.6679999999996
69.3939999999997
42.2379999999996
64.4639999999997
64.4639999999997
63.3139999999999
-25.5500000000002
48.6599999999999
46.2639999999999
15.8219999999999
6.51799999999992
19.736
44.1559999999999
31.712
40.8459999999999
-42.278
26.8919999999999
90.7479999999999
69.4799999999999
59.7480000000002
78.3080000000001
74.9520000000003
71.7980000000003
39.3040000000003
79.1960000000004
79.1960000000004
26.1040000000003
5.91200000000026
47.2500000000002
22.3660000000003
63.5220000000003
87.8780000000004
66.9020000000004
15.4380000000003
35.8900000000003
38.3220000000003
46.6060000000003
65.6360000000003
49.3040000000004
62.6200000000003
62.6200000000003
18.6720000000004
-12.7159999999996
-90.9619999999995
-90.9619999999995
53.6180000000004
39.7880000000006
25.5500000000006
-15.3239999999994
26.1580000000008
57.9640000000009
57.9640000000009
17.2420000000008
7.13200000000063
23.1520000000006
37.4080000000006
13.8840000000006
44.7980000000006
42.6400000000006
-8.31399999999951
36.0140000000005
50.6080000000004
65.5020000000004
8.69200000000046
55.7060000000004
7.96000000000038
69.0560000000004
40.2780000000004
72.0340000000001
43.888
11.4700000000001
31.0860000000002
51.9700000000001
50.2200000000005
49.1520000000005
30.7180000000004
-1.71799999999973
25.0940000000005
38.8400000000004
18.8760000000004
17.8480000000004
-14.7279999999996
38.5540000000003
37.7940000000004
27.5180000000004
28.4540000000006
