30.6020000000004
25.4480000000005
74.0520000000007
107.306000000001
27.2080000000009
27.0400000000009
64.7940000000009
61.4420000000009
47.3420000000009
45.652000000001
59.3580000000009
44.9760000000009
59.7820000000009
53.392000000001
84.122000000001
36.1620000000009
-0.781999999999016
30.5800000000011
34.038000000001
-8.56599999999901
-12.9139999999992
28.5880000000005
23.2640000000005
61.2700000000003
91.7640000000001
70.7580000000002
83.1020000000001
95.6060000000001
78.854
97.8439999999999
45.0659999999998
70.4259999999997
66.9739999999997
76.2839999999995
82.8419999999995
23.5459999999995
52.3379999999995
70.2819999999996
-5.5600000000004
-5.5600000000004
3.43799999999965
66.0739999999997
72.0760000000001
60.5360000000004
58.4560000000004
44.2840000000002
39.0320000000003
64.7460000000002
53.6280000000003
91.5680000000002
24.35
69.8960000000001
83.6480000000001
83.2280000000001
50.6419999999999
38.0839999999998
75.1059999999999
37.0499999999997
76.6439999999996
100.257999999999
53.5959999999994
59.3599999999994
89.2179999999994
93.2079999999994
117.203999999999
122.365999999999
128.559999999999
128.559999999999
87.6379999999992
106.827999999999
73.8999999999994
-12.1740000000007
75.0999999999995
-0.41000000000065
-40.8360000000007
15.6859999999994
21.0519999999992
74.7639999999993
57.6759999999994
87.6499999999993
29.0379999999992
84.1899999999993
82.8779999999992
51.1919999999992
56.3859999999993
47.5499999999994
15.7819999999994
46.9799999999995
33.8459999999994
27.2859999999996
51.0879999999995
73.4079999999996
89.3119999999996
89.3119999999996
66.9639999999996
78.0399999999996
69.5459999999996
98.1019999999996
105.388
129.738
79.0919999999996
60.7679999999996
52.9559999999997
21.2539999999996
-16.7200000000005
-25.3660000000004
-2.43200000000036
25.2839999999995
31.2059999999996
27.5919999999995
48.2199999999996
137.715999999999
106.053999999999
25.5879999999993
27.6039999999995
5.63399999999945
13.5319999999996
5.68799999999953
51.8299999999996
49.8499999999995
40.9419999999994
10.9059999999995
40.7139999999995
50.0359999999995
34.1279999999996
36.0519999999996
48.5759999999996
48.4239999999995
46.9219999999996
32.8739999999996
54.6919999999996
73.8899999999995
51.5539999999994
55.0039999999995
33.4679999999995
45.0899999999996
52.7199999999996
15.8519999999995
75.4999999999997
69.6399999999995
45.8119999999996
85.8179999999995
70.0319999999996
51.6099999999996
57.6579999999997
-7.31200000000035
38.7139999999997
57.6619999999998
5.79599999999971
61.1699999999996
54.4859999999996
80.7819999999998
46.2839999999999
76.1179999999998
81.6379999999999
54.6980000000001
30.8420000000002
58.6560000000002
53.4980000000002
34.3700000000003
29.7320000000004
63.6300000000003
47.2020000000003
69.4880000000003
71.2800000000002
51.4500000000002
72.1160000000002
57.8980000000004
75.5840000000004
44.3200000000004
41.6200000000005
50.3820000000005
44.1920000000005
30.7000000000005
16.4800000000005
44.5400000000004
84.7440000000005
48.6940000000004
47.0420000000004
60.3240000000004
-25.2839999999995
30.3920000000004
34.8880000000004
63.7560000000003
86.2600000000003
66.9600000000004
73.4040000000003
70.1800000000003
84.0840000000003
52.0980000000003
37.7440000000001
93.5440000000002
52.6700000000002
25.9240000000002
26.8000000000003
-2.19199999999978
4.10000000000025
29.9080000000002
47.2880000000004
51.1700000000004
44.3420000000004
40.5040000000004
59.2740000000003
53.6320000000004
36.8480000000005
41.6800000000004
40.1940000000003
52.3920000000002
36.6320000000002
41.4760000000001
41.4000000000003
54.6920000000002
70.3100000000003
66.6040000000003
58.3880000000003
77.5380000000002
65.1080000000002
74.0720000000002
24.3100000000003
21.8840000000002
60.546
65.3399999999998
59.1419999999999
54.9379999999999
45.8960000000001
57.436
55.8119999999999
28.6079999999999
19.27
24.256
44.918
57.356
74.1640000000001
59.438
30.17
38.36
48.778
56.922
26.7959999999999
21.122
-5.59400000000005
-12.3920000000001
0.62600000000009
-13.1180000000001
-8.23599999999999
-11.6160000000001
-2.82399999999996
34.414
31.6560000000001
37.7280000000003
33.0520000000004
-0.701999999999884
-2.07999999999981
28.0560000000003
33.6380000000003
48.8660000000003
-27.8579999999997
2.57000000000039
87.5400000000004
58.3840000000005
14.3380000000005
36.9040000000005
52.8180000000006
10.9500000000003
-11.4239999999996
47.9880000000004
56.1340000000004
43.4740000000004
8.02800000000047
18.2100000000007
49.2420000000006
32.3520000000008
41.3080000000009
40.4660000000009
74.5460000000008
21.9760000000009
18.4320000000009
40.190000000001
54.048000000001
80.8880000000009
83.108000000001
90.804000000001
56.238000000001
39.748000000001
56.300000000001
46.3180000000009
67.2440000000009
52.078000000001
60.546000000001
78.596000000001
76.6180000000011
85.6000000000009
44.2060000000008
86.2500000000007
73.4560000000008
63.7020000000008
81.3080000000007
50.4140000000008
48.4300000000007
70.3660000000008
39.9780000000006
-13.9299999999994
13.0680000000007
61.4640000000006
80.3960000000006
-10.9859999999993
40.5880000000008
66.3160000000008
62.4020000000007
56.8460000000005
36.3820000000004
63.1620000000004
34.0140000000004
60.9540000000003
76.8960000000003
66.1100000000004
41.9320000000004
34.3260000000004
69.6340000000005
59.3260000000005
54.2260000000003
65.9660000000005
1.68600000000038
75.5020000000004
56.6320000000005
26.7300000000005
51.3620000000005
42.0040000000006
56.3180000000004
13.6620000000005
68.2600000000004
6.03800000000047
49.1760000000004
39.2920000000001
74.3020000000001
72.2580000000002
54.5440000000002
93.2120000000003
76.292
70.0600000000001
28.4140000000001
34.8100000000001
27.7479999999999
34.6039999999999
45.582
80.8679999999999
80.8679999999999
-4.67399999999998
100.186
72.8579999999998
57.1859999999999
66.9559999999999
56.9959999999999
52.2339999999999
57.22
57.5660000000001
49.3499999999999
50.3400000000001
64.4740000000004
8.14400000000035
9.7420000000003
58.9880000000003
35.3500000000004
44.5300000000003
72.1960000000003
76.6800000000004
46.3600000000004
63.5400000000003
38.7660000000003
59.6660000000004
57.5420000000004
13.8960000000003
70.1580000000004
32.0400000000003
40.8960000000003
40.7220000000003
16.9140000000002
68.6800000000003
38.4720000000003
41.6240000000004
20.2640000000004
33.2280000000004
50.2320000000005
32.4680000000005
76.0540000000004
59.4480000000004
58.2560000000005
49.6780000000005
68.1380000000003
71.8160000000001
88.5660000000001
79.4320000000001
28.1080000000001
78.8700000000001
81.1320000000002
56.0880000000003
28.8440000000002
62.8880000000003
56.8360000000002
38.682
24.3619999999999
40.5419999999997
50.5079999999998
42.3779999999998
22.6639999999999
30.196
58.7839999999998
57.0019999999995
47.1759999999995
34.5759999999995
44.9799999999995
34.0319999999994
53.8179999999994
52.8099999999994
65.3139999999993
54.7019999999994
52.6279999999994
32.3739999999993
47.6499999999994
86.2459999999993
61.6139999999992
53.2879999999993
-5.76400000000058
40.4699999999995
41.3759999999994
31.8039999999993
14.5419999999992
41.6199999999993
20.1279999999992
15.0979999999993
19.8299999999992
-4.39400000000069
13.8699999999993
38.7499999999993
30.3219999999993
32.9199999999994
43.8699999999994
2.71199999999931
48.8099999999993
48.7779999999993
13.8139999999993
68.4019999999994
67.4739999999997
76.3299999999998
46.8599999999998
38.6579999999999
40.7339999999998
48.8079999999999
37.872
26.0339999999999
39.5239999999999
40.538
56.96
58.6800000000001
13.0980000000001
16.7840000000002
30.5920000000003
32.9400000000002
75.4540000000004
37.0100000000003
28.9700000000004
50.0660000000004
-8.68599999999958
73.4120000000004
77.8860000000003
59.2000000000004
55.6160000000003
36.4680000000003
28.6820000000004
19.7360000000003
49.2540000000002
70.8420000000003
27.0460000000004
85.6640000000004
43.1140000000005
38.1800000000006
60.1820000000006
47.4060000000006
-14.5999999999995
81.2380000000005
33.9680000000004
22.3000000000004
53.9160000000005
48.8540000000005
8.56400000000065
42.8020000000006
64.1880000000006
47.4140000000006
44.0000000000006
34.2260000000007
59.5280000000009
74.0520000000009
60.628000000001
64.3900000000009
48.218000000001
20.7320000000011
40.3540000000011
38.038000000001
39.6660000000011
18.3680000000011
37.958000000001
11.438000000001
52.536000000001
31.472000000001
17.148000000001
18.242000000001
38.0760000000009
39.808000000001
47.192000000001
16.660000000001
74.646000000001
40.948000000001
63.136000000001
73.6900000000013
88.2780000000014
84.7820000000014
72.4240000000013
58.760000000001
76.760000000001
67.730000000001
30.8060000000008
36.5520000000007
-15.9479999999993
-20.1459999999993
19.6000000000006
2.3300000000005
12.2000000000002
42.4420000000002
43.3339999999999
63.9019999999998
19.1439999999997
17.2839999999997
5.07599999999968
-20.2860000000003
-0.584000000000287
-3.18800000000033
-3.18800000000033
-68.4680000000003
-37.5180000000004
-26.3940000000003
-41.3940000000003
-33.0480000000003
-13.4440000000003
-4.05400000000031
-4.05400000000031
-27.3980000000003
33.3459999999997
27.7459999999998
9.35999999999967
-4.57800000000032
13.2779999999997
9.32399999999973
2.20799999999974
20.7099999999996
15.9419999999997
37.3099999999996
3.30199999999957
-3.69200000000035
8.92399999999964
28.5139999999997
32.8419999999996
26.9459999999996
-13.4740000000006
30.6039999999995
19.2299999999993
39.8859999999995
25.7619999999996
-32.6240000000004
20.1179999999998
36.6499999999999
56.064
59.0959999999999
48.03
43.954
28.744
1.75000000000011
36.4520000000001
34.5060000000001
33.33
42.9280000000002
47.3640000000001
53.2740000000006
64.7180000000003
73.6660000000004
73.4440000000003
-7.89799999999968
39.2140000000004
38.5120000000003
51.5740000000003
45.7520000000003
20.6380000000003
49.8600000000002
68.8100000000002
45.2860000000002
59.2140000000002
-2.53999999999985
11.3080000000001
0.598000000000184
4.8180000000001
24.1120000000002
43.9300000000002
21.2020000000001
12.5120000000002
8.7700000000001
-1.8599999999999
-4.68599999999992
36.5900000000001
20.1340000000001
51.9240000000001
2.51999999999998
54.6080000000001
47.58
36.24
27.4060000000001
43.8500000000001
36.7560000000001
22.374
31.604
43.914
22.9119999999999
28.3779999999998
22.3059999999999
-22.9420000000001
29.7579999999999
23.3899999999999
19.8019999999998
36.8959999999997
48.7419999999997
28.6499999999998
46.1059999999998
53.1099999999998
-0.106000000000222
-6.72799999999972
2.83400000000017
16.3080000000002
6.69200000000023
40.1840000000002
38.0200000000002
17.7780000000002
3.35800000000029
9.72600000000023
19.8740000000003
3.19600000000025
10.4140000000002
24.3140000000002
34.3580000000004
9.90200000000038
13.1480000000003
31.4980000000003
39.5700000000003
42.1260000000003
-7.07199999999978
4.42600000000027
25.7220000000003
14.2160000000003
20.1800000000003
8.18800000000044
20.3480000000005
40.5300000000004
38.9780000000004
19.3740000000005
11.7180000000004
23.7340000000005
24.0380000000006
23.2900000000004
-32.5359999999997
13.7460000000003
47.5640000000004
68.4920000000003
61.38
56.086
62.5
68.9939999999999
60.5519999999999
65.3179999999995
74.3739999999996
66.3079999999995
33.2239999999993
59.1339999999992
76.3179999999992
50.6799999999992
47.5879999999992
19.4979999999993
44.3519999999993
75.2779999999992
67.0479999999992
52.5039999999992
24.4719999999992
66.4799999999992
60.0459999999991
83.7339999999991
67.9939999999991
59.4479999999991
7.75399999999911
56.2579999999991
34.1359999999992
63.6439999999992
63.6439999999992
59.6259999999992
70.6659999999991
37.6659999999991
97.2459999999992
54.0199999999991
52.7319999999992
61.3859999999993
68.6999999999991
46.9299999999992
47.3899999999992
71.8939999999992
27.2919999999993
25.2039999999994
22.9039999999994
47.6339999999993
61.8939999999993
25.8759999999993
27.8199999999994
33.7059999999993
13.1759999999992
57.8459999999993
62.7459999999992
61.4679999999993
3.92599999999936
32.4279999999995
32.7519999999994
50.8279999999991
48.631999999999
38.4679999999991
35.4379999999991
60.8419999999993
35.4299999999993
39.3439999999993
29.6779999999993
64.3839999999993
-0.97800000000052
19.4539999999994
-0.0660000000004857
16.8899999999996
37.1639999999996
19.6919999999997
29.3679999999997
72.8059999999996
61.4819999999995
67.7759999999995
78.5739999999995
25.7759999999995
41.0219999999996
41.8079999999994
56.7319999999995
45.2679999999993
5.79199999999935
27.0659999999992
42.6939999999993
38.4579999999993
38.9759999999992
65.3059999999992
47.2099999999991
40.381999999999
45.099999999999
35.1519999999989
45.4599999999989
59.541999999999
61.9919999999992
54.4599999999991
40.0779999999991
31.5019999999992
42.577999999999
44.2999999999992
22.2499999999991
24.4659999999991
57.2899999999991
51.2819999999991
42.2459999999993
65.2199999999997
59.8919999999997
9.81799999999964
21.2399999999998
44.9919999999996
47.6959999999997
36.3379999999996
40.4879999999997
43.7379999999997
45.5119999999996
46.1539999999997
40.4019999999997
18.1359999999997
33.6039999999997
33.4359999999997
46.5499999999996
43.4739999999996
22.6399999999996
22.5179999999997
38.7739999999997
55.6759999999996
58.4639999999996
33.2799999999999
-0.722000000000094
-17.6220000000001
31.252
5.51999999999987
27.3459999999999
39.372
51.5980000000003
15.1040000000003
24.876
52.9879999999999
40.3920000000005
17.2360000000006
28.8500000000005
29.4520000000005
-22.9419999999996
5.12600000000043
29.6560000000004
28.5120000000003
9.53800000000047
47.4600000000003
47.1580000000005
32.0700000000005
10.9560000000005
17.4460000000005
37.5200000000006
40.0540000000005
60.4300000000005
28.7200000000005
60.1400000000008
46.3640000000007
40.2900000000008
-14.7139999999993
12.1040000000008
33.1680000000008
62.7580000000007
-7.68399999999917
34.1480000000008
2.46800000000076
8.93600000000072
44.5660000000007
48.4060000000007
52.5840000000009
53.2260000000007
75.1020000000007
35.5360000000007
21.1320000000009
14.6460000000009
51.7480000000011
40.6900000000011
62.2540000000009
44.666000000001
40.4940000000008
99.4820000000007
109.006000000001
54.9960000000005
35.4340000000005
31.7160000000005
-8.29799999999955
10.6020000000004
31.7080000000004
14.5740000000005
35.1200000000005
21.8100000000004
46.0400000000004
