115.588000000001
156.966000000001
175.002
91.4700000000005
114.138000000001
114.926000000001
134.060000000001
100.692000000001
109.420000000001
101.868000000001
115.212000000001
103.100000000001
83.5860000000009
73.2780000000012
82.4500000000012
39.2960000000013
39.2020000000014
76.6720000000014
87.6840000000013
114.122000000001
64.4680000000004
26.9240000000005
27.4540000000004
32.124
42.658
46.386
72.7559999999999
40.3119999999999
17.3599999999998
38.8579999999994
26.8999999999994
55.5359999999994
18.4679999999994
72.6459999999995
54.2139999999996
85.7479999999998
49.8719999999996
53.7959999999996
51.0839999999997
52.6539999999994
70.1619999999994
53.8819999999994
73.7059999999993
37.0059999999996
-30.3780000000005
-34.1920000000005
-36.7740000000005
-62.1300000000002
16.3019999999997
26.9539999999996
-21.0660000000005
57.5719999999995
52.0279999999996
38.1319999999996
-47.1520000000003
-110.39
-29.7120000000002
-24.8160000000003
-12.1420000000002
-33.6919999999999
-17.5599999999997
-33.7859999999997
25.1720000000003
29.9200000000001
13.7160000000001
-12.5339999999998
-33.4199999999998
-4.19999999999999
-33.998
-71.0639999999999
56.5520000000001
56.5520000000001
17.7260000000001
34.9579999999999
56.5919999999999
80.3779999999999
4.4899999999999
16.5359999999999
35.1319999999998
42.5599999999999
40.464
49.84
28.3200000000003
26.6360000000002
40.1300000000003
74.1480000000004
19.7060000000003
120.586
48.0580000000002
42.9700000000001
56.3420000000001
74.5120000000002
57.8100000000001
21.9080000000001
60.2040000000001
46.0620000000001
65.6820000000001
83.958
124.098
80.904
89.396
123.478
149.61
143.544
67.9200000000001
82.746
103.506
77.5160000000001
86.8059999999999
83.6159999999998
78.5999999999998
58.6439999999998
49.8639999999997
106.046
74.0399999999999
107.9
25.2279999999998
64.8859999999999
46.8419999999999
46.818
50.2720000000002
51.0420000000001
40.8720000000001
78.7960000000001
59.5740000000001
6.93600000000004
29.996
-0.98599999999999
11.744
59.4880000000001
64.394
56.858
12.5920000000002
35.3020000000003
27.1680000000003
-7.1419999999996
42.5880000000003
74.3620000000003
37.2840000000002
4.45200000000011
113.212
154.19
101.63
28.07
35.7
88.884
88.064
50.318
87.038
79.3380000000001
60.1700000000001
78.8940000000001
93.836
62.3720000000001
39.2080000000001
73.0660000000001
44.2160000000001
8.65200000000016
69.4700000000001
120.198
98.6940000000002
107.288
70.6840000000001
86.756
77.4879999999999
108.324
77.336
90.1619999999998
131.262
67.4899999999998
54.1799999999997
62.8299999999997
66.6819999999996
97.2639999999996
4.21399999999949
-0.506000000000427
42.3699999999996
3.31399999999951
50.1279999999995
-64.8960000000005
-12.6160000000004
-50.9880000000004
-8.34400000000039
6.83599999999944
-9.9500000000005
-23.9040000000005
34.9759999999995
39.0159999999996
52.7619999999995
31.8459999999995
4.74399999999946
33.9259999999996
18.9079999999997
18.9079999999997
33.3559999999998
27.8059999999999
12.5219999999998
40.7739999999998
64.5359999999998
70.2579999999998
44.7779999999997
46.3819999999997
54.2879999999996
49.4859999999996
87.2919999999996
92.666
35.3020000000001
39.282
40.288
23.9880000000001
82.4600000000001
94.896
85.3559999999999
67.3939999999998
65.6219999999998
66.5860000000001
66.5860000000001
48.5360000000001
71.4400000000001
39.4000000000001
49.442
58.6000000000001
44.6460000000002
53.7800000000002
74.0120000000001
30.3500000000001
56.4060000000001
69.7180000000001
73.6100000000001
102.044
78.3940000000001
39.1940000000001
72.5899999999999
38.3359999999999
69.6979999999999
73.8560000000002
75.2860000000002
47.7260000000001
25.772
67.604
42.6900000000004
8.00800000000038
47.6940000000001
64.418
87.244
102.316
70.558
78.0620000000001
80.0620000000002
78.4820000000002
91.2060000000004
73.6380000000003
57.9200000000003
30.0880000000002
36.1520000000002
40.2780000000001
35.99
21.626
-11.3739999999999
48.8360000000001
56.606
59.5
-5.48199999999997
42.2140000000001
16.9220000000001
45.3360000000001
89.4120000000001
67.4119999999999
9.53999999999985
62.9099999999998
41.9219999999998
23.0499999999998
79.8819999999999
76.7319999999999
49.4699999999999
99.0019999999998
86.7139999999999
103.062
101.87
86.5800000000001
78.03
93.8820000000001
52.052
105.242
88.3880000000001
130.21
81.5640000000002
70.3280000000002
56.4460000000001
39.09
45.004
74.5540000000001
128.974
63.7380000000001
50.6520000000002
67.1980000000003
52.6520000000003
145.53
70.9540000000003
18.1780000000003
70.5260000000003
33.7820000000003
75.3680000000003
75.3680000000003
90.2140000000003
51.8760000000003
51.8760000000003
51.8760000000003
79.5100000000003
129.378
13.1660000000002
90.5520000000002
82.9540000000003
78.9120000000003
73.0200000000002
72.8460000000002
69.2440000000001
91.0000000000002
49.4800000000002
62.2440000000001
67.1720000000002
79.1000000000001
25.8580000000002
41.5380000000002
150.158
85.4820000000002
51.7180000000002
108.234
26.6500000000002
49.9980000000002
36.0380000000002
71.2980000000002
66.2820000000002
62.2840000000002
118.39
61.3299999999998
45.1759999999998
46.2819999999999
74.5519999999998
53.0239999999997
36.7419999999996
19.2099999999997
16.5879999999996
-15.7760000000004
4.02399999999955
10.8679999999996
73.3459999999995
38.9939999999997
50.1539999999997
37.6479999999997
55.9079999999997
-0.82400000000041
-2.17400000000043
51.1799999999997
27.0679999999998
44.2499999999997
63.9359999999997
43.9839999999998
31.9139999999999
57.8299999999999
44.3519999999995
51.2419999999995
28.5339999999995
61.6999999999995
75.5979999999995
60.8179999999994
38.6719999999994
72.4359999999994
27.1459999999995
66.1479999999995
94.0619999999994
80.3039999999995
113.685999999999
131.527999999999
85.4059999999996
91.2579999999996
113.532
28.5239999999995
97.9559999999996
104.232
136.156
58.1279999999995
76.0799999999995
47.4279999999997
66.8899999999999
54.6239999999999
78.4139999999999
57.8099999999999
71.4659999999999
66.4099999999999
30.8079999999999
7.48999999999995
14.154
13.9
88.246
64.5700000000001
123.41
85.5480000000001
-22.574
94.0360000000001
83.804
101.442
106.144
90.9980000000001
104.532
119.014
70.0420000000001
39.6940000000001
38.9380000000002
79.2660000000001
112.048
129.476
87.0560000000004
96.3480000000002
68.7840000000002
73.3260000000002
67.7520000000002
120.628
77.0420000000003
87.9060000000002
81.2460000000002
88.5140000000002
114.51
64.9140000000002
61.1620000000002
22.2920000000001
26.1640000000002
87.6900000000002
86.4220000000002
91.1520000000002
50.5760000000004
57.7900000000003
74.1340000000003
70.2920000000003
74.3800000000003
120.304
82.3220000000003
76.8060000000002
66.8040000000003
68.7320000000003
69.2540000000004
98.8540000000003
98.5380000000001
59.0040000000001
106.664
84.9160000000001
99.0780000000001
78.3340000000001
72.138
92.45
74.26
78.382
58.828
112.674
93.3220000000001
54.55
73.972
92.4999999999999
48.86
76.874
67.478
57.6859999999999
69.5059999999999
83.1859999999998
61.9279999999998
57.4199999999998
93.2919999999999
31.4540000000001
93.3300000000001
27.3180000000002
41.8060000000002
51.8500000000001
31.5200000000001
66.7580000000001
46.0040000000001
33.2540000000001
14.4380000000001
66.2800000000001
66.6320000000001
80.7560000000001
35.676
41.8139999999999
82.1879999999999
173.436
60.434
29.4139999999999
52.4059999999998
50.6099999999998
79.1719999999998
91.8779999999999
79.11
81.7640000000001
28.0139999999996
23.6239999999995
21.7119999999995
-3.26400000000046
77.8179999999996
21.4419999999997
70.3899999999996
62.3719999999998
46.1439999999999
61.9479999999999
62.866
72.044
52.3240000000004
50.1340000000004
24.1740000000004
10.6220000000003
51.0240000000003
6.4680000000003
17.8440000000003
15.2740000000003
50.0740000000003
94.4120000000003
38.3820000000004
24.2700000000004
34.1800000000003
-6.67599999999948
55.4360000000006
-1.64799999999946
44.5880000000006
17.5140000000006
67.2480000000004
31.8680000000001
9.72000000000014
74.6800000000003
17.2120000000001
-45.4719999999999
59.1540000000002
27.8400000000001
9.65599999999984
-17.2820000000003
51.7599999999999
121.222
84.1559999999996
72.5419999999996
10.2479999999996
38.5819999999996
45.6399999999996
34.8759999999996
67.0319999999996
42.8279999999996
57.0219999999995
76.7559999999996
35.5939999999996
46.2959999999996
48.1359999999996
98.3959999999995
65.5459999999995
73.4919999999996
66.1539999999996
56.2319999999996
87.2499999999995
63.5219999999996
89.3419999999995
3.32199999999932
64.9439999999995
80.4979999999995
74.1699999999994
88.0119999999995
77.7719999999994
130.881999999999
59.4299999999996
32.2139999999997
43.4039999999997
79.4719999999997
61.0239999999997
89.9459999999997
73.6819999999997
105.604
42.2959999999996
31.0699999999996
48.0479999999997
65.5499999999997
90.4239999999998
79.8899999999995
51.7699999999996
82.4739999999997
79.9559999999998
76.8879999999999
32.6039999999999
84.2939999999998
58.414
56.2660000000001
69.3860000000001
77.1140000000004
-51.7559999999997
-52.6939999999997
-52.6939999999997
32.7200000000003
100.022
94.6080000000002
67.0360000000002
55.0440000000002
82.4800000000002
144.536
66.6060000000004
63.6000000000005
67.7200000000004
98.6720000000005
46.7840000000005
95.1900000000005
80.7580000000004
38.7960000000003
69.6700000000004
85.5880000000004
128.386
63.8860000000002
46.9600000000002
90.7460000000002
84.4880000000002
67.6480000000002
127.79
117.718
68.2980000000001
82.5940000000001
75.6540000000001
76.8360000000001
97.6060000000002
129.844
72.7660000000001
52.01
79.1460000000001
95.328
84.318
115.912
46.3459999999999
62.4259999999999
65.0819999999999
75.2159999999998
69.3139999999997
80.3219999999996
19.3259999999997
51.8599999999997
66.2719999999995
45.3759999999994
66.7279999999995
63.2839999999995
65.1439999999995
134.431999999999
85.9959999999996
47.2799999999997
66.1739999999997
92.2499999999997
33.9319999999997
85.5319999999997
59.6459999999997
90.7859999999997
72.1359999999996
32.2959999999997
42.7159999999997
111.752
132.622
85.0179999999999
65.2099999999997
69.9559999999998
43.6260000000001
60.6520000000002
85.3480000000003
95.3280000000003
56.4700000000005
72.2260000000006
41.6360000000005
37.3380000000005
51.1820000000005
61.0320000000005
125.686
-2.85999999999945
-21.8319999999994
-6.01199999999949
60.1980000000005
43.4460000000005
53.2040000000004
73.2800000000004
64.2520000000005
36.6240000000005
77.6800000000005
-65.3599999999994
99.9580000000007
83.2340000000006
62.3440000000008
60.0140000000009
64.3700000000008
49.9640000000007
112.008000000001
85.1940000000008
-5.69599999999912
25.5060000000009
70.4860000000007
31.3600000000007
31.7100000000007
102.942000000001
32.5640000000006
94.6440000000006
71.8140000000001
70.2800000000002
74.0360000000003
74.7460000000003
22.6440000000002
57.2900000000003
81.6480000000003
79.4820000000003
73.0540000000002
49.1040000000002
64.1620000000003
-5.09399999999982
-0.985999999999876
-14.3240000000001
73.3680000000001
70.7959999999999
85.6999999999998
80.5999999999998
61.8879999999998
79.1499999999996
85.5879999999999
91.1639999999999
74.8739999999999
74.8739999999999
74.8739999999999
94.9759999999998
63.2300000000001
66.2920000000001
33.8960000000002
61.9560000000002
120.2
88.7700000000002
71.5260000000002
47.4000000000001
73.724
75.9060000000002
67.6540000000001
66.8740000000001
76.0380000000001
80.4440000000001
72.9139999999996
45.1779999999993
52.7599999999995
64.6499999999993
74.7279999999993
65.0659999999992
96.1479999999992
92.9759999999992
79.4599999999989
110.399999999999
91.9979999999989
74.719999999999
5.45999999999913
-28.1460000000009
-3.85800000000086
4.53799999999922
45.2279999999994
41.1459999999994
32.5959999999993
39.4379999999992
26.5599999999993
24.7119999999994
37.7639999999996
12.9359999999997
12.0519999999997
18.3579999999996
63.6119999999995
29.5219999999996
-0.456000000000472
-12.7800000000005
-18.9280000000006
71.2319999999995
52.0859999999993
31.1299999999992
-30.3720000000008
5.64399999999921
26.3479999999994
35.9959999999995
-36.3100000000006
-25.0420000000006
-31.1400000000006
-34.6820000000006
-14.5820000000006
-8.93400000000042
8.4199999999995
9.70199999999954
26.5679999999995
30.2819999999997
-8.14200000000028
13.8359999999996
32.9819999999996
57.8499999999996
28.1839999999996
44.1919999999997
44.5399999999995
56.8939999999994
54.0419999999995
77.4319999999997
65.9599999999997
44.7939999999996
71.0299999999996
73.4499999999996
51.0159999999997
62.6879999999996
55.4299999999996
47.2319999999996
116.142
69.0719999999997
35.9419999999994
47.5619999999994
26.3719999999995
79.9419999999994
114.255999999999
52.5659999999993
51.3099999999993
25.1659999999994
28.0079999999994
1.15399999999954
49.7979999999997
127.578
61.7179999999997
59.3219999999997
61.2339999999996
52.9419999999997
81.8439999999997
147.14
59.3519999999997
67.0439999999999
67.8779999999999
80.508
54.7779999999999
25.252
25.252
66.2299999999999
74.7239999999997
74.3139999999996
84.2299999999996
-43.3140000000004
-43.3140000000004
-43.3140000000004
-43.3140000000004
-58.0780000000004
-58.0780000000004
-58.0780000000004
109.17
14.1399999999993
85.5419999999992
58.7679999999992
28.8939999999991
43.075999999999
84.0839999999992
83.0119999999991
96.1119999999992
93.0699999999991
27.3519999999992
61.9679999999992
110.977999999999
18.7399999999992
30.0859999999992
24.7319999999993
36.9039999999993
63.0919999999995
52.1759999999996
49.7159999999996
80.4539999999995
50.6639999999996
41.5439999999996
101.922
51.0159999999996
108.638
55.6539999999995
70.0319999999995
59.4559999999994
67.2359999999995
75.4379999999994
15.1359999999995
38.8719999999996
81.9319999999996
116.782
91.8839999999998
81.1099999999998
107.018
100.43
6.43599999999992
29.1339999999999
73.256
72.6079999999999
39.51
49.498
112.25
72.3280000000004
27.8680000000004
87.7280000000005
45.4560000000005
48.2600000000006
53.5640000000005
61.3380000000003
29.6980000000003
65.3020000000001
88.6860000000004
106.564
49.8580000000003
60.3940000000002
33.1760000000002
72.0200000000002
70.7220000000002
65.2380000000002
38.3280000000003
77.7660000000004
37.0040000000004
48.7640000000004
47.5520000000004
-12.0019999999996
