50.9180000000005
54.8280000000004
79.3640000000005
30.1440000000005
86.9560000000005
60.2440000000005
43.5200000000005
74.2740000000006
11.2860000000006
54.0580000000006
27.1160000000006
56.0040000000005
-62.1019999999994
91.3860000000006
66.4780000000008
93.552000000001
11.854000000001
67.2940000000009
81.0920000000008
49.7100000000008
86.8520000000008
78.1000000000005
94.6540000000004
136.138
21.328
30.93
4.29199999999986
6.57599999999991
42.48
72.29
126.082
67.8820000000002
49.4220000000001
71.0780000000002
76.2120000000002
129.906
56.8160000000001
41.0940000000001
34.0980000000001
87.3920000000002
125.276
116.832
97.6480000000003
100.4
71.1040000000002
112.97
105.264
36.3540000000001
50.3120000000001
79.7800000000001
102.294
88.7780000000002
164.05
88.8020000000002
37.7180000000002
116.402
109.004
64.814
84.8939999999998
60.4459999999999
83.218
78.4000000000001
172.614
84.2299999999998
76.4239999999998
58.8519999999998
80.7519999999998
45.2259999999999
40.3679999999999
74.6159999999999
107.662
98.8959999999999
82.0959999999999
28.588
42.156
85.4679999999999
30.624
65.9580000000001
94.4760000000001
38.5060000000001
60.0760000000002
86.4040000000001
52.0680000000001
55.5520000000001
91.2380000000001
85.514
88.8240000000004
49.8040000000004
40.9740000000004
82.0200000000004
99.0660000000004
89.5760000000004
120.042
92.7420000000006
126.430000000001
36.6260000000006
78.9420000000006
93.3220000000006
87.5760000000006
127.288000000001
55.3420000000006
66.4120000000006
105.198000000001
155.364000000001
52.8500000000005
69.2260000000005
86.3660000000004
62.6540000000005
104.214
58.0620000000005
110.198
72.454
38.5699999999999
55.5239999999999
75.1519999999999
55.5519999999999
97.6439999999998
48.8039999999998
22.502
43.1579999999997
76.4099999999995
52.7339999999995
88.6939999999993
105.711999999999
112.631999999999
12.6519999999992
28.9639999999993
-13.0360000000007
65.8119999999993
20.3879999999992
100.309999999999
140.819999999999
64.1619999999994
10.7599999999995
76.3919999999995
39.3459999999996
69.6259999999996
70.8219999999996
39.7079999999996
69.3739999999996
71.8579999999995
74.3399999999995
69.8819999999996
93.9419999999996
12.9399999999997
51.5899999999997
80.0699999999997
108.072
38.4419999999997
62.2679999999997
113.396
73.1139999999996
74.4519999999996
48.6639999999996
58.4199999999996
88.9259999999996
135.368
42.6719999999997
87.2299999999997
83.3699999999997
54.6199999999997
100.182
136.602
103.016
15.5579999999998
2.32199999999978
103.698
76.1519999999998
91.4659999999998
91.4559999999998
68.1599999999998
77.0219999999997
67.4919999999997
153.628
88.5799999999997
67.0119999999997
101.618
97.4739999999998
78.5159999999996
119.464
91.0599999999997
47.0519999999997
89.1459999999998
128.364
81.028
119.274
78.7839999999999
68.4299999999998
49.7119999999998
19.1839999999999
3.97599999999983
76.9719999999999
107.138
57.3819999999999
56.5679999999999
54.9299999999999
64.4779999999999
115.514
33.3419999999998
58.4759999999998
51.9599999999999
86.9139999999999
121.764
41.204
74.2760000000001
105.296
75.4000000000001
115.624
95.5380000000005
39.1480000000004
93.6480000000003
80.7900000000002
81.4300000000003
24.8000000000003
67.1300000000003
84.9880000000003
123.628
73.8620000000003
88.8160000000003
71.2340000000005
46.3880000000004
38.1200000000004
97.2220000000004
103.032
76.6000000000004
41.8940000000003
83.3560000000003
115.28
66.5700000000003
60.7160000000003
104.948
62.7840000000003
118.016
62.9000000000001
86.5540000000001
93.9780000000001
78.4560000000001
108.912
55.0160000000001
111.97
111.746
132.52
87.054
30.8759999999999
65.4659999999999
65.4659999999999
117.906
95.6079999999995
74.1119999999995
28.7319999999995
32.4159999999996
102.36
48.5539999999996
65.3999999999996
71.0339999999996
127.554
116.31
115.252
56.8019999999996
68.9679999999996
92.7239999999997
101.096
35.1879999999998
96.0139999999996
49.7859999999996
88.7599999999996
117.068
31.2819999999996
58.3359999999996
91.4979999999995
93.6299999999995
61.0939999999996
84.4359999999995
155.248
86.5479999999996
126.174
108.26
32.6059999999997
50.9379999999997
74.1199999999997
84.4319999999995
74.8199999999994
54.1759999999995
30.5039999999995
88.4439999999994
40.7819999999995
86.8559999999995
89.7779999999996
41.7759999999995
67.9459999999995
71.5079999999995
24.0519999999995
86.1439999999996
87.6699999999996
97.2239999999996
69.9839999999996
100.726
65.3059999999995
60.9919999999996
84.3579999999997
61.1059999999998
48.9699999999999
76.4899999999998
102.43
35.1779999999999
93.2499999999999
66.1099999999999
102.422
96.546
60.41
69.324
62.0500000000001
57.9200000000002
54.6440000000002
49.8460000000002
95.2460000000001
98.0460000000001
63.7500000000002
57.7540000000002
107.484
64.7620000000001
55.5140000000001
65.7140000000001
64.4200000000001
111.932
82.6839999999999
56.2739999999999
95.4819999999999
84.2999999999999
51.9699999999999
47.7979999999999
41.8359999999999
103.258
79.5959999999998
68.8819999999998
43.6779999999999
35.5019999999999
117.442
84.8099999999999
69.9840000000001
44.1860000000001
10.3580000000001
50.0420000000001
47.7740000000001
74.03
74.03
131.494
62.3100000000001
37.6680000000001
90.702
15.546
15.546
58.304
105.07
93.0800000000001
73.9300000000001
135.404
47.314
49.308
82.516
96.874
139.318
108.918
116.292
120.16
80.836
99.7659999999999
106.63
55.3599999999997
26.8459999999996
12.2459999999996
50.0059999999997
21.1539999999998
83.6979999999998
100.796
87.8059999999997
87.1119999999996
83.1859999999997
25.9039999999997
103.236
93.7799999999997
91.7679999999998
94.9179999999998
112.338
77.6979999999998
74.2879999999998
71.3039999999997
85.2559999999996
103.246
62.0699999999997
7.73199999999963
48.7239999999997
80.4779999999996
73.8319999999997
69.1959999999997
82.9719999999996
94.4699999999997
65.1939999999996
121.034
68.8999999999996
85.4479999999996
56.4019999999998
33.3159999999997
13.4159999999997
20.7599999999998
105.822
80.3279999999999
81.3759999999997
94.65
57.2419999999998
57.8799999999999
101.47
64.7359999999996
62.6539999999997
80.3039999999996
75.6419999999996
61.2319999999996
103.616
81.8499999999997
47.3499999999997
27.8219999999997
46.3939999999997
77.4619999999996
90.3399999999997
80.5559999999997
93.7279999999997
80.2759999999996
75.1019999999996
66.9039999999997
65.8139999999996
88.4139999999996
92.8379999999996
60.8459999999995
71.5519999999996
105.24
85.6019999999994
90.4159999999995
85.3499999999995
107.483999999999
89.3239999999994
92.3419999999994
50.0939999999995
87.7519999999995
29.6339999999994
44.9479999999996
72.7319999999996
37.5199999999996
43.5759999999998
72.4139999999999
55.5759999999999
86.8859999999999
83.7859999999998
84.0819999999999
93.6279999999999
105.702
113.578
46.9239999999999
66.0879999999999
76.986
74.71
41.922
63.4540000000001
102.49
86.0240000000002
-6.7439999999998
79.2800000000002
78.3440000000003
106.312
87.7680000000003
60.6000000000003
66.3960000000004
44.6540000000005
36.7360000000004
36.7360000000004
113.406000000001
-32.2319999999994
44.6620000000005
93.3560000000004
124.028
102.858
118.484
31.5839999999999
85.4399999999999
103.992
52.8839999999999
84.938
50.134
54.092
86.7459999999999
80.7379999999999
100.806
110.374
111.464
88.722
101.768
101.03
61.3319999999999
95.4139999999999
110.756
84.9579999999997
106.438
89.6379999999999
58.1839999999999
72.4039999999999
81.0379999999999
74.9819999999999
82.2699999999999
80.6439999999998
97.0739999999997
73.0099999999997
105.209999999999
91.9699999999997
88.8059999999998
52.3359999999998
87.9959999999999
87.4899999999998
19.6499999999998
87.2639999999998
79.1919999999998
68.2739999999998
89.1339999999998
49.6119999999996
72.7019999999997
53.1559999999998
103.832
90.1259999999995
94.8839999999996
100.39
105.304
94.6179999999997
45.9159999999996
73.7959999999996
88.7759999999997
107.356
10.9339999999997
27.7299999999997
40.8419999999998
20.0299999999997
54.9819999999997
21.9819999999999
65.9719999999998
98.2919999999997
89.8999999999999
98.9399999999999
89.1539999999999
21.1259999999997
78.5319999999997
69.5699999999997
83.5759999999997
99.4019999999997
71.0459999999996
118.744
71.9059999999996
61.0139999999996
48.1759999999996
65.4699999999996
112.772
105.886
46.2899999999995
19.1999999999995
77.8099999999995
113.318
97.5119999999996
108.812
95.1719999999997
38.0419999999997
112.802
82.3179999999998
92.8819999999998
101.094
95.9039999999997
92.386
51.0179999999999
42.1759999999999
58.2740000000002
50.0300000000002
10.5940000000003
14.8260000000002
45.4200000000002
86.3780000000002
67.0740000000002
87.8420000000003
94.2440000000003
91.3860000000002
26.9660000000002
70.5400000000002
86.7420000000002
86.5400000000001
19.5220000000002
81.3320000000001
67.6800000000001
66.4220000000001
76.016
52.188
78.4100000000001
74.3360000000001
92.9720000000001
74.1700000000003
58.1820000000002
77.0340000000002
95.2420000000003
102.69
31.5920000000003
46.5280000000002
113.958
25.7480000000002
103.346
71.4340000000002
27.8340000000002
91.0960000000002
114.232
100.236
70.0020000000001
33.5540000000001
116.75
79.6720000000001
81.0960000000001
114.966
105.024
93.7580000000002
53.6700000000001
34.5040000000001
54.5640000000001
79.3460000000001
106.818
98.4939999999998
106.646
33.3619999999997
74.7019999999998
89.3619999999997
93.1319999999997
110.174
145.32
86.5399999999997
103.624
83.3859999999996
147.842
73.6059999999998
66.2659999999997
46.9379999999999
38.5479999999998
13.3599999999998
46.9639999999998
66.4579999999999
66.4579999999999
92.5979999999998
68.1819999999999
133.97
60.7119999999999
114.93
74.174
20.6419999999999
59.5019999999998
48.6059999999998
72.6020000000001
66.908
63.27
66.7359999999999
80.6499999999999
39.1319999999998
85.5579999999999
37.1559999999997
42.5479999999999
60.0199999999999
69.9659999999999
104.78
73.1059999999998
105.896
80.5019999999997
41.9939999999998
104.776
40.4739999999998
81.6439999999998
81.6439999999998
79.5539999999997
31.5159999999996
78.6999999999997
91.3419999999998
91.3419999999998
55.7839999999998
53.1659999999997
76.4859999999999
75.192
101.46
128.328
77.2319999999997
48.7699999999998
30.3359999999997
13.5359999999997
76.1939999999997
53.8679999999997
98.5719999999998
56.2259999999998
81.0759999999993
91.6759999999994
82.8719999999994
93.5699999999994
70.2899999999994
56.9979999999995
40.5439999999994
87.2539999999995
63.7239999999995
75.3199999999995
18.2159999999994
30.1679999999994
87.8299999999995
98.8499999999995
147.598
109.068
44.9739999999996
100.016
89.7799999999996
107.79
92.598
85.4419999999999
92.2279999999998
115.752
115.096
13.528
16.528
38.0320000000002
12.0540000000001
21.4220000000001
95.1780000000001
55.226
74.624
86.758
96.4060000000001
76.802
114.634
102.396
79.8900000000001
157.736
54.0340000000001
95.5820000000001
96.5980000000001
71.7120000000001
62.5340000000001
89.486
116.028
81.4200000000001
70.36
23.908
59.28
90.3779999999999
80.766
119.066
86.3619999999999
41.792
86.302
61.8680000000002
41.1280000000003
54.2660000000003
104.03
41.0880000000003
2.00600000000031
11.7280000000005
33.3400000000006
62.1440000000007
59.7040000000006
122.516000000001
89.5340000000006
50.2800000000007
88.2300000000006
123.750000000001
131.698000000001
131.546000000001
86.5860000000006
127.914
140.394
114.656000000001
57.6040000000005
59.9000000000004
139.134
88.3880000000001
54.4880000000003
81.2420000000002
70.3500000000001
74.034
64.1039999999999
51.2539999999998
98.2639999999999
98.2639999999999
89.4059999999999
6.5200000000001
69.002
48.54
32.6259999999999
55.0799999999999
93.9179999999998
119.368
50.6919999999996
98.1499999999995
99.6659999999998
32.7599999999999
67.5759999999999
81.9119999999998
67.5919999999999
41.6119999999997
72.8479999999997
61.4759999999998
76.0139999999998
40.2879999999999
49.5099999999999
55.9099999999999
101.844
82.936
74.604
78.226
89.0779999999999
65.0139999999999
106.044
69.8620000000001
51.0039999999999
58.3279999999999
99.7759999999998
87.2999999999997
80.6659999999996
73.8919999999996
47.2859999999997
73.5579999999998
49.4839999999998
127.222
102.868
42.5859999999997
3.76799999999946
13.2979999999992
73.7219999999992
65.0359999999991
102.417999999999
84.5699999999993
100.063999999999
45.2399999999992
34.6519999999992
16.1999999999993
18.4639999999991
-28.3200000000008
13.7699999999993
38.1239999999993
41.6579999999993
5.99799999999937
13.3839999999994
-6.34400000000051
52.8059999999995
71.2059999999994
67.6079999999995
