39.5520000000012
47.8220000000012
107.388000000001
107.324000000001
129.546000000001
104.576000000001
99.110000000001
117.928000000001
109.584000000001
132.104000000001
93.1940000000005
72.4540000000004
95.9980000000004
126.83
93.0180000000004
118.35
118.35
116.648
86.8219999999999
138.42
95.1899999999999
156.83
94.7300000000001
65.4880000000001
40.9780000000002
57.4440000000002
113.548
119.748
77.4580000000001
100.072
22.2860000000001
102.19
111.952
99.2720000000001
113.056
116.624
76.0860000000001
30.588
16.9540000000001
35.8920000000001
15.0720000000001
18.1480000000001
69.5020000000002
61.8700000000001
52.806
69.3800000000001
113.42
63.208
27.4780000000001
24.646
24.646
24.1779999999999
24.9159999999999
29.4519999999999
42.054
45.4500000000001
45.4500000000001
78.5660000000001
77.5040000000002
71.3940000000002
26.3999999999999
28.4479999999999
36.5819999999998
50.2699999999998
44.8559999999998
50.5599999999998
31.2879999999998
26.7559999999998
-45.6560000000002
18.1959999999997
23.9299999999998
9.30999999999989
-9.8280000000002
25.5200000000001
20.4260000000001
69.0740000000001
77.4860000000001
47.6080000000001
47.306
-32.906
35.8019999999999
41.3599999999998
-4.88400000000013
33.9799999999998
-6.53200000000021
43.4819999999998
-25.198
59.916
32.128
88.65
53.402
33.316
98.708
70.37
69.296
65.218
44.0360000000001
78.742
77.0359999999999
65.6639999999999
81.6279999999999
90.4279999999999
72.7499999999999
89.7799999999999
68.3299999999999
69.9859999999998
70.0099999999998
79.4159999999999
68.8719999999998
1.44599999999986
59.8659999999999
73.042
84.928
-0.958000000000084
62.0919999999998
71.6319999999999
86.4119999999999
73.8339999999999
25.4139999999999
62.3799999999999
74.5119999999999
74.5119999999999
66.4499999999999
-24.6560000000003
36.3519999999996
17.8739999999996
54.1099999999997
79.0299999999997
61.6839999999996
62.1139999999996
67.0799999999996
64.5679999999996
72.3999999999996
60.6859999999996
60.1059999999997
48.6819999999996
6.80399999999958
39.3279999999996
67.7359999999996
55.9119999999996
45.0199999999996
21.1079999999997
23.1059999999997
42.8099999999997
44.5859999999997
31.3799999999996
16.5659999999997
14.3719999999996
-40.0900000000004
17.9119999999996
11.4399999999997
4.01799999999969
-44.1480000000004
17.2779999999996
26.8199999999995
14.6399999999996
46.0759999999997
10.9119999999996
21.5679999999996
-19.2340000000004
28.6159999999996
44.4679999999998
31.9639999999999
46.74
60.1060000000001
43.5860000000001
6.77200000000016
40.9320000000001
35.7740000000002
33.6100000000003
66.8900000000004
3.99000000000046
29.7400000000005
31.6640000000004
-42.2019999999995
-36.7759999999995
-4.45599999999951
-24.0519999999995
23.6000000000005
69.4920000000005
74.0820000000005
50.8140000000005
54.7100000000005
14.5000000000005
33.2300000000004
-17.9299999999996
50.8380000000004
90.2560000000005
86.2600000000006
-9.53799999999939
80.5740000000007
65.9480000000006
106.086000000001
-17.1279999999995
53.1820000000005
55.0160000000005
38.3700000000003
21.8340000000003
48.9740000000003
51.5960000000001
80.2460000000001
84.2379999999999
96.498
121.092
93.1839999999999
102.626
113.702
93.0819999999999
66.944
9.74399999999991
33.9899999999998
96.0219999999998
76.9039999999998
72.0219999999998
89.2339999999999
76.5579999999998
76.2979999999998
84.4419999999998
77.1319999999998
48.4139999999998
89.8979999999997
71.7579999999997
40.6279999999997
80.9639999999998
49.3559999999998
61.7239999999998
57.4359999999998
49.9699999999997
-72.7140000000004
36.7079999999996
39.0859999999995
55.1479999999996
15.0359999999996
15.0359999999996
38.6319999999997
38.6319999999997
56.7199999999997
53.6699999999997
50.3219999999998
24.7939999999998
22.1719999999999
13.566
45.006
51.2900000000002
54.3940000000001
35.2380000000002
36.7460000000002
44.2380000000004
-70.0539999999996
-64.1419999999998
-51.5719999999999
-26.8039999999999
-15.606
-22.028
-74.95
-28.688
-6.86599999999999
3.94199999999995
-71.954
-19.176
-26.742
-25.692
25.184
37.232
-8.55999999999995
1.30000000000001
17.806
22.1760000000001
30.458
53.218
9.42599999999999
35.29
56.344
-2.68999999999994
32.3560000000002
32.3560000000002
-22.0939999999998
-15.1839999999998
38.5160000000002
47.5380000000002
57.7640000000001
72.984
62.8760000000002
-24.7159999999998
75.3820000000002
43.6900000000003
67.6640000000002
80.7760000000003
55.9160000000005
67.7980000000005
83.5400000000004
51.6440000000005
74.3260000000005
57.0180000000004
-28.3719999999996
62.1900000000005
43.1320000000005
42.9820000000005
62.4120000000004
7.89600000000047
65.2360000000006
66.2840000000006
10.5800000000006
63.4580000000005
71.2840000000004
94.2620000000004
25.9700000000004
68.8280000000004
81.5400000000004
51.1960000000003
28.3420000000004
43.0520000000004
52.1940000000005
57.8420000000005
62.4260000000004
81.0600000000005
62.6440000000005
92.3360000000004
67.1000000000003
55.6860000000003
54.0380000000004
70.63
75.422
40.114
30.5900000000001
41.0120000000001
-10.4739999999999
17.4780000000002
55.4500000000002
59.7200000000001
53.2820000000002
44.6160000000002
39.1180000000002
23.5120000000002
48.1060000000002
62.5940000000002
68.1240000000003
34.7420000000002
62.5560000000002
71.4860000000002
73.3760000000003
19.0340000000002
23.0780000000002
32.1820000000001
62.9660000000001
62.9660000000001
59.294
38.192
38.458
29.5239999999999
63.0419999999999
23.3819999999999
51.8219999999999
76.3199999999999
93.336
94.02
79.8699999999999
79.8699999999999
91.4579999999998
13.2599999999997
-30.5080000000003
22.7319999999996
40.7419999999996
59.4579999999997
-28.5520000000001
-28.0800000000002
22.4939999999998
-2.27400000000023
5.43999999999977
39.3039999999997
65.1019999999997
75.0179999999997
37.7459999999998
64.9619999999998
13.3579999999998
63.9019999999998
78.9179999999998
86.7739999999998
78.7459999999998
42.4779999999997
3.8779999999997
7.73199999999969
-21.7380000000003
46.4319999999995
32.9079999999996
55.7239999999996
48.3359999999997
76.3459999999997
76.3859999999997
40.1899999999998
64.9439999999997
53.8759999999998
72.7819999999998
53.6759999999998
18.0319999999998
53.2519999999998
44.0819999999999
75.104
68.96
59.2219999999999
64.7099999999999
28.924
43.8899999999999
52.348
46.858
21.364
38.092
65.0480000000001
-12.186
56.784
19.448
55.082
45.728
19.062
54.5919999999999
58.2299999999999
68.3179999999999
70.054
27.2979999999999
52.8379999999999
64.8919999999999
56.342
71.852
62.668
25.0960000000002
30.0620000000001
21.8560000000002
19.4380000000002
26.8360000000002
44.1740000000001
45.7940000000002
105.21
-8.48599999999988
43.5380000000001
50.5780000000002
56.7700000000003
69.9360000000003
71.6780000000001
55.406
51.788
69.472
92.32
48.0480000000001
-15.2619999999999
103.848
30.2440000000002
55.6820000000003
53.5980000000003
41.0440000000002
73.2800000000003
86.7420000000002
69.0759999999999
72.834
59.508
71.134
15.506
67.8679999999999
56.852
74.294
54.96
55.592
50.8899999999999
48.5359999999999
82.4879999999999
37.4579999999999
44.0359999999999
60.0739999999998
45.7079999999999
45.5359999999999
58.7279999999997
61.8939999999997
51.7439999999996
-13.2800000000003
49.6859999999999
50.604
55.0439999999998
60.3679999999998
66.5639999999997
62.2039999999998
66.5399999999999
47.8
57.4259999999999
84.4699999999999
49.6899999999998
28.4079999999998
47.4079999999997
47.4079999999997
34.2219999999998
35.8459999999997
11.7759999999997
32.2299999999997
35.0279999999997
32.7759999999997
23.6059999999997
40.6939999999997
57.3919999999997
20.2259999999997
64.1559999999997
42.5579999999997
58.8059999999997
79.5319999999997
60.3899999999997
27.8579999999997
-10.9080000000004
32.8619999999996
35.6259999999996
45.0419999999996
63.9799999999996
71.8099999999996
52.5119999999996
49.7579999999996
34.1119999999995
24.0119999999995
38.4859999999995
54.5959999999995
58.6899999999995
64.3099999999994
76.9739999999995
58.3279999999995
82.6899999999996
60.7419999999994
60.7419999999994
60.7419999999994
60.7419999999994
60.7419999999994
60.7419999999994
59.9339999999993
44.9439999999994
73.8719999999993
41.1919999999994
68.1139999999994
51.2819999999994
70.2939999999996
56.6199999999998
34.2059999999998
14.1879999999996
35.5839999999996
43.2219999999996
42.6359999999996
68.8619999999996
15.1279999999997
39.8559999999997
46.5219999999996
49.8419999999996
47.3679999999997
51.2379999999997
47.5419999999997
87.2559999999997
58.7159999999998
27.9899999999998
81.5939999999998
50.7519999999997
2.95599999999979
37.6419999999998
67.4739999999998
63.5139999999999
44.9859999999998
53.7759999999998
47.1619999999999
71.068
56.5939999999999
53.8599999999997
19.6559999999997
61.8219999999998
53.7999999999998
66.5039999999998
71.0379999999996
-28.1400000000004
70.3019999999997
52.0819999999995
39.9339999999995
53.3599999999994
-2.78400000000056
58.6619999999995
64.0219999999995
56.8219999999994
33.2219999999993
83.7379999999995
57.1959999999995
56.1059999999995
38.1839999999995
27.3059999999995
18.4819999999995
43.1519999999995
37.1999999999996
11.1059999999995
47.8359999999994
36.7559999999994
57.1559999999995
17.1939999999994
42.9419999999994
-19.6580000000005
35.8179999999994
18.9699999999993
47.4599999999995
46.6839999999995
62.2159999999996
43.5259999999995
54.4499999999995
75.0379999999993
99.8759999999994
12.8919999999994
16.8899999999995
-3.37400000000036
22.0679999999996
9.87599999999964
60.1879999999997
69.0819999999997
41.7259999999998
59.9899999999998
49.4139999999998
45.854
-14.7420000000001
58.8819999999998
70.6899999999998
95.5039999999997
49.2039999999997
55.4019999999997
46.4279999999998
38.0239999999999
108.268
30.5459999999999
-23.0620000000001
-18.6680000000002
60.9999999999998
53.9939999999998
94.1339999999998
44.1379999999999
57.2399999999999
107.286
68.9379999999999
35.7779999999999
70.0939999999999
105.588
56.114
46.54
72.304
53.1519999999999
68.1299999999999
56.7039999999999
69.4019999999998
83.7019999999998
67.6659999999998
36.2279999999998
24.1599999999999
51.8419999999998
64.8659999999998
6.95199999999971
78.0159999999997
63.5559999999998
51.4719999999998
86.3179999999998
48.2699999999999
47.992
58.5979999999998
64.514
53.058
9.86599999999999
9.58000000000004
69.7200000000001
34.6780000000001
65.1260000000002
-35.8499999999999
-69.8779999999999
-11.1579999999999
19.7200000000001
-47.7339999999999
31.7480000000001
53.7060000000001
31.6220000000001
-17.5319999999999
11.4020000000001
56.0100000000001
58.802
68.7060000000001
20.9060000000001
75.61
72.858
89.2859999999999
50.2759999999999
80.3759999999999
86.04
71.8059999999999
92.7919999999998
26.4039999999998
70.9979999999996
49.4299999999996
56.6079999999995
57.6279999999996
47.4499999999996
62.3619999999995
60.0499999999994
77.9039999999997
76.7499999999997
76.7499999999997
97.9839999999997
74.9699999999996
73.9559999999996
104.546
85.2559999999996
86.9879999999997
89.1739999999996
64.8099999999996
88.3859999999996
38.1239999999996
67.3699999999995
67.3539999999995
47.2759999999995
6.04199999999958
37.6519999999995
-1.55600000000038
67.3439999999997
-0.928000000000338
75.0999999999996
11.6259999999996
64.3659999999997
66.5419999999997
73.7019999999998
64.5279999999998
27.5979999999998
64.1139999999999
67.6919999999999
29.2719999999999
65.5960000000001
67.5080000000002
81.9220000000001
69.7960000000002
80.8780000000003
29.7760000000002
80.6340000000001
121.01
40.6360000000003
6.78200000000027
24.5180000000001
33.2240000000002
22.2520000000002
28.2380000000002
66.2680000000001
59.0560000000003
49.3140000000003
26.6720000000004
39.0880000000002
76.9880000000003
65.2100000000003
31.4780000000002
98.4500000000003
74.6860000000003
81.3660000000003
91.0520000000002
74.2900000000004
31.5520000000004
-40.5359999999997
36.3580000000003
39.9780000000003
18.4600000000003
38.5240000000002
30.6160000000001
14.3820000000002
27.2
-79.8600000000001
2.74999999999977
-2.97200000000026
-0.370000000000232
3.01199999999977
6.89599999999967
55.3659999999997
-64.2460000000002
55.7619999999998
42.4119999999998
38.0799999999999
40.4819999999999
42.2479999999998
71.4659999999998
32.0019999999997
38.4399999999997
-1.11000000000035
31.1699999999997
37.7519999999997
5.97399999999971
-2.86600000000027
8.01199999999972
68.6979999999997
71.4019999999997
62.2979999999997
-22.7760000000003
-17.5600000000003
9.67399999999969
26.1339999999997
29.6379999999997
27.7939999999998
59.9159999999997
9.93399999999963
64.6739999999996
57.3719999999997
53.1739999999998
51.554
1.16199999999981
60.0619999999998
52.3679999999997
61.064
81.4560000000001
79.7540000000001
84.086
39.448
47.3680000000001
