32.8220000000003
43.586
-6.084
34.0959999999998
59.7639999999997
56.1579999999996
85.2019999999995
89.6999999999997
40.5239999999999
76.8699999999999
18.174
54.5620000000002
54.5620000000002
55.9840000000003
74.306
71.6979999999994
68.5499999999994
59.8419999999994
79.7059999999994
75.7459999999994
66.2739999999995
98.2219999999995
98.2219999999995
58.4679999999995
91.0139999999994
96.1819999999994
94.1319999999993
87.7999999999993
89.5259999999995
85.1199999999996
87.2399999999994
87.2399999999994
81.3699999999996
50.9099999999997
75.1359999999997
62.3579999999997
63.6899999999996
66.2619999999997
72.4779999999996
72.2499999999996
56.5139999999995
-30.8260000000005
-9.24800000000067
-24.4260000000007
32.2219999999994
62.3539999999995
44.2539999999996
48.0579999999996
41.0999999999996
9.31999999999971
20.1939999999997
31.4159999999999
59.518
63.6220000000001
7.78999999999996
70.044
30.138
44.96
68.9540000000001
-25.352
29.3560000000001
68.2140000000001
79.55
45.372
58.864
63.3080000000001
55.5540000000001
-4.46600000000007
14.022
39.6900000000001
62.322
5.22800000000001
10.9540000000001
43.0640000000001
47.7759999999999
79.6619999999999
19.674
56.86
30.7279999999999
88.6859999999999
48.1359999999998
9.11999999999966
29.8759999999997
38.6679999999996
5.34599999999961
50.7119999999996
66.4179999999996
45.0879999999996
37.3459999999995
44.0139999999996
72.5079999999995
51.2739999999995
66.0039999999995
49.6359999999995
49.6359999999995
59.5579999999995
39.6979999999996
37.6699999999996
-31.7360000000004
-1.18200000000041
50.2119999999998
32.0499999999998
53.0439999999999
40.9179999999999
47.3459999999998
70.6499999999998
65.704
52.528
95.042
74.7880000000001
53.0000000000001
15.958
33.33
68.174
-9.03199999999998
4.46600000000007
49.436
55.66
95.05
33.2260000000001
44.1200000000001
73.7520000000001
29.182
84.356
91.2740000000001
61.508
-7.952
27.3400000000001
65.4260000000002
73.5020000000001
44.158
5.90399999999994
16.8579999999999
23.5979999999999
74.102
59.4499999999999
84.966
-36.76
-45.4120000000002
-69.0060000000001
-63.2380000000003
-23.6180000000003
-52.7060000000002
-2.95600000000024
13.4999999999998
-7.7660000000003
-5.58600000000035
-64.0340000000003
-28.0140000000003
14.5959999999998
19.8839999999998
7.26199999999983
3.09999999999985
71.4959999999999
34.3539999999998
55.2499999999998
69.3059999999998
78.9139999999998
80.9539999999998
63.8199999999999
28.1560000000001
48.8220000000001
76.6900000000001
36.4000000000001
89.846
89.7920000000001
64.316
63.4120000000001
29.4220000000001
43.348
4.57400000000007
30.684
60.5299999999999
74.4579999999998
50.676
58.554
72.098
54.518
65.6279999999999
32.2279999999999
19.5279999999998
15.7859999999999
-5.71400000000006
23.23
1.90799999999996
30.422
30.052
57.202
20.654
45.8939999999999
9.49399999999997
50.336
60.7500000000001
34.398
31.39
55.47
-18.1300000000001
48.6519999999999
26.388
49.87
55.05
41.834
-0.135999999999967
48.6800000000001
2.01000000000022
-6.0059999999998
31.4920000000002
55.534
62.0900000000001
35.3260000000001
17.3060000000001
43.832
46.682
61.9119999999999
28.0579999999997
25.0339999999996
43.7819999999996
16.7219999999996
82.3999999999996
48.6319999999996
62.3999999999996
35.3619999999997
83.6999999999998
2.30799999999982
78.9259999999998
24.0279999999998
26.3379999999998
35.2519999999998
38.0439999999998
-22.2320000000002
1.81599999999975
51.7879999999998
64.1319999999998
45.3399999999998
76.4159999999999
61.0079999999999
52.5579999999999
11.4879999999997
5.06999999999988
-12.018
33.1440000000002
66.6800000000002
73.2040000000001
28.0780000000001
69.0960000000001
23.168
79.4819999999999
75.0219999999999
65.0679999999999
104.4
52.7039999999999
83.3059999999999
98.062
74.36
74.36
30.0439999999999
70.814
97.958
96.892
86.6739999999999
102.262
42.848
-14.088
60.9240000000001
62.912
47.962
78.4240000000001
73.8020000000001
2.07000000000028
60.7980000000003
68.3080000000002
20.0480000000001
66.556
17.8259999999999
9.49599999999987
59.4799999999998
78.0139999999999
78.6539999999999
53.3599999999997
53.3599999999997
53.3599999999997
54.0439999999998
-17.0600000000002
80.3319999999998
42.654
8.19
39.22
51.442
52.522
77.11
38.832
44.578
63.262
8.952
56.688
40.34
47.12
63.724
64.926
105.472
47.1979999999999
71.5959999999999
21.5019999999999
63.7379999999999
46.754
-1.47000000000003
15.788
20.5880000000002
27.0040000000001
50.9720000000003
27.6120000000004
38.1680000000005
38.9780000000005
50.8800000000004
67.5960000000003
79.1980000000002
28.9000000000002
66.5660000000002
66.6460000000003
33.2220000000004
48.7720000000002
65.5060000000001
15.2820000000001
28.8440000000001
-9.45799999999986
-3.63999999999987
60.8260000000001
40.8080000000001
-17.1859999999999
41.0900000000001
70.6240000000001
15.8160000000001
54.7200000000001
93.2360000000002
89.8580000000002
37.8060000000003
53.9720000000004
86.5660000000004
72.3980000000004
27.0780000000004
61.7760000000004
52.5180000000004
76.9580000000004
44.1160000000003
34.272
51.188
49.888
68.384
69.314
20.0620000000001
40.4
63.5600000000002
42.7300000000001
51.678
39.396
27.504
54.9259999999999
25.5439999999999
33.874
18.2559999999999
53.218
26.3979999999999
54.9939999999999
82.0519999999999
65.0819999999999
54.5639999999999
23.83
64.372
50.08
62.5959999999998
53.6959999999999
60.2519999999998
25.1479999999998
-24.5380000000002
-15.5040000000002
-5.85200000000026
42.4059999999998
56.4139999999997
73.4319999999997
49.3899999999998
84.1759999999999
38.8279999999999
12.3599999999998
3.6599999999998
41.8299999999998
59.0199999999998
49.8279999999997
23.3199999999997
36.5859999999996
63.1839999999996
80.8399999999996
55.3639999999997
36.9459999999997
34.7619999999997
42.5659999999997
51.8119999999996
43.1119999999995
39.2059999999995
70.8319999999997
83.5079999999997
-7.23400000000038
14.9339999999996
4.39999999999958
46.4499999999996
82.1619999999996
76.4999999999996
48.2639999999996
77.2019999999996
65.8659999999995
59.6439999999996
17.9679999999996
19.4759999999997
18.1659999999997
31.1119999999997
38.7499999999997
56.1279999999997
70.9859999999997
64.5379999999997
86.9899999999996
77.6179999999996
52.5839999999997
54.8559999999997
45.7219999999998
65.042
52.0319999999999
24.064
72.878
62.7520000000001
62.7520000000001
76.12
54.5519999999999
67.758
75.626
37.7000000000002
47.5980000000002
57.4940000000003
70.3600000000002
23.6760000000003
21.7240000000003
46.8400000000003
77.7800000000003
24.0580000000002
35.6020000000002
42.1620000000002
45.4520000000002
17.5360000000002
69.5780000000003
54.3420000000002
62.4240000000001
43.1740000000001
5.45200000000006
-59.332
-59.174
-58.016
-56.864
-33.1200000000001
-87.3500000000003
-46.5340000000003
-88.6460000000005
-39.1020000000005
-10.3460000000005
-50.2020000000006
-74.0600000000006
-50.2200000000005
-22.8400000000005
0.431999999999448
4.89799999999946
13.3939999999994
-14.6260000000005
-31.6700000000005
21.1279999999995
-21.5180000000005
1.40599999999944
31.1439999999995
39.5399999999995
24.9099999999993
25.3799999999994
20.6479999999994
28.0399999999994
66.9219999999995
67.0459999999994
43.9599999999993
41.3699999999993
47.2079999999994
91.1339999999994
17.1559999999994
76.5479999999995
35.9859999999996
46.6099999999997
69.1579999999998
62.0359999999998
74.5839999999999
33.0779999999999
60.8499999999999
49.9459999999999
58.7799999999998
56.9719999999998
78.264
79.6019999999999
74.1879999999999
49.3819999999999
73.454
74.812
81.48
50.832
37.298
84.698
59.5120000000001
43.132
67.648
60.924
42.402
75.4700000000001
53.8080000000001
41.1400000000001
61.7140000000001
62.3820000000001
61.0680000000003
26.5760000000002
35.0260000000002
46.8100000000002
51.7880000000002
66.4480000000003
59.2480000000005
41.6760000000004
27.4720000000004
41.9740000000004
46.9320000000003
57.0600000000001
57.0600000000001
21.3200000000001
7.51200000000006
12.9240000000001
28.5560000000001
2.53200000000015
44.978
66.432
41.124
59.28
49.572
60.114
30.408
74.626
-8.41399999999993
16.9400000000001
48.4880000000001
-7.26999999999998
31.744
48.4680000000001
67.1820000000001
14.0060000000004
17.1980000000004
29.2120000000004
52.1340000000004
41.4960000000004
65.2820000000004
68.8920000000003
41.9620000000004
49.7440000000004
43.6220000000005
51.7420000000003
65.7620000000003
71.9660000000003
20.5400000000004
48.3700000000003
53.4320000000004
9.61600000000033
28.5340000000004
45.3620000000005
71.7500000000006
68.4980000000006
49.2680000000005
44.9880000000005
67.0660000000004
89.2800000000003
77.7340000000003
36.2540000000003
14.5540000000003
30.4540000000003
39.0760000000003
58.4700000000003
48.5080000000003
39.0420000000003
20.6620000000003
2.23600000000039
-20.4659999999997
20.2080000000003
26.5580000000003
20.3120000000002
60.9700000000001
60.5600000000001
61.782
81.836
85.632
45.718
61.2819999999999
37.7499999999999
41.0319999999998
54.8939999999999
45.4260000000001
23.4399999999999
26.8719999999999
56.6179999999999
41.396
60.3099999999999
50.9840000000001
56.8400000000001
-12.9899999999999
43.0380000000002
43.0960000000002
59.7020000000003
18.2460000000003
-9.83199999999977
23.0500000000002
59.5140000000002
64.8520000000003
17.6500000000002
10.4420000000002
46.9120000000002
3.86400000000015
58.7040000000002
58.7040000000002
14.8340000000002
73.5060000000002
7.77800000000025
-30.8939999999998
29.9920000000002
48.6380000000003
33.8080000000002
56.4880000000002
63.7760000000002
31.1080000000002
12.2480000000002
38.3880000000001
81.9720000000001
65.422
64.5300000000002
16.0940000000002
21.1820000000001
54.8560000000002
69.542
50.208
0.107999999999947
47.232
21.0379999999998
30.5519999999998
52.1099999999997
48.0399999999997
56.0999999999997
65.0859999999997
63.6919999999997
28.4379999999996
20.3779999999996
59.7619999999996
65.1439999999996
59.9319999999996
17.5199999999996
5.84599999999961
53.9519999999996
59.4099999999996
46.8439999999996
67.6759999999996
70.8999999999996
47.2759999999996
62.5899999999996
48.1859999999996
22.6179999999996
61.1639999999996
-4.56800000000032
-47.1780000000003
-0.298000000000286
12.7499999999997
11.6699999999998
40.4019999999998
12.8179999999998
32.8559999999998
15.1299999999997
22.8759999999996
64.6959999999996
-4.16400000000044
-4.16400000000044
-4.16400000000044
62.7039999999996
-0.154000000000337
25.6179999999997
9.20599999999945
39.2459999999994
-25.6700000000005
26.5239999999995
74.0779999999995
66.4739999999995
84.4439999999995
26.5179999999996
45.7319999999996
43.6999999999995
82.2419999999995
81.0519999999995
85.2499999999995
69.8919999999994
69.8919999999994
52.3859999999995
75.4099999999993
66.4079999999993
92.7639999999992
65.6179999999993
65.3119999999992
74.1679999999991
83.4499999999992
68.7619999999992
84.7619999999991
37.3239999999994
10.2939999999994
48.0159999999993
58.9799999999994
33.1939999999994
53.5019999999993
56.5019999999995
50.0539999999996
75.3359999999998
57.5399999999999
29.252
-4.50799999999992
14.808
-60.6980000000001
-60.6980000000001
-60.6980000000001
-60.6980000000001
-26.7560000000001
41.4519999999999
22.8679999999999
49.7019999999999
51.1079999999998
-22.8100000000002
16.5019999999998
7.50399999999979
19.4879999999998
0.00199999999983902
20.3979999999999
38.7999999999999
43.4459999999999
57.2079999999999
-14.1680000000001
44.9119999999999
42.2359999999999
32.2119999999999
58.034
47.2859999999999
-1.43600000000004
35.286
-17.42
-79.526
-93.3539999999999
-20.8619999999999
-15.6999999999999
-6.85199999999998
17.1820000000001
8.63800000000009
6.01200000000006
4.74399999999991
2.71799999999979
-6.23600000000027
22.8019999999999
2.16599999999988
16.9459999999999
1.37399999999991
26.1419999999999
49.2139999999999
41.6519999999999
23.634
49.7459999999999
5.60599999999999
31.936
57.996
28.23
2.2059999999999
22.682
29.466
25.732
29.5980000000001
42.6640000000001
53.4160000000001
59.9960000000002
69.0740000000001
59.6220000000001
32.948
10.204
40.638
70.2200000000001
32.3200000000001
62.8199999999998
63.7959999999998
58.4039999999998
70.2939999999997
77.0359999999997
42.5299999999999
65.0659999999999
90.216
43.9319999999999
67.4479999999999
89.1459999999998
77.938
22.4639999999999
38.742
31.894
20.2459999999998
6.8159999999998
66.4619999999998
70.3799999999998
42.3279999999996
6.13199999999972
12.3239999999997
16.5239999999997
44.6579999999996
39.7139999999997
55.4579999999997
20.3439999999997
14.6759999999996
27.7999999999996
