1.5319999999989
-8.34400000000113
40.8239999999989
-17.9840000000011
73.877999999999
3.95799999999906
21.4519999999991
1.6059999999992
41.7299999999993
23.8879999999994
110.187999999999
44.5559999999993
14.4099999999992
49.8159999999992
51.6619999999992
51.2719999999991
-6.87800000000095
7.45399999999904
65.099999999999
42.5999999999989
63.387999999999
75.8279999999988
88.5079999999988
90.0719999999988
96.7439999999989
52.4659999999991
45.3059999999991
21.6459999999993
68.8819999999993
78.7159999999994
82.8479999999996
85.3479999999998
65.23
-11.422
50.86
25.2940000000002
70.3040000000003
72.4240000000002
14.4920000000001
37.206
64.8440000000001
63.3760000000001
48.7360000000002
33.8180000000002
46.1600000000001
59.8000000000001
37.7840000000001
74.7380000000001
89.2120000000001
56.14
-5.19599999999991
14.8820000000001
72.2839999999999
5.35799999999983
36.8259999999999
84.9039999999998
89.3039999999997
85.1499999999998
68.6899999999998
-12.6040000000002
65.1579999999998
102.974
66.7339999999997
127.572
51.6779999999999
80.1279999999999
38.1119999999999
43.7939999999997
68.4119999999997
47.1279999999996
64.0079999999996
55.7399999999996
94.7059999999996
68.9579999999997
68.9579999999997
3.74399999999969
43.4679999999997
45.1419999999997
35.3019999999997
-12.5360000000003
6.61599999999964
18.4459999999996
52.4179999999997
53.1239999999997
-4.4920000000003
-1.51200000000028
50.9839999999998
51.2419999999998
73.4599999999999
40.464
39.3440000000001
-14.552
4.26400000000001
15.05
52.0079999999999
51.75
82.784
53.9379999999998
48.7599999999998
7.10799999999995
36.8479999999998
110.45
10.6619999999998
27.4859999999997
39.7179999999997
74.5599999999997
68.9339999999998
60.8379999999999
72.24
41.8539999999998
3.30999999999989
-32.936
-7.98399999999998
-34.2739999999999
71.8800000000001
44.684
51.9540000000001
100.926
70.6540000000001
67.33
98.116
82.296
115.754
27.956
94.578
111.542
82.5459999999999
53.0399999999999
56.8039999999999
59.8559999999999
82.3739999999999
61.2379999999998
91.8939999999998
50.8399999999998
-26.0040000000001
57.2079999999999
36.9919999999999
28.3459999999998
68.1339999999998
50.21
17.6079999999999
12.3719999999998
64.1959999999999
39.5799999999999
25.784
6.18599999999998
107.912
0.48800000000017
-9.85399999999976
26.4200000000002
2.37400000000025
51.0740000000002
1.14200000000017
44.4960000000002
31.9620000000002
68.1720000000002
38.8080000000002
14.5860000000002
24.7000000000003
100.618
32.9440000000002
-11.0059999999998
36.3020000000002
36.2880000000002
36.9540000000003
-31.7079999999999
87.5620000000001
88.7120000000001
47.9600000000002
51.4060000000002
85.5780000000002
102.378
75.9880000000002
-33.9519999999998
47.4180000000002
25.0860000000003
93.6320000000002
57.4340000000001
51.2160000000002
56.0660000000002
90.7660000000002
52.5660000000001
45.7600000000002
46.4640000000001
73.372
32.246
91.7220000000002
89.8320000000001
84.9120000000002
82.3960000000002
103.226
103.226
107.15
107.418
84.3900000000002
55.3520000000002
75.7760000000002
88.9160000000002
45.2720000000001
85.9980000000001
80.3400000000001
15.5280000000002
77.0800000000002
23.7220000000003
76.8800000000003
28.5820000000003
49.6540000000004
-21.0399999999996
11.0140000000004
68.3180000000004
26.2200000000005
42.9260000000005
19.7160000000006
23.8960000000006
96.7240000000006
42.7180000000007
-39.1559999999995
82.9640000000006
-1.41199999999941
35.1520000000006
34.4820000000007
16.6920000000007
93.5480000000006
68.7480000000002
20.0360000000002
50.1820000000002
25.3760000000003
40.0260000000002
76.7820000000002
90.0160000000002
72.5360000000002
47.6760000000002
84.1420000000001
-17.7859999999999
105.024
87.1040000000002
111.574
63.3680000000001
108.84
76.6560000000001
100.782
67.4400000000001
-11.542
42.598
26.5419999999999
71.4759999999999
-28.858
63.194
56.7020000000001
128.156
53.1519999999998
92.8499999999998
38.2659999999999
43.7479999999999
79.7799999999999
97.3899999999999
80.306
-22.3740000000001
40.1019999999999
61.2359999999999
30.7339999999999
22.1239999999999
0.735999999999933
41.1319999999999
85.8999999999999
39.4499999999999
43.0599999999999
78.9059999999999
92.57
92.57
73.908
103.712
39.5920000000001
89.5740000000001
55.0680000000001
74.496
25.0160000000001
42.9520000000001
52.5580000000001
32.5080000000001
83.6220000000001
77.1620000000001
89.3360000000001
56.8340000000001
95.258
86.858
21.9139999999998
32.9279999999998
6.70799999999969
45.3719999999997
76.8639999999997
79.8099999999995
34.6119999999995
71.5979999999993
92.2199999999993
55.6579999999994
31.1199999999994
35.9639999999993
-0.460000000000662
5.74999999999937
47.4759999999994
21.9899999999994
33.5399999999996
73.0859999999996
121.81
60.9839999999996
-25.7440000000005
81.2379999999995
53.3939999999995
66.0799999999995
34.1379999999995
60.4639999999995
86.5719999999995
19.0459999999994
5.86999999999938
35.8079999999994
33.1299999999994
23.6579999999993
-20.7760000000006
-7.44400000000059
-17.9240000000005
32.8379999999996
16.2439999999996
62.2639999999998
49.7699999999999
75.0439999999999
71.9920000000001
70.412
90.562
93.0779999999999
89.6619999999999
96.924
33.216
3.80599999999993
75.6859999999999
80.6059999999999
93.3999999999999
93.3999999999999
59.4539999999999
63.1799999999999
90.4979999999999
63.658
93.856
117.186
58.356
31.934
51.4
52.8860000000001
75.3640000000001
78.2
85.598
90.932
99.618
65.5000000000001
58.702
6.70000000000005
-10.7380000000001
35.976
-26.254
-21.8359999999998
76.0500000000001
71.0840000000001
78.8880000000001
-45.8819999999999
-26.5239999999999
39.142
61.4040000000001
71.0779999999999
22.5699999999997
55.7839999999997
38.6419999999997
37.1439999999997
36.6059999999998
88.1959999999997
48.5099999999998
34.3939999999998
13.2779999999997
18.9479999999998
34.4779999999997
64.0099999999998
44.3919999999998
8.12799999999976
18.3919999999997
76.2259999999997
79.8359999999997
84.5019999999997
23.5519999999997
15.6579999999997
61.5299999999997
38.4959999999998
83.1879999999997
25.8139999999997
93.9699999999997
55.8319999999998
58.8279999999997
60.1479999999999
68.3579999999999
-3.9140000000001
35.1299999999999
73.4399999999998
77.8779999999998
30.8519999999997
68.7159999999997
4.19199999999978
44.3739999999997
15.7359999999998
70.7339999999998
-37.7980000000002
49.2779999999999
16.292
67.0120000000001
69.7219999999999
-36.022
42.3460000000001
46.344
-6.46599999999995
35.34
35.1720000000001
27.5480000000001
72.9560000000001
68.6520000000002
16.1140000000001
100.816
25.7500000000002
44.4860000000002
89.3400000000001
-11.3939999999998
82.2960000000002
-14.1959999999998
-18.0639999999998
93.6300000000002
89.0440000000003
65.9060000000002
59.0020000000002
15.8540000000002
-0.00799999999975398
51.8500000000003
50.6620000000003
89.3400000000002
54.2720000000002
49.3080000000002
78.2780000000001
125.07
81.0520000000002
39.2160000000002
-27.9359999999997
39.2120000000004
43.2320000000004
51.5440000000002
44.5739999999999
75.4079999999999
40.0219999999998
31.2779999999998
32.1539999999999
43.648
73.898
71.3820000000001
0.566000000000258
24.6160000000003
23.1380000000003
101.92
80.5280000000001
94.0340000000001
68.2179999999999
23.6139999999999
57.5499999999999
38.002
4.38799999999992
40.6039999999999
60.924
31.4259999999999
45.0899999999998
72.2579999999998
30.7919999999999
82.3459999999999
36.8039999999998
16.6699999999998
70.2979999999998
-11.0680000000001
26.0539999999999
70.93
62.6379999999999
-13.0500000000002
-8.9560000000003
28.9359999999996
36.1439999999996
51.5519999999997
61.4059999999998
74.8139999999999
30.4760000000001
28.4440000000001
35.9280000000001
40.6260000000001
18.6180000000001
19.958
41.2019999999999
62.0459999999999
-8.21200000000005
-10.2539999999999
82.522
25.7580000000002
70.4880000000002
55.3520000000002
65.1260000000002
66.9660000000002
39.6740000000003
30.3980000000002
41.2200000000002
38.1640000000002
42.5280000000002
62.2500000000002
36.1020000000001
10.8360000000001
40.7160000000001
41.9040000000001
60.3800000000002
17.8860000000003
41.3100000000003
-14.1159999999997
-26.9699999999997
-78.8399999999996
-63.4999999999997
5.80200000000031
23.1200000000003
34.9000000000003
45.6760000000002
-93.2079999999998
-93.9319999999998
-96.7139999999998
61.4860000000003
20.2040000000001
20.2040000000001
20.2040000000001
60.336
61.926
75.58
2.11599999999993
38.458
30.22
27.1860000000001
18.45
61.738
43.7320000000001
29.0119999999999
1.38600000000002
41.3699999999999
81.0439999999999
54.8179999999999
51.5639999999999
77.1179999999999
48.4759999999999
7.20399999999978
-7.21400000000017
13.7379999999998
43.1499999999998
52.4079999999999
72.4159999999999
53.1999999999998
65.0459999999998
60.7559999999998
42.9299999999997
8.75799999999975
49.4799999999997
-4.0860000000003
-25.7200000000003
-21.6860000000002
-7.07000000000016
-9.24200000000013
-15.8740000000001
30.3279999999999
21.2399999999999
54.5279999999998
10.0919999999998
-6.91400000000021
-5.11600000000016
13.876
-19.2239999999999
3.17399999999981
19.2279999999998
17.4119999999997
24.9979999999998
12.2359999999996
58.8219999999996
74.6059999999996
106.496
105.346
81.8319999999997
39.7419999999996
31.7699999999996
50.0139999999997
52.3639999999997
96.3279999999996
93.8099999999996
37.4079999999997
67.4099999999996
75.2379999999997
53.6819999999997
44.9139999999998
80.8899999999999
65.3559999999998
49.9479999999998
39.9739999999998
34.4739999999998
51.5979999999998
37.6739999999998
95.8379999999999
-9.58000000000015
-12.386
-19.408
-4.1699999999999
-8.26799999999992
50.6740000000001
-43.3559999999999
36.6180000000001
84.9500000000001
28.2160000000001
24.9740000000001
38.9900000000001
54.9840000000002
91.8220000000002
-3.08799999999979
50.9620000000002
93.7760000000002
43.7140000000001
44.7960000000001
34.8600000000002
13.2100000000002
40.2520000000002
42.0260000000002
-7.59799999999973
77.1640000000003
7.10400000000027
-6.31399999999979
2.53400000000022
53.9540000000004
27.8360000000004
71.2900000000003
36.7980000000002
-26.0379999999998
87.9280000000003
78.4820000000001
-3.44199999999989
56.0900000000001
71.8200000000001
52.5720000000001
59.3540000000002
77.3100000000001
87.9040000000002
28.2960000000001
-9.25999999999993
47.8660000000001
40.5540000000001
-26.6339999999999
-6.46199999999993
39.9120000000001
35.9360000000001
80.0960000000002
64.802
91.244
39.29
78.0939999999999
93.7459999999999
22.064
25.01
37.6660000000001
28.8919999999999
81.1179999999998
21.4939999999999
32.55
39.102
55.1780000000001
105.324
86.956
75.1160000000002
65.4520000000002
103.554
69.1480000000001
63.9480000000002
72.5260000000002
34.7260000000002
16.7340000000002
38.9960000000003
62.4080000000003
66.8000000000003
95.6280000000003
41.3280000000003
20.7400000000004
52.9140000000004
27.7500000000004
52.4500000000004
80.3820000000003
35.2320000000003
60.6380000000003
36.0160000000004
38.8780000000004
26.2900000000003
42.3700000000003
61.8600000000004
39.0880000000003
78.1380000000003
52.5580000000003
6.84400000000028
23.7140000000003
46.2600000000003
113.114
-7.4019999999997
32.0480000000003
18.7540000000002
-23.6979999999997
20.5360000000003
16.6200000000005
17.0200000000005
-36.8139999999996
-1.6899999999996
0.0340000000004466
21.2820000000005
64.7180000000005
13.3920000000005
31.7100000000005
30.1300000000005
59.8760000000005
71.8840000000005
38.8940000000004
85.9260000000004
45.3360000000004
14.5900000000004
17.8340000000004
37.0140000000003
63.3800000000003
92.474
13.2000000000002
24.0740000000001
71.6920000000001
53.978
67.408
71.636
75.246
-14.2519999999999
9.08600000000013
49.4660000000002
-13.5379999999998
9.34800000000024
62.7700000000003
54.8900000000002
5.93600000000015
36.5280000000001
48.1420000000002
23.7960000000002
40.6400000000002
52.9280000000002
58.4740000000002
96.4440000000003
82.3520000000003
5.64600000000036
31.0180000000004
62.1040000000003
69.9620000000003
85.2140000000003
90.7700000000003
78.7200000000003
41.6640000000003
64.6740000000004
62.6540000000003
90.2080000000003
87.0040000000002
103.486
-37.6979999999995
-37.5199999999995
-28.2939999999994
-29.3119999999994
38.5340000000007
69.5740000000005
29.3880000000003
73.8500000000004
63.5760000000001
44.1139999999999
24.7139999999998
83.8339999999998
52.7439999999997
92.1559999999997
114.15
55.6199999999997
127.52
-2.75200000000029
69.2199999999997
13.1199999999997
54.6499999999997
95.8139999999997
78.0919999999997
90.4979999999996
25.1279999999996
-20.9500000000004
-64.1300000000005
-7.04800000000046
80.7719999999996
76.3599999999996
34.3319999999996
53.6139999999997
7.5919999999997
62.6119999999997
40.7699999999999
84.4479999999999
80.8019999999999
60.7999999999997
-7.08000000000027
36.7639999999997
73.4759999999997
-8.97000000000037
25.9679999999997
55.5799999999997
61.7399999999996
25.0359999999997
31.9239999999996
19.6379999999997
-15.6540000000002
54.1039999999998
50.6079999999998
-3.43800000000016
0.751999999999896
60.5580000000001
76.7920000000001
97.088
32.152
67.818
34.746
-56.08
-6.86199999999997
19.0699999999999
10.444
11.7439999999999
-18.364
40.554
-30.5099999999999
-14.2939999999999
32.8240000000002
-26.0859999999997
21.1000000000004
-62.1739999999996
-58.9479999999997
-63.8039999999997
32.4460000000003
22.3220000000002
4.25600000000026
56.8500000000003
9.53600000000029
56.6780000000003
