42.7220000000001
39.7140000000003
68.2860000000001
67.1680000000001
93.5400000000001
71.6999999999998
105.198
93.0159999999997
83.466
68.66
88.112
90.872
92.34
75.812
87.6080000000001
64.9900000000001
84.0800000000001
87.1920000000002
73.3040000000003
68.5180000000003
66.2380000000002
85.7780000000002
54.7160000000001
73.2900000000001
51.0019999999999
52.8319999999998
62.3619999999997
61.5399999999995
77.6199999999996
38.6779999999995
15.8319999999995
33.6879999999995
43.0659999999995
68.0859999999996
55.3599999999994
49.2359999999994
58.6859999999995
47.2959999999995
69.2379999999994
57.7959999999995
28.4299999999995
18.1479999999993
30.8099999999995
56.4019999999995
58.8619999999996
46.3979999999997
18.1819999999997
23.7639999999997
72.0179999999997
-1.07400000000018
10.9879999999997
21.3259999999997
61.4479999999996
25.7739999999994
41.2099999999995
57.6279999999995
23.8859999999994
28.6679999999994
44.6579999999994
40.5859999999994
51.3839999999994
58.9719999999994
51.5659999999996
58.9999999999997
43.2859999999997
34.9559999999999
31.7819999999999
29.4119999999999
43.4119999999999
31.1759999999999
52.9099999999999
62.8479999999997
34.8379999999999
52.424
60.3819999999999
45.7699999999999
28.6579999999998
24.4599999999998
30.2859999999999
34.482
51.144
13.1479999999999
15.97
42.758
43.1419999999998
28.2499999999997
37.7639999999997
4.07799999999986
-3.56399999999996
-14.038
10.16
15.3759999999999
23.3939999999998
24.8699999999998
22.7779999999998
20.7979999999998
30.7459999999998
29.2459999999998
32.8679999999998
30.7039999999998
15.0239999999999
35.872
34.8839999999999
45.7319999999999
31.8599999999998
30.4059999999997
30.4059999999997
57.5899999999998
40.6559999999999
41.5599999999999
33.1339999999999
26.5519999999999
44.6139999999998
33.2859999999998
38.7859999999996
16.1979999999995
26.2999999999996
37.5119999999996
40.2279999999996
22.5499999999997
26.5219999999997
28.9359999999997
35.5559999999997
21.9999999999997
29.7859999999996
33.7799999999996
15.6559999999998
41.4519999999999
26.1919999999998
53.3599999999998
40.9859999999996
41.6239999999996
21.4419999999996
40.3619999999995
10.0299999999996
-2.5840000000004
-3.02600000000041
-0.594000000000392
36.2119999999995
27.8859999999995
26.6439999999992
15.8739999999992
-15.5800000000008
4.48799999999915
2.64599999999916
13.1979999999992
29.2639999999992
3.53999999999917
-2.5820000000009
6.09599999999909
22.9399999999991
12.6279999999991
15.6459999999992
5.47199999999918
47.4719999999991
16.5439999999992
5.75599999999906
-1.97600000000079
16.6939999999992
7.25999999999908
14.3999999999992
16.9619999999993
45.4779999999993
13.8599999999993
54.4659999999993
35.2719999999993
39.1059999999993
41.1179999999994
23.0619999999996
-11.0280000000005
37.9759999999994
37.9759999999994
30.3619999999995
44.3919999999995
36.0859999999994
-0.932000000000471
17.8279999999996
52.5819999999995
1.54399999999953
25.4539999999995
49.2119999999995
32.7659999999996
5.79799999999966
15.9099999999996
26.2199999999996
24.1939999999996
48.9999999999997
23.2139999999996
46.5219999999996
13.6559999999997
24.4839999999997
37.7359999999998
30.9179999999997
52.7259999999997
48.8079999999998
8.36599999999976
19.7799999999997
25.9139999999998
22.1839999999997
40.6519999999997
33.1099999999997
18.8359999999998
69.6219999999998
25.6959999999999
-5.76800000000003
17.0860000000001
38.8440000000002
14.2300000000002
51.148
42.6919999999998
40.6859999999998
33.3819999999999
39.2760000000001
52.3660000000001
-18.7679999999999
8.1640000000001
18.5660000000001
14.6240000000001
-59.2139999999999
-59.8259999999998
-29.9179999999998
14.5600000000003
30.3420000000002
39.0960000000002
64.5600000000003
58.3000000000002
40.0020000000002
27.7800000000002
55.0100000000002
50.6260000000002
52.2320000000002
60.0560000000003
70.7620000000003
61.8740000000004
45.3780000000004
21.5660000000003
38.4200000000003
27.2740000000003
-8.68599999999969
47.6200000000003
36.6940000000002
45.6220000000002
44.2420000000002
56.9420000000003
30.8440000000004
30.8440000000004
40.2760000000002
25.1820000000001
37.1600000000002
56.8780000000003
4.71600000000035
31.8680000000004
16.2920000000004
51.2800000000003
18.9100000000005
23.4680000000005
48.1140000000005
16.5380000000006
4.17000000000053
12.4180000000006
-11.4519999999995
26.4720000000004
45.5100000000004
37.1680000000005
69.9180000000005
27.1740000000003
-73.6259999999996
-73.6259999999996
-58.8859999999997
-44.4559999999999
-23.4799999999999
-7.51599999999985
-30.398
-26.2320000000003
-19.2800000000005
8.66599999999937
11.9039999999994
-9.21800000000064
-13.5840000000007
25.6499999999994
45.9859999999994
13.7319999999995
2.29599999999931
23.7079999999993
24.4039999999993
20.9179999999993
11.6819999999992
3.78799999999922
51.0699999999993
19.1999999999993
4.40199999999925
15.9159999999993
-18.7820000000008
20.2919999999993
24.3039999999993
50.0839999999992
34.9719999999992
59.7999999999992
58.1779999999991
58.7419999999991
55.6139999999991
50.1579999999991
43.0959999999991
63.2019999999991
51.0739999999992
59.7939999999992
43.9199999999993
0.80999999999932
29.2699999999993
49.3039999999995
56.0899999999996
31.8939999999997
-0.698000000000206
5.24199999999991
11.7039999999997
25.0019999999997
53.4919999999997
57.4099999999997
51.0979999999998
52.1539999999998
43.2799999999998
40.0199999999999
43.2779999999998
38.6539999999998
50.5999999999999
47.704
39.456
45.7320000000001
40.3100000000004
42.8260000000004
43.9720000000001
33.2139999999994
41.4559999999994
29.9239999999994
44.6499999999992
34.9719999999994
28.5999999999995
25.0959999999997
26.7019999999997
26.6359999999997
21.4680000000001
2.67400000000043
20.3540000000002
-13.278
-9.15800000000002
21.8819999999998
26.37
24.3199999999999
16.1659999999999
16.1939999999998
14.2279999999998
36.1800000000004
24.1180000000004
-18.896
-19.02
14.726
-5.15200000000004
44.5599999999998
43.7559999999999
38.6539999999999
2.20799999999963
24.9139999999996
21.8359999999998
27.93
24.25
29.17
27.23
36.912
-8.09199999999998
36.6420000000001
20.5560000000002
20.5560000000002
-3.03199999999981
5.93600000000015
-2.76199999999983
-17.4139999999999
-19.626
32.668
17.1159999999999
17.1159999999999
13.526
35.8579999999999
31.718
31.524
25.514
18.1660000000001
30.418
44.3240000000001
33.234
28.288
34.6519999999999
26.672
41.0559999999998
44.9619999999999
-2.30199999999991
29.23
21.9079999999999
35.9499999999998
45.7479999999999
42.3299999999999
15.1600000000001
40.942
18.7460000000001
35.7280000000001
17.2279999999998
46.3359999999998
51.2380000000001
19.484
17.7420000000001
35.5420000000001
31.058
48.3200000000001
44.686
9.49200000000008
30.9540000000001
47.39
18.2259999999999
45.8219999999999
17.4339999999999
29.9459999999998
45.4759999999999
45.0799999999999
31.5319999999998
36.4659999999999
37.2739999999999
53.3199999999999
15.022
56.2220000000002
45.9960000000002
59.0320000000002
41.2980000000002
23.0220000000003
33.6340000000001
56.1900000000002
38.2480000000003
25.3140000000003
11.6980000000002
30.3260000000001
53.1180000000001
26.6880000000001
55.3120000000002
38.8600000000001
38.8960000000003
26.7420000000003
6.68600000000038
31.6920000000003
57.4500000000004
20.4880000000004
26.4220000000004
30.6680000000005
-26.8359999999996
15.1800000000004
56.2580000000005
31.4200000000004
31.0480000000005
47.0380000000004
33.4920000000004
25.2940000000004
29.5040000000005
26.6660000000005
31.5880000000005
34.9920000000004
16.8960000000003
12.1740000000003
33.1360000000003
32.2900000000003
49.4220000000004
40.4880000000003
46.6640000000003
42.6840000000003
5.68400000000042
-1.8679999999996
18.1620000000004
32.1480000000005
31.3560000000006
52.5380000000005
34.2900000000006
37.2320000000005
23.8160000000006
53.0040000000007
49.4340000000008
44.9920000000008
10.3280000000008
36.2240000000007
33.1320000000007
11.3380000000008
41.1840000000008
57.0820000000008
50.5640000000008
-6.25799999999924
25.8860000000008
17.4360000000008
41.0760000000008
27.8720000000009
13.1080000000007
45.4180000000008
40.8200000000008
41.9080000000007
54.4920000000006
19.6180000000005
47.2920000000006
17.2040000000006
38.5240000000007
29.5520000000007
41.9980000000007
24.4120000000008
5.40800000000081
5.60600000000068
34.5020000000006
12.2600000000004
22.7620000000005
29.5300000000005
58.3200000000005
22.9400000000005
42.4260000000005
44.7500000000006
29.9200000000002
51.8020000000001
49.4580000000001
31.4640000000001
31.3960000000001
32.402
39.3980000000001
27.652
6.54000000000008
26.4620000000001
48.4920000000001
23.8040000000001
33.7
43.366
47.5780000000001
29.7660000000001
46.316
4.05400000000009
36.806
53.37
37.938
-5.61800000000005
37.354
16.526
36.096
52.806
32.616
1.47000000000014
6.6640000000001
19.8680000000001
34.172
33.8340000000001
43.7940000000001
39.12
41.2399999999999
50.5219999999999
32.0159999999998
49.2079999999999
50.9119999999998
36.1819999999997
34.6799999999997
43.4739999999996
38.4939999999997
28.8499999999996
28.9579999999995
40.7139999999994
48.4139999999994
48.4139999999994
44.2019999999998
34.2279999999998
56.9199999999998
17.8879999999998
24.1219999999998
35.2139999999998
40.5839999999997
27.8839999999998
41.5519999999998
29.0879999999997
20.9199999999997
-0.768000000000256
32.1339999999997
17.5839999999997
34.4119999999998
24.2019999999997
-20.9540000000002
34.6239999999997
56.6039999999997
47.4779999999996
18.0599999999996
41.4419999999996
-16.5360000000004
5.03999999999951
52.4219999999995
29.0419999999995
30.5339999999995
21.5819999999998
20.6339999999997
18.9539999999997
20.1479999999997
38.9439999999998
-32.0680000000002
3.99799999999982
23.1059999999999
43.1999999999999
46.744
50.0160000000003
43.7040000000003
42.7300000000002
24.6780000000002
56.7960000000003
46.3560000000003
45.6300000000003
1.36200000000031
29.8680000000004
39.0780000000004
32.8760000000004
23.6220000000004
24.2040000000003
45.2380000000003
16.2260000000003
14.4220000000004
3.60600000000034
18.6020000000003
8.37200000000041
36.4380000000006
6.7120000000009
11.1240000000008
29.3880000000009
19.1800000000009
62.0420000000009
47.7420000000009
44.6800000000009
48.7200000000008
53.4880000000006
35.7900000000008
62.4420000000009
26.7680000000006
33.7460000000005
55.0040000000006
55.7500000000006
55.9780000000006
67.2900000000006
31.4240000000005
30.7300000000006
49.6520000000006
61.5640000000006
13.5640000000006
46.7020000000006
-3.65199999999936
27.8420000000006
50.2740000000007
39.1540000000006
51.0300000000007
25.8180000000006
55.4680000000005
25.8520000000005
23.7320000000005
32.0900000000006
42.3480000000005
42.8440000000005
42.8440000000005
51.2120000000006
39.9460000000004
31.9760000000002
33.8880000000001
6.21200000000022
12.0300000000002
44.3260000000001
4.97400000000016
44.0460000000003
66.6899999999999
32.1979999999999
41.2679999999997
-19.9580000000003
18.7099999999996
-11.1740000000003
-11.9880000000003
29.3219999999997
11.9459999999997
36.6379999999997
38.1999999999996
21.8299999999996
36.0959999999994
-2.77000000000055
-2.77000000000055
-2.77000000000055
-25.2140000000005
-16.6040000000005
33.5159999999994
43.4879999999995
24.8599999999994
43.4839999999994
52.1999999999994
41.6859999999995
52.1279999999995
24.5239999999994
23.5199999999994
35.3619999999994
25.3179999999994
46.3499999999995
47.7879999999993
14.0079999999992
14.0079999999992
30.8859999999993
41.6599999999993
40.8999999999993
32.0399999999994
46.7279999999994
12.6359999999994
35.7019999999993
60.2559999999993
-36.8460000000008
28.2359999999992
45.4339999999993
35.4339999999993
40.2179999999994
43.4199999999996
15.0779999999996
41.5699999999996
31.3259999999997
45.2339999999996
29.1119999999995
47.9419999999996
41.4519999999995
27.9799999999996
43.9839999999996
60.5459999999996
37.4159999999996
30.8639999999996
36.1299999999995
10.4219999999996
-8.06200000000047
7.94599999999957
26.4119999999997
39.6939999999996
47.0879999999997
44.2299999999998
14.2779999999998
-5.55600000000015
5.8979999999998
38.0339999999999
49.4799999999998
16.8659999999998
37.0019999999997
35.0499999999996
31.8259999999997
32.5659999999997
21.2539999999997
47.6599999999996
13.1079999999995
61.2079999999996
43.5839999999996
40.2379999999997
24.7479999999997
58.0139999999997
7.33399999999961
27.3359999999996
25.3199999999995
13.5859999999997
33.8019999999998
1.61799999999994
-19.7600000000002
22.7239999999998
34.4419999999998
35.4619999999999
45.7339999999997
-10.4880000000004
4.36599999999953
51.2359999999995
49.6799999999996
53.1139999999998
30.9999999999999
19.7519999999998
43.0239999999999
29.7879999999999
17.598
21.4259999999998
-13.1480000000003
-16.0080000000003
53.6099999999998
5.27199999999993
58.152
1.99600000000009
36.1020000000001
46.246
37.218
60.496
7.65000000000009
36.0540000000002
41.0800000000003
58.8900000000003
42.6360000000003
-1.27399999999989
45.3000000000003
44.1740000000003
44.1740000000003
56.6160000000003
-2.20599999999968
38.5380000000001
47.9060000000003
29.9060000000003
51.2180000000002
51.0540000000002
24.9440000000003
51.6360000000003
47.2120000000003
12.8880000000003
44.6900000000003
45.7980000000003
40.5600000000003
52.3500000000003
38.2320000000003
45.9460000000004
38.6980000000002
30.6340000000002
26.994
30.024
58.272
44.258
-1.00599999999997
22.446
-5.14199999999983
45.71
23.788
50.47
52.0439999999998
27.0099999999998
15.4539999999996
19.1959999999997
45.4939999999996
31.4899999999996
