692
692
693
697
698
698
700
699
702
706
709
714
718
719
719
724
729
733
736
738
740
740
742
745
747
747
748
748
750
750
751
751
751
752
754
753
751
751
752
753
753
753
754
754
754
754
754
754
755
756
754
755
755
755
755
755
755
753
756
756
754
755
755
755
755
757
757
757
764
771
767
765
732
669
672
649
667
671
672
673
665
662
709
745
763
779
796
788
766
733
714
686
688
691
727
715
739
739
777
789
773
748
728
696
718
706
693
724
758
776
741
715
687
732
741
736
717
702
696
706
708
708
740
785
788
761
717
672
690
691
706
721
723
757
755
747
747
760
755
748
742
745
736
726
719
697
702
701
703
702
703
703
704
704
703
704
704
721
731
706
725
755
751
733
731
701
715
679
707
691
717
740
754
751
791
767
769
740
710
693
724
672
690
697
701
705
735
758
757
735
728
714
703
704
704
705
706
706
705
705
706
706
715
736
733
716
708
703
706
743
737
740
741
733
724
706
778
759
738
693
678
715
660
693
708
709
705
704
705
710
714
712
706
704
705
710
711
711
707
708
709
711
709
708
708
708
709
709
709
709
708
709
709
709
709
708
709
710
710
710
709
709
709
709
710
710
709
709
709
710
710
710
716
738
739
753
749
741
729
743
750
749
738
723
706
691
703
676
701
708
710
750
770
769
742
733
708
713
713
708
707
710
739
739
736
740
738
727
731
743
752
726
715
715
713
719
741
771
779
799
808
799
787
728
742
758
766
746
738
715
727
727
720
711
741
746
754
776
779
751
741
716
741
753
772
769
735
717
698
720
711
718
718
696
708
767
775
784
779
776
759
749
725
696
701
726
710
707
708
737
765
756
760
753
745
734
724
707
710
712
712
776
758
746
763
724
693
705
729
723
719
709
711
710
745
757
744
736
730
719
723
724
726
727
726
726
725
727
728
729
730
729
728
727
735
738
737
734
731
743
768
792
767
762
740
728
708
709
710
710
712
710
738
741
721
728
724
725
767
764
737
732
715
710
707
738
772
757
738
714
709
714
737
779
759
738
745
708
711
706
738
761
761
745
721
726
714
706
730
691
707
718
723
734
747
761
752
757
756
732
750
765
743
707
711
709
714
716
717
717
717
717
717
718
719
719
719
718
718
719
719
719
719
720
750
772
732
693
712
728
729
736
745
750
751
751
786
777
760
756
759
759
760
760
759
759
759
758
756
750
745
737
729
736
757
746
733
708
711
733
738
750
752
775
793
768
756
749
752
752
790
782
753
732
719
716
717
714
711
713
738
751
734
713
728
711
710
709
716
680
671
647
631
689
706
711
733
746
755
746
746
726
700
690
677
674
678
711
736
749
725
717
688
674
683
685
636
666
681
696
702
703
702
701
703
733
739
742
733
722
711
710
709
709
709
710
712
722
733
654
738
727
719
710
746
743
719
695
698
702
762
783
786
786
778
778
729
742
768
737
691
673
718
745
742
728
726
726
711
694
665
676
681
720
715
705
711
687
683
683
684
686
686
686
686
685
687
688
712
713
702
684
687
698
725
720
708
691
697
697
699
701
699
670
706
689
672
681
679
681
682
683
682
681
670
684
679
668
672
683
699
706
713
726
728
708
663
665
689
703
685
732
738
728
683
692
681
672
623
662
696
708
703
679
677
677
677
678
677
677
720
733
732
712
703
686
699
705
685
733
757
758
751
705
702
686
674
659
685
678
679
686
687
683
682
683
682
683
700
702
730
727
671
676
681
705
718
721
716
704
687
686
681
739
773
782
782
781
763
723
673
687
685
686
685
687
737
735
728
709
691
691
716
752
744
715
690
689
691
690
691
712
734
738
722
710
694
748
742
696
696
696
697
698
723
748
749
737
714
702
718
746
747
743
720
711
690
716
721
703
751
762
720
688
680
689
706
693
693
692
695
714
714
719
716
707
714
724
743
734
719
724
718
711
711
704
692
698
700
702
702
717
751
748
729
696
679
691
694
693
698
697
696
690
696
716
746
758
765
769
764
730
724
722
735
734
735
722
716
686
723
739
737
726
729
745
749
753
753
748
734
718
702
694
704
704
702
706
713
718
743
741
723
713
717
721
719
706
691
702
700
703
707
703
704
703
704
716
726
737
749
749
748
749
723
712
688
690
688
712
735
752
752
748
727
711
690
717
729
726
707
715
744
727
688
683
679
704
733
739
726
722
705
700
707
696
695
698
696
700
700
700
696
693
694
704
714
718
724
752
756
732
698
704
672
701
718
731
726
712
698
722
764
757
721
695
696
696
701
701
731
735
732
716
701
699
684
688
663
712
716
727
731
689
697
690
694
660
687
691
694
694
694
709
716
581
713
719
735
754
759
734
665
675
691
689
706
685
690
723
763
767
759
747
728
748
730
742
734
754
765
764
741
687
668
683
663
697
698
700
701
699
699
730
751
740
720
735
754
754
731
721
763
753
724
704
708
730
721
723
721
738
759
760
748
742
747
746
731
718
709
712
713
710
734
735
737
744
733
725
716
705
705
749
760
739
712
705
708
710
709
719
756
761
743
731
725
728
729
729
728
728
729
731
731
733
733
735
735
736
736
736
737
738
740
740
740
739
740
738
736
733
728
721
715
695
720
716
705
725
743
740
722
743
758
750
720
709
705
706
716
690
697
701
704
707
755
755
720
712
724
736
732
714
713
712
710
712
712
769
768
759
732
730
702
683
687
669
685
691
697
704
710
753
772
775
757
742
721
704
706
693
701
703
703
702
715
702
719
738
756
756
739
712
690
690
728
738
719
701
695
691
695
697
697
697
696
697
697
698
697
697
697
697
697
697
698
724
738
724
724
749
752
740
717
699
701
700
699
728
731
728
719
701
700
702
700
698
697
717
752
734
717
701
723
763
768
756
733
730
712
702
702
684
692
700
752
756
732
721
717
715
734
736
747
751
711
708
677
691
695
701
697
717
743
743
717
747
744
733
723
697
705
710
709
709
731
736
731
725
713
716
718
716
713
721
732
739
757
751
734
724
716
717
719
718
712
709
709
710
710
713
758
767
761
736
733
725
728
742
751
750
737
724
718
757
765
750
732
705
712
702
707
714
715
708
707
704
707
719
727
732
729
712
709
711
712
711
710
711
710
711
720
731
722
714
720
736
743
743
728
719
723
730
747
735
730
726
725
735
761
755
734
724
724
724
741
753
747
732
721
724
734
751
755
735
725
722
741
761
748
729
728
730
729
768
767
750
742
726
728
727
727
727
728
729
729
729
728
728
731
731
729
728
734
751
779
775
765
767
766
739
725
711
712
718
714
733
734
757
785
781
754
730
709
720
755
746
737
735
697
701
705
717
732
733
717
761
771
752
735
716
704
708
707
729
732
734
734
719
721
724
721
719
720
720
746
747
724
728
725
727
737
752
743
730
723
722
738
754
749
725
714
717
765
764
742
724
704
715
779
779
753
733
732
712
710
703
705
691
706
713
712
742
730
699
707
743
758
759
740
729
706
709
713
713
712
711
743
756
765
768
767
762
767
741
731
720
722
717
715
753
752
737
736
718
720
722
726
732
736
744
741
735
727
729
718
719
720
720
722
724
724
724
725
725
726
725
726
725
726
742
756
755
736
727
727
725
727
729
728
728
727
727
729
732
660
734
728
732
732
730
730
729
731
730
729
729
729
729
733
742
741
735
719
723
727
729
742
771
777
761
742
729
743
750
747
733
736
723
714
701
688
697
710
739
746
734
748
739
765
751
728
682
691
699
715
704
700
699
702
703
730
755
731
736
744
749
741
726
725
707
708
735
737
731
578
741
743
747
734
731
717
712
711
709
739
766
758
738
728
717
727
732
742
748
737
760
779
763
718
692
696
697
708
737
757
766
749
731
742
745
733
724
712
738
762
755
759
777
766
780
775
776
755
719
742
761
766
757
766
776
775
763
735
710
706
711
680
722
736
727
741
767
779
778
749
722
722
724
717
713
712
714
716
717
751
757
749
740
733
712
716
720
760
774
745
742
739
725
704
708
744
761
768
743
721
704
698
743
742
769
781
774
746
739
712
713
728
740
748
773
782
782
770
746
736
729
721
737
763
774
778
794
793
775
755
731
710
722
726
765
771
752
723
720
722
699
704
706
707
707
709
721
722
722
721
722
722
723
724
725
726
726
726
727
726
726
727
726
725
750
781
790
784
742
702
704
715
712
708
710
710
710
733
769
775
770
766
785
780
770
756
773
750
711
701
711
713
740
766
740
703
707
712
712
716
758
735
722
694
699
705
712
710
709
709
706
698
616
675
678
716
690
679
673
676
684
688
687
686
684
684
687
688
692
691
689
690
691
691
691
691
695
694
694
702
706
720
732
743
752
759
756
743
725
709
712
738
728
709
701
690
695
736
745
733
711
725
753
716
701
688
689
695
695
701
706
704
714
712
712
712
711
709
709
710
712
714
715
770
766
753
732
718
716
730
760
752
736
730
727
744
742
753
742
732
717
708
739
764
747
702
684
692
703
699
696
711
700
696
699
708
708
702
703
709
718
728
723
741
760
775
770
768
751
723
696
697
701
701
701
700
706
704
702
700
685
719
711
714
719
736
751
745
737
752
763
770
759
727
704
703
703
703
771
736
720
702
697
703
703
740
756
753
738
724
716
717
705
701
700
699
701
702
703
704
703
704
708
709
710
710
710
736
732
754
772
764
751
724
717
739
747
732
719
709
703
704
705
722
749
744
743
742
704
722
726
724
729
723
724
727
730
730
730
730
731
735
736
737
738
740
751
747
748
749
748
745
614
738
734
732
728
727
727
757
774
779
767
734
742
729
720
697
712
716
716
717
718
720
721
722
723
589
725
727
729
730
730
731
732
733
733
734
735
738
739
738
738
740
742
740
740
740
738
739
740
742
740
737
736
735
732
727
722
723
725
726
727
728
731
729
728
727
724
723
725
723
723
724
724
724
724
725
729
737
747
737
731
742
746
757
740
732
720
711
706
705
713
719
722
727
741
744
745
760
786
790
785
768
731
710
696
704
703
704
703
708
710
713
716
721
723
722
722
724
726
727
727
727
729
730
732
732
735
735
733
733
732
733
733
732
729
730
731
729
727
725
726
727
725
720
721
719
719
722
721
726
726
724
725
725
725
748
746
756
744
737
726
717
711
712
713
711
707
714
581
716
719
719
733
742
743
739
735
727
716
713
710
715
718
771
772
765
737
727
724
687
686
649
675
679
681
685
740
761
763
771
784
791
777
742
714
696
711
719
728
728
715
699
692
694
693
748
747
748
771
761
761
747
730
696
691
691
711
729
720
710
694
700
700
736
756
759
740
707
684
696
698
743
748
721
693
724
702
695
698
704
691
742
776
777
767
748
722
696
700
697
699
698
698
732
754
744
724
708
732
752
760
741
731
736
730
750
744
736
746
749
776
789
784
774
747
724
709
709
731
761
761
753
719
733
706
669
626
680
677
687
690
688
687
704
734
745
741
725
693
691
691
683
593
697
697
696
695
700
706
705
702
698
699
703
705
732
739
713
719
714
732
741
740
716
704
722
741
754
740
725
724
727
745
761
761
739
729
729
732
746
745
727
721
724
727
726
727
726
727
728
727
724
720
719
719
738
737
682
689
652
673
689
695
694
693
701
726
747
750
737
700
703
703
702
666
698
709
717
717
715
718
719
721
721
723
724
727
731
732
732
733
732
734
734
727
724
721
722
725
719
722
729
732
736
738
739
739
738
728
721
718
717
715
721
730
733
771
789
799
769
733
719
701
741
743
729
707
706
723
737
736
740
740
723
696
701
706
708
710
713
730
735
730
740
739
748
745
740
712
704
701
704
696
698
699
699
700
720
724
737
721
704
710
713
715
716
716
715
731
739
741
728
708
718
722
730
748
732
725
717
710
721
736
741
731
720
717
715
715
737
742
733
722
725
725
727
728
729
729
727
727
726
728
728
725
727
727
727
728
729
730
730
731
735
735
737
737
735
734
733
733
733
733
732
732
733
747
762
745
739
731
734
734
734
732
733
733
746
753
757
759
744
734
729
732
730
730
729
726
725
725
725
725
724
726
727
728
728
727
726
726
728
732
732
732
732
732
732
734
736
737
738
739
740
742
742
743
742
740
739
739
739
740
740
739
587
740
741
741
742
743
742
742
742
742
743
742
742
741
741
741
741
741
741
742
742
743
744
745
745
746
747
746
746
744
744
744
743
744
745
745
744
743
743
743
743
743
743
742
742
742
742
743
744
742
742
740
739
736
728
727
727
725
744
746
757
751
742
739
722
740
737
718
716
712
735
743
747
736
725
719
725
726
737
755
762
756
741
722
724
786
788
767
739
721
726
728
729
754
770
775
772
765
746
739
739
765
771
770
735
724
719
728
724
721
726
744
748
756
746
733
723
718
730
733
601
718
719
719
750
760
765
770
753
731
719
719
718
720
720
720
721
722
725
725
746
772
771
743
720
720
721
724
755
746
727
741
758
768
758
744
716
710
724
723
723
720
719
757
772
765
754
735
727
702
723
723
718
723
723
724
765
772
751
732
732
730
732
731
751
751
743
742
735
731
726
724
737
742
730
740
741
737
769
769
737
723
711
715
719
721
719
738
742
746
758
760
765
757
739
765
776
778
761
733
699
765
777
775
778
782
792
799
807
800
787
777
774
748
743
738
728
734
712
752
773
773
776
788
787
766
737
730
720
722
723
753
756
749
729
751
777
781
749
727
723
724
724
741
717
700
717
725
727
729
724
720
711
705
706
722
728
744
746
745
742
756
784
787
767
744
718
711
710
712
712
712
712
712
716
717
719
719
721
719
718
717
719
724
729
730
729
728
729
733
735
734
734
736
739
738
737
735
731
730
726
721
718
718
715
715
718
742
732
726
720
720
718
719
716
718
719
735
751
764
781
794
798
775
737
725
721
717
741
779
768
736
714
719
718
718
715
714
716
717
773
759
737
726
713
713
746
756
745
737
728
720
740
763
754
741
739
739
735
754
764
783
783
737
730
722
721
721
791
781
740
711
716
716
718
740
769
773
749
748
724
728
746
780
772
750
774
783
784
774
763
752
758
774
764
755
719
731
727
698
711
724
782
785
746
738
727
725
737
749
768
765
742
730
729
742
773
765
745
721
740
784
799
792
760
745
721
706
707
713
711
754
786
760
740
715
716
712
716
747
759
765
760
742
737
763
764
751
742
726
759
780
785
783
799
805
766
742
771
785
777
749
723
721
722
726
727
726
727
751
752
760
779
785
777
750
717
740
741
727
767
784
767
738
706
701
720
720
721
721
753
777
790
780
747
763
765
764
757
731
755
757
738
739
757
792
796
788
784
784
776
749
744
737
740
717
713
716
714
737
746
768
771
770
753
754
748
739
722
719
725
727
749
759
766
776
782
782
772
756
723
721
685
729
718
710
729
715
714
721
722
725
724
729
729
726
721
716
715
714
716
718
720
720
719
720
723
756
778
775
749
727
720
735
723
673
713
721
724
733
729
771
763
736
736
728
728
728
728
750
767
782
772
743
765
770
773
760
726
739
750
751
762
744
744
743
723
731
747
754
753
749
752
757
762
777
787
776
764
748
741
741
707
717
723
724
726
726
724
723
724
729
727
727
732
751
769
803
780
735
733
743
759
780
788
765
652
773
772
756
734
724
733
731
724
726
732
743
741
740
741
740
735
736
738
739
737
733
731
726
779
777
764
763
750
736
745
789
786
763
729
744
718
709
710
715
718
713
718
723
724
724
727
729
728
731
730
729
728
727
767
793
791
801
795
771
740
719
742
757
765
764
747
740
725
722
762
757
739
734
722
754
782
785
780
751
674
730
726
728
724
763
775
752
732
726
750
770
771
759
745
726
727
723
704
744
793
793
789
773
757
735
723
720
719
727
737
742
753
762
788
785
778
729
737
727
724
724
728
722
732
754
780
783
767
741
712
719
724
724
721
722
722
725
725
727
752
752
748
742
755
767
769
756
745
730
731
756
770
765
745
741
740
756
767
766
758
752
742
741
761
783
753
733
737
740
759
768
759
750
740
733
731
732
733
735
734
733
732
731
774
764
752
759
773
773
750
750
761
762
758
795
802
783
733
754
732
722
713
754
784
784
785
787
775
771
745
733
734
714
720
725
774
787
785
792
791
781
749
735
728
746
760
763
758
741
761
781
773
753
735
731
728
730
731
768
750
712
712
697
738
744
753
774
781
794
792
794
776
742
746
732
724
713
723
722
716
721
738
767
772
786
778
744
699
718
724
762
776
744
709
716
716
700
716
715
713
714
720
722
725
726
725
725
726
727
732
732
731
735
736
740
739
730
699
664
670
677
681
681
680
680
683
684
686
687
688
690
691
694
695
691
692
693
696
696
697
696
696
697
698
697
704
733
767
780
769
719
662
650
678
676
674
670
668
670
704
705
684
659
666
672
686
714
728
748
752
741
766
761
725
701
685
683
683
722
727
711
705
688
686
709
724
707
689
681
688
687
686
684
707
691
690
693
662
670
690
713
723
732
717
688
683
725
717
691
672
681
686
688
690
690
691
691
692
692
693
693
695
697
702
702
702
704
704
704
706
707
707
709
710
711
707
697
691
691
692
692
692
692
692
691
695
694
692
692
691
720
729
706
704
696
699
716
727
717
711
707
714
743
756
754
749
723
724
742
703
701
697
690
687
654
751
738
730
725
716
682
692
690
692
695
693
700
725
743
754
763
749
744
737
738
748
733
706
718
692
718
703
687
694
738
750
732
712
708
711
680
683
720
754
759
744
725
733
749
746
740
730
764
758
720
723
705
684
689
706
716
716
731
769
785
780
740
736
711
705
707
688
693
698
700
757
753
751
750
745
720
708
700
703
704
705
710
732
723
710
699
706
722
733
720
714
720
716
695
708
710
712
701
707
710
712
716
717
716
713
713
715
716
717
718
726
733
737
731
723
721
736
736
731
723
719
737
762
756
739
736
724
722
739
759
750
726
726
711
711
710
711
713
716
714
713
712
745
776
774
767
739
713
706
707
707
709
708
734
735
732
719
720
712
709
707
706
736
732
756
734
725
712
724
710
701
708
707
701
702
702
704
706
756
757
738
722
725
762
753
750
740
722
721
722
726
740
741
758
762
759
725
660
715
710
680
717
751
752
753
760
756
718
701
704
701
703
690
598
696
702
702
727
739
753
757
752
729
710
646
705
700
698
710
715
735
761
768
780
772
764
756
728
719
705
708
708
712
707
702
704
705
731
744
733
730
738
741
748
744
730
725
703
704
736
740
742
726
708
705
710
708
707
707
706
707
708
735
743
729
728
724
736
743
743
738
729
707
676
698
742
747
753
770
770
741
735
712
707
704
703
714
715
730
727
731
731
715
714
732
745
752
735
718
702
698
704
706
704
700
746
762
766
772
754
719
708
706
705
731
769
756
728
703
707
708
706
724
722
724
712
710
709
712
717
720
716
715
715
721
722
723
726
726
728
731
731
731
731
732
727
717
705
682
683
733
762
777
749
719
732
699
717
728
750
764
768
749
726
699
731
733
725
718
698
697
699
701
704
760
781
767
731
725
723
720
729
726
727
744
777
783
783
758
753
760
731
720
719
724
735
762
767
761
743
780
786
791
785
782
764
740
723
715
712
710
712
734
741
736
723
713
715
717
737
756
760
757
752
765
758
735
714
717
731
741
737
724
695
705
713
716
717
794
790
788
768
767
756
727
707
710
713
714
713
715
716
717
718
718
717
717
718
720
723
721
721
721
724
724
724
724
725
725
726
726
727
727
727
727
729
730
730
725
722
724
725
724
725
725
724
724
725
726
727
727
728
728
728
728
727
725
726
743
759
741
728
724
714
707
710
712
715
715
714
713
703
713
722
724
723
725
711
731
750
748
758
785
783
765
778
769
731
709
702
703
745
765
759
758
752
727
695
692
698
703
680
695
734
749
744
738
740
743
741
739
725
702
696
690
702
712
731
729
741
726
706
710
708
707
706
707
707
707
715
715
714
715
717
742
752
739
723
721
725
743
761
750
741
731
731
733
735
736
736
735
734
733
733
730
724
719
716
715
715
707
695
732
724
716
715
721
736
754
755
742
729
759
766
731
722
711
733
749
748
739
732
720
732
737
744
737
731
707
715
716
716
715
734
754
757
740
730
724
720
722
724
724
726
727
726
733
737
742
738
738
730
751
757
744
723
713
708
746
759
760
750
755
750
734
698
709
715
716
715
724
726
722
723
720
718
718
719
718
720
721
721
746
746
734
723
726
737
753
741
728
731
728
727
726
727
761
790
782
754
728
710
730
712
706
706
703
715
716
713
731
751
750
760
760
738
715
710
708
711
724
738
744
735
751
762
771
776
766
742
707
716
735
747
764
787
797
772
753
727
713
715
707
734
758
762
762
752
724
717
718
753
771
762
748
744
722
717
715
720
719
729
738
741
740
740
738
725
718
743
745
732
714
713
714
718
719
717
717
717
723
744
746
747
743
759
756
738
731
713
756
764
760
771
772
755
736
741
716
718
716
715
713
715
716
717
720
719
718
719
719
718
719
756
748
736
730
726
739
743
725
725
726
727
716
727
721
737
731
726
722
715
761
769
738
718
717
726
722
754
759
758
757
745
720
713
712
711
742
783
781
774
777
763
750
748
745
748
747
746
735
700
711
714
712
712
714
714
715
714
757
757
761
749
735
727
712
712
718
789
795
794
788
779
757
741
711
705
707
725
737
749
753
747
729
713
716
716
716
714
713
714
714
752
778
774
751
731
758
769
732
750
753
755
744
758
782
785
775
788
802
797
774
746
728
732
706
703
709
689
701
706
708
707
706
705
706
707
707
707
707
707
707
722
733
761
782
795
795
759
743
726
718
692
706
731
747
728
728
721
715
709
728
738
733
719
714
707
710
716
731
730
715
725
721
719
720
744
741
727
720
713
716
718
745
756
769
760
744
721
708
707
716
712
733
765
761
758
743
724
747
747
730
717
709
710
744
774
758
726
717
718
716
716
769
776
746
749
783
781
768
744
715
716
756
777
784
765
754
729
713
732
760
764
756
753
731
709
705
714
763
791
792
776
752
722
718
719
713
720
716
735
755
781
786
782
791
789
791
774
738
721
722
722
721
720
721
721
722
722
722
751
764
750
731
722
723
722
723
723
724
782
752
737
769
776
768
742
726
760
769
755
739
728
730
733
731
724
716
730
732
700
716
718
772
784
787
785
768
748
734
754
764
772
761
766
784
784
777
751
720
692
693
687
709
712
708
708
708
765
779
775
768
754
741
756
755
742
725
723
710
709
710
710
733
764
770
760
750
772
782
785
782
785
788
778
754
728
718
717
735
750
770
765
751
728
703
707
713
735
753
747
736
722
715
714
715
715
742
772
763
769
766
747
741
720
723
750
759
759
775
773
758
736
735
716
712
722
743
615
743
788
781
756
684
661
673
654
681
684
687
688
691
699
701
701
703
718
717
716
716
719
723
723
614
721
717
713
712
706
704
701
716
728
744
746
735
744
759
736
716
693
697
697
699
702
702
703
702
701
701
716
732
716
708
713
731
734
740
724
716
710
709
710
710
709
707
706
705
703
706
730
761
751
747
759
755
729
738
760
762
752
774
766
743
731
717
709
709
711
714
727
766
788
778
752
761
768
771
749
705
680
658
689
693
681
692
704
702
706
704
708
708
708
717
737
753
752
748
736
748
738
715
687
696
712
714
715
715
718
720
721
721
721
722
724
724
725
726
727
727
726
725
723
723
722
721
721
721
721
720
718
717
715
714
713
714
714
714
740
731
728
720
721
719
719
719
721
721
721
722
722
730
746
745
741
732
730
743
739
741
734
733
730
730
730
706
733
730
714
719
713
710
717
719
739
754
753
737
727
709
713
713
735
777
777
762
749
749
749
736
712
699
687
689
708
764
768
765
745
722
715
741
773
760
750
747
759
768
763
771
779
790
801
808
810
804
793
758
735
614
699
704
698
740
752
752
735
723
718
718
726
747
768
776
755
725
716
711
712
714
772
760
735
744
759
760
746
741
722
719
720
751
784
748
728
739
751
744
728
781
783
778
740
700
725
721
712
711
713
747
752
739
771
779
765
739
746
728
711
710
715
713
713
715
735
736
759
766
755
725
734
722
687
713
719
721
743
762
759
738
723
722
722
721
730
775
776
756
734
706
749
777
780
763
736
727
731
694
722
719
695
710
715
717
716
716
717
743
768
768
752
733
712
763
758
734
710
721
721
720
720
721
721
725
738
744
736
733
702
738
726
677
709
709
713
718
718
718
718
717
720
719
717
718
720
720
731
724
722
723
722
750
776
778
768
767
771
751
759
771
780
790
788
774
749
731
794
778
745
730
743
756
751
728
716
712
718
722
723
723
722
731
710
703
719
681
700
710
713
718
726
736
740
741
743
747
748
758
754
744
769
781
770
750
755
735
722
710
741
771
755
769
780
751
742
720
704
667
692
699
704
705
705
722
744
756
736
773
770
747
748
755
759
754
731
725
714
706
706
736
738
720
688
707
712
711
708
711
712
713
712
712
711
750
739
725
708
711
711
715
716
716
660
738
741
744
739
735
701
706
700
738
762
775
769
735
774
774
759
759
760
785
789
758
734
717
687
704
709
712
729
736
752
777
802
785
736
731
723
735
700
706
731
767
759
761
772
797
738
725
713
718
717
714
755
765
777
772
763
746
754
728
721
730
692
710
717
744
767
762
738
735
721
708
719
725
747
756
762
775
768
776
770
752
717
712
713
664
715
713
716
715
713
713
713
715
754
765
752
717
715
735
765
714
733
723
722
712
720
723
731
737
735
726
750
766
777
765
780
745
731
713
712
759
772
762
719
691
698
709
717
692
733
768
767
756
755
758
768
770
774
766
742
723
697
758
772
767
741
723
715
717
752
767
770
768
775
776
780
774
771
757
747
724
709
717
750
768
765
737
713
717
719
719
718
720
687
729
726
720
689
700
744
771
772
766
774
779
759
743
731
730
748
741
765
763
746
737
722
717
718
743
772
784
781
758
733
759
768
767
754
734
731
764
788
795
744
732
718
722
735
721
717
716
744
761
767
766
758
755
760
755
764
762
775
781
767
767
786
793
772
712
692
663
677
687
711
734
738
740
734
711
693
721
750
756
751
729
718
698
704
699
707
719
714
734
737
741
763
775
780
773
742
729
721
750
765
773
768
742
727
725
709
711
709
701
714
715
751
773
766
768
763
735
724
701
723
715
724
752
757
753
751
746
738
717
716
714
716
717
717
717
717
718
718
718
763
763
735
711
721
723
722
698
754
757
751
752
772
774
766
777
793
798
794
645
746
736
751
759
751
730
706
705
718
725
733
737
777
790
774
757
730
714
712
732
746
772
767
743
766
764
739
749
781
764
749
714
715
722
716
715
703
709
716
746
754
744
759
768
766
743
708
715
717
748
757
745
718
719
714
714
711
712
713
713
713
713
713
714
713
753
747
732
732
602
725
720
720
720
733
731
740
748
728
753
744
758
756
769
760
758
767
754
751
732
719
722
723
723
600
721
720
720
721
720
718
719
720
744
754
742
735
736
735
732
732
753
757
756
761
763
755
720
711
708
710
716
715
712
708
711
749
757
745
730
733
732
733
728
718
718
719
720
721
720
720
719
744
750
740
728
729
729
728
727
722
715
734
730
751
757
761
756
739
755
744
746
735
722
716
721
725
790
796
778
731
730
727
731
714
719
723
719
719
719
717
718
726
731
750
739
753
762
779
772
755
742
758
791
791
788
767
762
760
745
734
721
720
746
767
757
749
763
772
768
738
757
734
752
758
764
782
792
794
801
799
795
772
751
742
719
720
714
716
720
721
720
719
719
719
720
721
720
723
728
750
774
772
759
794
786
749
735
728
723
721
723
727
756
749
740
721
721
741
768
764
739
731
732
733
735
737
737
763
792
788
778
774
766
755
766
774
763
749
737
692
726
726
705
714
710
749
768
782
783
784
760
716
712
723
736
701
710
730
747
773
774
755
748
769
745
749
712
710
690
710
756
774
772
745
758
747
740
731
758
762
780
791
778
748
717
709
709
712
716
717
716
744
757
745
733
703
714
721
725
724
723
724
624
714
714
705
722
725
727
730
731
736
738
744
749
749
755
761
764
764
767
767
767
766
765
766
767
766
765
763
763
764
762
760
761
762
763
762
762
764
763
759
769
764
756
755
754
753
753
754
754
753
752
753
754
755
754
753
752
751
752
756
759
762
760
760
758
753
748
721
731
730
730
733
732
733
733
741
747
750
761
769
775
788
797
796
788
764
737
723
721
748
750
735
717
721
716
717
717
729
728
724
723
733
733
732
730
728
728
761
758
743
719
733
735
732
735
735
735
734
732
730
727
728
730
730
728
727
727
727
728
730
728
749
769
779
773
752
733
744
724
728
727
732
728
752
772
763
746
727
759
757
767
762
747
731
729
730
732
737
738
738
737
750
751
743
734
739
750
752
752
743
741
742
740
740
741
742
741
742
741
742
736
736
739
739
739
737
735
734
761
765
763
748
721
698
728
735
734
731
722
719
757
767
778
772
774
750
736
726
726
724
724
724
756
773
775
767
748
728
746
725
719
708
731
770
769
748
726
732
741
755
766
753
715
723
756
782
794
794
778
795
792
785
767
754
721
724
725
724
723
724
778
761
747
729
728
746
777
778
761
744
732
734
733
731
731
732
731
730
743
753
776
772
760
791
773
748
723
727
735
740
741
758
769
780
785
777
747
743
744
743
736
728
728
729
775
781
778
788
798
787
772
748
730
732
734
741
780
780
747
729
722
714
744
731
717
731
732
733
751
771
773
773
766
754
754
760
739
735
734
715
734
733
736
737
739
758
758
755
752
751
732
737
740
740
612
812
809
791
747
722
724
726
732
725
717
720
721
722
752
789
782
752
718
717
720
722
750
770
751
766
774
765
750
735
729
781
787
786
782
798
808
809
812
805
789
785
775
758
744
727
729
733
732
731
729
751
758
752
738
733
732
732
732
735
757
750
740
737
730
732
731
730
730
734
732
732
731
732
743
756
782
778
754
730
727
768
763
770
771
759
740
733
751
738
732
723
712
729
755
768
773
755
756
755
758
772
751
728
728
740
733
738
758
788
789
799
786
768
748
744
766
783
795
765
747
727
730
731
730
729
728
733
744
743
742
741
741
727
737
742
757
775
766
750
740
741
760
760
735
736
736
765
783
781
757
756
737
731
739
734
711
729
747
755
758
760
761
746
768
775
772
731
749
770
768
748
732
730
762
781
786
771
751
709
709
724
714
721
767
792
797
778
762
774
755
756
737
732
732
736
733
749
767
765
760
756
754
745
741
740
743
787
799
775
746
727
764
787
803
805
799
793
775
754
755
758
766
768
762
742
737
733
731
767
776
757
738
729
728
728
729
728
727
726
726
727
728
729
740
736
734
733
749
766
764
772
787
800
796
781
750
725
731
733
731
728
737
744
751
744
734
731
732
733
733
757
760
756
752
737
731
733
733
733
732
730
730
730
756
770
762
724
737
737
739
740
738
766
758
773
787
777
767
776
776
763
743
726
724
726
740
774
776
755
729
736
732
737
732
732
735
737
737
738
740
740
742
769
779
762
751
752
750
758
781
775
764
749
751
755
755
755
756
756
757
756
756
757
759
758
757
758
758
758
759
759
760
760
756
761
770
754
750
742
741
742
743
744
741
688
711
712
722
726
725
734
740
743
744
743
751
755
759
762
766
766
765
764
766
766
764
763
765
765
763
763
763
764
764
764
765
766
766
766
766
766
767
767
766
767
768
782
791
796
797
778
746
711
709
739
733
753
741
724
718
714
716
744
768
774
770
779
787
781
768
756
756
762
751
740
724
721
723
723
723
737
754
742
757
751
730
725
709
709
710
711
742
754
738
722
710
715
712
713
739
764
772
767
763
743
725
722
722
757
773
767
750
712
697
700
695
677
663
719
730
740
717
725
754
747
717
710
688
689
686
696
703
704
704
704
706
707
710
710
711
714
717
716
715
715
717
724
740
748
763
757
772
756
736
734
742
751
770
762
704
707
699
704
703
706
750
772
804
810
800
790
779
751
718
705
690
707
714
713
711
710
712
715
716
719
721
724
727
728
729
734
734
735
735
736
740
741
744
742
742
743
747
748
747
746
749
750
752
752
754
754
753
754
756
756
756
757
757
757
756
755
754
753
753
752
750
751
749
744
745
740
738
740
739
737
733
730
732
731
728
726
763
776
748
711
718
720
718
719
718
735
747
738
726
730
717
747
735
710
714
717
716
717
716
716
718
737
755
749
730
734
771
799
790
796
794
770
743
714
715
717
716
750
749
730
712
717
716
761
776
767
735
727
716
713
713
722
759
773
782
788
792
788
802
803
801
801
792
788
762
736
736
724
722
719
712
717
745
789
786
782
785
785
761
740
709
729
744
752
763
760
746
715
714
714
715
716
716
719
719
719
725
737
731
722
725
719
717
718
723
729
728
726
727
728
728
727
727
726
722
725
739
758
765
765
756
736
727
721
718
742
759
765
761
743
759
766
766
764
759
718
721
721
721
720
719
720
720
722
721
721
721
721
721
722
749
734
707
722
746
764
759
701
705
707
708
740
754
744
722
719
708
708
710
712
709
710
712
716
726
752
777
793
786
748
742
726
720
722
712
713
714
715
715
759
748
747
740
739
749
760
778
788
791
790
785
776
742
710
674
682
689
702
702
700
701
702
703
709
721
740
739
732
724
743
753
738
720
732
745
759
781
791
787
773
735
719
718
716
716
717
719
719
720
719
719
719
719
719
744
750
730
712
721
749
755
759
744
696
709
690
722
716
716
715
712
743
754
747
730
700
722
735
738
737
735
732
732
732
732
728
728
730
735
737
750
760
756
749
742
742
744
745
764
775
772
754
736
733
730
727
745
772
748
734
731
737
742
748
755
743
727
728
728
728
728
760
791
784
775
764
755
755
752
766
780
798
797
795
777
750
728
721
723
760
787
790
779
786
779
766
749
719
707
718
719
727
727
727
783
796
789
768
739
734
731
715
721
696
719
726
726
736
751
761
795
792
786
775
757
759
750
744
731
751
781
783
758
747
726
731
743
739
739
742
739
735
736
736
734
750
753
741
744
741
758
771
758
744
740
739
759
767
763
746
740
744
745
742
751
750
746
746
745
744
743
744
746
748
753
737
750
756
759
761
763
763
714
763
763
764
765
766
783
803
809
803
775
751
733
728
729
730
760
796
784
755
728
728
729
728
728
729
729
730
760
767
766
746
749
795
786
756
733
734
731
773
769
747
734
760
792
796
764
756
743
749
700
744
743
731
733
728
723
723
743
765
764
765
763
788
794
810
812
811
785
758
745
728
728
742
712
713
710
715
725
728
727
728
733
741
745
744
745
743
743
743
744
744
745
747
748
749
752
754
752
750
749
750
751
751
744
740
740
740
735
733
733
737
739
737
735
735
734
733
731
728
728
756
781
777
746
749
763
736
725
729
728
726
727
739
755
768
774
756
762
740
733
729
736
708
724
602
730
730
731
730
744
749
759
763
750
771
774
760
740
749
726
716
731
743
740
743
746
748
754
754
608
753
753
753
754
757
757
758
759
762
762
763
758
750
738
734
731
732
733
736
740
740
743
745
743
738
737
737
738
738
736
737
741
742
741
740
733
731
733
731
658
727
741
783
793
756
698
724
727
727
750
765
753
738
726
731
751
784
779
751
735
764
768
773
785
770
743
724
751
751
604
711
689
707
706
698
703
712
717
771
769
748
733
719
709
706
731
749
737
735
727
724
710
708
739
596
767
758
736
745
747
747
751
752
775
766
725
723
709
709
707
704
717
751
747
739
717
697
700
712
709
708
709
711
708
711
711
712
712
711
712
712
712
712
712
713
717
724
725
722
729
720
713
723
726
727
725
725
725
721
720
718
718
718
719
719
717
718
730
727
742
749
741
747
759
736
568
746
744
731
714
708
725
741
761
759
736
668
698
708
702
702
707
733
736
734
715
715
715
714
714
716
716
716
764
776
774
774
763
731
701
749
780
789
770
739
734
723
727
716
713
716
722
741
760
748
737
729
722
722
722
742
743
732
724
722
718
719
718
720
720
720
720
721
750
758
739
727
758
760
758
744
744
728
727
726
744
755
759
757
749
757
725
720
723
731
723
721
736
751
767
768
750
735
721
722
726
716
725
726
727
729
722
740
756
764
749
728
728
726
730
755
763
776
778
772
745
722
720
732
724
733
724
728
735
762
769
767
763
761
742
745
710
727
722
739
728
727
731
736
747
760
756
747
750
740
740
742
765
781
782
785
776
769
750
737
752
766
776
765
745
730
766
752
741
731
726
724
727
729
731
731
719
764
756
737
715
720
727
731
732
729
652
724
736
740
758
767
771
784
788
781
759
745
768
773
762
739
720
738
761
775
772
754
742
726
726
792
797
779
745
726
721
726
732
734
737
735
738
750
763
763
760
752
735
732
735
744
760
770
773
753
717
762
763
747
764
777
772
750
724
742
738
725
724
728
741
738
742
741
741
741
741
739
765
768
755
740
741
743
766
769
769
758
754
752
750
774
785
774
758
754
750
767
776
764
736
741
730
762
790
794
778
750
753
768
771
766
752
743
723
723
751
773
771
779
798
804
801
801
793
794
788
766
752
732
731
746
759
774
776
765
743
733
728
734
751
771
769
755
735
733
726
730
729
728
728
766
779
759
774
777
754
749
730
727
764
749
759
758
739
740
731
726
728
730
731
739
753
740
735
731
730
731
731
731
730
729
730
730
730
733
735
736
737
738
740
739
737
738
738
746
762
753
731
735
735
736
738
739
780
793
787
757
750
727
732
797
786
779
757
750
736
723
729
724
746
774
774
775
762
741
732
729
753
781
774
756
735
728
741
752
785
776
754
734
730
730
733
764
775
769
743
652
734
717
702
720
723
731
730
745
740
742
743
745
745
753
765
772
773
764
749
747
770
763
755
752
742
740
732
729
735
724
725
727
752
785
786
758
750
730
731
731
726
765
771
766
761
749
739
735
733
730
724
727
735
742
748
756
763
762
752
740
734
732
732
730
732
758
768
775
785
775
756
731
727
729
730
731
732
753
760
753
736
734
732
733
733
734
734
733
733
734
735
764
765
762
745
754
764
782
783
761
750
726
730
730
751
784
804
816
813
808
786
760
746
723
726
756
783
781
759
742
729
730
729
726
727
729
729
729
728
728
728
729
728
746
771
761
747
725
729
730
733
733
774
784
759
741
756
739
776
783
780
760
744
737
728
731
724
738
731
728
725
718
764
782
776
783
781
760
759
738
733
761
765
770
770
765
780
797
787
776
768
755
744
736
734
760
778
778
773
761
752
747
746
748
750
738
732
736
747
764
774
759
747
768
784
782
772
751
738
704
718
737
748
756
767
772
766
730
736
742
760
775
782
766
735
731
727
761
795
796
804
801
785
770
746
732
729
730
730
732
750
750
733
730
758
795
789
764
751
736
731
692
742
738
734
735
729
731
735
735
735
735
735
618
703
720
748
780
779
748
726
721
723
724
739
752
757
757
753
745
738
735
735
724
723
721
722
722
723
723
723
724
726
729
731
730
729
726
724
725
724
725
724
724
753
763
752
741
725
720
726
730
732
731
732
732
732
729
728
729
736
758
742
723
727
724
733
747
726
754
753
743
784
770
751
751
774
777
791
788
788
769
749
721
718
733
741
727
730
729
726
726
727
728
728
728
728
728
729
729
729
729
730
732
733
734
737
736
736
738
739
743
743
743
747
752
754
759
760
762
765
766
766
766
764
763
759
755
754
753
751
747
747
748
748
748
748
748
748
747
746
756
766
739
734
738
738
736
735
735
736
737
738
738
739
740
742
742
742
743
744
743
743
743
771
770
760
744
741
735
731
730
729
730
731
747
787
774
751
730
731
724
726
726
724
725
724
728
728
727
728
727
728
728
728
725
726
726
725
726
726
706
732
739
735
732
726
738
754
779
779
745
717
727
729
744
775
772
756
753
740
728
746
688
709
720
760
739
770
766
750
743
727
723
737
769
774
763
742
780
750
729
699
713
748
761
764
757
742
713
727
732
761
774
787
795
791
784
757
734
725
723
724
766
777
773
773
648
786
755
741
771
775
760
731
723
724
726
729
731
730
729
726
726
729
728
747
745
718
724
718
714
598
725
727
726
720
725
722
726
725
726
725
726
723
725
599
643
666
699
720
718
721
714
714
716
