687
741
743
695
746
710
696
727
728
725
702
697
711
662
702
676
740
706
659
669
671
624
621
648
617
669
684
674
664
714
707
694
633
676
646
685
697
683
650
701
628
672
694
623
644
693
657
703
678
690
692
728
695
710
655
678
711
675
676
696
685
705
645
670
672
691
674
675
686
661
699
640
666
696
665
681
691
667
656
637
692
642
624
617
676
678
710
702
696
653
690
647
633
640
647
640
641
707
675
700
727
691
699
702
666
702
748
681
703
664
724
722
684
627
658
709
707
709
700
701
718
717
634
702
697
698
680
707
700
729
675
674
706
707
732
698
658
634
655
653
681
710
734
752
674
680
673
712
693
695
700
653
705
697
630
673
728
663
725
682
656
672
655
731
660
680
715
706
751
740
688
688
694
696
692
714
666
695
720
710
717
697
706
730
646
700
680
738
714
730
709
659
653
714
710
708
686
691
652
679
712
691
731
744
706
720
708
686
664
711
706
723
757
666
673
705
654
687
699
705
666
704
685
699
723
692
700
707
715
671
742
715
676
676
672
723
713
679
691
665
713
693
669
715
697
732
675
693
724
702
678
691
665
664
737
689
677
731
720
670
695
700
643
683
663
720
706
679
673
674
736
703
665
703
666
665
705
723
688
700
753
758
746
658
665
657
696
725
707
689
707
717
702
734
725
666
704
738
714
681
736
760
660
681
725
665
670
655
734
734
681
688
655
749
714
719
698
724
695
673
652
707
656
708
701
664
670
688
645
692
764
710
727
640
650
653
680
724
688
652
659
676
673
743
658
707
672
709
694
682
729
671
722
709
662
653
695
727
667
710
699
688
702
693
729
676
710
711
660
664
664
676
656
669
656
699
659
706
647
645
710
722
685
690
684
724
730
686
677
712
741
716
711
704
689
728
732
673
699
733
725
663
659
701
683
664
752
665
675
725
707
704
700
690
684
702
700
701
665
689
709
691
686
666
668
697
692
730
755
710
690
692
716
738
703
747
697
705
699
724
733
734
714
686
724
722
715
702
708
751
666
693
717
752
768
747
716
669
726
661
728
736
755
685
644
652
645
677
703
677
657
697
685
678
659
713
713
667
698
679
686
666
701
712
685
738
695
664
717
717
691
735
742
672
659
691
663
752
685
704
724
742
759
749
677
680
733
754
753
751
701
732
739
747
766
733
675
756
681
698
716
727
746
714
718
726
677
696
732
687
668
680
702
677
736
748
687
671
702
702
726
673
719
713
731
738
722
694
746
707
682
707
679
734
727
683
680
677
696
695
708
690
679
723
672
736
724
687
714
724
703
756
716
675
740
676
700
703
739
695
694
681
736
679
705
737
710
715
714
735
675
676
725
687
756
704
726
703
705
711
673
703
709
711
704
669
714
757
673
723
753
668
702
743
670
