717
749
743
712
745
736
716
744
788
714
716
712
707
712
720
722
808
732
732
709
791
718
713
692
714
715
731
711
720
716
722
715
712
792
718
718
715
718
710
736
712
713
715
744
712
724
711
711
771
730
730
724
715
713
723
703
668
671
700
709
709
704
710
753
715
681
694
712
724
686
703
696
692
692
690
695
707
742
705
731
684
698
710
700
711
693
691
690
738
697
698
709
752
719
773
697
717
702
700
707
700
703
702
699
744
702
713
719
704
732
705
706
712
703
739
706
707
707
716
710
716
711
710
707
767
720
722
715
714
708
757
702
705
703
703
708
715
710
765
717
788
716
682
712
723
698
700
686
724
721
741
715
739
702
706
732
698
661
647
658
668
705
690
657
658
669
663
732
727
660
668
673
665
673
669
668
663
660
660
664
660
726
673
679
665
669
673
668
642
654
737
715
677
667
704
677
663
663
670
663
649
703
729
688
676
658
671
671
671
674
669
696
756
658
673
726
761
688
658
659
662
665
664
652
661
660
658
673
696
733
664
771
719
710
665
672
686
677
664
667
654
669
682
657
668
666
651
674
721
670
713
689
671
663
706
727
678
680
749
684
721
669
704
673
680
715
700
675
687
666
698
667
663
669
693
666
668
668
681
668
790
681
668
672
753
679
679
671
674
744
683
722
734
679
676
672
707
676
741
679
674
690
701
699
681
761
681
707
683
668
705
716
666
667
708
679
671
733
695
681
743
702
724
727
702
707
715
737
693
687
668
714
671
691
677
691
668
689
699
764
705
756
711
740
714
674
659
736
785
680
678
673
712
711
669
735
774
708
680
680
679
673
662
658
780
678
670
718
732
688
690
689
707
683
686
691
677
724
665
689
682
721
709
670
704
761
677
673
677
692
677
678
685
705
682
682
686
703
691
719
726
686
677
720
730
715
696
692
701
678
685
668
666
656
667
660
656
745
666
673
680
660
684
681
682
740
649
684
663
669
677
710
767
700
675
673
686
712
763
710
674
665
660
715
766
697
753
680
667
674
695
664
669
678
678
676
682
686
734
676
661
681
680
678
681
673
700
683
751
678
678
671
672
676
687
661
686
678
677
690
684
679
694
671
681
682
712
698
681
683
701
706
688
678
727
720
693
700
715
714
751
695
713
769
683
680
687
738
763
769
709
775
681
683
690
739
700
726
763
689
688
685
767
715
716
695
707
729
710
716
721
672
691
680
708
698
748
701
694
698
745
728
713
692
756
684
687
687
694
714
700
738
706
724
770
685
702
681
757
688
694
701
707
704
698
693
680
684
684
695
690
687
685
681
698
689
704
683
697
688
690
687
667
687
689
694
726
691
694
683
684
680
690
675
687
690
693
720
684
731
685
706
688
683
689
674
733
760
675
687
732
774
687
725
695
701
709
710
716
727
704
676
689
689
686
700
712
685
700
688
685
685
733
709
685
692
684
693
672
683
678
