738
718
735
746
733
727
732
715
754
741
728
716
713
718
717
717
742
725
742
739
737
724
734
722
728
729
725
742
744
730
728
743
738
771
729
727
730
747
727
731
739
728
720
736
739
736
745
747
736
747
752
752
731
727
725
728
717
716
714
722
730
732
741
718
728
715
740
736
744
719
731
710
737
717
730
750
729
738
732
734
719
719
717
717
729
740
753
718
717
719
721
739
724
718
722
729
741
727
744
716
716
750
741
715
743
716
734
748
750
725
726
727
723
779
714
721
748
743
731
731
736
748
737
759
724
712
717
710
739
704
714
754
719
723
709
719
716
718
728
738
728
740
760
745
733
719
737
745
721
717
730
722
733
740
723
739
749
744
715
728
727
757
717
717
735
735
749
728
739
726
733
752
749
747
744
783
729
725
731
725
722
735
733
721
728
740
740
719
736
729
723
743
749
741
741
721
719
720
753
722
738
749
730
720
732
729
722
722
722
748
716
720
730
731
738
738
751
728
755
743
772
726
730
734
773
728
750
739
767
727
735
739
726
758
744
737
720
726
743
722
723
734
729
725
726
743
739
756
723
737
722
719
732
747
726
733
730
731
731
753
740
743
748
754
740
738
722
743
732
736
743
732
729
747
752
730
726
751
733
733
740
725
749
731
743
736
728
730
731
740
731
732
729
750
759
742
728
735
736
748
731
724
726
727
756
757
743
743
728
734
734
733
726
729
754
738
749
771
788
728
774
738
729
730
755
723
714
743
730
725
731
742
773
727
732
731
710
713
714
712
715
738
730
736
733
718
730
719
775
748
735
744
767
721
723
749
769
731
718
768
708
737
745
733
739
732
736
726
741
740
723
723
745
700
717
728
723
718
744
723
747
727
721
721
745
763
733
742
729
736
721
719
751
714
733
738
724
731
743
718
722
738
741
718
722
736
735
740
744
729
742
750
734
726
735
726
722
742
749
744
743
759
758
723
746
728
736
724
734
739
750
721
738
723
752
744
723
757
751
766
738
737
722
735
731
748
734
747
782
737
771
726
734
724
762
720
746
720
725
729
727
720
722
746
749
750
728
746
736
734
754
736
746
735
746
752
740
775
728
728
730
759
754
745
776
749
731
736
746
738
767
751
732
751
780
732
746
743
728
760
747
745
732
736
743
745
764
764
733
738
736
729
722
723
725
727
727
728
728
725
734
722
753
715
717
725
745
720
716
718
729
742
732
722
716
735
753
733
732
729
774
724
725
727
766
719
771
751
729
747
744
745
730
739
744
729
722
719
722
725
743
735
740
722
730
741
749
718
715
739
742
738
750
757
748
724
738
736
740
737
725
744
738
735
735
736
746
742
751
743
754
775
735
732
721
725
751
721
724
751
746
736
735
722
742
734
726
743
741
728
728
726
730
752
764
771
749
727
758
768
718
748
722
723
