739
738
751
721
751
724
726
717
731
733
723
722
720
727
716
730
712
719
716
736
715
722
726
736
760
722
728
723
727
731
732
721
733
729
725
727
722
721
745
727
734
726
722
737
738
739
726
727
729
751
734
729
719
730
740
723
725
736
730
737
732
737
723
728
731
732
735
750
740
742
743
735
726
729
727
729
727
732
728
754
719
760
724
735
778
721
730
729
749
731
729
728
730
727
738
737
716
725
724
764
730
742
727
724
724
765
724
725
759
722
733
722
734
736
723
749
720
729
728
741
746
740
720
764
723
724
743
722
728
723
741
732
736
730
776
742
732
737
729
729
735
724
728
723
730
748
731
749
725
722
733
729
727
725
723
721
765
722
724
732
723
724
750
728
720
727
739
722
723
750
731
724
727
727
737
726
751
742
724
742
732
739
730
721
753
724
733
757
737
728
730
728
755
734
767
746
726
763
728
732
739
729
726
727
735
725
726
761
726
725
736
740
733
731
718
725
739
719
760
726
725
732
742
734
731
729
726
726
741
722
726
733
719
727
734
738
774
734
763
739
746
725
735
725
729
736
736
724
718
751
732
725
743
738
748
731
733
721
724
726
746
735
739
727
734
732
733
735
726
730
726
728
721
721
726
726
742
731
734
726
758
757
729
729
728
730
739
726
736
731
735
731
744
733
727
761
735
734
722
726
721
732
775
724
726
732
726
764
730
729
734
767
733
733
727
736
738
752
759
732
738
735
734
757
725
726
732
726
731
738
732
727
746
763
719
744
735
767
731
730
728
728
735
742
750
760
725
724
732
741
732
725
728
732
731
741
743
726
725
750
731
763
732
740
723
732
736
741
727
731
721
721
732
724
724
736
727
768
736
726
716
746
718
754
720
733
754
763
744
736
731
736
724
725
730
728
733
753
730
735
730
739
776
743
751
740
728
732
744
756
737
735
739
753
725
728
727
731
740
734
738
728
737
728
743
736
728
747
739
744
727
742
726
739
745
725
738
733
747
729
737
730
733
734
729
761
737
733
741
750
731
736
737
731
733
727
731
739
726
760
732
724
728
728
742
751
729
734
772
727
746
726
735
728
759
732
736
736
729
752
732
728
737
769
761
730
741
733
726
725
747
750
724
726
768
736
720
724
726
740
729
725
726
729
730
783
724
729
730
733
743
734
747
725
726
746
735
721
737
731
743
739
733
727
731
740
752
738
737
732
725
734
729
732
733
765
743
738
750
742
726
739
726
736
738
728
734
730
730
728
737
728
727
728
734
739
736
740
730
729
728
731
738
742
729
728
758
728
747
734
741
741
737
735
728
728
733
728
745
724
721
775
723
739
733
739
727
737
727
744
743
743
728
731
734
737
756
735
749
727
736
