701
740
701
760
697
727
696
740
725
722
711
689
695
700
703
703
742
694
720
727
720
691
702
714
709
717
736
723
693
702
695
691
714
722
709
693
728
733
725
709
720
710
730
704
706
726
730
740
733
759
710
729
720
732
751
699
727
716
721
734
750
742
731
715
721
694
693
745
747
717
706
704
724
709
715
733
723
722
723
708
718
702
710
709
704
700
701
699
730
715
731
708
740
704
736
714
721
703
714
769
749
715
739
722
746
728
709
700
728
730
718
722
711
719
764
758
733
735
731
732
730
721
738
725
731
714
732
700
737
735
720
705
718
731
720
729
735
772
726
719
750
701
743
712
739
707
742
705
740
745
747
756
718
727
732
735
715
727
746
745
735
698
704
728
695
726
743
743
756
729
742
762
703
713
695
725
772
740
751
747
743
734
741
732
729
727
758
722
730
694
735
716
709
737
712
705
732
752
721
745
750
720
737
743
706
744
710
724
753
708
715
718
735
748
725
746
739
723
734
740
702
732
768
722
745
767
729
705
732
713
733
725
717
730
709
742
721
721
730
737
731
736
735
744
729
750
731
732
728
712
753
709
697
732
730
716
730
735
750
738
757
754
734
733
740
715
719
735
725
738
736
732
720
690
748
752
697
739
736
722
731
704
750
737
711
727
722
716
723
703
711
723
697
751
757
716
741
715
734
727
754
711
715
709
743
692
731
716
753
758
716
708
733
720
707
708
706
722
745
748
729
741
759
716
742
723
732
740
725
716
719
726
737
731
732
740
723
739
724
711
709
713
708
739
722
703
715
696
721
740
741
722
736
745
696
732
719
747
759
749
736
723
746
715
732
757
735
742
736
723
719
733
713
727
705
726
735
738
737
765
734
737
725
725
729
706
707
745
711
727
742
714
749
731
725
743
706
726
747
746
726
759
745
741
757
726
740
737
744
758
743
736
737
727
738
736
734
736
731
749
721
744
723
718
737
753
740
747
723
744
696
740
734
729
717
720
745
747
708
721
700
721
718
712
687
729
727
710
747
701
734
717
726
741
747
740
731
731
727
735
737
719
714
739
734
768
713
723
746
752
753
706
708
723
701
702
728
694
733
717
730
747
734
729
704
718
723
743
717
765
723
736
749
725
755
759
746
721
765
701
704
732
732
728
765
714
731
753
717
756
780
721
723
740
724
749
721
709
739
752
734
745
740
722
734
727
756
736
717
726
752
727
735
747
738
742
726
736
720
748
727
709
709
714
722
719
735
696
716
740
751
759
728
738
741
702
733
741
723
753
731
748
766
733
718
736
753
750
717
711
721
729
730
731
719
732
712
736
745
727
721
734
718
755
742
735
756
737
704
740
718
699
733
722
737
742
728
720
741
744
703
754
725
723
764
721
732
754
728
726
720
738
729
705
734
731
696
696
719
715
703
704
754
754
707
749
716
736
730
759
728
752
698
712
737
704
736
699
