748
709
725
750
713
735
708
712
718
758
744
709
705
737
688
731
761
728
739
727
716
722
745
720
719
736
784
721
727
725
736
707
731
758
720
718
770
753
759
777
792
758
767
785
781
779
770
721
716
720
719
715
713
733
761
724
709
709
722
733
774
726
731
782
751
688
717
713
720
717
758
732
749
731
752
717
737
720
750
773
751
753
712
769
788
718
760
746
727
731
706
731
762
753
711
714
740
735
756
718
720
726
719
715
721
720
717
709
743
709
708
708
714
710
715
712
716
734
735
715
719
714
701
753
762
710
711
742
709
725
739
728
778
750
716
714
712
710
724
731
777
752
754
713
740
779
730
731
763
723
731
720
765
740
771
716
710
748
735
729
718
737
706
730
726
730
798
711
717
730
740
747
781
780
765
709
736
772
793
751
746
758
752
754
775
753
762
763
769
733
731
770
787
719
715
715
717
707
746
713
742
737
752
759
735
752
750
749
766
754
773
782
767
779
663
788
628
726
704
678
747
649
723
666
749
726
744
767
769
749
739
781
749
744
756
769
686
741
736
715
776
740
702
750
736
721
765
685
706
704
755
762
755
727
715
690
717
744
680
717
722
742
708
711
754
724
723
679
678
697
698
704
727
747
708
741
742
734
749
736
688
710
720
726
743
763
765
771
761
736
753
755
757
756
744
755
773
750
787
743
740
759
744
718
796
779
733
756
780
790
800
814
760
738
743
739
743
763
750
728
781
770
753
757
781
736
757
750
688
718
719
774
705
776
756
702
706
736
723
774
756
775
769
770
699
767
784
731
710
732
712
700
752
698
702
770
721
698
715
737
745
752
726
737
758
773
804
789
806
698
739
802
771
765
763
767
801
722
712
716
742
703
723
748
705
718
761
783
749
709
722
744
733
697
694
736
752
739
800
699
709
744
700
718
766
739
770
739
789
719
779
740
754
774
759
754
732
758
761
764
738
742
760
760
737
727
714
711
715
773
767
737
738
733
768
744
707
768
767
762
770
758
791
739
771
752
692
726
716
725
687
774
710
719
733
733
757
725
745
760
735
775
784
790
750
766
789
737
764
772
813
786
777
782
779
729
738
690
748
714
734
739
707
747
729
736
774
773
757
752
775
760
736
782
792
767
756
745
720
772
727
798
773
698
707
740
771
766
770
694
771
742
732
744
711
718
739
733
761
744
750
793
709
759
700
738
705
777
725
747
801
776
789
773
786
751
771
741
788
787
782
754
805
687
695
700
722
695
699
701
693
705
767
777
745
747
785
767
723
704
780
780
707
715
705
723
729
755
762
725
703
754
704
719
734
697
726
756
759
741
741
737
766
741
767
727
734
722
809
727
756
761
704
728
733
769
738
735
774
785
745
722
729
770
761
740
712
777
711
719
728
705
701
764
754
766
764
771
754
704
742
781
800
796
785
720
702
699
740
730
725
801
735
738
752
781
773
