759
771
777
825
775
761
806
797
803
785
800
835
803
784
797
773
760
766
787
760
758
753
795
813
762
820
786
805
768
813
792
778
785
834
816
834
820
817
767
826
778
751
782
812
760
781
767
808
797
782
824
828
780
787
778
762
774
787
787
774
751
773
746
749
813
814
824
823
783
743
757
812
788
793
781
799
787
762
802
791
827
810
791
783
807
811
781
796
836
791
792
758
759
799
801
807
822
818
789
795
802
776
820
810
800
799
802
789
777
772
774
794
803
797
785
815
806
786
776
790
761
759
823
806
824
832
761
790
813
821
847
830
798
819
792
779
785
818
791
802
804
773
824
819
784
784
815
816
777
795
791
796
816
792
814
819
800
796
794
771
800
817
766
804
784
840
837
817
823
791
798
831
831
798
759
822
791
797
792
775
818
798
804
791
763
826
751
771
801
774
804
789
761
772
807
786
815
791
783
820
802
804
836
836
764
783
764
769
744
768
805
817
770
755
759
778
778
785
769
794
755
756
822
772
798
794
788
765
816
751
801
793
786
796
817
819
799
772
789
766
834
839
772
844
832
838
833
836
770
785
815
794
780
758
737
802
781
806
767
728
760
794
751
738
814
769
747
784
793
762
762
772
815
793
766
813
823
808
794
764
717
779
785
755
777
783
805
741
765
749
790
758
809
799
796
752
761
752
799
778
793
757
745
751
736
792
791
806
768
782
733
776
808
830
759
764
778
804
783
774
728
727
775
760
781
779
781
813
740
769
796
816
791
817
774
772
770
797
757
751
809
765
787
810
799
775
777
808
804
780
755
805
793
770
812
760
786
806
807
826
829
764
760
800
778
795
