738
744
723
741
692
752
752
744
734
796
712
720
746
724
722
720
791
718
724
734
786
723
716
730
761
722
718
783
736
722
717
744
724
716
784
728
723
740
724
725
763
727
740
750
728
728
747
755
753
725
784
722
721
738
724
741
730
741
798
715
736
735
719
726
722
726
771
724
775
775
771
746
729
730
730
703
736
768
735
785
725
728
741
727
726
775
721
724
752
722
752
754
793
728
750
730
746
732
728
744
727
747
701
732
765
730
748
724
731
732
723
728
725
733
728
725
730
743
729
758
747
787
726
734
758
744
769
726
728
730
777
750
752
731
800
728
756
732
731
781
732
731
726
737
734
760
755
733
795
729
778
754
754
731
752
756
737
759
727
730
736
731
774
753
730
790
756
730
795
730
752
754
739
771
728
746
731
784
732
730
733
732
763
729
738
767
732
736
753
732
739
734
756
758
789
740
766
731
750
732
746
770
733
739
742
746
749
761
732
782
734
766
734
733
734
765
739
772
786
731
802
736
765
782
733
802
753
781
729
735
735
728
730
738
750
733
735
733
737
736
757
757
782
748
735
744
736
778
749
743
740
741
782
786
772
744
740
752
740
741
738
757
771
750
782
738
740
742
739
754
758
753
763
748
805
729
735
754
742
756
737
767
768
738
733
764
737
733
730
733
737
739
780
761
753
734
769
733
729
787
759
785
735
739
749
732
782
732
781
736
736
754
731
763
733
733
793
720
774
774
745
737
747
733
752
735
815
732
780
723
770
802
726
730
781
728
770
733
786
695
723
763
729
734
762
730
726
770
727
724
784
728
773
726
727
756
728
728
741
740
765
729
811
728
726
780
743
730
782
779
750
741
730
756
730
735
736
734
733
773
768
770
777
752
730
751
729
778
774
752
748
765
733
719
776
761
777
788
749
729
786
744
754
740
784
747
729
733
732
735
789
731
743
734
776
771
760
731
742
731
786
766
759
755
734
755
754
775
742
736
734
744
777
732
747
731
789
737
731
785
741
774
757
750
764
748
734
742
740
772
736
745
745
733
739
759
768
724
768
771
745
731
739
790
792
742
758
786
759
763
781
731
740
755
732
798
745
744
735
753
734
757
724
731
756
730
783
738
735
764
766
732
770
737
737
750
758
785
774
738
739
731
735
776
767
737
733
800
736
806
763
734
743
802
745
734
744
795
770
754
733
783
751
739
735
739
757
750
735
782
738
735
759
753
754
742
737
776
719
737
804
755
812
743
737
742
731
733
734
744
735
764
738
762
747
741
738
778
783
755
747
758
797
738
729
788
734
757
734
734
743
750
759
736
730
735
756
736
760
724
731
762
755
776
737
803
748
744
735
737
737
752
746
743
771
769
749
733
733
735
736
738
756
736
749
733
734
750
778
754
757
746
777
735
735
733
736
735
731
744
745
737
752
736
735
779
781
741
749
733
733
793
793
741
795
732
755
739
753
773
