723
742
729
763
703
682
717
716
731
728
711
717
699
698
705
730
698
709
713
710
695
686
705
698
698
699
695
725
746
720
695
713
732
700
697
696
707
757
702
696
698
701
716
695
702
710
701
710
752
709
703
733
719
703
700
701
713
704
731
700
708
694
716
695
694
692
726
693
695
689
767
696
723
701
718
708
756
686
726
699
782
737
726
695
756
718
737
776
721
721
757
696
695
678
690
755
697
781
681
737
732
696
708
714
698
734
785
739
760
699
695
719
741
695
693
699
699
670
735
694
693
706
695
737
717
692
703
702
693
720
690
691
713
730
747
704
684
696
698
693
693
701
700
732
695
698
707
696
698
703
697
702
697
714
696
698
699
694
705
700
710
714
697
727
704
703
701
700
705
705
700
699
691
693
690
705
686
701
696
705
709
693
693
706
691
747
687
693
719
721
697
696
698
697
730
694
684
696
738
700
695
703
695
746
698
692
698
697
698
720
696
709
744
709
694
717
729
700
727
715
727
713
698
704
697
732
701
695
693
703
720
742
692
715
693
701
705
687
713
698
689
701
697
695
695
701
720
700
722
716
686
722
724
727
741
726
709
696
693
698
718
738
694
703
707
688
704
707
707
706
687
702
697
688
711
732
706
699
698
737
757
700
696
692
700
693
694
693
703
713
706
711
740
721
752
710
696
717
713
702
728
695
726
698
762
753
762
696
681
701
695
752
762
693
725
699
726
699
769
692
696
693
737
722
693
710
755
725
716
696
738
697
696
711
770
722
695
717
740
756
753
730
741
730
699
716
716
738
708
738
704
684
732
725
698
742
698
706
688
708
685
716
713
703
698
721
743
688
733
685
723
707
678
696
694
742
694
722
685
749
762
710
702
706
705
732
738
696
747
729
750
727
704
698
698
696
756
750
744
707
718
709
752
743
696
699
761
689
702
758
700
732
709
695
701
724
697
701
742
707
719
706
736
690
692
724
697
715
737
723
696
734
759
743
713
727
721
714
724
718
751
756
764
763
714
696
720
698
707
736
720
737
695
694
706
719
733
700
748
700
695
720
744
755
751
767
692
697
708
737
719
754
687
735
714
727
750
780
699
713
745
776
701
734
719
702
695
762
766
720
692
757
742
712
710
701
704
693
691
776
746
689
704
699
696
697
715
687
715
691
740
755
719
726
745
687
686
702
688
698
689
713
724
684
746
693
693
693
739
760
694
688
711
753
697
715
727
707
692
697
740
722
698
699
738
696
695
720
740
741
701
697
702
697
680
698
752
696
674
709
759
698
698
688
709
745
714
722
714
737
696
731
693
717
688
720
758
695
706
753
692
696
757
698
724
705
757
760
693
690
727
754
717
698
