674;494;587;529
692;592;674;565
676;439;559;533
699;491;582;556
704;556;564;519
691;496;592;561
693;508;596;570
698;499;580;569
679;551;594;541
671;459;565;542
668;419;557;540
675;458;566;548
688;495;567;544
688;488;559;546
696;517;578;587
686;517;571;552
688;566;583;554
679;532;566;540
674;449;568;545
678;458;560;552
683;485;576;560
682;512;586;556
695;482;571;571
717;593;623;592
662;366;534;561
680;489;575;565
689;583;612;555
697;510;594;605
683;481;572;569
679;490;584;569
720;625;603;565
698;552;583;570
705;654;628;536
689;515;578;571
700;517;592;622
696;535;583;573
685;554;594;575
686;474;573;568
683;434;549;565
682;445;579;564
733;557;604;573
699;539;579;541
701;483;580;576
733;601;642;610
695;512;600;565
709;552;581;535
686;459;585;558
687;459;584;563
722;545;605;572
686;443;581;565
710;510;582;561
690;517;598;559
688;466;576;564
714;553;602;575
716;519;600;628
712;525;606;620
714;529;609;631
709;524;603;616
694;473;586;578
703;548;616;584
735;561;596;568
687;446;580;564
731;553;614;597
706;541;587;565
689;458;583;571
690;465;584;570
693;665;625;450
717;545;626;603
736;550;604;605
686;438;556;557
694;491;597;568
712;539;605;568
720;535;614;595
718;602;608;558
692;471;589;572
695;561;608;537
704;563;638;583
725;646;692;551
698;601;627;535
693;506;595;564
715;517;587;573
695;526;605;551
695;470;581;575
744;588;631;631
715;515;588;575
690;556;596;545
725;571;611;599
718;578;593;561
719;517;608;612
721;478;600;658
710;513;604;628
703;471;587;627
710;528;593;569
707;515;598;580
703;469;591;585
722;608;625;571
710;559;617;579
697;523;591;568
711;492;603;593
694;422;572;572
743;600;639;611
688;360;547;570
702;515;616;584
694;631;632;491
702;528;630;598
746;636;685;646
694;438;581;575
694;470;590;582
708;548;583;560
694;458;585;581
701;479;600;613
727;565;576;556
710;540;596;582
709;581;598;564
721;524;578;579
705;577;624;585
707;428;607;602
719;496;600;605
744;603;644;633
697;498;599;572
709;470;576;567
694;439;584;584
742;556;607;594
689;392;559;581
719;549;597;580
704;494;596;578
694;437;578;580
726;546;603;592
720;576;628;605
733;607;611;561
694;449;587;586
712;543;609;604
734;615;636;604
705;591;627;577
738;575;607;588
725;523;597;592
744;602;637;625
704;482;600;588
695;464;592;587
708;545;637;600
700;485;588;583
705;539;642;604
706;520;623;598
716;567;639;594
716;614;675;612
719;510;596;577
720;525;612;597
712;538;631;605
738;601;632;598
683;585;630;583
704;509;629;611
721;615;689;635
694;486;598;572
702;501;586;568
702;495;592;576
718;616;631;579
704;527;602;586
694;432;576;578
693;435;583;581
695;459;585;584
710;537;587;572
695;426;575;583
704;495;602;587
686;419;573;574
698;469;592;591
694;441;577;580
717;490;595;598
747;614;647;626
700;572;627;583
695;449;586;582
733;611;631;600
710;636;654;589
731;555;611;597
705;605;616;581
759;597;596;565
695;473;589;592
721;622;611;579
694;451;581;591
697;483;597;595
692;435;580;590
709;546;624;600
696;570;617;569
700;534;628;599
740;652;689;626
695;445;586;584
705;525;577;576
730;600;598;578
699;553;619;584
708;575;621;591
698;495;592;588
697;490;592;597
722;516;579;583
710;605;641;594
703;370;588;607
733;574;624;605
690;551;614;562
697;481;589;592
714;532;601;593
715;511;608;614
704;487;575;583
724;515;624;614
695;454;583;593
694;607;600;517
706;487;559;581
712;548;592;579
726;543;630;620
752;574;628;642
731;539;596;607
715;503;611;639
707;500;602;617
705;485;595;630
730;555;630;638
763;590;606;650
720;512;598;594
711;607;623;578
706;504;602;599
698;479;593;597
709;543;586;585
695;446;574;594
747;491;550;614
696;446;577;594
716;507;594;596
736;597;633;615
702;494;606;603
707;568;604;586
707;567;600;586
694;425;576;591
694;463;585;602
698;480;591;597
696;455;584;597
715;581;643;607
701;511;601;593
716;575;626;596
712;576;639;598
727;654;688;611
696;465;590;590
710;471;590;605
697;479;591;592
697;474;592;594
718;603;638;599
724;621;619;585
690;607;615;541
698;571;619;586
696;480;588;596
696;486;590;599
723;536;611;598
695;474;586;594
691;425;570;591
697;484;582;589
687;395;547;584
698;463;579;586
729;603;594;586
708;556;607;592
718;592;624;588
708;519;590;592
698;530;604;585
724;538;606;605
701;491;589;595
780;661;626;613
699;495;598;603
745;610;634;627
735;639;630;577
706;611;630;570
737;570;621;613
689;413;561;593
694;448;575;595
746;630;625;560
696;476;588;590
727;629;615;581
695;465;582;597
696;491;589;600
696;488;589;601
694;461;580;597
697;486;589;600
715;644;645;589
700;515;606;604
716;531;592;596
697;492;594;605
718;528;587;599
694;464;579;601
727;634;620;598
752;651;647;625
702;491;601;598
717;577;625;597
701;482;572;588
716;574;601;581
732;384;534;641
715;496;614;613
697;556;630;584
696;453;594;596
698;484;601;597
696;450;589;597
705;556;610;593
698;463;595;601
706;532;594;589
712;544;602;593
734;627;644;603
701;525;593;587
712;524;612;607
700;482;600;601
702;496;603;603
697;479;596;599
721;561;611;593
698;481;592;592
701;489;603;615
743;534;616;638
702;515;601;589
703;527;607;594
708;543;603;593
710;619;649;590
716;574;605;589
699;472;591;593
723;581;612;597
708;611;643;590
706;549;621;594
699;477;593;600
745;607;625;627
694;458;586;599
726;548;609;605
713;546;627;609
722;639;648;583
692;430;573;587
731;600;609;609
696;470;594;601
718;496;602;614
739;618;634;611
729;633;645;605
700;523;609;585
714;625;607;578
712;504;591;598
725;536;608;611
756;602;593;580
743;611;623;595
701;468;594;597
704;483;594;602
761;588;647;653
701;462;593;601
704;580;610;576
725;516;617;618
711;463;583;606
729;578;601;586
700;490;600;599
688;392;577;590
689;437;579;595
699;484;593;600
695;442;579;598
778;635;621;607
696;420;575;589
714;510;608;608
707;587;630;588
703;492;595;598
698;477;592;599
724;508;606;617
688;435;574;584
700;484;598;598
698;466;592;599
717;547;604;600
717;505;582;586
711;509;597;604
710;581;620;600
701;469;590;598
706;506;597;620
731;595;647;630
710;514;611;616
699;470;587;600
752;676;644;583
750;588;626;636
717;556;607;593
754;599;636;657
700;471;591;600
704;502;601;599
705;530;606;589
698;572;619;585
743;561;559;572
708;511;594;591
694;413;565;599
719;625;649;600
730;546;609;605
725;527;615;626
720;561;609;596
725;598;616;596
720;606;656;611
698;432;575;594
738;618;635;618
702;516;574;584
712;494;604;608
706;624;628;559
728;535;632;633
753;578;636;638
679;621;621;528
745;526;609;619
738;587;629;613
739;609;593;584
700;446;582;605
738;616;644;601
704;483;600;597
709;543;616;604
709;521;587;593
716;525;608;613
697;442;580;602
768;699;644;583
700;466;590;602
716;601;637;602
697;452;583;599
702;484;598;602
703;483;597;594
706;510;607;607
699;463;590;603
728;531;608;622
715;621;645;593
719;569;630;613
706;506;606;609
709;520;605;599
705;494;597;606
701;480;592;603
699;503;599;593
706;545;611;597
718;621;633;582
706;562;619;597
695;443;575;586
706;505;602;592
709;596;625;593
712;525;609;606
707;492;609;606
748;512;608;651
709;608;640;598
732;549;591;582
719;497;601;605
709;500;602;605
700;462;589;596
715;523;608;600
702;466;592;606
744;660;622;579
748;659;668;629
703;485;598;605
751;598;643;646
723;501;585;591
696;569;607;543
725;574;595;581
744;641;644;599
704;498;605;604
746;571;613;610
720;504;580;596
752;622;635;622
692;372;542;588
732;636;649;599
711;513;596;598
696;423;574;583
730;515;601;629
703;495;605;606
701;481;595;605
719;516;589;588
698;452;583;592
713;565;662;623
715;623;695;580
702;457;591;577
701;479;595;590
700;481;593;596
757;629;601;595
701;484;590;599
702;494;600;602
742;636;617;585
718;437;611;624
724;594;606;584
710;505;607;603
712;595;640;597
703;483;591;593
717;551;597;580
715;534;599;601
730;589;644;621
703;466;580;594
695;422;566;596
702;476;599;606
725;607;651;619
703;570;625;586
734;636;636;588
699;489;602;607
706;523;596;595
700;489;595;602
740;593;639;672
731;586;637;633
731;590;639;629
730;577;631;648
704;489;606;607
706;496;605;610
778;680;636;624
734;560;626;620
688;570;588;563
719;543;627;618
750;606;650;636
694;402;565;596
686;541;599;589
733;628;626;590
698;483;592;608
695;438;571;602
701;482;593;605
700;492;597;610
714;564;603;598
701;480;598;608
725;523;610;628
748;624;638;630
722;566;626;607
707;500;593;604
716;547;572;585
723;597;639;622
732;567;642;670
724;559;622;657
727;531;616;629
719;527;616;623
735;662;658;602
717;551;607;603
729;610;621;602
721;520;621;631
752;613;650;648
741;612;619;613
711;531;593;598
715;620;638;593
727;577;623;609
743;630;618;603
699;445;582;604
751;653;643;585
724;583;645;620
740;612;626;595
678;678;649;494
706;494;607;598
712;519;615;609
703;490;599;610
701;489;595;609
701;480;592;609
697;455;584;606
777;632;610;606
694;527;612;589
701;480;598;606
713;427;560;599
708;514;614;617
715;511;614;622
721;628;640;593
700;435;584;603
730;638;630;593
710;509;604;620
767;634;656;663
748;517;556;603
691;457;584;602
699;460;589;608
767;622;632;636
708;497;597;604
725;608;628;615
715;571;603;606
717;535;626;623
715;567;646;619
714;629;640;608
710;563;662;631
751;686;711;650
710;517;607;611
711;519;599;613
704;484;594;614
701;474;594;609
743;613;655;636
715;495;589;615
742;649;663;606
700;469;611;622
727;543;609;622
729;553;640;641
715;551;579;607
704;505;604;613
709;517;598;610
706;510;599;611
741;655;662;618
721;546;613;626
682;365;543;594
731;645;645;605
707;605;629;599
736;634;623;612
697;455;564;582
728;645;648;604
700;447;584;607
714;534;610;607
732;610;609;593
717;548;585;597
699;445;584;608
724;548;634;657
708;519;606;626
719;542;621;650
723;530;614;660
731;579;626;650
725;572;620;647
732;586;633;659
732;579;633;669
729;570;627;663
722;558;614;647
707;527;607;615
718;629;656;604
745;668;658;595
707;578;614;592
705;504;609;618
723;575;612;612
707;525;618;614
738;580;647;657
710;499;595;616
734;568;629;636
716;562;620;616
713;562;610;608
704;506;606;621
707;537;600;609
710;575;621;607
742;654;601;593
699;464;578;603
724;652;664;598
731;586;610;618
750;647;650;627
704;498;600;616
733;565;604;614
711;582;626;611
714;541;557;590
712;552;601;607
710;522;597;614
703;452;590;614
730;547;582;608
701;463;591;616
710;602;639;591
715;606;635;617
724;552;613;625
748;644;660;642
704;492;599;612
712;498;594;617
761;650;662;654
703;467;589;614
728;603;622;613
716;607;644;618
723;557;586;599
702;478;597;612
726;562;599;602
718;619;646;606
717;564;590;595
736;563;610;615
705;569;623;601
702;469;591;611
704;476;593;616
741;564;625;642
716;544;598;595
704;525;609;610
717;543;627;624
742;550;601;615
710;440;583;605
707;512;601;604
704;490;598;614
700;443;582;608
704;501;607;609
715;612;639;587
720;562;602;606
727;532;600;611
704;483;597;612
771;683;662;606
707;453;600;611
737;614;601;595
756;643;625;607
783;682;656;633
703;507;602;616
717;551;610;611
724;594;611;607
703;496;600;618
755;710;686;648
714;502;588;605
751;639;669;631
704;484;598;600
706;507;609;603
716;573;631;598
729;642;621;601
698;461;587;602
727;541;612;621
762;625;657;653
733;644;661;608
706;514;612;602
717;573;611;605
731;593;649;626
714;483;588;612
715;607;614;568
710;620;605;581
727;648;648;600
724;578;620;598
703;496;595;604
732;566;605;601
737;566;602;601
703;479;592;604
759;632;651;644
733;612;636;611
705;559;617;598
720;570;623;604
714;537;604;601
710;517;616;612
733;606;625;597
719;636;659;608
706;526;596;597
738;551;632;675
729;642;652;607
725;544;606;622
720;584;634;608
720;611;637;604
748;629;632;606
703;461;587;601
706;480;591;604
734;642;674;630
732;510;610;684
722;537;618;648
732;564;631;671
720;538;618;635
716;522;605;604
703;464;582;605
712;556;633;613
734;573;623;654
739;589;623;662
724;554;606;635
729;570;619;655
723;564;609;633
729;614;641;616
711;568;621;610
709;527;615;603
720;571;615;603
710;568;645;610
745;658;699;652
730;494;616;667
714;569;656;626
758;701;710;652
726;551;627;616
694;612;608;562
713;643;645;585
697;459;572;599
710;510;588;599
693;615;642;597
737;606;620;607
719;567;611;608
729;615;630;610
691;574;592;577
709;552;603;603
703;476;589;605
721;571;602;602
708;576;623;607
700;455;575;605
703;510;605;612
703;488;598;612
728;567;596;597
701;513;600;610
725;520;598;613
747;578;642;694
702;505;601;606
702;511;611;610
751;572;616;603
701;488;595;613
718;498;610;666
729;541;605;613
727;540;627;669
717;524;614;650
730;557;613;616
773;630;630;622
721;507;605;635
714;619;652;612
719;542;613;621
709;518;621;615
704;521;611;604
711;578;627;606
706;533;617;610
704;491;598;617
700;464;585;609
775;632;646;639
694;563;606;599
705;487;599;608
717;519;604;629
774;650;666;676
732;552;606;611
704;487;597;612
726;653;654;605
730;578;616;603
753;601;596;640
726;544;632;654
722;532;624;652
721;539;622;632
708;524;605;610
704;494;599;610
721;566;637;614
686;562;604;559
700;459;587;600
763;580;620;655
712;612;622;580
728;552;622;620
731;636;655;616
702;436;563;602
707;502;601;613
731;584;613;602
698;447;580;596
708;513;613;612
709;519;605;609
713;541;610;618
711;554;608;592
738;624;652;620
701;465;584;600
708;526;609;608
702;486;595;602
720;601;684;649
703;478;593;605
695;443;579;592
703;498;594;606
735;567;612;612
763;594;601;603
703;512;598;591
726;600;613;605
700;485;598;608
718;598;618;601
713;631;622;599
719;618;614;605
757;571;617;645
695;400;558;601
715;574;636;615
703;479;596;605
700;500;623;617
724;643;698;644
703;490;598;602
713;551;602;591
702;493;596;607
701;533;594;604
710;528;587;597
743;584;605;599
726;619;623;601
706;518;614;615
730;634;655;622
706;579;630;602
706;506;603;610
705;484;599;612
744;526;604;656
705;507;606;613
771;626;609;603
743;641;631;600
715;627;629;617
704;519;605;616
730;593;642;631
706;517;611;617
734;596;626;648
739;584;626;685
713;569;611;617
711;586;664;631
713;587;676;623
703;523;603;610
718;546;617;621
705;508;607;610
768;609;607;606
699;430;559;592
702;479;592;608
692;538;588;573
702;492;599;603
702;494;596;607
752;541;602;656
699;475;591;609
749;583;611;607
705;607;628;597
725;637;621;609
706;601;587;574
696;445;579;612
703;481;596;605
773;619;613;601
719;571;602;591
697;563;605;571
737;670;569;571
715;632;607;550
700;473;589;591
739;712;701;664
712;551;603;606
746;550;605;658
706;492;600;612
703;507;605;600
718;532;603;608
701;492;597;607
703;518;601;604
732;562;612;609
715;567;595;598
704;501;602;611
711;556;620;609
730;555;611;620
726;566;611;609
704;507;601;615
700;492;597;608
705;510;598;611
734;579;608;600
725;556;623;611
704;515;607;615
708;522;603;614
702;498;597;613
714;517;597;613
712;629;648;598
712;580;661;617
744;665;699;638
707;595;634;596
739;665;626;613
725;559;610;616
725;572;620;618
736;608;610;611
701;505;598;613
706;530;616;623
708;533;590;608
768;687;648;612
705;511;605;611
696;446;582;607
715;537;618;616
727;540;617;621
718;586;625;606
704;509;595;605
708;519;602;604
714;634;644;592
713;642;642;600
715;539;614;648
707;556;616;620
706;508;605;617
711;591;663;594
737;668;714;635
697;478;594;584
691;471;589;577
717;636;614;580
750;698;652;597
707;530;615;601
704;522;613;595
703;525;604;583
728;567;607;579
722;625;627;580
692;483;591;588
721;624;627;588
701;507;602;595
720;652;634;587
696;521;599;599
694;507;598;596
698;502;598;597
711;673;661;585
704;526;607;596
744;626;612;597
739;634;593;581
747;668;662;602
714;597;659;612
752;684;703;627
706;526;605;590
701;518;603;596
701;517;602;601
737;561;600;603
739;641;642;590
700;483;590;597
701;473;587;603
706;510;604;606
702;495;594;601
715;565;608;596
692;611;619;565
713;556;597;593
742;647;652;618
718;504;607;645
705;517;603;604
705;520;607;603
717;513;597;612
702;503;602;603
715;529;602;595
742;629;641;617
749;659;596;575
708;529;607;600
703;611;641;577
697;459;586;590
758;620;630;641
698;577;618;574
706;598;626;584
701;502;594;604
720;598;618;611
729;540;597;613
709;532;606;606
702;550;607;576
712;582;661;610
756;708;727;619
711;646;656;571
695;604;627;580
693;491;599;599
720;575;610;603
719;569;616;607
707;540;612;615
703;533;633;593
737;679;708;620
701;471;596;601
709;609;642;611
696;475;583;596
755;622;659;657
724;577;651;632
713;559;622;617
724;599;631;617
715;592;600;557
703;470;570;599
707;510;597;609
698;476;594;601
717;557;624;623
713;553;611;602
707;528;607;606
701;427;563;605
758;604;640;644
708;515;600;606
757;672;658;605
697;447;581;601
713;552;609;606
702;507;604;614
701;506;601;614
733;599;617;595
709;572;645;597
711;539;598;600
707;572;650;618
710;567;653;620
730;677;717;644
708;524;607;610
741;563;609;622
697;449;574;601
709;571;618;603
729;567;638;639
703;489;601;621
730;572;620;647
755;606;633;634
740;582;608;611
713;598;623;611
704;519;607;625
728;617;640;623
733;543;584;617
693;449;573;616
721;534;614;614
703;483;573;606
705;558;654;620
726;635;695;645
701;474;594;604
698;491;596;605
725;615;619;600
734;629;596;595
695;450;581;609
758;663;650;609
705;504;603;616
702;478;596;616
718;520;606;631
708;528;611;618
704;522;605;616
731;613;620;619
761;677;621;606
716;543;611;615
733;655;668;621
731;551;627;639
713;608;616;604
729;651;631;607
708;612;646;604
705;563;627;615
695;453;588;607
760;619;644;656
677;325;501;590
735;561;612;611
722;636;662;610
703;508;606;615
717;546;609;615
702;486;596;616
715;604;620;619
753;691;660;624
696;435;574;610
723;528;612;624
733;614;620;606
714;548;608;613
746;578;608;617
769;627;615;622
758;616;642;647
746;536;606;629
700;464;591;609
773;646;627;609
748;565;608;632
754;669;668;639
727;576;600;614
740;577;645;651
706;507;603;617
735;576;627;653
709;534;612;621
710;528;616;627
708;478;594;627
704;427;561;617
708;516;618;621
706;494;603;621
711;515;609;624
742;583;639;649
746;678;651;615
738;573;631;636
771;612;640;643
742;578;612;617
732;654;650;614
728;633;672;644
728;625;685;643
723;599;673;636
726;599;664;634
725;586;658;632
720;577;649;630
720;581;649;630
719;578;648;631
720;573;646;632
720;576;648;632
723;589;662;637
726;603;675;643
732;638;690;652
736;649;696;656
737;655;700;660
738;660;705;665
714;511;609;619
710;527;627;622
771;622;661;665
732;581;592;606
706;507;607;622
729;531;626;669
720;524;614;671
724;551;622;661
715;554;617;631
709;558;652;643
723;634;696;652
704;459;593;609
707;511;606;611
729;558;629;664
713;561;656;643
739;662;711;665
711;485;602;612
717;503;610;625
714;512;612;621
705;515;605;616
763;612;625;628
704;514;611;614
731;624;617;600
707;519;599;611
713;506;608;665
734;611;622;613
710;614;639;587
715;597;653;616
763;699;715;654
705;483;602;606
727;590;616;606
728;593;620;601
754;649;639;629
690;605;601;546
706;494;604;615
732;664;717;665
728;657;668;626
776;631;569;566
787;670;601;528
711;506;605;596
765;640;668;656
720;526;608;601
715;516;601;602
715;519;616;638
718;496;617;654
708;503;606;606
731;558;634;629
763;592;625;654
708;509;614;607
750;655;667;632
717;634;663;610
718;539;588;588
740;606;625;603
702;496;603;603
758;623;659;662
776;659;669;665
708;510;617;608
696;661;626;558
713;553;614;598
736;583;656;648
706;460;584;601
727;549;608;604
704;500;607;604
727;602;609;591
708;533;608;607
708;526;606;610
711;540;611;609
705;519;599;603
720;562;640;658
703;498;607;610
704;496;603;612
732;553;630;635
755;655;675;653
710;558;619;605
745;620;621;601
708;490;600;600
714;541;614;610
711;520;611;610
737;564;635;627
759;629;653;648
727;597;622;605
706;587;621;589
708;534;612;609
721;489;590;619
754;657;674;641
715;565;626;607
727;575;620;602
710;520;617;611
702;449;594;615
725;635;643;608
702;484;595;607
712;522;605;613
731;550;625;659
729;535;631;670
726;541;619;646
739;570;625;624
705;517;623;615
685;409;567;600
706;500;608;614
713;521;613;613
700;474;604;610
765;642;649;628
727;525;607;630
743;614;651;643
748;632;634;614
702;472;593;610
704;529;611;604
709;522;605;607
703;515;609;610
725;525;587;596
714;525;612;614
713;536;623;622
711;631;655;604
727;563;612;608
743;564;602;609
733;561;603;607
714;547;615;618
714;571;628;603
719;638;655;601
706;487;609;610
722;564;637;627
708;493;598;599
728;555;609;603
706;493;606;614
721;632;639;609
704;510;607;613
710;607;640;612
710;518;609;604
712;437;568;612
767;604;638;668
710;516;616;616
761;630;632;614
663;721;665;352
709;556;662;623
722;636;702;644
718;497;597;631
740;587;622;601
705;507;611;616
731;592;627;611
739;644;630;606
723;578;619;607
695;428;578;606
724;594;655;620
720;651;657;580
708;560;653;623
730;654;710;654
705;494;609;608
698;565;577;574
722;646;625;593
723;604;596;597
718;549;626;629
743;575;608;618
702;440;578;607
703;506;608;611
737;636;619;598
710;513;596;603
708;509;613;606
730;550;618;619
717;717;688;569
728;626;643;610
704;468;588;615
744;597;636;637
697;620;628;592
723;560;599;613
698;513;603;612
719;640;635;617
696;528;605;618
710;574;633;618
728;568;636;635
755;643;656;663
759;710;686;664
699;495;593;615
698;594;639;615
704;474;580;606
700;566;621;594
707;534;616;619
711;515;604;612
736;571;610;619
702;509;605;620
742;618;635;669
704;526;608;626
702;521;608;624
690;456;576;594
747;616;624;622
704;607;637;611
