771;668;656;601
796;759;661;605
772;726;662;603
743;665;660;582
794;717;675;599
790;720;694;601
745;616;647;575
773;640;636;580
748;682;671;576
787;668;658;589
770;673;667;577
791;739;657;565
795;719;676;583
746;589;638;595
759;704;642;589
790;728;635;576
765;592;637;598
760;565;627;601
772;565;598;652
759;580;605;617
770;560;617;650
734;548;607;581
737;548;601;585
771;646;629;565
725;578;605;545
760;540;606;638
733;538;610;570
756;647;637;548
744;692;678;562
746;582;614;578
679;625;636;522
740;617;609;575
774;660;639;609
747;599;622;572
747;660;664;583
764;642;639;577
784;655;646;598
774;654;652;617
773;717;681;577
787;709;669;566
740;662;657;574
736;655;656;576
775;657;658;606
775;661;654;602
765;622;623;578
751;569;629;589
761;654;655;569
779;635;656;605
776;646;652;592
790;721;673;575
771;604;641;585
803;680;656;592
787;513;633;690
746;552;608;595
766;607;648;622
735;548;598;571
799;663;642;579
800;686;660;592
735;595;647;579
772;581;632;587
785;632;643;591
794;661;641;576
764;622;643;589
740;554;627;587
761;569;631;597
783;656;666;606
763;650;654;570
745;570;646;589
766;661;652;577
763;645;646;586
770;722;633;578
762;654;652;586
746;598;628;602
787;668;651;597
777;611;620;598
799;731;625;574
739;556;618;599
740;550;610;601
675;702;685;552
685;573;601;532
748;620;631;579
706;561;636;580
716;527;584;581
731;534;610;592
724;609;643;584
738;644;659;578
775;632;648;603
780;684;681;602
785;694;679;578
729;496;578;566
791;655;651;605
793;695;688;634
752;665;678;565
778;625;622;575
769;711;689;584
786;647;668;612
743;593;638;594
764;588;634;587
761;730;638;580
744;575;636;596
781;599;564;581
761;579;611;590
772;670;645;588
728;589;634;593
716;544;611;587
796;661;643;619
789;662;663;623
751;684;669;553
756;694;689;584
756;601;627;598
660;689;663;519
673;567;622;557
743;620;628;583
747;662;628;576
710;562;616;577
734;644;647;574
747;648;627;587
759;725;630;574
773;692;676;603
771;637;654;596
779;633;632;588
781;682;619;575
780;666;681;616
731;592;623;574
744;569;626;595
732;559;616;585
713;644;652;554
723;595;641;585
732;536;610;593
759;572;624;594
742;597;636;587
739;635;647;563
776;599;637;611
757;638;659;597
736;656;652;560
793;693;666;590
799;694;664;580
793;703;676;585
761;540;610;609
752;560;644;617
797;721;629;563
810;739;655;573
787;663;660;611
727;654;649;553
783;719;655;577
767;696;668;564
797;738;682;579
775;607;624;590
796;691;666;597
779;652;659;605
766;553;618;612
777;590;640;617
722;661;666;565
741;595;639;597
797;712;675;577
797;708;675;597
804;739;682;567
773;613;627;592
748;622;649;614
767;640;670;626
734;585;643;609
747;594;637;605
746;616;648;600
736;649;665;577
738;567;611;594
751;598;628;605
778;701;664;598
757;694;684;605
768;576;651;617
772;664;662;588
748;664;676;593
765;623;653;613
764;610;637;603
772;660;660;599
762;591;620;616
796;632;643;634
779;622;627;592
743;580;605;588
770;577;629;615
742;550;620;610
743;567;630;598
797;684;651;597
779;711;679;591
808;755;670;592
782;741;680;568
791;731;682;592
759;615;648;608
794;672;662;616
789;715;681;599
789;696;673;601
731;542;614;596
788;692;664;604
772;561;619;607
745;620;634;579
705;540;622;598
727;619;633;587
756;554;625;610
810;701;650;593
770;655;659;611
770;680;662;584
746;575;635;588
772;709;630;569
763;547;622;596
740;554;630;594
769;670;678;595
772;636;644;574
763;621;650;595
764;648;676;612
738;536;617;591
746;555;609;542
794;663;629;561
795;626;618;567
786;672;580;537
720;460;583;571
750;565;628;584
745;611;630;553
705;680;666;539
730;660;642;568
759;535;612;580
738;550;621;576
755;627;645;587
776;679;662;579
817;742;661;582
767;668;649;582
801;721;666;584
757;700;679;570
781;677;661;594
809;722;685;612
779;710;674;571
794;704;654;579
774;651;651;592
785;687;639;599
809;756;662;564
735;749;681;531
709;719;681;513
720;555;622;541
769;677;650;539
778;619;628;536
771;624;614;527
779;649;633;539
757;635;661;537
768;677;677;555
752;687;681;548
782;737;656;503
782;732;680;527
795;733;679;547
755;674;677;553
800;697;665;557
780;684;662;538
797;684;646;544
737;659;663;549
722;526;604;550
781;601;644;592
735;578;634;548
774;689;647;532
752;694;679;546
761;588;638;572
796;713;647;553
724;518;606;551
756;636;652;544
731;525;613;556
744;530;611;574
785;622;617;545
789;642;662;593
763;623;639;548
729;535;622;561
721;594;633;533
747;578;617;548
747;611;670;564
751;614;676;561
787;658;636;539
789;670;656;579
749;579;631;565
757;611;650;573
769;685;650;534
760;640;634;569
783;707;630;558
753;638;639;572
753;665;658;580
783;701;666;583
802;706;653;586
678;510;590;565
691;534;596;561
686;513;592;567
685;509;591;575
728;611;638;591
682;518;597;566
725;603;636;591
692;528;610;567
692;644;643;529
737;526;595;621
746;600;634;614
744;690;612;536
776;682;648;585
734;572;628;564
743;648;661;560
732;662;670;557
749;721;617;546
758;678;667;604
732;687;669;553
746;679;660;573
774;728;653;567
758;684;683;606
769;630;660;599
737;693;667;523
718;531;614;572
742;581;640;582
774;616;623;571
747;596;635;570
757;665;654;583
713;518;610;580
747;610;651;578
728;602;635;559
749;576;636;594
747;595;627;583
691;620;642;559
742;649;662;592
745;605;633;595
735;633;637;569
706;607;628;562
769;695;632;565
733;573;632;585
725;608;642;583
705;606;645;582
769;723;652;585
752;723;665;572
763;721;655;575
727;680;671;592
768;719;674;577
742;577;635;614
763;590;644;633
756;632;637;577
762;642;639;583
713;571;625;591
734;550;614;601
755;660;628;591
711;579;642;598
696;521;598;597
701;543;607;593
709;542;611;596
774;714;635;576
782;672;643;588
702;498;584;595
755;645;647;601
782;756;644;597
748;717;679;557
726;572;626;598
780;734;664;585
764;707;682;601
770;678;675;625
750;582;621;602
709;670;618;551
743;599;626;585
773;648;626;592
732;632;644;598
736;597;650;614
727;547;572;583
712;693;656;521
745;589;627;602
766;623;628;594
757;670;632;587
725;615;623;571
741;607;629;595
750;642;650;594
780;660;665;632
733;659;660;582
753;628;637;592
748;729;700;597
754;612;628;602
666;680;652;543
708;657;639;538
737;653;609;540
716;553;614;577
730;590;635;577
778;664;647;592
768;644;642;586
728;560;625;598
754;737;700;594
739;731;683;556
762;626;635;598
768;634;635;591
751;569;636;620
727;572;625;577
750;615;616;591
787;713;645;602
708;628;649;578
742;606;640;598
753;625;650;603
788;681;655;596
734;565;623;607
769;718;662;593
756;674;684;569
722;597;619;568
743;615;669;609
743;633;691;621
760;641;638;584
751;639;654;588
783;717;672;581
748;696;675;600
758;611;650;617
761;642;635;598
761;636;645;597
802;721;671;605
766;616;628;597
769;681;619;586
726;539;606;599
750;606;639;608
760;654;654;593
726;547;607;600
786;700;630;591
708;472;579;584
736;572;632;599
738;576;628;608
750;638;648;579
733;723;657;548
781;760;662;563
767;758;687;564
782;733;663;583
720;559;619;589
741;605;607;581
701;566;616;581
742;631;646;588
790;714;653;585
747;553;613;682
741;537;612;668
700;530;597;594
737;573;598;590
791;687;635;577
747;635;624;593
793;667;641;605
741;592;616;598
726;626;638;593
711;537;597;598
749;658;653;611
710;534;600;602
744;518;591;660
710;523;585;586
760;570;604;619
739;542;608;631
732;535;607;633
759;637;631;610
741;564;612;590
738;560;621;602
756;663;658;601
757;697;658;582
798;770;676;580
763;735;679;575
780;752;686;592
752;650;654;603
758;568;619;623
733;593;628;595
742;604;635;591
789;686;648;584
719;645;649;578
758;516;598;689
758;549;623;673
754;537;622;675
766;724;662;561
737;545;620;597
753;596;632;607
760;654;657;619
755;611;647;629
749;614;654;612
751;616;659;614
796;729;645;606
746;635;648;603
673;671;654;534
774;717;655;569
776;668;643;582
787;715;679;603
744;745;694;576
734;747;696;570
745;666;656;587
745;643;657;594
744;657;657;579
803;721;661;592
805;752;687;591
731;636;653;588
752;644;632;577
755;616;651;614
754;645;645;580
793;747;666;577
760;706;657;562
744;647;669;595
756;694;712;610
786;669;639;586
782;650;657;623
776;663;673;620
756;635;659;559
746;661;654;592
730;600;641;591
755;637;633;590
773;697;634;585
732;558;621;597
746;588;619;584
763;664;653;595
786;700;681;627
761;686;654;565
734;619;649;599
736;607;650;600
789;707;670;601
798;713;661;597
747;636;650;600
745;683;662;583
729;679;672;580
762;763;653;590
772;689;665;629
748;641;664;612
779;682;686;644
736;588;636;605
737;599;625;606
780;710;663;594
757;687;654;586
781;700;675;619
739;659;656;593
750;599;654;626
776;678;659;603
755;669;671;588
780;665;671;634
757;718;685;586
773;710;688;619
748;711;663;582
772;719;631;591
778;734;682;621
789;680;667;650
769;634;642;609
735;697;664;567
723;540;600;615
719;566;647;603
756;707;613;571
780;709;636;598
741;689;678;593
738;588;640;610
755;684;667;617
765;654;652;609
792;722;659;562
784;733;669;582
755;613;632;597
774;735;648;579
730;686;677;586
787;761;664;577
777;768;689;575
747;706;663;590
765;674;655;606
755;643;657;616
751;596;645;618
760;644;667;619
738;592;630;621
747;613;620;614
740;594;627;590
747;650;646;589
734;567;623;611
790;709;653;613
777;682;674;629
750;624;644;602
748;639;647;593
762;657;664;623
755;624;644;612
742;642;645;589
695;732;677;560
766;690;656;623
732;588;639;602
740;476;605;655
743;578;598;620
727;551;605;609
790;719;638;604
748;631;629;604
719;593;624;598
750;749;684;573
778;711;632;595
779;721;679;618
738;591;637;618
727;663;657;610
723;625;647;598
717;558;612;616
745;558;607;630
743;580;632;621
778;652;616;604
732;524;610;635
754;620;657;634
698;549;628;605
700;551;623;609
776;681;662;608
742;651;651;605
720;544;599;608
750;749;642;593
728;581;628;614
707;588;642;614
725;628;660;623
789;719;670;619
750;672;673;621
740;691;680;599
740;601;647;622
730;645;660;604
719;627;646;596
740;570;620;629
693;538;611;606
712;666;680;596
775;680;665;620
771;724;699;636
765;656;667;644
740;667;662;601
759;526;628;700
746;550;625;657
749;544;623;679
747;520;620;680
718;544;623;610
720;544;623;610
718;547;622;611
731;653;671;608
724;665;628;595
753;766;650;598
773;698;673;643
731;645;670;610
706;536;618;611
712;533;613;609
727;589;641;611
763;698;652;584
713;704;676;583
786;704;695;655
754;722;689;596
735;697;668;597
750;672;631;602
714;679;666;591
700;534;599;602
757;715;643;587
748;614;648;630
730;705;685;588
729;716;688;591
781;741;662;606
733;606;650;619
716;565;622;615
740;612;641;608
780;639;661;651
734;718;689;582
753;684;696;629
717;611;651;601
744;637;676;631
754;679;711;639
715;541;612;600
786;662;640;603
782;684;672;634
762;720;690;613
752;694;667;597
743;630;660;621
769;618;670;653
770;673;669;584
722;548;621;617
769;687;629;605
779;715;594;532
745;607;652;619
742;616;652;614
739;650;661;604
728;581;629;613
760;584;627;682
722;630;648;587
746;630;614;605
733;592;636;619
738;602;646;623
711;546;605;616
758;649;671;629
772;722;670;596
727;684;676;602
763;628;640;616
787;665;633;612
753;682;631;599
750;603;652;621
765;610;644;629
723;678;676;601
774;722;684;624
745;621;652;614
792;719;675;605
786;698;668;612
793;760;667;600
771;705;681;614
752;721;694;603
795;774;685;596
776;760;693;586
774;729;683;615
721;557;621;616
759;752;641;601
732;706;678;582
723;556;618;607
777;716;675;593
762;619;665;630
749;561;617;629
761;606;655;633
725;687;680;577
708;576;637;607
747;654;648;612
774;749;639;556
793;758;660;582
710;531;601;606
788;668;671;645
743;690;672;591
775;729;685;598
714;711;678;574
786;705;684;644
748;757;710;588
724;749;699;572
797;744;699;638
757;720;689;577
799;738;670;585
729;706;681;587
801;766;660;605
714;547;611;606
776;721;617;527
796;772;666;595
771;702;669;607
796;722;698;643
758;716;691;597
799;690;641;594
734;661;662;585
751;644;672;608
766;687;702;620
790;697;662;608
766;688;669;612
796;726;661;589
778;717;661;610
797;704;664;620
750;648;678;630
785;668;682;648
737;558;625;615
791;659;652;618
793;677;667;652
745;622;659;624
737;581;625;604
799;683;639;607
807;711;657;613
764;694;665;605
763;746;707;598
791;725;676;617
787;739;663;603
752;673;655;607
782;717;653;611
750;621;627;602
738;584;635;618
797;709;668;613
805;711;663;619
813;792;675;604
745;710;671;589
775;642;656;625
793;700;651;621
801;725;660;628
648;703;684;533
722;603;646;589
760;650;663;609
742;660;676;614
739;694;661;577
778;739;635;581
758;645;640;614
781;743;659;588
779;611;654;654
739;631;655;610
760;667;650;616
743;588;638;613
736;563;629;616
757;630;660;669
757;623;661;659
763;614;657;680
756;591;649;668
752;568;639;671
745;640;678;625
751;614;668;641
770;725;721;652
736;575;641;625
790;679;639;602
762;639;670;633
753;719;678;595
769;681;660;608
735;728;666;589
719;567;622;621
743;650;640;600
723;592;640;604
762;633;634;615
723;694;679;602
793;715;672;631
744;702;683;622
723;711;676;587
781;669;651;623
789;746;655;619
777;742;661;601
778;756;681;613
751;733;699;588
722;602;650;616
779;699;674;612
700;684;675;566
735;630;654;618
734;607;632;611
767;668;668;633
760;700;679;626
750;713;687;608
801;789;691;600
789;779;702;599
785;753;687;625
767;694;659;622
807;775;675;639
783;628;649;644
800;745;695;626
759;732;672;603
798;781;682;608
760;714;689;606
795;758;688;606
760;728;687;596
800;727;679;609
769;630;670;624
748;624;631;617
736;590;632;622
726;566;617;620
755;652;666;628
753;642;659;626
808;718;665;631
747;606;647;629
773;671;637;615
746;678;675;614
747;692;679;593
793;741;690;630
756;693;668;616
765;619;619;618
756;606;630;621
735;571;619;623
722;591;596;547
708;730;695;563
797;724;694;663
709;554;606;608
689;659;641;578
673;605;633;594
714;691;665;590
687;552;611;603
726;563;606;653
720;639;637;581
714;606;648;620
688;523;616;587
750;647;633;573
717;587;648;596
721;580;640;599
712;555;625;600
738;633;652;598
738;604;639;589
742;674;681;613
742;743;696;575
795;779;679;608
717;608;636;603
784;767;655;584
785;709;665;605
723;632;663;600
708;551;623;608
756;614;663;639
769;729;685;594
724;629;656;602
737;577;621;606
767;689;662;594
770;713;615;582
760;694;670;604
734;681;669;588
741;601;645;612
777;771;662;617
740;656;668;619
750;655;676;615
759;611;660;642
760;647;646;612
792;756;674;621
738;661;660;597
749;654;665;617
761;645;651;613
775;656;659;621
754;683;671;609
731;645;667;601
767;741;671;605
738;644;655;593
723;592;645;611
708;551;618;612
744;604;638;609
749;594;646;621
779;686;687;644
744;632;659;607
751;689;675;602
730;568;634;623
748;606;659;627
738;657;666;605
764;725;682;640
749;732;667;593
774;646;670;651
751;664;635;586
790;712;656;604
759;567;635;702
706;532;595;585
714;543;610;599
708;551;610;602
775;642;618;586
711;564;623;600
707;543;605;603
736;651;664;603
800;699;637;592
752;657;646;595
738;644;664;600
739;595;621;593
731;596;642;606
772;708;683;624
768;626;653;637
715;557;612;604
762;687;667;593
714;553;621;605
742;636;634;602
723;554;623;611
745;593;633;603
765;631;649;610
776;633;660;642
730;667;664;587
741;610;638;611
720;630;658;592
750;617;634;608
697;536;602;594
792;713;643;565
731;708;685;590
754;730;698;617
776;708;690;633
754;746;702;586
769;749;697;590
794;746;698;629
752;708;675;566
795;753;696;561
723;589;652;593
764;618;642;600
786;704;660;587
782;725;670;605
757;638;656;605
747;643;666;600
752;698;692;585
795;767;683;585
788;771;690;587
774;738;684;595
777;694;661;608
769;692;656;613
793;734;663;614
734;575;633;614
763;692;665;599
760;668;667;597
794;696;685;644
760;719;688;593
740;649;666;602
771;706;641;599
775;703;634;591
730;561;602;597
765;712;689;605
754;571;626;629
768;627;660;635
756;667;654;597
752;701;682;602
810;735;697;643
799;745;698;607
799;753;701;587
729;561;625;599
769;677;646;602
720;526;595;605
750;609;641;604
772;634;643;608
762;610;640;610
776;631;650;614
813;722;660;603
800;741;672;585
773;686;667;595
741;591;639;616
777;720;652;599
766;680;659;619
778;703;686;638
735;622;652;595
794;755;645;593
783;724;668;602
794;772;677;594
767;614;660;638
731;599;669;604
781;728;704;642
807;779;655;604
735;589;650;620
755;694;694;616
760;705;711;608
801;729;684;635
731;570;624;621
766;594;642;675
734;661;658;604
751;613;638;625
755;656;689;625
785;646;648;609
754;669;659;594
812;730;661;608
812;733;673;623
807;735;660;587
732;743;697;587
801;726;640;597
783;754;648;581
755;631;645;623
771;741;693;587
775;648;647;620
746;651;659;617
747;598;653;639
752;615;665;643
749;657;677;635
752;645;667;628
770;676;655;614
735;602;645;628
753;732;666;612
719;558;624;620
732;700;675;612
720;555;618;619
723;559;624;623
751;592;648;636
720;564;619;623
709;495;591;615
736;606;629;618
778;724;639;611
772;673;681;656
713;544;620;616
719;563;618;621
785;645;669;675
723;563;622;624
722;558;617;622
762;621;644;635
788;745;643;596
800;700;643;616
714;692;667;600
761;703;628;609
775;664;636;616
802;677;670;677
721;564;622;623
730;589;635;620
763;705;660;610
738;733;677;589
721;600;627;609
744;616;620;612
697;644;656;605
773;760;680;628
745;705;650;603
745;625;625;621
681;689;654;599
701;723;637;608
708;683;681;614
674;535;612;610
682;564;627;618
691;570;632;621
705;599;656;622
695;563;628;622
708;606;657;620
729;555;605;713
696;561;605;604
775;688;667;612
734;686;669;597
701;521;589;609
762;691;627;598
721;662;630;575
735;687;625;591
739;666;668;628
769;718;660;630
720;660;659;590
742;654;681;637
700;577;629;614
785;701;643;616
733;601;644;630
726;565;644;618
672;716;705;491
688;600;649;617
693;622;636;611
733;628;657;647
693;596;642;622
686;572;610;622
718;612;621;621
711;576;619;629
705;626;627;610
687;561;606;624
691;570;618;627
695;726;682;571
687;642;650;615
726;617;630;620
742;623;649;656
677;629;637;624
708;592;618;623
653;741;678;545
715;726;631;555
772;757;647;588
727;621;628;589
790;777;632;575
801;745;661;600
803;731;629;591
700;690;669;590
756;653;663;632
765;697;654;600
733;692;672;608
741;631;640;620
768;667;646;629
750;653;654;593
750;619;668;607
725;565;620;610
762;696;658;611
755;749;643;611
743;577;607;616
732;648;658;600
755;710;683;613
743;628;635;615
754;673;656;619
767;699;671;622
786;711;675;631
769;702;634;597
783;750;661;610
704;480;581;613
733;588;616;624
789;739;688;625
734;633;643;608
746;715;674;605
757;688;651;612
