724;643;643;692
738;688;650;686
723;715;667;633
694;717;639;667
706;695;649;682
688;658;630;679
741;655;645;679
684;573;617;681
736;678;644;681
694;595;623;682
700;687;673;673
702;616;633;680
719;651;631;680
726;674;637;683
732;685;638;684
734;676;654;691
682;642;626;682
676;638;629;682
690;699;631;680
696;789;635;670
706;655;653;689
688;617;624;685
718;674;632;679
737;699;655;688
683;598;622;683
709;686;642;681
689;635;620;679
721;659;635;683
684;698;661;667
778;735;649;699
689;593;627;682
696;613;627;681
694;666;628;675
695;630;631;683
710;643;617;679
685;618;622;682
709;654;639;672
705;640;631;681
699;670;651;668
694;657;645;679
703;670;639;680
677;645;627;682
685;601;628;684
686;589;625;684
687;597;624;684
703;628;630;681
681;616;620;681
690;603;628;685
690;604;627;684
687;592;623;683
715;657;646;687
724;657;630;686
720;656;631;681
711;644;627;686
722;669;655;696
674;599;614;687
702;663;624;695
717;693;641;695
673;631;618;689
669;644;642;692
680;661;631;692
654;624;624;692
661;617;622;699
706;685;624;693
701;671;637;683
690;659;637;692
666;625;624;694
694;665;641;699
687;705;665;692
666;616;622;692
699;670;634;700
699;638;617;695
690;648;630;692
710;668;636;698
664;616;610;689
691;651;609;686
673;687;613;676
678;629;609;693
627;681;633;682
668;618;613;691
686;627;626;701
684;631;626;699
675;612;613;694
672;606;608;693
671;609;608;689
708;654;637;704
748;686;602;683
676;626;620;695
700;670;627;695
703;675;620;690
694;651;634;687
727;654;633;684
689;604;614;690
701;667;624;693
672;663;629;695
669;623;613;697
698;671;641;700
709;693;649;699
692;663;642;701
678;680;631;696
661;665;621;687
678;623;618;700
722;697;652;695
677;621;622;699
707;659;626;696
689;642;621;693
709;663;625;700
678;631;619;695
702;655;630;703
726;690;630;693
731;699;631;693
706;731;635;671
692;670;636;695
762;732;638;694
685;634;623;702
703;668;625;694
696;654;641;697
695;682;647;694
698;658;640;695
713;675;626;693
703;668;624;690
672;649;616;693
685;614;613;700
717;664;620;696
706;662;628;695
691;665;618;688
675;631;617;692
755;740;669;702
737;684;634;697
724;743;608;583
711;682;626;693
714;672;625;690
699;653;628;692
668;607;608;691
735;707;684;715
683;650;618;691
718;723;623;691
745;717;630;692
672;608;609;692
713;669;654;703
713;671;612;686
669;650;617;693
693;653;629;696
699;672;621;688
677;639;615;685
676;642;622;696
678;632;622;698
711;671;609;690
683;630;624;704
716;669;624;695
730;684;616;690
757;694;626;694
707;656;617;691
680;626;617;692
668;611;605;691
717;725;677;700
703;673;632;691
672;673;615;690
704;720;640;692
677;613;620;695
715;660;628;695
700;656;625;692
682;658;632;695
716;636;629;713
710;646;632;708
667;610;604;695
645;742;657;621
724;712;622;691
664;608;605;695
661;604;596;690
721;724;624;691
712;664;624;691
677;646;619;696
688;658;627;698
673;631;620;699
720;693;636;703
670;647;624;698
665;626;613;695
690;658;631;699
665;618;611;696
717;675;632;704
700;671;622;694
617;679;631;686
676;668;615;688
676;619;616;698
711;670;611;695
699;662;625;696
721;699;637;698
727;743;672;693
677;615;620;692
715;659;630;697
715;680;632;694
730;730;667;697
703;661;626;695
701;650;622;697
673;620;616;697
721;722;637;699
676;642;624;699
690;688;647;691
682;622;618;702
698;659;637;698
726;698;646;703
715;682;646;703
679;627;619;693
683;663;624;695
681;721;629;697
703;701;648;700
695;657;624;700
684;631;622;709
716;672;638;702
762;731;635;699
705;698;667;697
678;651;619;698
676;618;613;695
671;640;619;695
671;637;618;695
668;656;619;699
657;660;619;701
672;627;615;699
671;694;622;692
691;653;622;697
692;682;633;693
668;620;609;701
668;619;605;697
685;627;600;700
699;667;615;700
721;690;631;705
704;681;629;697
708;679;632;702
677;631;627;699
695;671;612;696
670;654;616;696
666;664;618;696
670;626;615;699
679;631;623;704
684;644;620;697
694;683;635;697
722;694;630;699
713;686;629;697
767;703;662;709
707;676;632;697
673;626;614;700
698;652;618;702
680;625;622;700
698;660;628;698
697;713;648;689
686;623;623;705
715;673;633;693
685;635;627;701
710;613;633;676
702;589;630;680
738;665;656;694
720;666;637;691
680;770;683;627
719;715;638;664
739;673;662;697
718;625;637;687
739;674;639;682
703;644;631;684
737;673;639;689
714;634;641;690
703;620;637;685
723;641;615;682
730;710;688;683
757;698;619;670
692;704;682;671
701;611;632;687
687;601;617;680
696;648;633;684
733;679;638;683
695;611;633;683
698;620;622;682
738;696;644;679
740;697;662;685
723;661;641;684
722;697;633;679
718;727;690;679
719;697;637;681
692;609;628;687
688;596;619;682
681;688;664;669
690;589;615;682
765;684;684;714
747;666;646;698
707;628;629;685
698;624;632;687
698;679;636;683
747;716;650;685
697;667;633;683
742;703;677;702
709;692;643;667
723;664;629;675
727;625;634;699
766;710;611;674
730;674;640;686
739;684;642;686
739;684;644;688
733;678;639;685
731;680;634;684
690;620;627;686
694;616;633;689
690;629;631;685
737;721;710;723
716;682;633;680
697;622;632;686
705;532;596;686
735;712;679;686
739;711;626;675
748;688;636;684
695;623;632;685
742;700;642;688
787;717;650;695
714;641;639;695
694;651;631;687
705;719;687;685
717;692;652;690
704;630;636;689
725;681;636;683
779;739;686;705
696;630;636;689
710;641;637;691
715;660;634;682
704;652;637;682
708;667;640;684
734;734;637;679
693;627;631;685
722;670;638;683
725;676;633;681
729;616;635;704
697;623;623;684
734;691;638;693
729;728;648;689
751;695;635;679
699;725;641;678
700;622;632;688
717;706;657;667
716;673;664;691
690;657;621;678
732;675;647;685
773;705;682;725
716;682;646;683
784;744;651;686
767;711;640;685
693;623;632;685
698;614;633;690
721;645;627;680
701;624;624;680
694;603;629;685
738;677;639;684
760;765;708;667
681;629;616;677
726;679;640;685
702;624;632;687
735;674;634;685
730;669;630;684
723;641;649;699
771;727;637;680
693;716;681;672
720;670;684;696
739;721;652;675
696;661;630;686
697;649;632;685
738;671;638;689
763;633;651;698
703;622;625;683
717;641;636;683
722;656;632;683
728;668;638;686
689;601;614;681
769;707;645;693
694;609;631;684
739;688;644;682
726;711;643;670
695;600;629;686
733;705;668;683
738;682;652;689
744;696;644;685
713;633;635;690
702;667;632;683
705;635;636;686
732;691;645;681
740;693;646;688
694;603;625;684
758;717;562;669
731;656;631;686
720;643;634;685
732;667;634;685
779;732;675;710
709;626;626;684
699;655;611;686
690;704;672;660
699;619;628;681
732;682;631;669
745;701;654;687
692;632;628;685
732;693;639;684
731;689;650;688
740;700;637;685
721;673;636;684
722;722;641;690
746;738;655;681
723;704;672;684
693;646;631;685
770;700;642;688
764;671;648;702
690;671;629;676
728;714;653;685
779;744;705;717
757;703;662;701
752;702;681;701
729;670;642;688
713;655;642;684
690;600;624;687
687;586;615;684
689;597;623;687
704;702;680;672
695;606;624;687
696;614;625;687
721;669;635;684
715;649;614;679
741;729;689;689
716;651;638;688
692;596;622;689
712;662;640;690
698;713;677;672
756;688;642;703
707;647;631;682
692;654;630;682
759;690;680;717
693;727;702;666
715;669;632;682
745;701;629;674
689;583;618;683
770;710;646;684
708;671;641;686
742;696;648;688
725;658;643;694
720;659;637;689
737;687;650;685
704;752;708;664
714;631;635;693
691;583;611;690
741;706;639;680
745;686;636;687
693;605;628;690
722;663;637;686
689;608;620;690
720;679;650;685
704;667;635;685
693;600;624;687
715;643;636;687
703;613;628;684
721;643;623;684
689;595;617;687
759;718;671;714
693;608;626;684
703;604;609;682
730;674;633;688
693;631;627;685
691;602;623;688
717;669;675;695
733;732;668;679
721;605;619;700
762;665;662;716
694;609;628;689
720;653;619;680
737;690;645;686
716;645;641;690
772;701;651;700
735;688;637;671
694;603;627;687
715;710;689;686
725;657;643;693
698;609;633;689
699;648;635;683
694;610;628;686
747;674;636;687
710;684;667;676
703;655;640;688
738;687;593;626
777;736;638;674
771;713;655;694
773;722;652;691
689;744;667;633
719;667;637;685
712;661;634;681
727;687;650;688
720;664;637;687
692;650;627;685
734;691;642;685
730;674;639;685
758;730;723;729
720;663;634;686
716;658;636;685
709;727;650;629
698;630;635;688
750;687;667;686
709;638;636;691
736;721;687;692
730;735;683;677
732;672;639;685
697;654;629;687
693;613;627;687
713;617;632;690
689;596;618;688
699;617;622;687
702;652;637;689
698;626;635;690
702;631;638;686
720;669;641;689
752;769;715;705
699;613;627;687
774;692;636;690
734;695;634;684
693;615;629;687
703;625;631;692
707;629;630;689
726;721;661;655
693;604;623;685
713;629;635;690
713;650;633;686
714;648;640;687
696;608;627;681
733;673;632;684
748;709;636;681
712;691;644;683
692;608;626;688
713;702;678;688
713;653;649;691
702;628;636;690
710;637;631;689
674;449;541;687
697;642;630;687
675;708;672;641
741;657;616;681
762;723;646;684
701;627;636;688
698;614;628;688
692;582;614;683
735;678;638;688
718;646;633;691
717;630;642;707
715;693;654;689
730;670;645;690
698;608;626;687
771;696;636;686
719;713;675;685
703;632;639;689
718;628;634;695
691;588;616;685
747;677;644;699
751;704;639;684
707;699;674;686
718;689;639;680
723;717;639;686
707;630;636;695
699;628;633;688
691;605;627;688
685;672;658;681
701;635;639;689
726;699;640;690
726;671;640;698
706;677;637;693
718;695;648;677
738;702;657;693
731;705;654;692
741;727;644;691
741;723;644;694
698;610;623;690
759;697;665;712
733;685;642;688
759;726;631;677
694;680;649;690
726;662;636;701
685;649;630;689
765;703;676;720
752;707;666;706
689;615;623;692
720;710;663;696
717;678;637;691
701;624;634;695
733;716;632;690
693;619;624;692
706;652;627;688
697;640;636;693
719;670;628;675
730;659;633;686
737;694;623;681
688;617;625;690
694;685;635;694
705;671;634;696
706;639;640;694
766;691;623;690
713;661;634;689
721;676;636;688
687;617;625;689
739;665;662;715
714;660;636;692
690;628;628;690
679;682;660;683
