-41.9639542429284
-16.9479542429284
64.9480457570716
97.7340457570716
80.2620457570717
98.0960457570716
87.3240457570716
56.5220457570718
85.6060457570717
88.2620457570717
85.2900457570717
97.4880457570717
100.314045757072
91.2340457570717
20.8560457570716
38.7720457570716
57.9800457570715
72.0400457570717
76.8220457570717
72.6200457570717
57.4840457570717
82.2100457570717
121.592045757072
55.9500457570715
77.9140457570716
70.6020457570717
74.7000457570716
48.1540457570717
44.8540457570718
34.2420457570719
34.0400457570718
38.8440457570718
15.0920457570718
37.7680457570718
17.3160457570718
-0.223954242928244
5.32604575707175
24.7520457570718
19.3800457570716
47.7420457570715
2.14404575707155
2.14404575707155
2.14404575707155
10.6200457570716
29.7100457570715
-15.8179542429285
7.33004575707155
-27.0319542429284
-35.8499542429284
-3.99195424292834
-17.0399542429283
-25.1379542429283
-8.38595424292835
14.5140457570718
17.9620457570717
22.5100457570717
17.4160457570717
-5.19795424292834
-6.28195424292824
-2.73995424292825
16.7220457570718
-16.3699542429283
0.0460457570716528
3.77604575707176
3.96604575707175
16.8960457570718
7.13404575707175
-18.0499542429282
3.49804575707166
11.3280457570717
-22.1959542429284
-12.7199542429283
0.412045757071859
-7.07795424292814
-34.1279542429281
-16.181954242928
-13.513954242928
1.43404575707186
6.10404575707196
-2.90795424292805
-3.27395424292815
-1.00795424292814
5.75604575707185
-5.10395424292824
-21.5059542429282
-5.74195424292824
-7.80995424292835
-33.4879542429284
-23.5059542429283
-28.5739542429284
-22.3779542429284
4.76804575707165
4.76804575707165
-12.1179542429281
20.7480457570718
15.056045757072
3.38804575707206
14.9820457570721
16.5180457570721
-6.93995424292794
-13.6999542429278
-29.7359542429278
-0.829954242927947
-0.991954242927946
-0.679954242927941
-4.30195424292794
-9.42195424292795
-4.79795424292794
-12.8399542429278
-19.4219542429277
-8.99395424292775
-10.1819542429277
-18.6379542429276
-5.58195424292764
2.28404575707236
-4.45595424292775
-27.7879542429277
-13.8119542429276
-30.9119542429277
-3.81795424292764
-21.1619542429277
-6.45995424292774
-12.5239542429277
8.08804575707226
-22.0139542429276
-3.15995424292774
1.71804575707225
-4.28995424292775
-20.5719542429278
-22.8939542429278
-15.8999542429278
-12.6559542429278
-35.1799542429278
-35.3219542429278
-32.5879542429279
-19.0119542429278
-9.79395424292795
-3.62795424292795
9.48804575707206
-10.111954242928
-8.60595424292815
-8.51995424292824
-8.24595424292825
-34.0179542429283
-35.4059542429283
-21.3299542429282
-49.5499542429282
-27.2539542429286
-3.60595424292854
-31.7859542429287
-8.69995424292864
4.83204575707126
25.3800457570714
17.7700457570714
23.8680457570715
6.95204575707145
4.10204575707146
-24.3699542429286
-27.7779542429286
-0.539954242928545
5.92204575707135
2.21604575707146
-17.8259542429285
-36.0639542429286
-7.44395424292864
-7.44395424292864
2.89804575707136
2.79404575707125
21.2200457570714
-5.00195424292864
8.57604575707136
-58.2039542429286
-52.8619542429286
-3.50995424292864
-12.5279542429288
-34.1819542429288
-11.7199542429288
-11.6739542429289
-12.1339542429288
1.33204575707126
33.9480457570714
-5.66595424292865
-8.59995424292864
21.6560457570713
9.81204575707135
1.59204575707125
5.49004575707136
-31.0499542429285
-17.2019542429285
-7.57795424292864
-18.9659542429284
-12.2739542429285
-1.77795424292864
-17.8239542429285
0.432045757071457
4.39004575707136
-4.38795424292864
19.4140457570714
21.3820457570714
-31.8659542429286
-20.0779542429285
-26.7959542429288
-26.8279542429287
-42.7859542429286
-17.9219542429286
0.374045757071457
9.57404575707145
-36.2139542429285
-9.28995424292854
-23.2039542429285
-7.15195424292844
-21.9439542429284
2.95604575707146
1.33804575707146
24.2740457570716
-13.5679542429285
11.5460457570715
-0.585954242928445
-8.61395424292834
5.75204575707156
3.90004575707145
9.62004575707166
-8.82195424292835
-8.82195424292835
-6.55995424292844
4.22404575707156
-2.31195424292834
-6.50795424292824
-8.14595424292824
-5.22795424292825
-2.96795424292824
2.76404575707176
6.27804575707176
-0.799954242928244
26.9780457570717
1.32804575707166
35.7060457570718
-15.1639542429282
-6.70795424292835
15.9700457570717
14.5540457570717
7.16204575707176
-1.72595424292825
-1.85595424292824
-0.667954242928246
0.938045757071755
4.74604575707176
10.5260457570716
11.6000457570717
-45.8259542429282
-17.7579542429282
-26.0039542429283
-8.23795424292835
-38.8019542429282
-22.8439542429281
0.798045757071854
-8.30995424292814
-36.8519542429281
-19.6159542429281
-5.72195424292815
-36.9139542429281
-13.3439542429281
-18.9699542429281
-3.71995424292825
-24.0299542429281
-27.6939542429282
-13.0559542429282
-48.8899542429284
-6.56395424292845
4.56604575707156
6.39204575707166
-26.2499542429282
-12.843954242928
-25.573954242928
-12.825954242928
-19.479954242928
-5.84995424292805
-7.74795424292805
9.76004575707196
-1.50595424292815
-29.7099542429281
-3.40795424292815
6.11204575707185
15.9600457570719
11.0920457570719
5.93604575707185
17.0040457570718
-10.2659542429283
-7.92195424292824
-4.23595424292824
-5.98595424292824
11.1400457570718
15.5240457570717
17.4480457570717
15.1680457570715
-13.3539542429285
-2.78995424292845
7.51604575707155
13.4280457570717
-6.43195424292825
2.12404575707176
20.4540457570717
46.4200457570718
3.55604575707196
3.55604575707196
-60.035954242928
-35.4599542429282
-1.04795424292814
3.10004575707185
6.53204575707176
-5.70195424292815
12.9740457570716
4.90004575707145
5.27804575707145
-5.29995424292854
1.85804575707136
-41.8619542429286
-9.93395424292854
-14.4839542429286
-1.61595424292855
22.9620457570714
9.99404575707145
-14.9459542429282
6.68404575707166
-0.817954242928444
1.77404575707155
16.3700457570716
28.6380457570716
30.5880457570716
6.84004575707166
-14.4319542429283
-7.06795424292834
-16.5379542429282
23.9000457570717
-9.60795424292834
-1.05395424292844
1.05004575707146
-2.97595424292845
-0.215954242928646
-16.2699542429285
0.558045757071355
-3.29995424292865
-3.80795424292845
-5.51795424292865
-21.9499542429286
5.86204575707136
-44.8799542429287
7.29604575707145
-5.50595424292855
-7.69595424292825
1.19004575707186
20.0480457570718
34.5520457570718
12.2200457570717
-1.04195424292824
8.69404575707176
1.41604575707186
-23.4659542429281
-55.5419542429282
-2.79995424292834
-12.8299542429282
-4.86795424292835
15.8840457570717
6.09804575707186
24.264045757072
10.378045757072
5.08604575707186
8.81804575707196
-5.13395424292824
12.1700457570719
-43.7099542429283
7.23604575707176
7.14804575707176
-2.28795424292824
-50.7939542429281
3.88004575707186
-1.66795424292815
19.2120457570719
-10.7859542429281
-19.1139542429281
-25.7159542429278
-21.1919542429278
1.15604575707186
2.94604575707186
20.704045757072
10.612045757072
-7.15195424292824
-37.8179542429282
-26.0239542429282
-12.7799542429282
-4.15595424292825
-1.09595424292824
-5.24995424292814
15.4460457570719
10.368045757072
-12.449954242928
4.15004575707196
-5.68195424292794
-6.50995424292805
-22.489954242928
-13.557954242928
-10.8279542429281
-16.603954242928
-15.555954242928
2.37404575707195
22.290045757072
0.212045757071955
-23.237954242928
-4.40195424292805
-4.40195424292805
-8.38595424292814
-3.51795424292805
-20.5919542429282
-6.79395424292814
-1.21795424292804
-3.92595424292815
-3.29995424292824
6.99204575707176
-16.1719542429282
23.1440457570717
-0.087954242928447
2.76404575707146
23.8500457570714
54.2140457570713
1.45804575707135
-0.857954242928642
-12.3179542429285
7.63804575707135
19.6540457570712
1.50004575707116
5.67404575707106
11.7420457570712
-7.35395424292895
2.35804575707115
6.08604575707106
-1.77995424292894
7.97404575707095
-4.93395424292904
-24.0019542429291
6.64204575707075
52.4140457570709
-0.999954242929242
9.38404575707086
9.38404575707086
4.09204575707086
4.09204575707086
8.48804575707086
-20.8299542429292
5.09804575707076
-21.0579542429289
-17.5399542429288
-4.86395424292884
-3.04595424292894
-3.08795424292904
-0.837954242928745
-15.0299542429287
12.9380457570712
-10.5599542429288
1.46404575707115
-17.8659542429289
-15.0379542429289
-14.8079542429288
-14.1439542429288
3.22404575707125
-6.03195424292874
-23.6059542429287
-49.9879542429287
-40.8759542429287
-31.5519542429286
-27.5019542429287
-15.6159542429286
9.23604575707135
-7.54595424292864
11.4140457570713
10.0840457570714
-17.2079542429287
-23.3639542429287
-31.0619542429287
-25.3319542429287
-2.84595424292874
16.8020457570714
20.2020457570716
-6.42995424292845
-9.70195424292844
-25.5619542429286
-9.77395424292844
2.29204575707156
3.20204575707155
2.39204575707146
-15.6719542429286
-2.77195424292864
5.71004575707146
5.71004575707146
-8.57795424292835
-4.77195424292844
-17.5959542429283
-41.4059542429283
-39.3439542429283
-5.86995424292815
-0.713954242928047
-14.8559542429283
2.06804575707156
13.8520457570717
16.218045757072
10.886045757072
-27.527954242928
-16.883954242928
9.01004575707186
8.70404575707185
2.39604575707195
8.45604575707195
17.0420457570721
7.35204575707186
-10.9599542429281
8.92204575707186
-2.80395424292815
7.85404575707196
1.74604575707195
-6.29195424292805
-1.35395424292805
-18.163954242928
11.9120457570722
-15.3339542429277
-32.9739542429277
-2.66395424292764
-16.8779542429277
4.61804575707225
7.02204575707226
-24.1139542429278
-28.1739542429278
-25.6179542429278
5.80604575707225
-41.7419542429278
-25.7179542429279
-3.75795424292775
1.67404575707246
-6.20795424292765
-3.44995424292765
-5.65995424292764
-6.71195424292764
-14.2819542429277
1.93604575707226
20.4860457570724
-6.09595424292785
-19.0779542429277
-15.2939542429277
-13.5719542429276
2.26804575707226
-18.7099542429277
-48.8679542429278
-32.1339542429277
-3.93595424292775
-8.27195424292784
2.70404575707216
4.33204575707205
11.3200457570722
-1.87595424292805
-17.437954242928
-30.477954242928
-29.0799542429281
-1.44795424292814
-10.2259542429281
10.6320457570719
4.75804575707166
-4.80195424292824
-29.1679542429284
8.57204575707156
0.0460457570715533
-17.1459542429284
2.47404575707166
8.83004575707155
5.54004575707145
2.90804575707175
7.05604575707176
-7.42995424292834
2.99404575707165
-24.3019542429282
-6.06795424292834
-17.5699542429283
-7.72795424292834
2.14004575707165
-0.947954242928347
-6.51795424292824
2.66404575707195
-8.20395424292795
-14.987954242928
-6.12195424292804
3.41404575707185
1.12604575707196
3.42404575707196
12.2080457570722
-18.2179542429277
-9.01795424292754
-8.06395424292764
-4.77595424292754
-13.7119542429274
-17.4999542429276
-8.60395424292765
1.16404575707236
-21.9679542429277
-9.76795424292774
-4.73995424292765
-14.4679542429277
-5.05195424292775
-3.26795424292774
-7.65195424292774
-23.7919542429277
-13.6819542429277
0.974045757072354
-43.1959542429277
-11.6679542429276
-18.3479542429277
-14.5359542429277
-4.73195424292784
-8.82795424292785
-6.76995424292804
-4.63795424292794
10.9920457570721
18.8420457570721
4.89604575707216
-32.1199542429279
-2.27995424292774
4.91604575707215
-2.16995424292774
-4.03995424292784
-1.15395424292775
8.40004575707216
-0.913954242927744
-11.3219542429279
-12.4479542429278
-19.3119542429279
2.75004575707196
6.55404575707195
11.3820457570719
-25.1119542429283
-40.5979542429283
1.20804575707186
-25.6219542429282
-7.97995424292814
-5.05195424292814
1.66604575707186
1.02404575707175
-15.3399542429282
-0.659954242928244
-36.6499542429282
-15.8019542429283
8.35404575707175
-17.1259542429283
-2.27995424292835
-30.3339542429283
-12.3659542429283
-11.7239542429284
-5.59995424292834
13.1160457570717
-0.869954242928443
-13.1499542429285
7.21804575707146
45.6260457570715
-4.58995424292834
-14.9559542429284
4.12604575707166
-8.93195424292835
-4.44995424292845
-8.42795424292834
9.35604575707166
-14.0259542429283
-7.79795424292825
-23.6639542429281
2.33604575707186
-3.17795424292814
5.29604575707175
3.94804575707185
-9.96995424292814
2.43804575707185
-11.8619542429281
-28.8499542429282
-18.4519542429282
-17.6239542429281
-7.63595424292814
-27.9699542429282
-24.9059542429282
7.02204575707166
-6.96795424292834
1.88204575707166
12.7900457570718
4.37004575707166
5.08604575707166
20.0160457570716
-30.3519542429283
10.5720457570716
-7.81595424292854
-6.15395424292845
-65.6819542429287
1.63004575707156
-5.51395424292864
-1.37595424292854
22.9920457570715
11.8940457570715
29.5500457570715
3.54404575707156
16.0740457570716
1.00204575707156
-23.6959542429283
-3.01995424292835
-3.46995424292835
48.9480457570717
-14.0719542429283
24.7360457570717
10.6660457570716
9.40404575707166
9.23804575707165
23.7860457570716
-25.1039542429286
-7.61195424292874
19.6960457570711
9.52404575707086
8.66204575707076
-5.83995424292904
-9.93195424292914
-35.7419542429291
13.430045757071
13.430045757071
7.72604575707096
-20.815954242929
-31.581954242929
-18.573954242929
-22.409954242929
-21.643954242929
-9.81595424292895
7.97804575707106
-8.28995424292905
-18.2499542429289
-14.7299542429289
4.82204575707105
-18.4139542429289
10.2020457570712
4.71204575707115
0.858045757071253
-59.7619542429287
-1.62795424292874
-5.18195424292885
5.57604575707126
10.6080457570713
5.56004575707116
19.0580457570712
-43.7639542429285
-8.65795424292844
-28.7159542429285
-18.3299542429284
12.4760457570718
16.4740457570717
4.14404575707176
-31.0439542429283
-16.1739542429283
10.8760457570715
5.49404575707135
12.9400457570714
14.1240457570714
-2.24195424292864
-17.8439542429287
-1.23595424292864
0.196045757071353
3.45204575707166
8.44204575707165
-51.2019542429283
-0.511954242928347
4.54404575707176
5.60804575707166
-39.5379542429283
23.9380457570717
-19.3099542429284
16.4760457570717
12.7140457570716
19.5600457570716
12.4920457570716
-5.41395424292834
-17.2699542429283
2.60004575707156
0.894045757071453
-24.3259542429286
-14.9099542429285
1.84804575707135
-31.0439542429283
8.97004575707145
-18.6259542429285
-17.1639542429286
4.88204575707125
9.69004575707125
9.40604575707115
13.3600457570712
26.1940457570712
2.28204575707136
