9.79574626865683
-13.9122537313431
12.4537462686567
-4.83425373134326
42.6557462686567
-36.8682537313432
-43.5462537313432
-49.9782537313432
-22.6802537313432
-31.5102537313432
-8.68025373134316
7.47574626865683
19.1437462686568
-50.2142537313431
-32.6942537313431
0.179746268656935
10.557746268657
34.8617462686569
23.125746268657
-47.1922537313429
2.69574626865714
-7.36825373134286
43.9877462686571
11.9217462686572
-4.62625373134276
-3.88225373134276
-27.9522537313428
4.16974626865733
33.4957462686573
-1.74625373134266
41.4517462686574
32.6137462686573
-27.8982537313426
13.8117462686575
18.9137462686572
7.59774626865734
20.1837462686572
17.691746268657
17.691746268657
28.7977462686569
7.69174626865694
24.0117462686569
-6.19825373134316
38.7997462686566
30.3217462686566
43.9737462686566
16.2037462686568
31.3437462686568
-69.3622537313432
-36.3402537313431
-56.5842537313431
-70.3282537313432
-24.0862537313432
-16.6982537313432
-7.31425373134316
11.6637462686568
4.59774626865683
-4.70425373134317
4.47174626865684
17.2877462686568
33.8557462686567
32.7797462686568
57.8697462686567
1.09374626865684
4.66574626865684
38.3317462686568
10.3177462686568
-21.9462537313432
-15.4522537313433
-70.2742537313431
-72.2162537313432
5.19174626865684
-37.3242537313432
-7.62625373134326
18.5557462686567
22.3417462686567
-24.9522537313433
-15.1922537313433
3.98374626865674
-13.7182537313432
-5.42225373134326
29.5917462686567
34.0717462686567
11.1017462686567
20.0977462686567
12.1677462686567
-26.8822537313434
-18.3602537313434
-34.2182537313435
-20.4142537313436
-2.47225373134366
55.5317462686563
-11.5642537313438
-45.6302537313438
-27.2182537313438
-6.41625373134377
13.3437462686562
0.997746268656236
28.3677462686562
7.32774626865623
39.3017462686562
45.1977462686562
24.0337462686562
21.7797462686561
-10.8342537313437
-37.9702537313438
-42.3222537313438
-18.2862537313438
-40.5782537313438
-78.3102537313434
-22.4062537313433
14.4297462686567
12.3497462686567
-45.2842537313434
-51.7462537313434
36.5017462686567
21.4737462686567
10.9017462686567
6.50974626865684
18.6137462686569
14.1177462686569
55.2137462686569
-14.0682537313432
3.65574626865683
28.0677462686567
16.8257462686568
-26.2902537313432
-19.4162537313431
3.84974626865694
37.1777462686569
10.4297462686568
-4.99425373134326
41.7417462686567
14.2257462686568
-9.48225373134316
-11.6242537313432
-6.66625373134306
-13.9522537313432
10.4617462686568
-2.72825373134316
24.1217462686569
20.3277462686569
8.44574626865684
55.8817462686569
-27.6082537313431
2.58774626865694
10.1777462686569
31.5057462686568
14.7217462686568
41.3277462686568
-50.8982537313432
-43.2582537313431
-22.2602537313432
-12.0482537313433
16.8457462686568
46.1577462686568
0.0997462686565385
1.28774626865664
-24.1042537313434
-11.4202537313433
1.12974626865674
20.8537462686567
-23.4302537313433
-30.7042537313434
-1.51825373134336
-6.71225373134336
-5.76425373134326
-9.88425373134326
-34.7962537313433
-15.7882537313434
25.2257462686566
-15.4002537313434
16.3517462686565
45.8257462686565
5.91174626865674
37.6537462686568
34.9237462686568
-9.50025373134316
27.3897462686568
11.6657462686568
54.0737462686568
24.1637462686567
-33.5762537313432
-24.8182537313432
55.0557462686568
-3.75225373134306
-3.40625373134296
4.05974626865704
15.497746268657
21.4857462686568
9.07774626865694
-78.7842537313429
-45.9242537313428
-27.9122537313428
-9.00025373134286
20.6777462686571
26.4737462686571
3.49174626865724
38.1097462686573
12.3697462686572
7.73174626865724
27.0457462686572
7.58574626865734
-2.63025373134266
-3.98625373134266
3.37374626865734
4.44574626865734
23.9077462686573
-4.78825373134266
-11.5302537313427
0.275746268657336
0.275746268657336
36.6677462686573
-7.90625373134277
-15.6842537313427
-3.28825373134266
12.4437462686573
11.8017462686574
21.6257462686574
-6.03025373134246
-17.5882537313425
-56.3042537313426
-7.89625373134256
24.6817462686574
-9.82825373134276
-9.43225373134286
11.5157462686571
-12.9022537313428
25.4297462686571
22.083746268657
-48.520253731343
-99.9442537313432
-90.5922537313431
-9.51425373134316
-48.7742537313432
12.8337462686568
2.40174626865674
3.37174626865684
36.3397462686569
-14.4342537313431
13.8877462686568
9.92974626865693
34.3377462686568
-6.56225373134316
-30.0302537313432
-0.0782537313430609
-19.2102537313431
4.36574626865684
31.3697462686569
-0.282253731343161
6.15374626865674
9.49574626865674
-42.8722537313433
-19.6622537313433
11.4257462686567
10.8357462686567
42.3817462686567
4.98374626865684
26.0377462686568
28.7337462686567
28.6237462686567
17.2057462686567
32.1817462686566
15.0657462686566
-71.4402537313434
22.1957462686566
17.0117462686566
30.9177462686567
30.3757462686568
20.0297462686568
31.3017462686569
-57.8402537313428
4.10574626865714
23.4137462686572
-41.646253731343
-47.214253731343
-16.5822537313433
5.00574626865674
16.2597462686563
9.08774626865634
-25.0922537313436
27.5157462686564
-13.9202537313436
47.5097462686564
15.0277462686564
0.793746268656434
8.22774626865654
-0.336253731343561
-10.9602537313436
19.5777462686564
-5.42625373134356
-2.52025373134357
-2.52025373134357
8.09374626865644
31.5597462686564
25.2257462686563
-14.8662537313436
-13.2282537313436
7.51774626865654
-8.96025373134346
-0.0922537313435612
40.9577462686564
0.769746268656441
-2.74225373134356
34.3157462686564
8.53774626865624
26.8957462686564
16.5817462686563
40.7177462686563
-50.2122537313436
-42.9682537313436
3.72974626865654
5.44174626865664
8.09574626865684
31.3977462686568
20.2277462686568
-5.54625373134316
-4.78825373134316
23.9117462686568
-8.47825373134316
-29.5042537313432
-18.2602537313432
10.4577462686567
5.33374626865674
-47.6122537313433
-14.0942537313433
-1.83225373134326
9.53574626865674
40.0377462686567
20.9257462686567
13.2797462686565
-14.3462537313434
14.8037462686566
-37.9942537313434
7.42974626865664
-51.2842537313434
-14.0942537313434
-49.1262537313434
-47.8502537313434
-70.5662537313434
1.27774626865664
27.8077462686567
31.6397462686568
-7.25625373134316
-24.2302537313433
44.1417462686568
-10.436253731343
-2.44625373134296
34.521746268657
-30.4322537313432
-21.6722537313432
13.3577462686567
44.8017462686568
-5.32825373134316
-58.6842537313433
-108.372253731343
-42.5382537313431
0.68974626865694
-31.6262537313431
-24.5782537313432
-7.38225373134316
0.521746268656841
-12.2182537313432
24.5677462686568
-55.1482537313431
13.5837462686569
51.377746268657
66.6717462686567
28.5837462686568
46.5617462686568
-16.6202537313432
-40.1522537313432
-59.0602537313431
20.5477462686569
5.99574626865684
19.2497462686568
-60.7702537313431
-25.1242537313432
10.195746268657
4.05374626865704
-7.36825373134306
29.0397462686569
6.02774626865683
48.9957462686568
10.4577462686569
32.3977462686568
-29.0722537313431
-24.2822537313432
11.3277462686568
-19.9942537313432
14.2257462686568
8.10774626865674
24.3817462686567
22.4277462686567
-14.4862537313432
-40.0942537313432
-22.0882537313432
5.97574626865694
-3.39825373134306
-16.3902537313431
-16.6462537313431
-19.3502537313431
-21.5302537313431
-0.202253731343063
-9.17225373134306
-2.27425373134306
32.9697462686569
19.1777462686569
-9.97425373134306
3.37374626865694
54.7757462686569
-70.4922537313431
6.90774626865694
-49.160253731343
-14.234253731343
-28.0902537313429
-6.59625373134296
22.297746268657
44.085746268657
-12.0902537313429
-5.10825373134286
1.98974626865714
58.6257462686571
-6.57225373134276
-11.7602537313428
-54.9402537313429
-17.9342537313431
25.039746268657
-8.33025373134306
-37.8542537313432
0.685746268656835
6.23374626865674
27.4157462686567
10.7777462686566
38.3937462686567
-0.630253731343259
-27.6922537313432
-7.02425373134326
-25.9262537313433
9.81374626865674
5.69574626865674
-25.9062537313433
6.38574626865674
0.623746268656738
2.43974626865674
-3.97825373134337
16.5157462686566
39.8097462686566
14.1277462686566
-54.7822537313434
-23.0702537313435
-35.2402537313434
-13.2162537313436
-32.5022537313434
20.0477462686566
5.44774626865654
43.6777462686566
-5.80625373134336
-18.6482537313434
-12.6482537313434
20.8177462686566
24.8417462686565
29.6997462686566
42.5037462686566
7.84174626865664
-37.5442537313434
-2.91025373134336
-38.0762537313434
-37.0642537313434
-8.64825373134346
-0.0982537313433625
-15.7562537313435
-11.7442537313434
-20.3942537313434
31.8277462686565
-2.03425373134346
-7.57225373134347
-14.0662537313435
-12.1822537313435
-19.7922537313435
20.5997462686565
-4.88225373134366
-4.85225373134367
-18.6622537313438
-32.1762537313437
21.2917462686563
-14.8682537313438
-44.1662537313437
-6.83025373134346
-3.54625373134346
-48.0822537313434
-4.29025373134356
-12.2702537313436
10.3637462686564
-26.7362537313435
-23.8142537313435
-31.4422537313434
-9.31425373134346
22.0877462686565
-19.4122537313433
-30.4762537313434
-42.0162537313434
21.6297462686566
-2.25025373134346
13.8577462686565
-30.4802537313436
4.57374626865654
-24.3122537313435
11.6277462686565
4.71174626865654
-9.58825373134346
-38.5882537313434
-20.3522537313432
27.2277462686567
7.38974626865674
25.4197462686567
11.4417462686567
-6.64625373134326
-14.6522537313433
-13.9962537313434
-7.41025373134326
11.4497462686567
-0.902253731343365
-0.902253731343365
22.7237462686567
37.2937462686567
45.6617462686566
51.4917462686566
6.06374626865664
-29.6202537313434
-25.8122537313433
11.5637462686565
6.02974626865654
1.26574626865654
2.58174626865664
-24.2942537313434
-7.46225373134336
-21.2862537313433
-1.44825373134336
-37.8982537313433
-20.9282537313434
2.80974626865664
-13.5682537313434
-2.67625373134326
17.2177462686566
27.5077462686567
-2.00425373134316
-19.2922537313432
-17.1642537313432
-1.02625373134316
27.6577462686569
27.3137462686569
-27.0422537313432
-18.6862537313433
15.2337462686567
-2.07825373134326
0.125746268656741
33.4357462686567
-43.6602537313433
-15.5522537313433
-20.3582537313433
-13.1582537313432
-41.2782537313432
9.33374626865664
-26.6582537313433
-26.3342537313434
-8.42625373134337
-30.9202537313433
6.15374626865674
20.7977462686567
20.7977462686567
8.93574626865674
12.1597462686567
-23.0622537313433
-10.2662537313433
4.87774626865664
-19.7542537313434
-29.9862537313434
-7.57425373134336
-20.8182537313434
29.1157462686566
5.51174626865664
6.47574626865664
-4.57625373134346
22.7177462686566
9.23974626865664
7.63374626865664
34.9017462686566
18.8897462686566
-14.1662537313434
25.8317462686566
17.6857462686567
26.1077462686566
34.4157462686566
-69.2462537313434
-69.2462537313434
30.2377462686567
12.6697462686566
20.5417462686567
18.1017462686567
-27.9342537313436
22.6917462686565
23.6897462686565
-63.9322537313435
-18.9422537313435
12.8417462686565
-0.476253731343462
26.9937462686565
11.1917462686566
-45.5422537313434
5.59374626865664
-6.96225373134336
-8.38225373134336
-16.6162537313435
10.4837462686564
18.0697462686564
19.9317462686563
-1.26825373134366
-5.18625373134366
13.8937462686562
20.7497462686562
-34.0502537313437
27.0777462686564
36.4797462686564
-26.8082537313435
4.28774626865654
-31.5022537313436
36.3057462686564
0.223746268656335
1.85774626865634
4.13574626865644
-0.976253731343462
32.6897462686565
-45.1722537313434
-3.27825373134326
19.9257462686567
24.4277462686571
39.7137462686571
-1.12025373134276
19.5137462686572
-7.58425373134276
-26.0482537313428
-13.2262537313428
1.34174626865724
-11.9202537313429
10.8617462686572
18.0217462686572
-33.6902537313428
5.01774626865704
-27.114253731343
-32.684253731343
-9.43825373134286
-2.49625373134296
-33.8042537313427
-18.7662537313428
15.1777462686573
-13.3062537313428
3.56774626865714
-11.6902537313431
19.1137462686569
2.48574626865674
-38.0842537313429
-12.8922537313429
-17.5742537313429
-0.240253731342662
2.65174626865704
-11.4162537313431
-4.17825373134296
-10.8482537313431
2.10174626865674
9.18774626865664
43.2797462686566
5.71374626865664
-9.48425373134346
23.4797462686565
-15.1622537313434
-17.2162537313435
-53.9062537313434
1.78774626865654
9.66174626865644
3.67374626865664
-24.7602537313434
-36.8362537313434
-0.244253731343363
14.5037462686566
20.6357462686566
-11.7262537313434
-39.6722537313434
-34.6342537313435
15.1157462686566
24.9297462686566
-19.1722537313434
1.60774626865664
-9.79225373134336
-6.57225373134366
4.03974626865644
31.9137462686565
3.54374626865664
41.3757462686567
-45.7642537313432
-7.71225373134316
9.98774626865664
5.90574626865694
-13.7202537313431
-55.688253731343
-43.3282537313431
-36.9222537313431
-45.494253731343
-16.454253731343
0.73174626865714
-10.602253731343
-44.2442537313431
7.43574626865703
-29.2042537313431
-24.1102537313432
4.32574626865694
12.9657462686569
-28.1142537313431
8.92574626865694
22.7137462686569
-2.92425373134306
-0.646253731343066
-23.6882537313431
-9.88625373134306
2.75374626865694
-52.6162537313431
-17.5082537313431
3.72574626865704
7.67574626865694
-2.42825373134306
16.1497462686571
-60.842253731343
-26.2742537313433
-53.7702537313431
19.9777462686568
-8.30425373134347
-15.6902537313434
-7.61625373134316
-16.9302537313432
17.6517462686568
18.6137462686568
-12.5382537313433
-12.5382537313433
-20.6462537313432
-0.504253731343262
19.3277462686567
2.23974626865684
-45.8802537313432
-31.0142537313433
4.80974626865684
-30.5382537313432
-31.2442537313431
-8.84825373134316
12.0277462686569
-22.5342537313431
31.067746268657
1.15774626865694
-1.29225373134316
35.3397462686568
-10.9842537313434
-59.228253731343
-12.462253731343
-17.436253731343
-1.48425373134286
-19.3682537313429
-23.2682537313432
1.76774626865684
5.28374626865683
-24.9922537313432
-0.93825373134306
-16.6262537313432
34.1037462686568
-16.1722537313431
17.4217462686569
-7.67025373134306
11.2717462686569
23.9817462686569
46.6157462686569
5.44574626865694
31.117746268657
41.9937462686569
55.2897462686569
-42.2802537313431
-44.564253731343
-52.306253731343
-64.1922537313429
-32.8622537313428
-26.7182537313432
-6.99025373134306
10.7357462686566
-3.73625373134336
44.0557462686567
32.1397462686568
0.847746268656834
-5.86425373134316
-23.8622537313429
-13.126253731343
-17.5262537313429
-15.986253731343
-11.7262537313428
-21.1882537313416
-24.5042537313416
-23.0042537313416
-17.1962537313416
-4.58025373134166
-29.6542537313419
-23.7482537313417
-21.7802537313418
-20.3102537313423
-15.4442537313422
-12.7082537313423
-6.09025373134227
-19.908253731343
-18.574253731343
