1300.36917834898
1291.01084426119
1283.97118347726
1284.09111826225
1285.6045270611
1288.19447289608
1293.12953720809
1296.67960576235
1303.69283192016
1304.1173260102
1303.95475381625
1300.67636251298
1301.75458516573
1307.77215140865
1311.68593802023
1315.99202125241
1321.35006716615
1325.80730123197
1331.3121347002
1327.86633363453
1321.44466399468
1316.19793344314
1312.43018861957
1309.13635653434
1302.72713950389
1295.91010490697
1300.98193684617
1300.43838762165
1300.12345567642
1297.37773990461
1296.46635127951
1292.28325068462
1286.00388801901
1279.90116805947
1270.12204138028
1263.23513250701
1277.49911937347
1284.13278129639
1290.4537961508
1292.32232821382
1288.59652335399
1274.09968212852
1262.26106649932
1257.2219374478
1258.00119236827
1258.94201613895
1259.33236280181
1260.25473615456
1259.72338233439
1021.61783461332
1259.72338233439
1259.72338233439
1320.91369892208
1393.53507311442
1369.05003560863
1292.25771423505
1377.17428091001
1350.66428101138
1316.21160912674
1270.81509276527
1217.6095433266
1251.51827793285
1323.45834841902
1345.31929295614
1370.99635302214
1394.14203006724
1375.12144918185
1315.76669664496
1237.09094249372
1241.13093588066
1256.23325859492
1322.58307867597
1348.75942999484
1314.95285086576
1047.26596430897
1275.13175789798
1328.86154282529
1327.80683836166
1318.37930809005
1277.36682280385
1302.51871387708
1327.883278003
1318.3379688077
1306.04594099901
1282.94232138471
1310.61207075168
1353.25902915887
1348.10199910838
1330.53823695526
1301.31856207464
1263.45320451531
1235.16314711863
1285.97861568535
1374.51445972751
1374.47662766596
1403.36274711851
1375.91460490831
1337.43971826771
1225.49826601265
1202.49573803819
1186.31572526035
1190.6481428197
1267.42455396761
1290.50261526275
1311.70842796713
1288.38076669904
1264.06843169189
1218.44655196689
1184.78985478438
1164.05068618166
1171.41196852346
1189.16062834253
1200.42367520805
1210.22394621822
1226.10236114282
1226.74936315451
1229.17329941713
1228.0871304594
1218.26885374288
1214.13137674636
1227.0138548525
1312.87661263349
1291.80571294603
1350.51767852183
1343.70123167317
1244.59591836065
1209.74501445553
1194.77361872448
1227.38624727508
1232.14447204863
1284.09579081936
1362.25841894994
1313.91247805933
1219.25551054732
1185.11898136854
1194.1984759662
1230.46739087227
1360.09374676895
1366.17641613373
1278.99413603034
1257.24062931485
1224.33941372481
1209.48666797117
1203.30295437184
1375.07018002719
1387.02090827788
1361.7466724762
1311.86965815968
1289.78602876601
1261.98019001884
1237.19521499236
1256.68333322281
1319.036769768
1353.77139872284
1335.10299228187
1294.05177639846
1243.01528550537
1230.47145436211
1230.42391069095
1215.41474402773
1206.05596885053
1208.86434309231
1217.07929076129
1294.01236470136
1342.7456944634
1322.63335811554
1269.32029054924
1235.93082330687
1254.44848439464
1087.04967687774
1331.93280611298
1275.90987142509
1324.9449045149
1347.12360234687
1290.57661531581
1248.18788649786
1207.64357324502
1192.42525971232
1287.65872807977
1332.06231085486
1319.28541263822
1256.86912604296
1222.83768342327
1194.27802458222
1190.32348544419
1201.22395913501
1312.07774159918
1311.18610425828
1264.37098986018
1242.46609611691
1226.73509772893
1274.52147883039
1310.98093044865
1329.9390963499
1341.34932064694
1343.83518334653
1277.69597322681
1234.66635169182
1202.50613304049
1213.33672160699
1200.6910510202
1271.75626595665
1283.46016689261
1306.56955421439
1282.50029239763
1227.73246271327
1172.00725253729
1208.39521680616
1215.92187249017
1210.11941559501
1214.0794866894
1276.41568464196
1341.68587977962
1359.90992348758
1375.97492709715
1351.69005322966
1232.30272254832
1171.40087075262
1201.08867282978
1225.21263460674
1229.10902689713
1258.01510324797
1291.51809898274
1288.62213235688
1260.36978700697
1258.16771537025
1215.38430136315
1202.73895754648
1206.99627174238
1168.5011767217
1319.52643020138
1316.4809151674
1266.10189163432
1235.30482068192
1220.79072735666
1206.03731285562
1192.01216436746
1198.02754559317
1207.04473819325
978.285745577436
1216.52866797293
1274.64112596448
1381.4068915421
1348.99481096111
1313.22770302792
1347.19968824224
1341.59494632322
1291.29934562053
1266.53424746432
1257.81159161458
1227.40376404833
1208.14320343244
1210.32020556545
1273.61689687284
1322.14257930073
1296.9279085593
1238.53865502858
1201.19065930434
1216.60757847385
1222.15792760183
1346.27597467978
1368.85718758386
1322.25186708131
1386.30011180841
1370.84572436143
1304.73943758898
1225.43420876031
1228.11115132141
1229.24163613181
1256.16320595693
1328.81149904717
1325.0584892751
1288.17467759617
1238.13650297534
1216.50811752327
1201.1419566396
1222.94317120625
1221.15764748046
1213.40636227111
1208.42790434515
1223.81125995801
1232.27026256418
1229.45231709083
1225.55048855606
1221.59076617335
1222.16447338319
1222.92354626117
1225.81319947209
1248.17386609398
1295.85917444759
1332.38320313639
1306.49990432453
1347.21750285542
1368.00365496588
1309.91373761786
1241.22439550631
1227.13568931883
1224.36881698286
1227.03341437795
1227.35162035987
1227.72839015802
1305.28272799421
1353.99630723278
1327.68106109864
1251.7835276117
1222.35633102627
1236.86135035419
1238.903143914
1311.41602857369
1383.23244612032
1255.01354574363
1365.90702465431
1332.40646951296
1321.26378895359
1303.1312290019
1279.99804687351
1262.96555772515
1247.57965677547
1238.14013746425
1217.95771683585
1207.27296002188
1215.33657889492
1224.44681387147
1231.9496742968
1253.903903814
1307.82300025653
1318.84077886605
1304.25649317916
1273.87990014758
1308.46513136575
1319.20582169728
1336.67722356596
1318.19990896677
1301.28436554045
1288.62795251384
1357.61187384318
1355.97455728343
1299.50259715016
1241.20828227981
1230.19226139657
1247.45701328743
1239.61566624499
1236.98383174559
1348.57925239861
1330.68065289911
1274.20131847365
1285.80986152697
1228.26788609
1201.549832508
1205.06804787116
1225.6059725703
1242.43712114537
1242.62826299743
1268.11592530021
1325.69000901417
1322.74978737477
1304.96934829903
1251.01438840646
1241.61346642182
1204.96348492392
1285.59519289705
1327.53041396422
1337.33092389281
1308.90717776319
1309.41590031586
1285.19064733603
1341.31987236453
1340.52228627502
1315.46759747247
1364.40646436463
1380.49556319461
1339.47564367554
1255.41467252856
1252.73341138488
1238.33355764915
1225.20896176938
1227.71861597029
1233.78887983317
1235.99919093825
1241.87761071693
1298.78212183568
1358.5554828567
1353.71710486349
1359.84190257544
1350.08333076148
1308.07568588366
1234.90890352285
1167.92807997753
1204.92530888848
1226.77014962054
1270.9685283279
1280.82707654078
1336.38991316157
1318.22380497395
1264.02927181296
1236.45743962338
1196.0731582976
1290.57739016302
1330.36423583919
1327.0700810432
1290.26780165979
1348.35492360135
1370.67866402013
1327.74319806203
1259.32720132617
1215.0082304248
1178.84265277432
1297.41049787644
1293.13069718416
1243.63258239723
1217.15487921628
1228.56867939892
1234.91457194415
1236.52739557197
1234.33099288643
1232.08522432501
1234.60520005385
1235.89441296577
1237.18632388173
1237.66594846913
1237.44656450289
1302.42389412971
1354.06462179617
1299.4167922572
1261.76424105298
1267.71447889499
1321.86307914247
1323.93013410829
1300.3672558166
1268.57873228271
1246.51955459993
1231.14865065109
1229.78778657133
1215.75778837727
1216.41358098305
1221.60795675208
1238.03634841631
1244.4484722157
1244.50753312304
1242.08494073473
1321.0836461027
1346.11663684838
1292.3544405464
1252.18808491376
1230.10609298548
1225.30894063497
1244.42838283286
1343.77006961757
1358.9282541768
1368.30588685425
1390.99281090881
1323.86366367538
1264.17838931062
1231.41016724729
1062.98635927278
1294.31255885122
1292.19425784206
1344.79552349047
1356.08185593643
1306.87030726082
1239.74594171548
1121.62694332831
1158.44292047558
1197.84431375701
1214.99176951945
1218.45927301654
1213.20979224535
1207.48084870941
1220.73051899262
1254.06180071
1248.3220738255
1254.94820610255
1249.82878827462
1248.24236428668
1235.25503439573
1247.84213745169
1279.29863597207
1306.87604614975
1330.08796701572
1329.04627458941
1300.41916319316
1269.44200340149
1252.50309380855
1224.57462002117
1222.16610982305
1226.3396756201
1231.27982197387
1240.15039410549
1253.08459411167
1265.3868973559
1273.71543132679
1293.7148062846
1324.04267302833
1336.22565459581
1336.38841659152
1297.23976195613
1239.73343909084
1235.82765788762
1306.55539492208
1362.40596005743
1352.04585721047
1305.22411868614
1236.22611200379
1194.00544387369
1341.79357577833
1359.36014359698
1334.19301452226
1303.75687917648
1259.81665332698
1237.92245314478
1228.54548145358
1222.64058496355
1208.11216366693
1200.08458035257
1208.35508026408
1218.26351829151
1223.77448902974
1223.61350106968
1222.42095858996
1256.28141751759
1338.29817305412
1356.93588647364
1317.68509136288
1272.61148823983
1230.91632534466
1218.89581179033
1232.4994929005
1259.65153911707
1407.08564060614
1378.1944710381
1374.22632779321
1344.13280593846
1246.70084623377
1194.67192149142
1217.791854136
1307.11476160282
1329.1091001118
1328.39677807498
1244.88915169183
1242.33811822708
1231.67081641159
1232.43255393551
1234.6825502938
1300.32842005395
1340.57748750305
1317.31317460959
1397.2247492798
1406.86211122483
1340.98247564985
1267.7420873348
1235.00323886215
1216.2364079405
1277.16913523621
1303.13084531063
1298.65083837035
1252.13497674971
1226.66865941867
1229.37707803586
1234.23012440954
1235.9943365566
1235.04089001134
1235.62979892847
1234.02309540786
1235.89926773989
1304.6252335441
1311.46749864417
1280.22888578566
1238.29600661554
1203.14712317322
1225.24201690931
1270.23186859723
1357.90169010868
1336.5683671253
1255.99442673923
1212.66153563144
1224.27692945673
1229.06712591298
1245.55610070362
1062.44670454569
1265.29522246786
1232.21954212713
1206.81440163763
1188.60800939586
1193.05490234104
1207.1959244464
1215.91693795259
1231.49908647956
1306.44747311172
1331.12508803643
1315.8001367989
1289.48865834485
1272.34075624418
1303.98657968554
1310.97139556895
1316.64307995751
1352.95565337523
1334.3196768391
1283.49172182761
1250.16918855009
1228.81528310808
1335.14718289783
1367.28709494385
1399.40380162411
1389.44413345769
1351.33933562226
1280.18084659942
1244.05626882388
1208.89867234603
1207.72140827262
1211.05986639802
1343.25090731404
1354.44490474881
1310.29500495118
1241.79668223103
1198.01627701797
1213.93162904671
1218.23643025482
1219.29569834393
1224.57217018843
1309.42773760143
1313.7282824085
1273.33027922845
1294.08075482174
1339.33938940061
1328.53076742693
1233.0754234839
1249.65035109826
1221.37750102088
1232.46176411279
1229.06549866148
1277.11354232895
1310.60367769971
1309.2814823406
1278.31490642955
1257.28517051622
1224.54644664872
1220.70758169186
1268.67450514306
1350.42400748802
1341.64414059765
1354.55010981506
1388.41744443089
1365.57350589414
1325.16074496644
1251.9876197471
1192.90863019764
1210.26484704795
1273.02867210444
1321.70117651457
1310.11335387439
1268.54601808527
1235.856383242
1299.84037481531
1353.10236124249
1326.0953962668
1281.79015443246
1348.68269062816
1339.66227087277
1282.91504005526
1230.9890332574
1214.66950237503
1205.68486761674
1288.386199864
1362.93029902486
1361.59575498751
1324.59427750538
1309.80074820562
1349.1723388804
1334.70858242539
1260.35352183425
1219.48636728747
1216.99055049741
1221.26409920213
1286.56830366677
1333.46428523602
1327.99284636627
1364.88241251765
1365.84808818551
1313.75340151796
1262.24205285674
1215.3102484551
1188.247028189
1207.7358982824
1223.1978580753
1230.08617584298
1288.27520351825
1307.53967435027
1309.50181366808
1280.09609014324
1276.66009571851
1284.6279617072
1247.3712358396
1224.13969791033
1214.65221359861
1214.83126400336
1217.48223806346
1223.9848855276
993.577374943693
1230.52549750097
1245.02289135582
1246.79188319463
1249.14490752674
1248.47547032371
1246.4601878921
1246.04454173998
1289.64723858891
1323.49121644233
1352.0791396956
1331.0818907941
1276.61818880979
1225.56231991686
1231.55795641131
1263.90308172739
1316.714471706
1348.73607499763
1325.18715659336
1340.47976486033
1378.81325784168
1353.50988175188
1311.33062192568
1258.85146065769
1207.47256697616
972.815501521229
1241.90700134913
1255.094418759
1310.65403520532
1369.39475681777
1368.0774831858
1325.30637967226
1273.82651880074
1217.85754503554
1151.41912438521
1195.4438506262
1216.04646292812
1218.6476110837
1246.93424044735
1269.44791149539
1293.04485614382
1286.95687573438
1257.75593816925
1272.90965900963
1348.5147385179
1360.32900432212
1306.66024658287
1232.29339039045
1191.30600602868
1208.99090153731
988.131570186886
1280.29957431845
1327.60762275606
1314.04908584116
1282.82617684548
1244.33516385257
1209.11827378466
1221.77207367004
1232.1322980914
1230.1520231256
1231.31758697746
1227.19028679337
1223.41652759802
1278.60197090416
1317.21562395836
1323.08956612922
1306.22432989131
1283.24978082991
1261.48325395147
1275.47128544707
1366.15921473304
1365.56252145407
1320.88076676133
1254.3436530712
1230.12153871071
1198.22493714661
1190.61034767887
1207.99627482869
1224.0416659575
1228.79331052867
1249.48389345361
1255.66157861105
1225.93515326056
1331.39550847973
1338.80319688892
1289.39908484534
1250.14079207104
1296.70621190769
1351.60460194541
1321.6315674196
1260.83226481559
1197.46565712759
1225.14366504504
1251.0371697116
1323.4507924362
1367.90862267916
1368.33840843557
1328.29251296542
1315.31517135628
1239.62817005746
1222.91005392874
1190.62420603648
1190.03991529696
1200.36786028284
1324.23638373215
1339.43234244959
1294.6818141922
1237.55807944516
1153.59134878864
1183.27258060009
1206.0323378749
1212.95919139928
1210.86787057878
1205.44016856914
1202.55311732996
1211.25595973766
1225.28445676912
1225.75976439105
1225.73528953033
1223.34582191627
1226.30909643532
1229.20543441688
1230.74083380702
1235.71477291485
1233.75159574365
1230.69817583354
1231.47147754221
1234.30709306882
1235.63505939254
1233.19544274215
1232.31205463551
1226.20634478867
1226.6600996201
1226.34823765519
1226.73102186258
1225.96614961425
1226.80357025891
1227.18621243885
1228.40913379867
1229.17899428846
1294.26079288527
1305.39457636379
1282.78875891551
1330.93275562667
1356.25476957687
1281.61694745349
1201.45744826856
1210.74439911981
1281.80380714055
1354.49289403821
1336.06698933848
1274.87764118758
1247.37845099232
1215.85443207647
1219.92212866232
1220.30938699987
1224.30470063624
1225.29465843935
1323.57130521933
1341.30794376236
1281.55218387704
1244.16518195937
1226.09379739072
1205.16139997927
1267.1653404351
1276.31539989142
1288.90418573298
1307.98853205982
1292.36643410451
1254.12359837458
1012.9940769817
1160.84193583795
1190.13570654779
1213.72772894089
1235.05222561639
1253.04628805164
1282.12206907143
1321.25432828052
1333.01087767505
1310.38734731376
1248.86788732836
1220.84437992727
1218.51754193364
1223.27020727229
1298.33893879834
1320.78953660301
1304.6305990586
1228.23898326018
1200.60193236559
1213.11912028457
1220.41796119198
1253.82375156957
1300.774769128
1304.0548301356
1277.47289599428
1240.42895806249
1222.04950799876
1262.71691205907
1333.77434373285
1346.63358045164
1326.30350975936
1283.67675058794
1354.13477911174
1356.40996752457
1339.58314411611
1312.2351161282
1264.98893275791
1255.63808479992
1286.55625605723
1342.3762512798
1348.04858962873
1290.24920073604
1258.66834392544
1328.99021817318
1347.78410734064
1311.12814019073
1304.4887887598
1314.01103496127
1343.90699082935
1349.17678604399
1332.87396253359
1398.81592784755
1399.3977275957
1345.08438397002
1239.75925082251
1162.25083351228
1189.03364123981
1223.29227905681
1319.71701512104
1343.40128033287
1325.0486783511
1264.090186656
1259.87618439274
1250.2583732973
1229.4885115364
1226.88426512039
1230.66648609605
1247.57284356466
1250.0179998704
1245.21885626584
1236.10153304654
1242.04468518649
1245.88843802324
1253.55853473222
1252.10782283316
1252.01397755776
1255.42263799885
1260.88698938485
1260.94805602769
1253.20548993371
1249.87079332225
1248.81103454446
1249.94159863571
1246.66234402103
1235.71922377213
1238.58992406688
1228.52065509702
1230.99837530356
1321.65464475407
1333.3634163273
1300.15883645038
1259.66066859294
1354.3234473345
1366.07759662473
1337.58102558312
1275.37563094172
1228.25323121903
1269.13435065008
1334.79474077478
1327.68746322318
1346.55783388609
1385.14186999022
1369.66528757941
1307.28879747361
1240.73043002902
1206.56122927931
1170.94064751378
1212.70029273518
1220.5552015374
1211.10569315812
1200.19206796246
1201.47992076439
1210.09255844336
1216.91289745815
1219.63232164452
1218.28814325676
1216.20639695736
1216.20639695736
1288.29150427999
1342.55949588836
1304.51715205282
1245.00722889468
1180.14405900297
1211.9855609701
1243.48984716402
1365.95607542849
1367.54012738201
1311.7339669308
1248.88510280169
1159.46366911603
1197.9670279269
1219.44782586218
1224.93510032165
1221.76879973258
1214.23597377116
1210.27558845083
1216.21215254576
1222.08796737387
1222.46799549109
1220.03524539253
1231.98579537266
1252.07068490561
1244.17683630584
1227.03422935141
1225.69408907769
1222.73014193648
1223.19336165628
1225.23099862842
1226.14558678813
1333.59476603652
1369.20524392802
1350.18628344388
1346.1671515826
1352.4008281571
1305.69789767771
1261.5787728081
1290.71375602804
1367.92909172954
1356.91009282119
1299.41140521391
1305.44053866884
1333.76347228435
1323.26187884334
1245.91452355288
1215.49578362082
1225.09183329251
1281.79990638165
1360.19263341631
1365.64050906525
1313.62589803947
1363.85409776853
1361.19469584626
1328.48899129801
1252.43802241867
1227.73001918174
1179.6592728411
1192.2386506065
1318.69139680215
1359.58265655311
1328.0986409149
1344.45267674247
1353.50064647195
1346.50510582025
1276.85198828995
1241.82003527081
1215.87581602728
1208.68771814725
1348.34491136356
1346.88418210327
1317.33632759444
1252.69908597396
1228.61100434596
1222.8626251546
1224.73956415231
1228.02850129791
1231.97605496211
1266.8673963758
1277.43453844023
1261.73570925135
1235.11699850662
1226.39716242333
1228.0985302491
1231.12509518733
1236.51000804684
1239.15374348787
1237.01050925204
1235.50718330571
1270.64432474237
1291.57462037623
1250.44712003347
1237.53949431927
1234.97327906315
1236.96321691471
1239.38170068789
1242.30189567593
1242.68700805955
1240.23505836595
1259.65312685675
1322.96409626263
1353.76290390895
1334.13455093555
1284.4158205192
1396.52747914246
1375.62822012345
1331.41804103745
1245.36621120054
1237.58232049428
1222.30233575822
1221.87847186208
1285.63914066117
1334.24398068719
1377.28900380421
1336.78532307921
1273.60040829139
1176.51179339605
1178.26440156698
1205.22114153379
1223.61758732048
1233.690804051
1227.7548615257
1221.93003073007
1243.28797951239
1338.17450282091
1316.81927385652
1270.20825064239
1205.59902123384
1332.31565328941
1352.61450531924
1285.39915979434
1258.46215676118
1204.39445365711
1216.30917122251
1238.26895301465
1259.98531737477
1328.27632667303
1381.35151210689
1344.65199958948
1285.59013686322
1262.56326574156
1230.88667228141
1230.59579066402
1323.74695467072
1357.67558717096
1347.63311030859
1303.15847079317
1339.54283246188
1338.15582052316
1306.49339837597
1306.82324742101
1361.86710071137
1360.80123456734
1319.44154853483
1252.06429547368
1252.01517562688
1240.09999596807
1236.62484206003
1293.88871237058
1321.75073292962
1384.52374483069
1350.20553990865
1371.05032730385
1357.06300516962
1319.78672519464
1277.68658128666
1295.84605567174
1253.55374834907
1227.84811764322
1225.77404116746
1231.41503970026
1332.68638471322
1361.35667626085
1334.80260712961
1363.39832770911
1352.75090094222
1325.12603174189
1298.18681244265
1273.07030442156
1320.83382754985
1342.51256977356
1363.24392534865
1336.06811203621
1293.32517179555
1338.30564520964
1318.87110818306
1332.77980176772
1324.07703703372
1302.72713950389
1268.84277985888
1183.09298028515
1226.76933447164
1289.93526969379
1341.19275273914
1346.76983928212
1330.82004794037
1283.36549743243
1253.04908124143
1260.07182334976
1248.81944251361
1233.24409587072
1260.65578172632
1322.75129937566
1319.42297994237
1279.00390929817
1356.34398291879
1357.52826858228
1327.75110619423
1282.70066656255
1256.73425989745
1242.98913913196
1277.16835225431
1325.70924414066
1338.04708437334
1325.10452417913
1337.66139213181
1361.65046909991
1347.13436597839
1289.17570563519
1015.13004093072
1240.21369126453
1207.00994196403
1205.82710203412
1257.7857528212
1262.39256968662
1324.88565544352
1324.6629760056
1293.85702455874
1250.19558469865
1157.35431048577
1200.85053191478
1221.24444727499
1227.30436322862
1221.71846183972
1213.46322564798
1264.43386541171
1250.50949616546
1248.16545377606
1248.74296794817
1248.26359395762
1244.07797183296
1244.44485615073
1246.00080256796
1251.09152343064
1249.51950765084
1248.56958156124
1248.20751479872
1246.85444218642
1243.67841502536
1238.92978009248
1236.69155410717
1352.77455623618
1362.96551680518
1296.91402953318
1246.14646009207
1247.22572135119
1321.96293442744
1322.0098335489
1273.60315640312
1231.16936284168
1245.6432073431
1262.85153521703
1342.90208131494
1373.32807442359
1305.91615351063
1251.47552912552
1324.1695510772
1343.40090814321
1329.47132349667
1290.42822349792
1298.83447752206
1350.20665085016
1335.25615520019
1296.59438530328
1244.36891635881
1204.59951851227
1173.5084149677
1202.77678727185
1219.47119687182
1300.03346110783
1344.83865203228
1331.58477011417
1263.8995213228
1281.0128804973
1371.28224665821
1371.13602534541
1346.69484293956
1326.56850558122
1372.17418719345
1327.77370059811
1250.11959427888
1239.06940887103
1230.27517247159
1284.10825088853
1353.69642091571
1355.35198380347
1343.4749718547
1350.80901684879
1370.69799737214
1336.77372804824
1293.43032282377
1256.39842406778
1201.80114827704
1231.0991024284
1240.54745979346
1233.27693564746
1220.56175591405
1234.22364261912
1244.25640444404
1242.54979779484
1240.25360309898
1233.65230109622
1232.48975654972
1234.44400440036
1242.54174980159
1256.42707707212
1253.78108136947
1239.31351965514
1238.07511888415
1236.68468091102
1233.65311169713
1245.4091697109
1379.18381661039
1361.74887552735
1314.45768284871
1278.85886633358
1294.65400783375
1354.00258493106
1370.23684084176
1343.32944581737
1310.48578779016
1265.21421111209
1202.01539091644
1225.89803817446
1240.57446370623
1247.75237928044
1245.55168499746
1239.13558580165
1238.82565359295
1296.90554783299
1337.01308894117
1336.35137594871
1291.74649215703
1264.28240516113
1244.42115057564
1259.15606657793
1282.80201122387
1339.63241226838
1354.51319668728
1311.13195369497
1268.90464574766
1359.4763697836
1349.75145860266
1311.26961377133
1247.42775341901
1241.13375588613
1219.23336568518
1234.14180708701
1238.44337779327
1234.93076729022
1343.44408145631
1358.36408963135
1284.16938135123
1244.28372970155
1219.50522754107
1221.94517061937
1306.43331249628
1375.49118499538
1343.72132527545
1275.3411308352
1260.39596952704
1241.58567968546
1241.16517837071
1303.26436305149
1382.64818374017
1386.60953407944
1365.42960272582
1418.12305530938
1420.12534658036
1348.18136762084
1293.33406357368
1242.10708073016
1170.82663106029
1204.15322945213
1232.21954212713
1242.70068801783
1383.70264146601
1370.9956236254
1314.35040989836
1255.6217583333
1144.82531418553
1199.99083329832
1231.19291745851
1241.59413658409
1235.68968596489
1225.18651641291
1288.90612536367
1333.36416631016
1324.15406958556
1298.05546876857
1257.56828840425
1221.83427681499
1236.41012613129
1244.67385286267
1244.60997906975
1241.24856495385
1242.24192490835
1290.84274797514
1342.79559129452
1364.24667857393
1288.61010394921
1236.38545769513
1239.8604760214
1307.64368235387
1368.00036549703
1358.75457680922
1325.34901063833
1317.10819601125
1309.36053094631
1299.86537764493
1288.0951051844
1288.33303147905
1257.63508220787
1233.02757471194
1214.80945007849
1224.79386020669
1313.54977065964
1322.71614490789
1299.04618855528
1266.58043566131
1238.99556092829
1236.98746962126
1235.48573443808
1085.96823157954
1314.55543816151
1317.45891776556
1341.29116898606
1357.45718164515
1358.44580311472
1258.89117877599
1267.85409255166
1261.29972647266
1239.37161497268
1243.4608960478
1236.88075415539
1230.96303762542
1230.19754511217
1236.17110466149
1240.0370962193
1243.1560642172
1240.94802469725
1238.21322880997
1239.06658416729
1241.12086438026
1243.38972168826
1243.86293457117
1243.86293457117
1243.86293457117
1243.77369324166
1243.86293457117
1244.63127069827
1245.01646575457
1246.40643451484
1247.26621055812
1246.26201097522
1245.48986346738
1244.13262958577
1245.48986346738
1292.64689687478
1306.08575522437
1262.40167933982
1234.34719588939
1347.72400735462
1378.52747524306
1361.50982368839
1320.06704375195
1268.06230130858
1285.45906196969
1356.20426190158
1360.17976753075
1301.96121293992
1260.73708599375
1247.80928029888
1233.03649581024
1346.67033827882
1377.81130783573
1333.84744255106
1276.79833959792
1217.21608599295
1250.70939870139
1253.19272260894
1243.55860336375
1175.57049979999
1339.06907962211
1320.31246301775
1260.35947253155
1198.75643898166
1224.06127297615
1229.68044629489
1224.36677511275
1224.18095067682
1223.41734498085
1224.47866457526
1230.61204284697
1231.52669479797
1229.32217095438
1228.40994785943
1227.94625289546
1230.9894394348
1231.52669479797
1231.58515742924
1274.65524750813
1349.1189717738
1356.17366144606
1313.27491409834
1266.27761569097
1264.31720703311
1293.46279420786
1314.31312859607
1287.98058991586
1296.02584850766
1336.20806763019
1338.83344744595
1362.97395426325
1371.13055541768
1337.59747308374
1280.76110184531
1255.80412485387
1279.48153562293
1344.58357865921
1356.59979360164
1315.10227739138
1332.22182837544
1324.2005135175
1326.44223394764
1305.21569098751
1259.37762406675
1243.78213526325
1217.55205227538
1210.56391818028
1212.53371087158
1225.39871062442
1239.13598930868
1314.21193115875
1329.74696841166
1316.83560097683
1366.49588363815
1371.46855596474
1306.0773330856
1268.89794703908
1234.7926951517
1238.11348429778
1342.4913407542
1363.0132060989
1354.93874400284
1318.68343433896
1269.61490224398
1324.39193594646
1376.76904381236
1376.47121292092
1352.21632884683
1327.1631399342
1357.76838967476
1372.02842536152
1343.09753927256
1317.51356729257
1259.45027690656
1225.12489159269
1241.75963857745
1244.0200963007
1238.4175386355
1235.2752729655
1361.48962537362
1376.60524479605
1357.82620390093
1316.62371237951
1340.67818659065
1353.55384082053
1345.39882562755
1313.07501689736
1265.95616037839
1234.57077561394
1237.43727113741
1240.5817183886
1246.45015945284
1246.70846632242
1247.62855049089
1246.61822544033
1249.14090478216
1250.73818203491
1252.02675690258
1253.65027021095
1294.28628981381
1322.60802961422
1383.86307126103
1374.13208972064
1349.12193666844
1325.1150893413
1278.10680304895
1233.51976068485
1241.74474027475
1294.83551078892
1312.37647037731
1341.62177978743
1354.59182043891
1346.77243809041
1310.07938690753
1282.32562167337
1282.58527981573
1358.86791116723
1359.90367305924
1339.06795944045
1307.8856983697
1323.33442485261
1352.2961953655
1339.04107479943
1306.63881773044
1261.46303949026
1236.275454743
1240.56801506407
1243.30487009422
1313.60153775793
1348.95552187609
1416.17407122147
1385.42015287782
1368.81664221327
1323.55090570782
1257.04335645196
1188.53102609902
1229.86747253515
1239.64753055052
1233.18936096611
1227.3878767529
1233.50597890728
1255.53852987473
1262.84242880892
1269.21747545486
1339.49132136046
1341.65643888441
1322.30329349964
1286.59473028611
1364.47828857773
1368.2010086241
1305.23369555034
1251.25297202444
1169.71534998905
1210.01900811516
1243.35312763511
1254.69119706803
1338.1890748321
1352.50693159037
1332.374196688
1303.15118079216
1290.42086157966
1245.87800365846
1244.06591465244
1248.78540990836
1309.57015848713
1361.57078405788
1364.25290910447
1312.63437407376
1270.05826637993
1249.06925348437
1243.59921196501
1247.40450536304
1252.38452561504
1258.1120776783
1257.63150405832
1255.41706217496
1253.91985389817
1255.03187210525
1255.36050599021
1258.1120776783
1257.19767737616
1256.81144170476
1257.58458960024
1258.36044120912
1258.9805399608
1259.36849253902
1259.36849253902
1258.36044120912
1259.75711944803
1259.75711944803
1259.75711944803
1259.75711944803
1259.75711944803
1259.75711944803
1260.14642006395
1259.61978390306
1259.61978390306
1260.14642006395
1260.14642006395
1267.91048579937
1326.83759367905
1310.27020114173
1295.55161996734
1284.57580547043
1312.8202466446
1339.38418685603
1342.85889057637
1314.40861226637
1281.29231637437
991.788787998735
1233.55705178155
1253.26972356313
1267.96293321217
1269.36322618863
1292.98298519354
1359.69371551096
1370.39154988638
1314.25340022387
1255.83199513311
1362.22978971978
1406.8781041725
1397.00787399356
1367.55073032045
1379.19142978776
1396.68607782851
1349.21458634274
1259.74005255053
1225.45909764463
1258.31116978274
1346.94357714048
1383.1749708551
1366.14823500234
1331.71055413705
1333.44628688223
1300.39147951684
1248.6460667459
1224.36146623454
1247.27182281971
1246.7229042574
1234.78662124272
1228.82464168001
1230.03658482177
1237.18915287841
1245.11364943125
1257.25693475916
1261.74640875257
1269.40419094944
1272.95208079487
1272.42681518428
1274.67995983306
1280.86806502465
1284.07242786379
1288.45256024426
1284.71241918182
1279.92109131774
1277.301060831
1278.29339355251
1283.89524494797
1285.2431676535
1286.02021757047
1287.43349342791
1287.42339577934
1288.36213853093
1288.41181304737
1288.87780646576
1288.46303788661
1288.87780646576
1291.27804906612
1292.9466346296
1295.35091770531
1295.8283065283
1295.8283065283
1296.2484329788
1297.23475130756
1297.65519303088
1298.0762689457
1298.0762689457
1298.0762689457
1297.61126690546
1298.49797843508
1149.96260808776
1299.44103367563
1300.4418479886
1299.49874951844
1298.49797843508
1299.49874951844
1299.86383902315
1299.34329566901
1298.87874722778
1297.87749807137
1298.45562111302
1297.87749807137
1298.87874722778
1298.30081260084
1298.92032088192
1298.92032088192
1298.34240476078
1298.92032088192
1298.7655677604
1298.7655677604
1298.18835305205
1298.18835305205
1297.72339117394
1297.29988822939
1297.29988822939
1150.20780731136
1297.72339117394
1297.72339117394
1297.25903350102
1297.25903350102
1297.25903350102
1296.25807615613
1297.72339117394
1297.25903350102
1298.14752628505
1298.14752628505
1299.24555030987
1298.72475913875
1299.70996764663
1298.72475913875
1298.72475913875
1298.7655677604
1297.72339117394
1296.20175898662
1293.15041661827
1280.92583704132
1277.77345409896
1275.84442625267
1269.07131399303
1263.59685026515
1260.1789555456
1260.16784596339
1260.7529496297
1263.60041152257
1267.42810446984
1274.36729399338
1273.77195761251
1263.86193866261
1257.97217775275
1258.50069527196
1339.30093705634
1378.60581748374
1353.76659731285
1307.24251766839
1376.71638328306
1373.29603509222
1322.29686530673
1303.20758131619
1365
1380.55532304939
1326.12028112083
1254.39228313953
1209.07485293509
1227.46364508282
1239.16988343003
1234.58454550509
1297.5014450859
1350.59653486894
1375.43265920219
1356.3310805257
1327.35375842313
1304.27029407251
1272.20674420473
1278.66453771112
1358.79505445082
1372.39097927668
1376.32481631336
1328.70425603292
1349.68144389704
1323.09410096183
1270.56640912626
1174.76380604784
1171.29116789977
1191.54101901697
1250.73698274257
1383.25268841235
1388.47506279371
1380.29598275153
1313.23265265527
1247.79044715048
1212.32875079328
1226.1300909773
1235.58488174629
1239.985483786
1244.21621915164
1243.7853512564
1245.37584688318
1246.06942021703
1242.21173718493
1242.59768227693
1241.47774849169
1259.55904982657
1286.66623488767
1329.89849236699
1358.29672752311
1344.77879221826
1287.26415315583
1243.48301154459
1237.93578185623
1239.6426904556
1297.77771594368
1295.44316741415
1272.29634912626
1250.71299665431
1239.22193331138
1230.93622905494
1236.97372647927
1246.07263030692
1342.92591009333
1352.38566984422
1313.33316412858
1260.52608065046
1231.76580566275
1250.0039999936
1254.94820610255
1301.49068379301
1368.1502110514
1377.85703177071
1334.77338900654
1290.23602491947
1369.00292183764
1341.62327051971
1287.68979183653
1282.17198534362
1261.67269923701
1240.51561860381
1231.60139655653
1239.1125856838
1248.54595430044
1330.1511192342
1367.35840217552
1320.5797969074
1298.62080685626
1249.71756809289
1248.9187323441
1304.10927456253
1381.97358874908
1364.86263045041
1285.35909379442
1239.18279523241
1217.85631336377
1238.40179263436
1331.32227503336
1359.77498138479
1349.41542899138
1303.50949363631
1244.93574131358
1245.58660879122
1265.65437620229
1309.01948037453
1376.33535157679
1370.22844810637
1338.51634282141
1318.59394811291
1275.1635189261
1273.3353839425
1249.7463742696
1231.32489619921
1233.09285943922
1244.20255585656
1298.28386726478
1315.09695460069
1318.61101163307
1317.44677311837
1400.33103229201
1402.75906698192
1368.48785160848
1326.72265376001
1333.51827883985
1356.07153203657
1365.68700660144
1360.87104458872
1411.78220699937
1367.42824308993
1300.36187271082
1250.45031888516
1249.80358456839
1298.34124944099
1327.15296782247
1353.52539688031
1358.14211332982
1339.02725887116
1317.23232574971
1291.56184520913
1289.95309992263
1257.98767879499
1255.84632817873
1252.24837791869
1254.03110009282
1253.2509724712
1255.816069335
1258.10691119634
1250.53108717856
1257.15830347654
1257.55079420276
1320.61538685569
1365.22195997574
1333.49240717748
1280.89109607335
1284.23595962736
1271.40709452166
1278.74274191489
1321.42385327343
1334.34440831444
1373.18097860406
1347.32215895086
1293.490626174
1288.19175591214
1243.12710532753
1217.81895206143
1216.52990098887
1234.65582248657
1244.21501357282
1247.43096001342
1245.80817142929
1240.83399373164
1304.35501302368
1361.31039810912
1361.07788168055
1389.49271318708
1394.4694331537
1359.33844203716
1325.83633982479
1291.44221705812
1280.78257327308
1242.63027486055
1246.79348731055
1251.32649616317
1253.89074484183
1253.22663552926
1253.22663552926
1250.15759006615
1253.30882068228
1255.01434254753
1257.7857528212
1293.64407778956
1356.91230372489
1329.97969909319
1273.90541250126
1265.250963248
1252.569359357
1250.63623808044
1281.2728046751
1290.86715040704
1063.59672808824
1323.4115006301
1310.82493110255
1259.44035190238
1267.43283845733
1271.81287931834
1315.92856949
1326.50254428704
1292.85846093066
1284.81127018718
1309.60986557066
1289.60071339931
1276.63816330235
1291.0267231936
1301.77647850927
1286.88422167653
1276.09325678024
1278.37905176829
1277.03641294992
1276.04623740678
1278.33055193092
1279.56789581483
1280.08866880384
1279.98164049333
1283.73634364693
1283.73634364693
1281.90990323033
1281.90990323033
1282.32523175675
1282.7412053879
1283.57508545468
1285.04163356679
1285.45983990166
1285.04163356679
1281.55296418057
1276.93656851075
1265.57180752417
1312.82824466874
1348.53327730538
1328.64216401558
1277.35742844358
1252.6304323303
1222.0331419401
1230.54500120881
1246.61020371245
1254.76691062524
1258.81730207366
1255.84632817873
1358.33206543908
1384.63930321221
1338.87041942079
1351.74627796787
1373.22540028941
1351.43072334471
1308.18729545887
1281.90678288244
1313.68984162929
1354.42644687705
1292.57533629572
1247.93509446605
1248.31646628569
1262.04120376476
1259.25215902138
1251.83904716221
1242.9573604915
1247.97596130695
1256.74102344119
1272.33525456147
1342.98548018957
1339.90671317073
1295.18956141563
1267.39812213842
1285.32058257853
1313.55205454523
1373.19408679181
1344.79626709773
1270.4495267424
1236.44409497559
1245.0759013008
1270.78282959757
1313.26349222081
1354.07016066377
1325.82012354618
1302.17855918457
1273.26273800815
1267.54013743155
1308.52053862368
1388.05583461185
1343.7042085221
1287.77404850385
1269.3490457711
1275.51636602593
1256.95345975895
1242.36629059227
1235.56788562992
1238.72636203481
1250.88888395413
1253.51784989285
1248.9203337283
1238.59315354155
1238.78085228986
1244.90561891253
1244.45208827018
1245.75760081968
1245.3597873707
1253.72843949557
1339.25651015778
1348.70678800101
1297.71761180929
1341.78500513309
1375.8233898288
1330.98873023028
1321.87291370994
1390.04676180336
1361.27513750895
1283.53574161377
1299.82191087856
1333.3517915389
1347.99629079608
1086.42395039874
1377.05882227304
1370.31018386349
1337.60868717275
1257.85213757421
1250.70739983419
1238.00323101355
1239.80321019104
1365.47354423292
1402.69918371688
1356.96978595693
1273.31025284492
1198.97873208827
1204.27820706015
1239.48941100761
1297.69680588341
1373.70520855095
1352.92719685872
1309.43842925126
1286.51972390632
1269.79919672364
1261.33976390186
1252.49910179609
1331.39738620744
1347.35370263342
1337.76530079084
1308.00993880016
1277.69714721447
1270.49085002608
1262.00633912829
1240.69738453823
1232.09658712294
1235.22346156475
1242.37796181355
1289.9220906706
1268.97478304338
1262.87370706655
1267.15981628207
1266.25984695085
1261.78682827172
1259.36611039046
1259.56143161023
1262.38900502183
1266.87173778564
1270.23186859723
1259.9337284159
1309.82556090496
1375.9774707458
1338.53427300163
1334.44145619057
1389.9287751536
1351.49435810883
1322.29837782552
1345.9245892694
1357.9889542997
1346.27746025847
1312.72121945217
1271.90447754539
1291.8815735198
1278.55191525413
1261.61642348219
1349.05781936876
1386.77575692684
1377.58665789126
1352.9002180501
1372.22665766265
1388.07528614265
1317.18905249019
1247.22532046138
1198.10391869821
1222.37187467644
1271.47945323548
1336.61699824594
1367.11630814646
1422.74734229237
1418.65534926563
1338.45844164098
1275.51597402777
1202.18925298806
1205.70104088866
1231.39879811538
1367.44104077653
1386.58609541564
1362.49954128433
1306.1018337021
1253.85326095201
1181.16129296553
1201.40334609156
1231.17058119499
1242.08091523862
1247.93990239915
1256.78558234887
1266.1654710187
1264.59361061173
1261.67309553624
1259.3823883158
1257.55477017902
1260.27060586209
1264.58293520038
1269.04609845348
1270.66518013204
1272.81931160711
1274.27861945494
1275.21213921449
1276.91346613621
1279.55539153254
1280.49287385756
1281.79288498571
1284.50729853902
1285.9167935757
1285.86624498818
1283.98831770386
1275.53282984014
1265.81357237154
1255.87021622459
1275.97413766894
1335.32879846126
1357.12563898852
1309.52243203391
1329.68191685079
1398.21243021223
1374.24743041419
1340.07313233271
1275.44972460697
1253.32158682439
1331.80591679118
1353.23242645157
1335.84654807354
1422.90723520544
1395.46264729659
1351.01554395203
1299.32828800115
1252.99880287253
1153.33906549635
1208.51065365598
1244.95863385094
1255.12270316491
1251.45235626451
1294.10780076468
1350.78199573432
1354.76307891823
1195.22968503966
1364.79485637952
1354.18684087536
1323.2222035622
1274.94313598686
1240.82633756703
1245.41358592236
1248.85747785726
1305.77678031124
1326.15911564186
1315.1612068488
1320.0522716923
1307.09219261688
1295.07953423718
1267.98462135785
1233.32801800656
1235.6921137565
1295.76772609909
1310.31675559767
1355.02472302169
1340.62634615317
1312.37989926698
1268.01735003903
1230.80014624634
1199.48030413175
1069.1739802296
1238.30569731387
1245.83265328855
1271.96815997886
1275.88596669138
1275.16508735144
1275.35759691155
1277.55821785154
1279.45691603899
1274.30843989985
1266.45252575847
1259.78490227499
1250.66422352284
1249.69676321898
1251.62134849163
1327.09042645933
1356.33550421715
1340.00970145742
1362.01395000198
1386.65857369433
1276.10775407095
1244.63006552148
1252.45958018612
1256.38449528797
1254.85736241216
1322.39328491943
1397.97532167059
1350.51027393352
1244.97108400155
1224.21403357419
1207.03106836568
1232.51855969799
1255.19878903702
1352.14052524137
1318.17259871384
1286.54304242027
1264.70075511957
1237.12327599152
1221.2874354549
1235.39426904936
1408.29790882469
1419.3861349189
1364.82343180354
1317.32607960216
1271.50697992579
1277.23490400161
1262.72205967901
1331.5637423721
1320.06742252053
1334.29307125534
1294.86176868421
1287.15422541357
1268.83489863733
1349.02409170481
1360.64580255113
1323.43530253655
1347.04714097169
1400.49812566815
1400.08714014521
1359.69040593806
1331.04057038093
1330.6926767665
1353.91949539107
1369.83247150883
1365.20987397543
1327.88290146383
1380.44376922785
1384.80792892011
1359.65326462301
1319.36803053583
1270.94335042912
1122.2793769824
1171.46916305979
1225.4611376947
1233.24490673994
1231.41869402734
1223.31843769315
1223.48436851478
1231.11209887646
1263.6839003485
1267.56341064264
1269.84644741008
1272.53290723659
1278.10249980195
1281.38401738121
1284.70774886742
1286.59084405261
1286.73307255235
1285.27156663485
1285.15174201337
1286.51544879959
1286.9362843591
1287.89945259714
1290.15192903782
1290.15192903782
1291.0360180878
1292.04798672495
1293.05142975831
1292.93232614859
1292.1377635531
1290.80556242991
1288.11839517957
1272.99371561685
1235.86649764447
1228.61710878532
1337.90918974346
1355.75624652811
1334.59731754563
1335.26851232252
1362.08773579384
1353.67278173124
1298.61849671102
1265.4129760675
1249.4234670439
1252.92737219681
1240.53818965802
1233.40909677203
1319.02843032286
1349.4587804005
1319.19520920901
1246.5572590138
1195.71986685845
1211.12674811516
1302.84189370775
1369.41520365447
1390.71420500403
1380.04420219064
1364.18070650482
1304.66662408448
1260.11348695266
1283.37796459188
1352.39676130934
1352.42929574895
1354.09083890262
1373.73177876906
1354.66084316334
1312.81948492548
1268.38440545443
1234.76677959848
1242.64073649627
1358.43991401902
1372.39243658656
1333.6648754466
1346.24143451314
1370.76402053745
1335.61970635357
1286.84264772349
1311.23224487503
1341.22145822381
1343.65322907363
1294.46243668945
1227.21228807407
1172.13949681768
1218.00656812679
1309.88167404541
1330.14096997273
1333.19428441619
1376.07049238039
1386.17964203778
1352.23333785261
1289.46229103452
1257.28039832012
1201.48366613949
1255.82920813302
1345.69721705887
1366.66382113525
1322.51691860634
1298.92840449349
1325.32524310073
1277.21024111146
1215.5628326006
1237.16490412556
1249.67555789493
1366.49698133585
1392.52504465808
1338.05044747947
1272.88687635626
1227.54144532883
1293.59267159334
1405.92674062342
1373.41581467522
1345.32338119874
1297.40317557805
1242.05112616188
1265.4520931272
1233.57893950894
1217.39352717188
1207.88368645329
1216.87715074283
1228.77215137714
1237.29786227893
1249.2117514657
1241.16920683684
1243.04545371438
1245.08473607221
1245.2638274679
1244.87710236794
1246.67638142382
1307.4823134559
1333.81970295839
1332.82331912373
1299.91192009305
1270.46054641614
1218.80392188407
1237.14348399852
1288.04580663888
1378.03301847234
1378.61887409102
1335.55831022086
1355.99336281562
1332.56819712914
1246.64950968586
1249.9347982995
1241.8349326702
1249.56272351571
1237.91073991625
1303.59196069936
1343.44966411102
1339.86529173645
1277.72532259481
1270.72459644094
1246.35869636313
1249.58393075455
1278.95347843461
1325.01132070636
1339.70519145072
1355.63011179304
1362.96588365227
1345.62030305729
1292.45928369137
1241.23889723131
1155.38564990223
1295.25364311397
1357.61150554936
1371.48459706991
1354.28135924556
1385.73482311732
1384.99458482696
1336.99738219639
1274.91999749004
1172.95097936785
1181.96742763919
1216.3991943437
1246.13642912805
1258.59326233696
1272.74899332115
1245.83626532542
1245.09156289809
1252.20605333148
1254.26512348865
1255.57875101485
1254.8095473019
1251.05795229478
1253.62673870654
1255.9207777563
1257.63388949249
1258.03100120784
1258.88760419666
1322.75507937033
1328.17129919299
1301.33892587596
1277.42162186179
1255.54012281567
1025.3770038381
1263.84215786624
1265.61091967476
1268.11119386275
1305.38231947579
1327.96159583024
1318.99583016778
1294.18159467673
1273.76842479314
1259.05917255703
1262.96080699284
1266.98184675235
1290.48130556006
1311.8692770242
1351.57833661242
1332.75841771868
1291.07280972066
1265.59590707303
1268.1967512969
1311.19411225036
1357.48775316759
1370.74943005642
1337.79557481702
1289.50416827554
1279.30332603335
1051.43711176656
1290.12945086918
1283.09586547537
1283.85552146649
1285.63952957273
1289.44212743341
1299.82845021949
1341.05257167644
1365.19119540085
1344.15847279999
1279.56476975572
1199.80956822322
1220.99795249624
1247.18482992698
1334.67411752832
1362.63568131764
1351.01628413576
1330.59310083887
1295.22893729255
1333.89092507596
1360.69688027863
1362.9845927229
1300.02615358307
1258.55274025366
1225.58108666869
1244.63568966987
1250.0031999959
1351.24683163366
1394.4124210577
1417.47310380127
1361.23326435993
1319.75528034556
1260.66173099686
1233.28626036294
1216.62936015863
1218.2947098301
1229.93129889437
1250.93365131809
1321.27438482701
1272.93165566734
1336.50140291733
1332.55806627704
1287.4567953916
1275.78524838626
1207.51687358811
1190.80435000885
1239.89273729626
1311.90929564509
1298.40633085333
1292.47204998793
1280.9722869758
1291.33496816279
1296.89552393398
1338.51036604129
1345.90490005795
1372.66711186653
1393.13136494733
1387.58819539516
1354.18425629602
1336.67423106754
1278.49990222917
1218.77889709332
1214.83949557133
1216.26395161577
1234.76596972868
1369.20049664028
1351.06846606676
1338.03699500425
1307.8723179271
1277.77658454051
1250.67981514055
1218.26803290573
1215.36373156352
1218.97949121386
1228.93164984876
1239.0677947554
1240.37695883147
1240.16208618067
1246.06781516898
1257.69113855509
1267.36379938832
1269.50935404195
1269.21826334165
1270.2822520999
1272.2770924606
1278.22650574927
1282.7642028058
1285.26767640052
1288.33147908448
1287.02952569084
1285.68036463189
1286.50923043715
1287.33756256858
1288.11412537865
1288.53133450452
1288.47933627203
1288.11723068982
1286.70548300689
1283.4804244709
1281.95085709242
1275.83933157745
1259.88054989352
1241.551448793
1237.09821760441
1236.25604144125
1238.18294286426
1239.50231948149
1231.48731215551
1344.36936888639
1343.72430207986
1395.98030072061
1392.3516078922
1335.77692748453
1246.40683566803
1215.33699030351
1219.96639297974
1250.40433460541
1336.11601292702
1349.80665282106
1124.91555238604
1375.47591763724
1341.05406304146
1273.05223773418
1222.62136411892
1192.97191920011
1233.17517003871
1248.0012019225
1243.7431406846
1308.67528440022
1392.51068218524
1408.93080028793
1396.57796058795
1366.37696116409
1322.36870803872
1317.07516869767
1311.36951314265
1220.99262897038
1204.12208683339
1167.23091117396
1227.63186664407
1341.81742424221
1343.30227424806
1318.18777114643
1272.26294452051
1247.66061090346
1226.17983999086
1208.91769777764
1202.18675753811
1202.23624966144
1210.68493011188
1219.02419992386
1222.47617563697
1232.10186267208
1222.10883312412
1219.71267108283
1336.8851857957
1357.88291100522
1355.67178918793
1388.70983290247
1376.82896541292
1267.44230637927
1238.47244620137
1207.80048021186
1168.87167815804
1214.47807720024
1226.892823355
1223.11651121224
1210.38051867997
1218.61806978233
1224.35493219899
1226.76199810721
1226.01182702289
1224.19156997588
1223.81861401108
1225.10122030794
1227.91734249501
1228.29231048639
1228.29231048639
1226.51416624514
1229.13709568949
1229.67272068628
1229.13709568949
1230.35970350138
1229.51331834999
1229.51331834999
1230.35970350138
1250.58666233092
1290.02674390882
1314.59005016773
1291.25171829508
1253.68656369924
1238.75824921572
1282.65077086477
1342.11065117598
1363.58608089112
1341.98882260621
1307.5369975645
1264.24878880701
1351.73555106019
1339.89477198771
1284.58631473327
1200.33162084484
1194.35798653503
1213.82618195523
1319.23576361468
1321.63232405991
1371.21989483817
1361.39413837434
1318.44946812534
1273.13628492789
1245.50632274589
1213.83442033912
1230.50355546012
1233.76213266577
1081.79480494223
1221.7982648539
1224.83223340995
1234.05875062738
1268.97872322589
1267.07182116879
1277.05089953377
1281.7402232902
1279.54601324063
1279.64682627669
1281.13114082829
1279.94335812176
1279.06606553375
1268.7497783251
1245.78128096388
1239.62453993135
1242.50150905341
1240.79893616976
1239.88467205624
1241.66098432704
1243.45406026922
1352.59971905956
1352.70876392518
1350.80383475914
1309.27995478431
1340.46820178623
1324.61352854333
1293.57025321395
1272.24761740787
1226.89975140596
1225.9779769637
1325.16074496644
1317.8414168632
1253.15521784015
1205.08298469442
1206.75225295004
1215.08765115937
1303.34070756652
1374.37913255404
1381.70148729746
1351.70447953685
1309.03246712983
1246.36792320727
1223.89582890048
1295.20577515698
1335.35875329441
1331.16978631578
1310.12900128193
1398.21386060931
1373.47733872824
1272.47554003996
1193.91415101757
1174.0643082898
1196.46897159935
1228.20438038626
1382.47640124524
1387.03208326268
1339.82162991945
1247.65179437213
1195.61490455748
1173.61492833041
1181.85109045091
1206.38551052307
1224.31286851033
1229.46085744931
1222.20497462578
1212.4813400626
1213.4327340236
1221.73933390065
1242.506338012
1242.95977408764
1241.27917891182
1219.69914323164
1221.0597855961
1222.76040171409
1223.53872027002
1224.58686911138
1223.84557849428
1287.27891305653
1353.08979746357
1341.15509915893
1311.54374688761
1324.42364823345
1328.90180224123
1293.84002102269
1269.81219083768
1212.22357673822
1212.59020283029
1233.1869282473
1248.40338032224
1244.68068194216
1331.45259021867
1388.64214252629
1349.22199804183
1268.96453851162
1191.53430500343
1202.97921844062
1225.33872867873
1237.38150947879
1241.18733477264
1236.89651951972
1232.83656662187
1234.14059166693
1237.95516881671
1241.43988980538
1308.81052868626
1344.80444675053
1298.7062793411
1243.68082722216
1303.29045112745
1368.27409534786
1391.14808701303
1330.81140662379
1246.99198072802
1383.59206415764
1384.73282621595
1331.92867676914
1326.72943737599
1347.45463745538
1347.79560764977
1293.87557361595
1244.88513526349
1210.70681835034
1216.90591255035
1301.20213648764
1365.39371611268
1390.96692987289
1354.40208210118
1340.1858080132
1333.33716666116
1298.46139719285
1254.42138055759
1234.07374171886
1208.1634823152
1199.11467341535
1215.24400841971
1228.66390847945
1234.91983545492
1232.29744785908
1228.34034371586
1228.42745003521
1260.27695368915
1333.54527482197
1333.70498986845
1255.33262524321
1225.85521167877
1238.95480143547
1239.47569560682
1232.88888388208
1231.88514074974
1312.15014384788
1362.88113935148
1351.87869278275
1354.76787679661
1365.64417034599
1382.73569419466
1347.39526494641
1300.45299799724
1279.47215678967
1246.41245179916
1232.89415604098
1229.73045827124
1301.08070464518
1401.43141109367
1376.80281812611
1303.34722925244
1247.27783592911
1162.63536846253
1237.18713216716
1300.10384200648
1357.65459524873
1368.51415776381
1358.72918567314
1377.70679028594
1362.74869289976
1350.05740618686
1340.19588120543
1417.00458714854
1418.45373558675
1352.88395659051
1385.82105626953
1412.8043035042
1384.26803762855
1330.28267672702
1271.09205016789
1264.86600080799
1327.87085215393
1328.12725293927
1352.84810677326
1324.46857267358
1267.56656629938
1198.41520350837
1224.76283418464
1235.60673355239
1237.23643657952
1232.10186267208
1226.81742732976
1225.30567614779
1235.05951273613
1311.96874962783
1349.47952930009
1276.54102950121
1292.1586589889
1342.90021967382
1329.74546436527
1308.37112471959
1280.22537078438
1221.94844408428
1247.16879370837
1384.04515822281
1373.60037856722
1328.52248757784
1241.91626126724
1130.80237000105
1169.01753622433
1214.91975043622
1238.76228550921
1244.88473361994
1238.48132807887
1237.03961133021
1252.23560083556
1249.28579596504
1261.20656515894
1264.32709375383
1267.51489143126
1271.94221566862
1274.39318893346
1280.98321612736
1284.53649228039
1286.40662311728
1286.87722802138
1285.30307709894
1286.64641607553
1287.05788525614
1290.75094421813
1293.03789580971
1293.86977706414
1294.28667612705
1295.1733474713
1294.33921365305
1294.39329417299
1294.34307662227
1293.09899079691
1293.51304593344
1294.44891749346
1295.75113351291
1299.98307681293
1304.64631222412
1305.95214307416
1306.527458571
1305.38500067988
1306.32691161133
1305.38500067988
1302.65191052714
1301.60900427125
1297.23282412989
1288.92590943002
1284.61511745737
1284.16003675554
1282.76498237206
1283.51003112558
1286.79718681694
1287.82335745241
1290.64363787995
1053.9516117925
1288.88517719772
1288.91698724161
1286.99844599751
1285.66169733721
1282.6047715489
1281.75231616721
1281.38362717806
1281.90210234635
1280.02460913843
1279.14385430256
1279.97070278972
1283.30900409839
1284.03816142668
1282.62972053512
1278.04577382815
1273.25488414535
1272.26569552118
1265.34343164218
1265.40981504017
1265.40349296183
1265.40349296183
1263.5996201329
1263.36890890982
1262.04516559432
1026.65378779801
1262.44881084343
1261.64218382234
1260.25632313431
1260.72875750496
1261.13044527519
1261.93581453258
1262.92042504665
1263.32458220364
1263.90585092403
1267.74721455028
1269.26986886162
1270.26611385174
1271.08300279722
1273.41548600604
1273.41548600604
1272.95325915762
1273.88696515821
1274.83175360516
1276.18924928868
1277.65175223924
1278.16704698564
1277.6940165783
1276.23156206074
1276.75447913841
1277.22707456427
1278.11149748369
1278.11149748369
1278.11149748369
1278.11149748369
1278.58515555281
1278.1740882994
1278.11149748369
1278.11149748369
1278.11149748369
1277.63844650981
1277.22707456427
1277.70027784297
1279.10789224365
1279.51944104027
1279.47098443067
1279.53429027908
1280.42102450717
1280.42102450717
1280.99765807748
1282.36110358978
1283.82592277925
1283.89135054334
1285.90240687231
1285.90240687231
1286.31333663303
1286.88966115981
1287.30105259026
1287.82025143263
1287.77987249374
1288.73930645418
1290.20696014244
1291.09953140724
1292.1563372905
1292.63800036979
1292.7091706954
1293.12025736201
1293.53198646187
1293.39437141191
1290.10154639083
1287.15577922798
1283.73478569368
1281.15026441085
1275.84050727354
1273.70286958929
1275.0552929187
1126.84293492927
1269.79683414316
1268.56572553416
1265.82660739929
1265.41929809846
1264.20132890296
1263.09580000885
1264.09374652357
1263.97428771316
1264.90513478284
1265.48488730605
1265.48488730605
1268.04179741837
1314.0266359553
1298.67586410159
1285.33847682235
1291.8664791688
1272.98821675615
1269.74091845541
1306.93190335227
1372.5523669427
1352.95084907028
1291.09410966048
1266.40317434852
1250.53628495938
1264.41053459705
1265.58405489323
1258.99880857767
1251.28294162432
1255.42104490884
1259.59160048009
1263.19317604237
1262.38227173864
1416.82038381723
1369.50465497566
1319.63479796495
1248.39617109314
1150.60723098719
1181.00762063587
1225.28649710996
1248.93955017847
1254.22725213575
1249.08966851864
1239.66527740354
1229.20543441688
1235.6261570556
1226.15822796244
1282.50886936504
1280.27731370981
1262.32642371139
1263.85086145478
1264.3915532777
1265.49990122481
1260.04722133736
1250.15119085653
1241.65252788371
1244.39905175149
1244.63287759885
1308.18691325055
1364.90732286115
1342.1948442756
1368.19041072506
1391.74997754625
1360.50505327985
1323.70313892504
1313.00152322836
1338.48645865395
1353.22355876625
1348.41239982433
1296.06751367357
1402.84888708656
1415.13462257129
1367.11594241308
1364.82196641174
1341.00633853834
1318.66220086874
1296.05671172214
1349.13787286548
1349.32390477602
1338.27089933242
1309.00229182381
1244.57462612734
1239.73424571559
1252.80525222398
1305.02183889773
1359.96213182574
1383.24726639889
1390.55744217921
1357.72162095181
1341.90238095027
1290.00736432006
1256.75932461231
1238.18980774355
1262.79887551423
1377.81130783573
1357.67926993086
1278.70911469341
1250.966426408
1247.92227322057
1258.93327861329
1312.60428157156
1329.09066658374
1328.02861414956
1281.64971813675
1234.74450798536
1223.24568260019
1220.80096657891
1224.39086896301
1237.03274006794
1270.96066028811
1256.80388287115
1227.9454385273
1231.95982077339
1232.27026256418
1232.7047497272
1233.7694274053
1234.1426173664
1234.51650454743
1234.51650454743
1235.74026397136
1236.11609487135
1235.74026397136
1236.17757624057
1236.65112299306
1236.11609487135
1236.11609487135
1236.49262027721
1236.86983955467
1237.40454177282
1236.49262027721
1237.87842698708
1238.25603168327
1296.45092464003
1328.14758216096
1323.92522447455
1280.7173770977
1362.81840316309
1415.48366292232
1353.67130426851
1281.27670703873
1248.00560896175
1281.57754349864
1328.25072934292
1348.4205575413
1325.61306571714
1347.05307987473
1405.95625821005
1370.94748258276
1302.67916234198
1288.9018581723
1247.49869739411
1271.54001116756
1373.55087273825
1351.36597559654
1263.26481784304
1143.74210379788
1181.31071272549
1215.3917064058
1360.80160199788
1379.92282392893
1318.01365698539
1307.39703227443
1335.66612594615
1334.8539245925
1313.74997621313
1312.1089893755
1390.00179855999
1307.88913903282
1325.19545728168
1357.31168122874
1367.32549160761
1335.59499849318
1306.59634164496
1359.97720569133
1360.23894959672
1342.96016322153
1333.06939054199
1365.04175760304
1358.74832106612
1313.7796618916
1284.4823860217
1254.93067537613
1254.21290058746
1243.32296689155
1277.14290508149
1297.14378539929
1337.12415279958
1372.44744890287
1371.5560506228
1334.38862405223
1301.35006819841
1249.18253269888
1258.72554593922
1270.83279781409
1361.56197067926
1352.15938409642
1315.37143043324
1334.70258859418
1342.84995438805
1366.39269611631
1355.16567252864
1301.10952651958
1279.57375715509
1382.28687326474
1394.18865294479
1388.71919407777
1391.16533884366
1323.60303716787
1288.27675598064
1259.80474677626
1258.69615078461
1266.60767406486
1370.72717927383
1366.15555483261
1296.03896546362
1254.02950523502
1249.16692239268
1244.69474169372
1233.31180161385
1221.92143773649
1243.6261496125
1337.09274173484
1344.79217725268
1298.85411036036
1297.11448993526
1243.96061030886
1290.95778397281
1373.21338472941
1354.56266004936
1325.01849043702
1286.89160382683
1289.17105149007
1244.13423713038
1234.94372341415
1265.34343164218
1373.34300158409
1394.11979399189
1347.61196195344
1275.09489842913
1201.9529940892
1321.35271596951
1358.76782417012
1347.13993334026
1305.85259505045
1362.66466894831
1345.72954192141
1312.45342774515
1271.71459062165
1250.92365874181
1225.7483428502
1288.57557015489
1346.14635162749
1350.14888067946
1325.50594114097
1286.37591706313
1269.31635142702
1235.704252643
1227.10350011725
1258.17804781358
1373.34700640443
1392.4783660797
1346.04271849002
1055.44208746856
1281.33407041255
1260.56217617379
1265.02608668754
1257.65376793456
1270.22438962571
1393.06209481128
1396.96062936648
1354.02289493199
1364.85420466803
1373.46241302775
1403.30217700964
1399.52098948176
1399.19333903503
1363.80240504261
1346.54632300564
1310.81692085508
1322.42164229114
1320.92732578291
1352.42153191969
1355.20994683481
1315.15398337989
1268.4581191352
1192.41184160507
1239.06174180305
1246.69843988031
1245.86475991578
1238.09611904731
1237.16854146878
1248.13580991814
1326.52742150323
1350.69315538356
1340.48759785386
1317.16172127799
1289.69298672203
1291.6756558827
1254.55689388724
1244.34159297196
1243.38570041641
1250.07719761621
1254.02671422901
1256.70402243329
1254.54334321298
1252.7070687116
1253.62474449095
1256.33634031656
1257.44383572389
1256.86196537249
1258.31752749455
1257.73606134197
1257.73606134197
1258.13155115036
1258.71283460526
1258.13155115036
1258.71283460526
1258.71283460526
1259.1088118189
1259.00714851029
1259.58802788848
1259.4038272135
1302.7589953633
1362.8158349535
1344.05543040456
1284.98249015308
1236.5783436564
1225.00204081463
1227.96254014526
1245.86475991578
1260.71368676635
1338.13526969436
1370.26347831357
1372.80916372233
1356.43982542537
1278.07707122849
1273.69894402092
1259.73409892723
1247.62093602184
1285.63602936445
1307.85129124071
1318.25263132679
1287.85519372327
1251.44476506157
1235.64355701796
1225.10366908274
1227.23347411974
1281.00819669509
1282.56422841119
1278.61252926757
1280.23513465301
1252.06948688961
1241.19982275216
1235.38091291715
1237.34514182584
1242.71758658192
1246.84642197826
1247.04570886556
1323.46288198801
1357.24168813075
1311.26275017633
1281.29387729748
1259.05162721788
1236.19011482862
1234.68498006577
1235.27284435464
1239.03914385301
1244.47820390716
1246.61822544033
1246.61822544033
1243.35755114931
1244.21300427218
1245.23170534644
1247.2654088044
1250.11159501862
1254.93226908865
1255.37484441899
1256.17594309078
1255.20595919554
1254.23681974338
1252.78848973001
1251.29133298365
1252.15334524171
1252.53542864064
1252.53542864064
1252.53542864064
1252.53542864064
1285.13267797531
1323.24827602382
1302.35248684832
1281.05854667146
1266.98539849518
1281.30207211258
1322.45718267171
1344.15363705196
1307.60850410205
1273.81552824575
1244.4022661503
1302.43233989332
1372.72466285122
1369.29580441919
1330.67877416001
1292.57610994479
1355.66256863572
1359.88749534658
1335.95134641947
1059.90565617889
1276.00587772941
1264.47736239128
1245.53201484346
1227.25506721301
1224.55093809935
1243.37484291745
1276.53672097594
1281.80146668663
1281.60407302724
1279.29472757453
1275.85461554207
1275.53518179625
1272.13757117695
1266.79793179496
1260.95757264073
1262.97783036758
1273.02003126424
1281.03551863327
1285.93817891841
1284.94708062239
1286.41128726391
1284.94708062239
1138.81605187142
1303.46844994422
1312.96077626104
1312.64389687379
1309.04201613241
1301.8844034706
1298.63235752079
1299.99961538456
1300.57448844732
1302.30871915994
1301.04919199852
1301.94354716324
1299.17781692885
1294.70035143272
1294.00965993303
1290.10891013123
1290.20463493199
1291.18782522141
1288.84715928616
1290.25733867318
1290.77689784099
1291.59939609772
1292.5861673405
1292.62639614082
1291.63965563155
1135.55272885058
1353.96233330178
1374.06077012627
1361.98568274413
1316.42470350567
1269.8169159371
1265.99802527492
1264.29150119741
1301.82717747019
1368.59307319597
1372.24779103484
1331.97484961241
1288.83396913644
1252.99680765755
1255.99562101147
1268.61105150475
1334.93520442005
1395.4991938371
1363.89772343823
1358.17487828335
1373.11033788258
1345.49396133911
1313.58593171517
1283.81073371428
1290.25656363376
1395.3186016104
1379.11239570965
1337.31895971006
1278.14318446722
1277.61809630265
1236.66406109339
1230.95613244339
1239.57694396112
1247.42053855145
1249.20054434826
1249.58833221185
1249.11008321925
1246.69442928089
1248.19469635149
1249.9767997847
1252.87269904009
1252.48353282588
1250.56187371917
1251.47792629355
1251.95606951682
1340.91349459986
1365.6280606373
1349.60401599877
1332.93098095888
1355.93915792708
1360.39663333897
1326.07126505328
1271.32529275556
1233.31017996285
1247.24095506843
1308.99618028472
1359.29467004031
1363.60368142654
1336.5245976038
1347.57077736199
1413.57949900244
1391.99066088821
1344.16740028912
1282.37241080741
1240.58333053447
1324.01586093219
1385.42628818714
1385.89140988751
1379.03045651646
1322.41370228836
1260.82750604514
1233.00648822299
1219.53843727863
1242.28780884302
1304.1510648694
1381.68809794396
1399.13330315592
1420.97607298645
1389.81617489508
1301.38541562444
1288.49214200165
1331.7304532074
1290.06937797934
1351.37633544472
1374.43661185229
1422.57091211651
1432.06948155458
1410.81359505783
1356.79512086387
1297.20237434257
1310.92524577109
1326.69401144348
1358.40163427464
1357.13153378735
1350.99222795692
1314.45273783427
1301.12681933776
1306.67899654047
1298.07395783137
1271.34731682574
1315.72565529445
1319.03714883244
1352.25959046331
1368.86887611634
1364.99706959392
1339.63502492283
1320.95192948116
1370.24523352574
1374.19794789543
1361.96255455134
1340.93922308209
1348.74386004163
1372.47659360734
1353.5867168379
1321.37882531846
1275.31878367724
1228.68303479783
1249.6467500858
1258.26308854707
1260.44952298773
1284.55790060238
1339.43308903431
1354.04911284635
1334.75316070051
1371.12472080406
1364.1829056252
1348.22438785241
1327.88478415863
1294.72275024424
1296.45131030826
1266.53306312942
1264.2234770799
1250.20398335632
1243.85489507418
1262.50584157064
1273.96428521368
1272.98664564873
1262.0685401356
1333.87480671913
1356.40554407596
1350.76829989455
1328.53754181054
1394.39915375763
1418.86785854075
1340.00373133809
1298.20260360238
1260.78427972433
1238.3739338342
1257.73924165544
1256.79353913043
1289.4638420677
1416.83555855999
1382.90635980894
1302.81886691896
1238.42278725805
1259.1374031455
1290.62426755427
1437.67520671395
1421.70390728872
1328.25110577782
1299.38216087493
1249.66435493696
1255.04860463649
1260.78903865793
1366.85185737153
1347.8434627211
1285.10622129068
1237.36898296345
1240.94923344994
1239.07586531253
1241.12610157067
1348.62485517656
1371.63952990573
1337.34101858875
1292.44187490192
1312.49304760063
1306.54008740643
1357.31315472886
1376.81153394355
1359.65069043486
1308.27596477196
1305.31911807037
1346.57342911555
1352.30876651747
1326.85530484676
1298.3635854413
1229.71419443707
1208.63021640202
1234.27590108533
1310.77496161622
1347.30917016103
1407.25655088189
1407.15457573075
1395.97492814162
1372.844492286
1322.85184355619
1272.85388006636
1280.33237872046
1308.65618097344
1329.25054071834
1305.3807873567
1307.96903633075
1249.88679487384
1228.12255088814
1383.09580290015
1378.12698979448
1349.7203414041
1293.96058672589
1278.63247260501
1254.27708262569
1300.0176921873
1331.83632628037
1382.70785055991
1388.08249034414
1427.03959300364
1404.48745099413
1384.54830179377
1345.83282765728
1299.14125482951
1323.80625470648
1322.63298008178
1311.62570880568
1279.08326546789
1250.9496392741
1234.53716023456
1249.4634848606
1245.61992598063
1312.72883719373
1356.39301089323
1335.30558300338
1353.06356096083
1382.0079594561
1360.39075268836
1319.55371243462
1315.66637108349
1280.03828067757
1343.81471937168
1339.48273598431
1340.2936245465
1427.69674651167
1437.21049258625
1397.83439648622
1341.54798646936
1350.66465119955
1288.47972432631
1209.55446342858
1228.56623753056
1239.17754982892
1240.9443984321
1239.96895122418
1238.90879406032
1282.55643150701
1338.19169030449
1349.96481435629
1335.86339121933
1322.5222115337
1271.57972616742
1261.79039463771
1228.08387335719
1213.56952829247
1226.85573724053
1241.70165498802
1251.4939072964
1248.68370694904
1242.03381596477
1246.46460037981
1250.66262437158
1251.13948063355
1251.00039968019
1251.47792629355
1253.45721905456
1276.68516087562
1265.68558496966
1253.40576031866
1251.13348608372
1252.39490577054
1254.76451974066
1255.93909087981
1275.50382202485
1353.2841534578
1365.88396286068
1344.75016266963
1379.14683772251
1381.11078483951
1313.25892344198
1270.78597725974
1240.10725342609
1253.54018683088
1359.06033714475
1367.04828005451
1362.15050563438
1341.15696322243
1316.24237889532
1341.2177302735
1353.56972483873
1332.29651354344
1294.85057052928
1266.59977893571
1305.91309052326
1379.19759280532
1380.6067506716
1334.5459902154
1302.82193718098
1271.02084955362
1349.2431211609
1341.7261270468
1343.47534402385
1351.55688004612
1343.64206543261
1320.03143901954
1294.29942439916
1279.91640352017
1213.06471385495
1252.84556111278
1258.68105570871
1245.92856938109
1230.94435292583
1235.59054706646
1251.22699779057
1275.37053439383
1281.14753248796
1279.81639308145
1279.96679644435
1280.72284277278
1284.75717550049
1288.34079342385
1289.39753373426
1286.67556128186
1282.96219741659
1282.96219741659
1284.24647167123
1286.81078640179
1286.00544322332
1284.50184896714
1283.69973124559
1286.69499105266
1294.32414796294
1298.14868177725
1300.23651694605
1299.20013854679
1296.37533145305
1295.95910429303
1294.30058332676
1287.4148515533
1283.28406831847
1274.74154243125
1267.69357496203
1261.81377389851
1251.14427625274
1255.6169798151
1256.00199044428
1256.58744224188
1257.25494630166
1257.64184090702
1257.64184090702
1257.64184090702
1259.48283037126
1258.02941142089
1329.22308135241
1353.84711101365
1355.6053998122
1329.97819530998
1278.91594719903
1321.04541935544
1340.63678899245
1325.66737909628
1297.88212099559
1263.34239222786
1274.01766078811
1328.51759491548
1386.18288836647
1369.24979459557
1351.83098055933
1409.93155862262
1398.43841480417
1348.51251384627
1294.49874468846
1298.3855359638
1281.72930059354
1407.79757067556
1381.02425757117
1353.15150666878
1291.00619673184
1262.97149611541
1252.63841550545
1240.33342291498
1236.16746438337
1242.13646593279
1320.49801211513
1342.72633101463
1323.13982632222
1301.83908375805
1356.51649455508
1356.69193260666
1327.13300011717
1301.01345112186
1256.02906017337
1240.9786460693
1239.31190585744
1245.82783722311
1265.13121849079
1360.24997702628
1380.98189705731
1342.03837501019
1292.09442379417
1300.03038426031
1355.20367472937
1346.7256587739
1294.36857192996
1277.55469550231
1251.02597894688
1233.66283886644
1234.07981913651
1257.27880758406
1257.86406260772
1260.09086973916
1259.45781985742
1256.11066391461
1253.89433366612
1256.97812232354
1259.64995137538
1260.5681258861
1260.04166597776
1261.74680502865
1268.38361704967
1273.66753903835
1272.47278949296
1276.80147243023
1281.13309222735
1278.44084728234
1271.48771130515
1267.01065504596
1268.41712382008
1267.00789263524
1265.76380103082
1265.05177759647
1263.9912974384
1265.05177759647
1265.57694353208
1264.46866311507
1265.44735172981
1263.03048260919
1309.86907742721
1324.52972786571
1300.7655438241
1265.49278939076
1181.58325986788
1237.36332578592
1256.80109802625
1257.32175675123
1291.30747693956
1309.76715487906
1312.92193218028
1319.01667919704
1385.22597434498
1107.21226510548
1347.04342914399
1329.27536650613
1406.47573743737
1404.42942150896
1374.77307218319
1294.77333923741
1329.95902192511
1342.62913717825
1363.35835347864
1334.36501752706
1327.22304078855
1305.51981984189
1355.46117613158
1333.46428523602
1289.20479366158
1275.35014799858
1247.09823189675
1237.07720050125
1221.71764332026
1218.69725526892
1224.84978670856
1230.79649008274
1251.45595208141
1250.68701120624
1254.3803251008
1258.15579321481
1268.57597328658
1271.33433840198
1277.45763139135
1282.24100698738
1288.18049977478
1290.69206242233
1291.53164885728
1294.82315394806
1294.82315394806
1294.49990343762
1288.52978234886
1284.36443426311
1276.76936053463
1274.49558649687
1264.25353469943
1258.12717958082
1250.79374798565
1249.27579020807
1307.26508405908
1336.16129265894
1204.74188106831
1307.45745628682
1239.68100735633
1225.39911865482
1238.86601373998
1251.78792133492
1252.38891722979
1247.78123082534
1240.72156425203
1243.02091695997
1247.85736364378
1250.87609298443
1251.26975508881
1309.66522439897
1327.70591623296
1295.03783728507
1306.43216433154
1359.4785765138
1365.3127846761
1345.14051310634
1314.11643319761
1323.54901684826
1316.39279852178
1364.86666015402
1386.77395418287
1396.70505118296
1388.0021613816
1361.34712692979
1341.71569268605
1353.93205147083
1328.03200262644
1283.52600285308
1273.83672423117
1244.78954044449
1252.24757935482
1247.74276195056
1248.31045817937
1265.86176180498
1324.74941026596
1327.67804832346
1354.34486007073
1363.80717112061
1341.1923799366
1298.82600836294
1279.37211162351
1278.84244533875
1265.52400214299
1263.60832539201
1386.09920279899
1345.85066036318
1270.72617034513
1218.62299338228
1325.70584972685
1333.15377957683
1345.76037985965
1335.97193084286
1331.03493567975
1311.35273668071
1286.1959415268
1280.01679676479
1243.88464095349
1243.4797947695
1247.60330233612
1254.62783326371
1317.68509136288
1358.6692018295
1351.72075518577
1333.281290651
1356.07300688422
1378.83283975977
1407.05685741551
1258.06041190398
1331.29373167607
1274.71643905615
1263.84453157815
1251.09991607385
1244.36851454864
1311.90891452113
1322.16753855175
1286.51583744624
1260.07896577953
1229.74550212635
1290.08604364205
1378.93509636966
1392.26901136239
1342.41834016077
1328.93453563372
1305.53513932027
1291.94968942293
1285.70797617499
1266.44620888532
1256.9053265859
1263.38553102369
1336.91248778669
1362.96625049926
1415.89335756617
1407.37521649346
1359.13465116595
1316.73573658498
1336.37195421035
1371.1801486311
1380.48179995247
1338.53987613369
1261.20537582108
1220.8902489577
1245.75077764375
1318.2833534563
1382.06765391568
1381.4087012901
1331.74321849221
1270.69783977152
1263.81565111372
1257.22511906182
1268.19635703624
1297.61396416654
1349.09599361943
1365.34134926032
1351.30603491585
1385.21839433354
1373.11834886873
1272.4012731839
1168.44426482396
1201.3588140102
1235.516895878
1263.66253406517
1347.95177955296
1358.65889758983
1321.32282202344
1281.95241721368
1243.99839228192
1255.43179822721
1301.41653593306
1330.5104283695
1296.49180483334
1257.80205119884
1225.39218211967
1205.88639597601
1224.90040411455
1233.69161462661
1245.01445774738
1324.15482478447
1362.73731878158
1202.71235131265
1366.60162446852
1382.44927574215
1382.46627445302
1384.45043248215
1337.39261251137
1281.22480463032
1325.05773459121
1359.66503227817
1376.03233973624
1326.21227561805
1248.27120450646
1240.8585737303
1281.83189225421
1341.83419243959
1366.09845911633
1358.05890888429
1420.58649859838
1432.38891366835
1360.07426267833
1330.12029531167
1317.09908511091
1369.9306551793
1393.742802672
1379.47997448314
1328.28460805657
1284.16704520868
1238.60849343124
1240.72801209612
1255.52459155526
1266.04344317247
1266.91199378647
1264.30455191777
1262.05982425557
1264.66082409475
1266.9380411054
1268.85854215511
1324.57162886723
1360.65939896802
1357.95618486017
1315.69031310563
1278.31920896152
1239.0960414754
1245.36741566495
1256.25634326757
1335.72489682569
1322.84730789309
1352.84071494023
1323.60152613995
1236.12013979225
1259.76585125967
1259.04884734469
1251.67967148149
1256.38608715633
1322.59328593487
1350.98519606989
1342.66563224058
1318.61442431061
1304.4286105418
1303.12470623498
1354.62208752109
1371.70004009623
1352.46885361549
1327.00150715815
1315.9072915673
1345.52220345857
1342.08308237605
1311.81858501852
1242.5783677499
1212.5699979795
1220.95003992792
1326.60958838688
1379.43684161327
1326.21152159073
1306.85959460074
1272.52151258829
1198.88614972398
1242.32765404301
1249.79318289067
1245.6492283143
1238.38685393539
1238.03352135554
1247.62614592674
1265.18220031741
1274.32805823304
1272.62956118424
1272.22600193519
1271.26905098803
1267.77166713884
1259.2164230187
1261.00832669733
1267.56341064264
1271.16128008998
1265.79698214208
1266.59148899714
1265.05454427863
1263.86233427538
1266.5599077817
1267.95938420755
1271.17111357991
1275.49245391731
1350.44029856932
1390.42619365431
1384.17412199477
1329.76614485405
1295.7187194758
1289.16950010462
1285.65041904866
1280.61157264801
1265.10394829832
1365.52187825754
1374.129542656
1290.26741414329
1250.27317015123
1239.93870816263
1246.45176400854
1354.50913618181
1406.70430439378
1387.67683557808
1338.41846968726
1329.41566110829
1305.6779848033
1340.26154164029
1341.34335649005
1316.74257165173
1281.18773019414
1287.34222334234
1268.56178406887
1254.68641500576
1259.66940107315
1263.69220936112
1262.24997524262
1260.49950416492
1261.89777715947
1262.77313877038
1263.83622356696
1298.72398915243
1338.54323800167
1330.8801598942
1286.89937446562
1231.39676790221
1243.84002186776
1307.90787137321
1191.10452941797
1359.08829735231
1297.90253871391
1253.82893570056
1246.28528034315
1267.53106470808
1278.32116465308
1284.12265769279
1336.75839253023
1357.43618634542
1306.08690369362
1292.6333586907
1267.17441577709
1250.49550179119
1312.73569312333
1409.80104979391
1386.86084377633
1364.67138901642
1379.57348481333
1395.64537042904
1376.18494396647
1341.1759765221
1296.9776405166
1288.8487110596
1389.80826015677
1378.59783838507
1351.36042564521
1309.92557040467
1282.0027301063
1268.21133885485
1226.05464804796
1258.88124936389
1259.92102927128
1250.04519918281
1247.22291511983
1255.57078653495
1275.77388278644
1280.50380710094
1288.6694688709
1286.6118295741
1285.09065828057
1284.17288555708
1275.32858511052
1278.40916767677
1280.35776250234
1283.93574605585
1284.90544399189
1283.62533474531
1280.53660627098
1279.44597384962
1274.49637112077
1267.66714874213
1263.86905967351
1265.37188209633
1267.51055222432
1267.6395386702
1266.34552946658
1265.34224619271
1265.63501847887
1340.35144644977
1370.31894097688
1346.64917480389
1384.46451742181
1383.39437616321
1358.55253854976
1309.47279467731
1287.77754290095
1387.27827057155
1396.43259772894
1335.08613954306
1305.26817167967
1385.23572001302
1335.97342787946
1271.3925436308
1200.25497291201
1241.31301451326
1340.03134291702
1386.62251532275
1378.3087462539
1330.93576103432
1249.5467178141
1126.81231800154
1207.57111591823
1250.80414134268
1261.7983198594
1255.29637934633
1361.04702343453
1376.37567546074
1358.63056052777
1308.9747896732
1365.25528748289
1378.81289521095
1327.50517889762
1286.33316057699
1248.84826940666
1245.66086877609
1344.92899440825
1375.54970829847
1368.51963814919
1345.58574606006
1314.73913762389
1286.84886447477
1246.14244771615
1317.71620616884
1374.83889965334
1364.70729462402
1333.59214154853
1303.25055150573
1265.322488538
1254.74579098716
1248.65888055946
1294.46784432832
1338.61495584055
1342.6116340923
1347.0927956158
1336.05913042799
1284.45202323793
1282.27649124516
1358.52640754606
1328.44947212907
1358.59449432125
1344.29126308252
1296.57163319271
1270.59828427399
1238.55520668237
1236.59168685545
1360.66785072625
1374.32419756039
1335.90605957156
1258.53367058653
1207.30195063207
1263.94066316422
1332.98011988176
1332.83907505745
1307.16219345573
1303.9574379557
1264.78377598703
1257.80046112251
1243.34428055949
1238.12034956219
1347.34331185485
1366.68906485711
1345.13568088873
1337.18734663472
1353.01034733663
1405.7062281999
1390.21688955357
1345.17099284812
1312.9470667167
1277.99647886839
1248.08052624821
1255.70577764061
1249.60553775982
1235.8814668082
1340.24549989918
1359.82535643369
1347.53033361034
1327.72022655377
1245.50953428707
1253.78706326074
1253.73202878446
1250.10959519556
1248.8254481712
1252.36695900203
1255.07250786558
1256.99443117303
1256.4672697687
1255.59945842613
1255.54689279214
1256.4672697687
1257.9733701474
1257.38856365087
1257.38856365087
1258.2575253103
1257.33607281427
1258.84192812283
1258.84192812283
1260.02936473719
1270.53768145616
1302.82615877944
1329.76727287146
1331.88850884749
1320.96139232
1300.4283909543
1258.60001589067
1245.14135743698
1250.33675463853
1259.59279134171
1364.8831451813
1384.33305241188
1365.50210545425
1327.14015838569
1269.17098926819
1185.37546794254
1219.13001767654
1314.43257719824
1383.06073619346
1384.36014100378
1378.65260308752
1369.89123655858
1351.99445265134
1341.86959127927
1313.05673906347
1301.23518243245
1319.15010518136
1322.1248050014
1358.72660973428
1369.2903271403
1328.42124343147
1275.04784223965
1325.19092963995
1331.07813444591
1314.40062385865
1335.3179396683
1333.04200984065
1290.58087696975
1249.92879797211
1253.57967437255
1255.96138475671
1292.50647967428
1340.98620425417
1388.33677470562
1364.26500358252
1361.08155523466
1330.37062505153
1308.93964719539
1272.40048726806
1296.42084216507
1257.21239255744
1231.68258898143
1229.54707107943
1241.3673912263
1252.98962485728
1255.25216590134
1288.32682188954
1274.63014243348
1257.69869205625
1263.31508342139
1262.80560657609
1273.06834066361
1270.87528892492
1262.37593449812
1257.02386612188
1258.81333008512
1259.68369045566
1261.05749274171
1262.45514771813
1264.33025748813
1267.24228149159
1271.03304441702
1268.33946560059
1267.72000063105
1320.07196773509
1367.67576566963
1357.99815905619
1342.88309245444
1297.11603181828
1229.73208464283
1229.96869878871
1295.65929163496
1365.37027944803
1377.91618032448
1389.81221753156
1395.51746674845
1393.33161881872
1335.85066530657
1287.81326286073
1266.22470359727
1249.92279761592
1239.64591718765
1264.07673817692
1369.22204189094
1392.54766525243
1362.08920412725
1296.73975800852
1369.61344911621
1371.86770499199
1350.74979178233
1335.77767611231
1305.19155682222
1286.44821116126
1256.25674127544
1341.77941555235
1360.52085614297
1357.18384900499
1338.14349006375
1312.27969579659
1281.64152554449
1300.08076672182
1272.34979467126
1258.74620158315
1240.16652107691
1234.06847459936
1241.33315431434
1255.43657745025
1338.16740357849
1375.18398769037
1368.30917558862
1322.02496194285
1284.29474810107
1263.3253737656
1267.15626502811
1277.53043016595
1344.3172988547
1387.81338803169
1377.02795904804
1335.15467268778
1297.59469789299
1265.39559031949
1350.42733977064
1380.37494906275
1359.69739280474
1365.1937591419
1369.16689997969
1360.90962227475
1317.12034378032
1246.66956327649
1245.26864571465
1308.21137435813
1406.91577573073
1380.05144831633
1349.75331079424
1269.4526379507
1234.58049555304
1213.83400842125
1264.20172440952
1382.58562121845
1399.76247985149
1361.16090158364
1309.42811944757
1293.31550675
1336.10216675223
1373.33608413964
1340.7811156188
1303.45809292052
1262.76799135867
1371.22791686867
1366.71101554059
1302.80850473122
1237.97172827169
1245.01325294151
1256.11026586045
1301.61399808084
1397.12347342674
1398.85774830753
1337.31858582763
1364.13562375594
1381.58966411884
1337.30587376262
1269.84487241552
1223.55751805953
1238.52210315359
1247.96915025973
1253.82056132447
1254.19416359669
1254.19416359669
1252.39370806468
1253.04030262398
1256.19465052196
1257.48161020351
1257.48161020351
1258.44904545238
1258.34415006388
1258.34415006388
1258.72514871198
1258.72514871198
1259.106826286
1259.106826286
1259.106826286
1259.106826286
1247.74757062476
1315.89817235225
1352.372359966
1344.3634181277
1312.17834153746
1285.2431676535
1271.73700111304
1235.07651584831
1230.90779508459
1247.23293734571
1338.80244995294
1402.95295715858
1375.78813775959
1357.2365306018
1405.68417505498
1332.03566018332
1296.34948991389
1260.80371192347
1238.03473295381
1297.12952321655
1393.12526357108
1352.90687040905
1321.42082623213
1336.43144231195
1349.06412004767
1316.33924198893
1283.22328532489
1248.73415905868
1224.92979390657
1303.01688400419
1354.81437842975
1394.3679571763
1377.04357229537
1379.92970835474
1348.06861843157
1319.18952391231
1280.10976091896
1290.60373469164
1261.59502218422
1242.6246416356
1230.24672322262
1233.45044489027
1245.35898438964
1252.30587317955
1255.98168776459
1275.51832601496
1279.35139817018
1277.11432534445
1275.1752820691
1270.37396069032
1363.05172315654
1379.10623231135
1355.18780986253
1298.63890285175
1263.70328795964
1249.51870734295
1253.83491736353
1255.1868386818
1278.90148174126
1317.66877476853
1317.49648955889
1270.24722003238
1240.71753433245
1369.6459396501
1379.18454167671
1359.89484887619
1313.41501438045
1292.86310180158
1265.69230067975
1223.10465619259
1232.19194933257
1249.72036872254
1291.20951049781
1334.83332292837
1349.21903336708
1321.49914869439
1310.12442157224
1280.48662624801
1243.84806146088
1252.72263490367
1254.77687259528
1296.86236740835
1407.9982244307
1410.3449932552
1350.16221247671
1292.35947011658
1381.78073513854
1169.87307003794
1362.38247199529
1332.13287625522
1299.04195467275
1288.48632123123
1260.92822951982
1256.48199350409
1241.17162391025
1236.82375462311
1241.69803092378
1253.26533503484
1269.38764764748
1265.5737829143
1268.93774472982
1269.4203401553
1271.98466971894
1271.78064146298
1272.17019301664
1275.41601056283
1276.27779107842
1279.22906471046
1282.00195007652
1282.39853399791
1283.28095131191
1284.47615781687
1046.72536990368
1284.02647947774
1282.56344872291
1280.84854686259
1276.70121798328
1278.68291612894
1279.870696594
1279.7480220731
1281.24626828725
1283.04715423869
1284.42633109104
1285.74725354558
1286.14890273249
1287.649797111
1313.79716851575
1356.47336870283
1368.32233044703
1340.36823298674
1296.81185990875
1249.63074546043
1250.96922424175
1272.09197780664
1324.03776381189
1353.67721410977
1313.18734383179
1378.18358719004
1393.13351836786
1344.36379005089
1315.43718968258
1372.86670875216
1367.6307981323
1333.29441609871
1293.31782636752
1324.63504407818
1292.57533629572
1342.0707879989
1342.48091234103
1321.19756281943
1296.69541527685
1353.65652955246
1377.05882227304
1343.70755746926
1283.3257575534
1283.21666136315
1258.78949789073
1258.15817765494
1255.27128542001
1363.33341483292
1356.65655196885
1309.42048250361
1275.09293778924
1245.86917451232
1253.76991509607
1255.04501911286
1271.16875354927
1377.7133228651
1376.46394794778
1313.47972957332
1270.63291315785
1265.81120235207
1344.88252275059
1368.03435629373
1363.76647561084
1348.48396356798
1323.43719155841
1286.20915872964
1261.74561620003
1227.31169635101
1214.15937998271
1233.44558047771
1249.49709883617
1264.16810590997
1335.36287203142
1379.12508497235
1360.45948120479
1320.32496000038
1326.32839070873
1344.7892028121
1329.74772043422
1299.54838309314
1293.66533539397
1262.75056919409
1284.24841833658
1348.70085637995
1348.5247494948
1325.49122969562
1357.00184229794
1382.64203610334
1372.86525194573
1319.99469695904
1335.62195250003
1316.74371082607
1357.63433957749
1335.80425212679
1273.7837336063
1260.74858714971
1254.5955523594
1239.954031406
1354.67265418624
1406.61082037641
1369.23044079512
1299.20206280624
1303.82475816346
1334.68423231864
1369.69704679539
1355.48146427755
1405.89508854679
1411.77689455523
1346.44383469939
1273.74840529831
1243.53849960506
1211.71531309957
1216.52250287448
1306.77962947086
1404.20155248454
1372.86379513774
1262.78501733272
1239.68141068583
1243.69851652239
1263.59131051143
1335.52499040639
1419.77956035435
1414.2450282748
1344.88512520587
1278.95308748992
1376.06504206742
1375.0399994182
1329.30432933922
1285.13579049064
1388.28275217983
1368.70778473712
1291.68184937313
1265.38136543889
1215.9037790878
1208.1970038036
1230.34385437568
1252.92537686807
1343.2144281536
1344.44226354277
1298.98036936668
1267.19059339943
1319.89166222081
1353.2682660877
1349.08413377372
1073.62237309028
1284.51508360159
1247.33596115882
1254.9015897671
1371.31287458406
1380.90368961778
1339.6499542791
1278.67157628533
1212.44711224861
1229.69996340571
1256.3486777165
1266.56267116949
1266.52635187745
1262.42861184306
1371.70769480965
1351.31602521394
1295.06331891533
1260.04404684916
1256.25514924318
1275.67942681537
1267.40403976001
1251.29492926328
1244.19009801557
1246.08266178452
1390.78610864504
1341.91914808605
1288.14517815346
1176.99532709353
1193.08549567917
1227.92670791053
1255.78063370957
1265.88704077418
1262.10657236226
1252.5118761912
1248.84106274578
1350.20628053642
1369.91934069127
1349.05114802961
1279.91601286959
1248.28161886651
1253.47636595191
1261.35046676172
1280.67247959812
1346.04234703073
1363.18597410625
1316.37114827088
1269.58615304358
1236.206293464
1253.69134957533
1261.79316847097
1260.8782653373
1257.07199475607
1254.96095556794
1256.64274955136
1260.83464419408
1261.55538919225
1263.01029291134
1295.2629076755
1332.06418764262
1362.96845157913
1356.33218644991
1290.21161055077
1244.45048113615
1251.84184304568
1256.61887619119
1260.83662700605
1262.52089091627
1313.59278317141
1330.84371734626
1327.35564186845
1299.49990380915
1293.41563312031
1270.53217196575
1257.84935505012
1251.99600638341
1257.67126070369
1263.16150986325
1266.09833741301
1266.48884716763
1262.87370706655
1261.57322419271
1262.87370706655
1265.96405952144
1267.27187296176
1297.3141485392
1282.70651358758
1318.70163418417
1303.29543849428
1301.14795469232
1263.47615727405
1248.69652037635
1244.25680629041
1257.50268389376
1267.40403976001
1270.38812966747
1266.44660369081
1262.37316194539
1264.94782501098
1345.17322304601
1346.3487661078
1340.12909825882
1327.53493362698
1286.80456946655
1225.42156011717
1294.91273837274
1343.68299832959
1357.69142296768
1360.35620335264
1358.25439443427
1402.61291880547
1400.26925982112
1382.66301028125
1422.02004205285
1412.06586248659
1403.23732846586
1350.37291145816
1305.13409272764
1315.66333079553
1379.2849596802
1351.3733754962
1331.47812599381
1323.17648104854
1325.4761408641
1324.69505924949
1289.2257366342
1299.76420938569
1275.06784133237
1259.69281969852
1240.66715923329
1244.04782866255
1331.64447207203
1363.99743401518
1341.41045172609
1286.34482157779
1226.47706868086
1220.97747726975
1322.72672914703
1377.3663274525
1356.51391441445
1386.98053338899
1424.06811634837
1435.66082345379
1401.51489467647
1388.36054395103
1351.2960445439
1292.31613779292
1262.55692940952
1253.59243775639
1259.44233690948
1344.96802935981
1398.70404303412
1391.58722328139
1371.79444524316
1322.29762156634
1273.36012188226
1240.04435404545
1227.22491826071
1314.86006860046
1384.71874400544
1377.77719534038
1348.88694856167
1371.32271912924
1354.01440169593
1303.03607010704
1298.07357264525
1309.12031532629
1304.6355813023
1276.11363130405
1264.69956906769
1262.42861184306
1263.75749255939
1269.16468592535
1271.18016032347
1270.65888420142
1286.98795643161
1302.06451453067
1303.56702934678
1296.88318672115
1282.64804213783
1272.8177402912
1274.61719743616
1275.19645545304
1274.49480187249
1275.37955134932
1276.56688034744
1320.37115993951
1340.34846215452
1317.99620636783
1280.94496368892
1276.59978066738
1275.1039173338
1274.70741740997
1115.38916975198
1275.22782278305
1276.99725919831
1278.80021895525
1278.94722330517
1280.26364472323
1280.26364472323
1278.76737524852
1277.48385508389
1276.99725919831
1338.73522400809
1388.57120811286
1375.9832847822
1336.85040299953
1277.95813702954
1321.87404846301
1389.90323404185
1377.83090399367
1350.20776179075
1371.79080037738
1410.65091358564
1403.17176425411
1375.27524517822
1312.63856411428
1284.27917525747
