1220.64368265272
1218.32056536857
1214.64192254343
1220.99017195062
1231.29484689899
1237.40050105049
1262.32127447809
1248.92673924454
1234.91295239786
1217.34177616641
1217.83455362377
1221.86496798951
1216.93754975348
1205.89303008186
1286.03849087032
1299.67765234307
1278.07863607839
1260.060712823
1246.10794074992
1243.9782956306
1262.97505913617
1277.71280028025
1277.0661689983
1295.13821656223
1356.52312917989
1092.69986730117
1325.20224871527
1322.24468234892
1329.08351882039
1313.9372131118
1249.54151591694
1235.97855968459
1250.13999216088
1308.17277146408
1284.96653652926
1245.11766512246
1213.96004876602
1201.58437073724
1229.66946778392
1305.30034857882
1298.95265502635
1260.65816143791
1250.18438640066
1272.99725058619
1250.19318507181
1211.88489552432
1200.6444103064
1202.28615562186
1331.59565935009
1311.62151552954
1314.30666132376
1318.48814935895
1314.1194770644
1266.86779105004
1252.49550897398
1244.3010085988
1233.29031456507
1303.48072482872
1284.39363125173
1261.08603988784
1254.63699929502
1255.37763242779
1222.8859309028
1162.46505323816
1130.16193529954
1184.79449694873
1242.34817985941
1275.31172659864
1260.49633081576
1228.19135316937
1262.10498770903
1260.71051395632
1252.74019652919
1204.22007955357
1170.45503971746
1172.8674264383
1174.73230993278
1201.17525782044
1294.03477542143
1289.14622909893
1285.88607582476
1268.95626402174
1266.32776167942
1277.50772991791
1305.53705424243
1338.24997664861
1306.02526774944
1253.30243756246
1215.76231229628
1170.69124879278
1230.52956079893
1293.75461351834
1280.81497492807
1218.95282927601
1176.86150417116
1215.25429437628
1243.97668788446
1248.77299778623
1233.36977423642
1312.5848543999
1288.6108799789
1278.06572600943
1315.90235200033
1278.34658837109
1230.61732476022
1221.82322780343
1265.88704077418
1251.48711539512
1210.04049519014
1235.03967547606
1319.67192892779
1302.55633275494
1231.86362881611
1197.07894476513
1168.58290249344
1194.23364548149
1257.74798747603
1263.71792738728
1216.32397000141
1258.65086501381
1279.92577909815
1240.83560554974
1311.88642801121
1315.00532318314
1234.65420260087
1159.2920253327
1136.31861729006
1246.78506567892
1307.12202949839
1286.27951861172
1260.90681654117
1310.69981307697
1315.86739453487
1288.12344128969
1241.09266374433
1265.2343656414
1225.18325159953
1193.60755694659
1183.67858813109
1176.41064259042
1244.22626559641
1283.51353713157
1306.51176802966
1299.71958514135
1335.69382719244
1325.68246575113
1353.33440065639
1301.95929275842
1282.17237530685
1218.37063326395
1212.18810421485
1221.62596567034
1281.68092753228
1257.5094433045
1230.76317786973
1200.82721488147
1170.98505541275
1177.95967672922
1183.46482837472
1177.80643571004
1170.60753457339
1177.14824894743
1181.31833135696
1184.37071898962
1284.07554294909
1273.8492846487
1242.36468076004
1267.50542405151
1280.67599337225
1287.55698903
1309.91526443507
1322.06996789126
1293.68659264909
1296.64760054534
1326.63257912656
1305.14252095317
1260.95638306803
1240.41081904343
1221.23830598291
1198.1811215338
1181.30859643025
1189.76804462046
1186.33131965737
1179.23280144338
1193.24976429916
1202.18384617329
1205.00456430671
1251.7276061508
1315.9825226803
1277.1025800616
1266.74622557164
1246.7321284061
1247.70749777342
1223.11814637835
1194.47477997654
1187.89393465915
1273.17516469652
1295.99652777313
1280.18358058522
1230.7741466248
1207.14125105557
1206.61427142231
1258.5241356446
1300.4253150412
1304.2783445262
1303.67250488763
1295.67935848342
1256.41673022927
1276.63894660942
1274.37710274471
1272.54351595535
1284.4056991465
1261.76146715613
1264.86521021016
1254.38949294069
1272.42485043322
1283.72972233255
1276.29150275319
1254.42975092271
1249.81438621901
1249.3766445712
1234.58454550509
1282.8803529558
1315.58428084255
1310.90541230098
1289.05197722978
1249.98719993446
1200.44075239055
1173.87435443492
1176.40171710177
1191.77598566173
1238.81354529243
1252.66156642566
1292.93967376672
1296.44089722594
1300.56833730489
1275.26467840994
1258.16612575605
1221.40615685365
1298.91570165273
1311.28944173283
1301.00384319186
1298.46409268797
1285.07898589931
1324.95207460496
1270.85010917889
1253.79304512348
1217.38983074445
1201.06161374011
1192.11660503493
1255.12828029648
1317.9070528683
1314.00837135842
1302.40469900872
1311.77322735296
1292.36488655488
1275.78564030169
1305.52939453694
1307.77482771309
1238.392102688
1221.89279398808
1250.79894467496
1269.94133722783
1347.1603468036
1314.30019401962
1262.22105829367
1203.56096646576
1233.03609030717
1245.26583507298
1217.36970555374
1196.01086951583
1198.16985440296
1297.27637764664
1297.34343949472
1341.6571842315
1308.31303593597
1297.15072370176
1238.52654392225
1205.90007877933
1163.75298066213
1193.16595660453
1204.27114886972
1233.80022694114
1298.68933929558
1286.28534936848
1232.83453877639
1052.57493794979
1259.2930556467
1260.88936866007
1204.40483227194
1225.19712699631
1289.26141647069
1269.15010932513
1233.92463303072
1213.81300042469
1190.61454719821
1128.45513867411
1239.18804061369
1256.23922880954
1231.6070802005
1174.11370829234
1178.60468351352
1269.30571573597
1287.21404591466
1265.81120235207
1214.52665676798
1171.43160278353
1215.2501800041
1230.49217795157
1236.37817839041
1320.3003446186
1282.23281817305
1243.94654225975
1197.27774555447
1171.21304637542
1094.50262676706
1214.2005600394
1333.26854009236
1319.42828528117
1271.46254368739
1200.03624945249
1146.22598120964
1253.13447003903
1263.35861892022
1206.52476145332
1199.99791666486
1244.72366411184
1233.39896221782
1182.13577900341
1201.16651634984
1202.20089835268
1261.17921010458
1260.17816200726
1239.98951608471
1207.73424229008
1082.27445687312
1151.93663020151
1253.02075002771
1274.13303857957
1247.48386763116
1209.49121534635
1191.602282643
1182.60982576672
1183.96030338859
1169.29765243928
1248.56037098732
1288.67645279954
1296.3680033077
1282.42660608707
1281.05152121216
1266.15283437664
1243.3917323193
1211.20064398926
1187.71629609095
1168.14725099193
1228.97925124878
1291.55952243789
1308.62141202106
1252.93535347998
1201.34174987803
1182.33793815474
1168.51144624261
1173.19009542358
1221.15273410004
1247.04290222911
1225.19141361666
1243.32578192524
1281.24236583091
1280.22615189661
1261.6417875134
1248.06049532865
1262.28126818075
1282.4172487923
1273.47791500285
1240.2794040054
1212.7679085464
1283.70440522731
1253.49790586183
1205.28959175793
1207.48126279458
1272.65902739108
1294.29324343442
1267.09825980466
1228.54344652519
1271.07434873024
1327.82039448112
1294.56131565871
1323.079362699
1316.32252886593
1282.32835108641
1231.52994279473
1194.3412410195
1141.35226814512
1312.47819029499
1296.83499335883
1250.37234454382
1193.65866142713
1193.82829586168
1153.99956672436
1170.65750755718
1210.71012220102
1248.36092537375
1295.61761334122
1271.54315695536
1220.24956463832
1175.31485143344
1205.48662373334
1215.95435769604
1237.59161277055
1296.36916038604
1322.14182295244
1304.03182476502
1313.65444466953
1300.72941075383
1256.01154453293
1261.34452073967
1235.97127798343
1232.30556275625
1309.28339178346
1300.88662073218
1322.08169187838
1326.57265161016
1254.35042950525
1211.52011951928
1161.58297163827
1133.71336765516
1158.86884503813
1207.12675390781
1252.31425768455
1246.79709656383
1282.20825141628
1281.56232778589
1291.70662303791
1314.99467679531
1331.19457631107
1323.64572299388
1287.34960286629
1297.33149194799
1310.85849732151
1302.95587031948
1285.19492684962
1274.09968212852
1249.34302735478
1234.12600653256
1209.3709108458
1249.00640510768
1252.44520838239
1292.55212660844
1307.89257968688
1297.64478960924
1281.74451432413
1219.85204020816
1205.54925241568
1180.79210701969
1179.10771348507
1171.42946864077
1332.56331932107
1311.33405355005
1238.41148250491
1204.94688679626
1163.1289696332
1180.89923363511
1287.48475719132
1292.11183726487
1257.71697929224
1253.53181052576
1271.30641467744
1327.77031146204
1323.58792681106
1303.20911599022
1338.65230735991
1286.8480873825
1274.28332799264
1245.56091781976
1220.69652248214
1158.36695394853
1180.67353658833
1185.92790674644
1189.64574558984
1289.1923828506
1200.34578351407
1332.11073113311
1286.52905136262
1317.86266355793
1294.97567544723
1250.8740943836
1283.87382557633
1260.74541442751
1223.61431832093
1255.4234345431
1251.3612587898
1256.88026478261
1261.27950907006
1233.63487304794
1233.16746632402
1184.67928149352
1169.19972630856
1200.68355531339
1261.10308856969
1293.09628411809
1303.04527933606
1339.19304060318
1370.86578482359
1340.30593522524
1314.19252775231
1305.2900060906
1306.90091437721
1309.05653048293
1309.32578069784
1235.77060978161
1155.98226629996
1108.35418526751
1148.62308874583
1181.23875656025
1189.08662426251
1181.69623846401
1167.80178112555
1165.32613460782
1172.66661929126
1247.53757458443
1258.06279652488
1254.87130814279
1278.63755615108
1253.50309134042
1184.44923909807
1186.15260401012
1203.27054314481
1200.84345357753
1205.34891214121
1229.58326273579
1259.66860721382
1275.72802744159
1299.7595931556
1348.73978216704
1336.33603558386
1286.7408441485
1290.55763141365
1291.06738786169
1320.03181779834
1334.85654659967
1378.10231840745
1331.82656528544
1316.16298382837
1293.6232063472
1284.98093371069
1296.24650433473
1233.545297101
1222.20211094565
1246.58694040969
1284.71436514114
1304.47039061835
1317.50445919549
1326.36872701372
1333.22728744952
1334.8037308908
1346.35767907343
1338.67359725962
1327.3304034791
1322.57060303033
1271.55062817019
1244.14066728807
1260.59152781541
1257.66211678654
1315.35318450977
1290.6916750332
1256.63916857625
1222.57147030347
1193.38929105301
1074.4431115699
1140.76290262263
1311.28067170991
1320.72025804104
1226.53740260948
1187.56094580447
1155.06579899156
1283.92601032926
1291.12431624534
1298.77288237782
1265.28060128969
1192.03062041208
1230.17275209622
1228.18076845389
1306.60590845136
1320.46128303711
1310.78716807878
1302.70411068669
1302.14668912531
1263.56242425928
1252.62085245297
1307.73009447669
1303.67403901435
1292.61363136863
1308.6057465868
1284.81204851138
1248.28482326751
1308.81434894335
1308.13416743085
1256.63479181503
1256.53452001925
1235.81026051737
1283.42471536121
1293.09744412399
1279.13447299336
1263.2505689688
1257.69233121618
1292.24726736024
1314.02359187345
1314.13355485658
1303.42433612389
1283.11573912878
1236.03842982328
1212.18397943547
1189.1555827561
1156.01557082939
1243.38610254418
1286.55781059383
1245.04859342919
1199.25810399597
1234.52460485808
1256.9176584009
1250.77975679174
1223.53545105976
1296.84386107195
1284.09267578318
1233.57772353427
1284.63379996013
1291.72017093487
1314.97072210753
1332.76404513327
1298.62619717916
1341.07941599295
1260.34082691945
1258.75930979675
1248.30885601281
1243.70494893282
1242.25077983473
1257.14676947443
1242.33248367738
1308.79944987763
1308.3818250037
1322.08396102517
1313.95966452551
1329.15988504017
1331.79840816844
1339.5032661401
1338.76248827042
1325.20451251873
1305.90428439453
1284.49250679013
1285.45945093573
1273.26116723946
1238.18576958387
1183.78503116064
1242.81052457726
1320.51542967131
1321.7961264885
1304.48073960484
1278.08958997404
1280.52567330765
1239.71206334374
1272.49754420195
1291.46815678901
1257.78495777299
1219.02378975966
1287.33406697718
1292.74359406651
1249.73197126424
1218.30784287059
1201.99875207922
1209.16748219591
1196.79154408777
1238.64159465117
1262.8622252645
1223.69195470102
1188.24660740101
1195.30038065751
1194.23825093655
1193.53801782767
1242.03985443302
1297.0801825639
1302.98273204214
1323.87461641955
1291.6973329693
1284.89843956633
1260.71051395632
1227.62290627049
1221.22233847895
1296.01620360241
1281.64659715539
1239.34740892132
1247.51793574281
1253.4452520952
1309.99618320055
1319.04131853403
1316.85306697444
1319.23045750165
1308.91137973508
1278.89405346964
1259.82498784553
1298.80098552473
1302.88142207954
1267.89707784189
1263.53709878262
1232.21142666346
1286.55625605723
1293.28651117995
1268.25036960373
1192.28562014309
1233.01946456656
1258.63259134666
1321.05185363785
1308.66573272169
1265.06679665542
1260.98176037562
1222.12519816916
1248.54595430044
1298.67740413083
1334.39911570714
1295.09343292289
1204.96680452202
1158.54866104105
1232.52667313937
1225.97960831329
1230.81355208659
1299.79344512888
1301.23441393163
1256.12021717668
1201.16027240331
1236.03357559574
1237.11883018569
1294.15686838961
1250.70140321341
1266.25194965299
1230.54906444237
1258.70052037806
1257.11256457009
1213.11705947942
1172.346365201
1240.51078189591
1278.77832324449
1239.13276124877
1211.86055303405
1185.47332319205
1196.5471156624
1182.53160634293
1255.93590600795
1302.31985318508
1307.34769667445
1320.37532542834
1256.48875840574
1248.31005763793
1241.69158811679
1221.25099795251
1243.42510831976
1263.58616643267
1249.91079681712
1311.90624665027
1316.98785112088
1216.30464933749
1202.57141160099
1179.0224764609
1181.09356106957
1190.96557464941
1180.40247373512
1246.39801026799
1236.72874956475
1235.18338719398
1215.22713926245
1178.88845952448
1172.93392823296
1172.52249445373
1177.83742511435
1184.69363128194
1185.35564283467
1185.52520006957
1194.56017010446
1203.2098736297
1257.40287895328
1314.95399159058
1311.62913965801
1268.01971593505
1222.42668491816
1150.38515289446
1168.98502984427
1194.01758781016
1197.70280119903
1199.01751446757
1212.70895106781
1259.08419098963
1303.47573817083
1335.49429051569
1329.04251248784
1324.44025912836
1305.40759918119
1243.18100049832
1217.16925692362
1184.2655952108
1187.59673290221
1186.4851452926
1189.3401531942
1196.62525462235
1201.96297779923
1204.97053905894
1216.25819627249
1231.56648216814
1228.15389915108
1234.33828426408
1235.24370065182
1240.19716174486
1252.24039225701
1271.08929662711
1316.67497887672
1300.65637275954
1266.56306593868
1071.95102500068
1113.8990079895
1299.2201507058
1333.50628045015
1267.54171528988
1198.44482559691
1248.81824137862
1272.82952511324
1250.8808896134
1282.76849041439
1316.10485904429
1309.80532904703
1278.05242458985
1275.96786793399
1266.34355528032
1268.87706260299
1300.26381938436
1329.00112866769
1323.74468837461
1301.32048320158
1234.85910127431
1250.89847709556
1277.97065694013
1275.67981876331
1251.72241331695
1214.55423921701
1187.7095604566
1124.86399177856
1137.81676908015
1237.61908517928
1218.43424114722
1230.39668400073
1183.10354576427
1151.87325691675
1143.76658457921
1160.92764632427
1180.53589526113
1186.85171778112
1179.44139320273
1169.26643670294
1168.51529728968
1299.26094376765
1267.3819471651
1200.64149520163
1145.64174155798
1140.37844595555
1198.4231306179
1258.19632808239
1206.13639361392
1230.11503527109
1225.95065153537
1245.13814494617
1211.23490702671
1129.79732695736
1154.13300793279
1202.76473177426
1197.48110632277
1281.61889811285
1297.15958925646
1273.29258224494
1274.92313493795
1307.12853231807
1359.2931986882
1373.48134315687
1360.91403108352
1319.79543869495
1339.62308131803
1320.83193480473
1334.13117795815
1345.25871117789
1354.16136409218
1327.94954723438
1294.61615933063
1262.27374210193
1244.25801182874
1283.45432330099
1284.94863710578
1264.16098658359
1241.27152549311
1275.84481814992
1282.05070102551
1237.46757533278
1224.81427163468
1202.83830999848
1156.00389272701
1172.53656659398
1194.35882380464
1215.15595706889
1265.70889228132
1270.5494874266
1237.27401977088
1208.43286946359
1179.16962308228
1212.80089050099
1216.88290315872
1205.25806365276
1184.70671476108
1161.28635572799
1173.37675109063
1180.36858650169
1222.79147854407
1272.63427582318
1265.52637270031
1231.1892624613
1184.59613370971
1138.62153501504
961.127462930906
1072.04430878579
1145.91230030923
1171.88224664426
1194.79161362976
1176.51264336598
1148.55779131918
1225.98776502867
1237.42070453019
1273.89913258468
1274.91215383649
1310.26447711903
1304.17138444301
1278.07081180974
1301.49721474923
1282.50614033618
1303.23520517211
1331.17053753454
1279.83202022765
1189.66591949169
1157.92486802901
1168.10059498315
1233.7041784804
1295.60873723513
1295.42772859006
1293.01392103875
1309.15354332485
1325.46708748275
1318.11797651045
1309.76448264564
1286.2818509176
1293.22774483074
1264.22664107351
1229.84633186427
1239.40509923108
1287.77870769787
1060.13112396533
1283.20302368721
1267.64269413743
1290.37513925215
1338.43229189974
1336.48905719426
1309.45408472386
1265.51728553979
1226.98288496621
1208.5470615578
1254.14153906168
1298.60040043117
1294.55783957303
1267.70580183259
1238.91484775993
1259.8821373446
1265.90718459135
1247.71190585006
1267.73774890551
1319.20847480601
1285.53879754755
1215.90213421969
1194.9313787829
1174.7348637033
1223.35154391532
1263.93393814709
1239.75925082251
1212.74111004781
1196.51702871292
1189.34183479772
1197.8722803371
1226.65887678686
1271.26197142839
1289.85503061391
1334.12668064168
1317.14274093585
1296.0532396472
1265.68795522435
1213.93615977118
1199.79706617411
1177.69011204136
1272.18945130039
1288.85336636873
1286.75133572886
1287.7010522633
1315.86169486006
1332.79818427247
1297.25672093075
1210.59943829493
1260.41382093343
1238.29923685675
1270.76000881362
1266.83384861631
1239.30424028969
1267.59181127049
1293.17168233765
1263.20623810999
1205.84202945494
1235.76292224682
1279.8554605892
1275.93495132001
1235.02267185667
1193.46763676272
1137.09850057064
1144.19316551009
1211.15894910619
1236.31953798361
1229.83820074024
1203.66814363428
1167.68702998706
1169.51485668203
1224.77589786867
1253.04349485563
1264.06724504672
1297.13299241057
1321.16993607938
1276.95183934242
1203.04738061308
1189.817633085
1215.79726928465
1249.88999515957
1246.08346429924
1255.58313145725
1256.31007319053
1303.44313262988
1321.18961546025
1299.7572850344
1226.66417572211
1232.05478774282
1242.94368335818
1254.15070864709
1252.48832329886
1230.10609298548
1204.90290065216
1244.07154135122
1293.9744974303
1282.69014185032
1275.16665577484
1316.64953575354
1311.24139653994
1279.40103173321
1333.30829143151
1284.19897212231
1230.29630577353
1256.61211199001
1276.05564142008
1303.40515573631
1296.90978869002
1299.93269056517
1279.17434308229
1288.02678543577
1301.81219843724
1266.17968709026
1223.49417652885
1205.92785853881
1203.84218234784
1279.494040627
1285.01673140858
1332.56219367052
1338.74306720894
1068.12967377561
1304.79193743677
1296.39654427185
1235.39548323604
1225.12570783573
1182.78823125697
1189.04205140104
1247.50310620856
1265.82818739353
1244.63086897281
1214.11284483774
1163.37526189962
1146.65818795315
1192.75060259888
1201.63305547076
1198.64840549679
1181.50878117769
1175.59389246457
1180.06737095812
1224.78283789413
1295.06524932144
1304.39832873245
1294.73240478487
1269.30768531511
1181.25695765147
1202.23417020146
1253.38501666487
1241.61588263037
1277.90257844642
1292.62987742045
1294.9930501744
1286.66973229341
1304.82987396825
1315.93692857979
1314.31959583657
1311.75226319607
1325.81974642106
1328.5078095367
1338.10238771179
1344.45416433585
1326.51347524252
1305.80358400488
1244.09244029533
1199.92916457598
1164.65230863121
1168.86183956873
1227.93525887972
1302.49222646433
1237.60656106858
1191.61654906266
1130.51094643086
1168.13098580596
1251.2289958277
1277.36134276876
1318.82675132104
1316.31759085716
1322.61294413748
1227.64978719503
1193.8772968777
1219.74505532919
1176.9120612858
1237.66190860024
1238.95076576916
1326.41622426748
1332.45300104732
1325.84953897492
1350.25071745954
1349.75368123225
1324.68147114693
1328.44457919779
1282.2768811766
1244.75981618945
1251.53945203497
1218.84494501967
1196.27129030166
1254.56924878621
1306.06737957886
1291.22151469064
1302.48761990278
1341.43989802003
1313.58288661203
1310.93287394893
1269.63262402949
1273.97370459519
1275.05411649859
1240.02459653025
1264.72012714276
1238.04967590158
1237.641709058
1217.69741725931
1252.82760186707
1242.84874381398
1268.45535987673
1250.97801739279
1218.90278529504
1238.90556540844
1261.13877111125
1287.00233100022
1281.77728174594
1273.47555924721
1271.5777601075
1265.21895338317
1282.55799089164
1271.00196695363
1223.4549440008
1222.80865224286
1179.73471594253
1152.34977328934
1325.09358160094
1303.83856362665
1223.3993624324
1211.20931304213
1224.71833496523
1200.37410835123
1193.08884832606
1207.31810224149
1276.22646893097
1258.04371943109
1188.34086019122
1233.6604070813
1240.43057040691
1240.1761971591
1208.21438494996
1278.91125571714
1265.12410458421
1213.78540113152
1187.25987045802
1150.51336367728
1230.67176777563
1204.98257248808
1293.22078548096
1306.9514145522
1312.56771253905
1310.90274238786
1362.81620184088
1339.10492494054
1314.06658887592
1316.36545077725
1310.07404370898
1288.39978267617
1256.43065865172
1214.48507607134
1190.2117458671
1057.91303990451
1122.92208100117
1150.65807258282
1205.38914878142
1317.0888352727
1307.86123117095
1264.28240516113
1295.91434902157
1305.4907123377
1294.66636628901
1324.55728452944
1288.57557015489
1169.26771955784
1153.69016637917
1144.26308163813
1155.27269508112
1170.74719730606
1221.42294067207
1250.03199959041
1243.42028292931
1231.0280256761
1283.86019488105
1298.84025191707
1295.37291927846
1308.53009136206
1322.02382731931
1287.94099243715
1239.29132975261
1186.64990624868
1187.17816691514
1155.16665464339
1199.7474734293
1221.67712592158
1237.35888084258
1299.11585318631
1312.21415935052
1306.47770742558
1277.02075159333
1259.4800514498
1238.73241662596
1170.40762130123
1197.3278581909
1258.24441186917
1282.06942089732
1290.81873243302
1275.89772317377
1030.53626816333
1288.05978122135
1261.44441019016
1267.91009144971
1279.22867384999
1285.74569802897
1279.43776714618
1258.22652968374
1237.92285704724
1215.96134806991
1264.09928407542
1304.6401802796
1264.96126422907
1207.85967728044
1200.85552836301
1172.62525983368
1205.00954353067
1213.79940682141
1231.29444082234
1229.93048584056
1218.69807581698
1222.49049076056
1224.84447992388
1339.03920779042
1345.42706974403
1185.23204479123
1134.65633563648
1120.89294760918
1138.55742059854
1252.36057108167
1293.15350983555
1294.85481811669
1297.44942097948
1306.83319517068
1302.42773311996
1276.91738182233
1227.92019284642
1185.40752486223
1174.20654060519
1161.02799277192
1154.761880216
1154.40287594929
1158.15327137646
1159.39811971557
1162.08949741403
1159.67193636821
1159.86766486526
1158.98144937699
1161.42068175145
1163.38557666837
1163.13111900594
1164.12284575126
1165.85676650264
1170.10726004072
1175.19998298162
1177.66676101519
1206.72532085807
1278.86003925371
1286.17339422023
1232.12864588078
1210.53996216564
1195.81394873952
1187.60557425435
1195.51578826881
1201.54192602672
1203.41389388689
1196.01421396236
1165.92538354733
1163.18313261498
1170.22262839171
1174.64973502743
1231.71831195286
1223.66376100627
1187.25987045802
1225.31750987244
1245.33931119193
1209.80081005098
1158.29832081377
1176.65203012615
1174.45391565612
1237.50151515059
1325.07207351148
1317.03530704382
1223.88316435843
1217.21115670207
1174.41219339719
1232.33315300693
1245.45935300996
1273.96310778609
1269.43373202385
1254.09170318601
1185.72973311796
1168.12970170268
1153.55667394368
1193.91205706283
1028.27671373031
1214.15690913489
1259.61382971131
1255.07131271494
1271.58051259053
1246.66515151423
1200.21498074303
1176.26570127671
1260.01547609543
1264.65647509511
1229.88210817135
1269.48375334228
1205.13526211791
1241.03102298049
1212.66400952613
1213.7932278605
1268.18807753424
1230.30199544665
1199.28478686257
1258.32070633841
1264.5916336905
1301.60785185093
1293.39630430893
1258.60796120158
1221.55679360396
1138.34572955671
1234.6201845102
1220.95208751204
1222.07692065598
1200.25039054357
1174.06260480436
1164.97982815154
1181.24468252771
1196.46562842398
1206.81274438083
1213.00041220108
1222.76285517675
1226.30298050686
1219.85204020816
1209.20676478425
1192.77365832751
1189.82099494
1240.64297845915
1242.23910741854
1241.1970028968
1253.60520101027
1225.01999983674
1234.07819849473
1224.839581333
1249.67555789493
1208.58967395887
1177.93802893022
1237.51848471043
1235.26879665925
1201.7329154184
1174.56715431686
1190.63260496259
1261.51892573992
1324.60786650238
1323.79076896615
1255.65918943
1226.63727319856
1191.40505286825
1209.4130807958
1247.09261885395
1273.68991516774
1285.20582009264
1314.47898423672
1321.15631172091
1301.21865956495
1290.5405844064
1309.46668533415
1349.93222052072
1307.42992164016
1235.95347808888
1182.20979525632
1150.11173370243
1249.9111968456
1327.77219431648
1330.46345308693
1269.95866074451
1185.33159917383
1255.07649169284
1320.30261682692
1279.67691234936
1276.30952358744
1258.59683775226
1275.56967665432
1258.29328854604
1241.97665034412
1208.35549404966
1249.07125497307
1252.77052966615
1219.14478221416
1165.64917535252
1273.38878587806
1227.83427220452
1215.10287630307
1183.58523140499
1318.82409744439
1313.10395628069
1246.0951007046
1183.97550650341
1086.72121539979
1169.93845992001
1262.40484789944
1301.39809435852
1317.07327055103
1297.22742801715
1278.92884868549
1271.48495862122
1276.69416854625
1270.2428901592
1317.32000668023
1301.65625262586
1306.88178501347
1290.31546530296
1337.66139213181
1338.57162677236
1298.6385178332
1258.24798827576
1248.17066140813
1230.26907625934
1226.73917358174
1216.21461921817
1167.53286891633
1177.29605452494
1182.62166393145
1183.01267956011
1175.24422993691
1178.10992695928
1189.01892331451
1256.01871005173
1239.9149164358
1204.52521766877
1241.66058164057
1273.69462588173
1253.55973132516
1221.26573684846
1196.80950865207
1230.23005978557
1221.57725912036
1269.01930639372
1283.3257575534
1310.58689143452
1298.07049115216
1300.22421143432
1308.44373207257
1292.71149140092
1259.0548042083
1274.53364019943
1254.99721115228
1224.64647960136
1231.96063248791
1242.66890200085
1220.27947618568
1312.15547859238
1310.83942571163
1328.82316355488
1323.42812422889
1294.27779089344
1220.82799771303
1206.80155783791
1228.59716750447
1234.97165959385
1242.11191122217
1285.98328138433
1299.53722532292
1274.8011609659
1228.09038755297
1231.2554568407
1312.73797842525
1319.59463472689
1318.23290810084
1315.51510823707
1319.10158820312
1296.31863366998
1274.54815522992
1284.15614315394
1353.30595210396
1308.10894041743
1272.33132477354
1232.07873125056
1210.67832226401
1190.57087147301
1301.02882366226
1312.4488561464
1226.88304251057
1175.38164014928
1180.43932499727
1204.23004446825
1216.44194271654
1263.91732324547
1299.89422646614
1333.65100382371
1319.74164138289
1317.59212201652
1336.9132357786
1339.22029554514
1325.72282170897
1348.93217027395
1346.11292245487
1305.95176021169
1279.24313560793
1288.78780254936
1261.28268044876
1241.17605519926
1223.83945025481
1253.80620512103
1236.5686394212
1257.40168601764
1288.82388246028
1300.96541076233
1317.58301446247
1273.37936216981
1230.47104801373
1290.27167681849
1306.67937918986
1348.57146640436
1336.70340764135
1284.95058270737
1298.78789646347
1264.28991928276
1224.71506890378
1194.29435232693
1212.113031033
1220.3413456898
1285.65897500076
1320.49839076009
1328.7185556016
1313.21818446136
1271.41456653603
1227.61028017853
1212.94270268632
1168.44640441913
1185.2839322289
1172.23973657269
1165.29953230918
1167.07797511563
1174.97361672507
1181.2103961615
1246.7678212081
1304.75859836216
1297.99460707662
1245.95425277175
1186.47081717167
1151.72826656291
1235.09432838144
1279.4533989169
1300.83742258593
1269.74564382005
1211.12220688087
1161.47750731557
1144.50163826881
1162.50462364672
1180.71630800968
1184.31119221259
1180.00296609797
1176.59721230334
1173.99361156695
1219.32604335346
1245.64441153967
1268.82347077913
1302.51333966298
1323.17156861837
1307.65362386222
1291.32683701687
1229.110654091
1199.75289122386
1179.05597831486
1285
1312.37075554128
1290.49757845569
1261.60770447869
1269.05082640531
1305.34401595901
1316.10068003933
1279.79803094082
1277.07204182066
1241.02095066925
1180.6159409393
1153.95623833835
1178.41164284812
1270.05432954657
1274.93921423729
1262.59851100815
1228.04926611272
1238.83090048642
1252.41247199156
1280.92817909514
1312.76997223428
1307.26699644717
1237.91316335194
1194.0004187604
1174.41687658174
1172.83204253636
1168.2893477217
1245.2112270615
1304.2304244266
1248.94595559616
1203.24187094698
1188.98990744245
1196.8107619837
1220.77966890017
1243.97588401062
1262.76601157934
1292.43568505361
1322.69308609367
1313.20409685624
1286.74900427395
1209.52966065326
1219.22147290802
1277.96244076264
1322.31388104338
1302.5344525194
1331.34893998531
1316.88534049096
1325.55988171037
1327.45433066452
1283.68804621684
1139.66486301895
1150.41905408421
1185.75123866686
1191.73612851168
1216.76908244745
1256.62961925939
1274.40927491917
1269.51762492689
1258.39858550461
1321.30957765393
1322.08585197785
1243.12710532753
1200.03291621522
1166.23711139716
1175.03659517481
1261.66913253832
1229.56008393246
1248.60922629941
1256.6694076009
1314.13621820571
1306.697363585
1307.92698572971
1293.71789815245
1253.53340601677
1223.46802164993
1189.38303334124
1242.82742164791
1245.71545707678
1220.09425865381
1260.21625128388
1299.69996537662
1273.2293587567
1215.39499752138
1182.82500819014
1195.44343237144
1239.77699607631
1298.21223226405
1307.29491699463
1339.74400539805
1350.93486149407
1393.80701677097
1357.94329778529
1350.49324322634
1360.01397051648
1311.83573666828
1308.05810268505
1279.1630075952
1264.19341874572
1232.63822754286
1355.2379864806
1336.12686523399
1307.66471237852
1281.87518893221
1327.76654574515
1317.31317460959
1363.22118528139
1378.38274800579
1329.68793331368
1234.68943463529
1166.64176163894
1147.0318217033
1245.43887846815
1311.33596000415
1275.37171052207
1224.81957855025
1247.43176166073
1226.42407021389
1263.16982231211
1247.34357736752
1289.86898559505
1299.15934357568
1272.57612738885
1255.25734413307
1351.67303738737
1367.4914990595
1334.73218287415
1275.55086139283
1239.87781656097
1176.73149018797
1186.96124620815
1182.79964491033
1244.99718875185
1274.23624183273
1253.9736839344
1210.50774470881
1266.62030616914
1289.01978262554
1240.55713290441
1204.23834850083
1085.51876998972
1107.09620178194
1165.46943331861
1186.55973300968
1210.57217876507
1247.92748186744
1294.30792317748
1279.45496208346
1283.50847289763
1293.71983056611
1305.51675592464
1278.05242458985
1249.9351983203
1322.90551438869
1352.93532735309
1304.27527769256
1229.89023900509
1196.27463402013
1152.96574103483
1231.64361728545
1263.78360489445
1309.27995478431
1310.1141171669
1309.09472537323
1266.59425231603
1258.067963188
1274.36964810058
1289.97751918396
1238.24311021705
1205.96724665308
1194.87698111563
1245.17749738742
1277.37582566761
1296.95759375548
1271.37641947615
1245.53241627828
1309.79387691346
1309.75913816243
1284.56841001171
1323.401299682
1259.75831015318
1301.78684891191
1308.85025881496
1304.94367694548
1335.97380213835
1062.85699884792
1283.77490238749
1264.38206251117
1214.46572615286
1233.27896276552
1246.05537597653
1255.61339591452
1221.91243548791
1193.49780058448
1177.55254659824
1170.54389067647
1212.49247420345
1268.89361256175
1265.98815160332
1236.73077102496
1216.20269692186
1169.72261669167
1159.16004071914
1281.70394397458
1312.14861963118
1275.55282132885
1214.54312397708
1151.58152121333
1218.72023040565
1287.0198133673
1264.6774292285
1249.60193661822
1271.09362361708
1265.07114424446
1240.18305100497
1233.110295148
1210.40034699268
1188.13509332904
1175.42545488857
1169.2099896939
1269.73422415874
1282.4172487923
1238.51120301756
1198.48529402742
1164.54926903073
1168.74548127469
1201.17650659676
1178.72897648272
1241.30254168756
1278.6559349567
1301.02344329378
1273.55918590382
1233.11434992867
1225.78097554172
1231.52425879477
1278.41346989149
1233.48976485417
1195.04476903587
1199.02668861039
1208.73570312124
1224.99836734585
1227.42902035108
1187.72387363394
1249.07765971536
1274.40299748549
1284.80543274069
1306.40766991012
1311.47817366512
1310.52279644423
1274.40260514486
1283.59806793248
1314.00380516953
1249.20014409221
1192.9119833416
1249.47268877715
1212.43020417672
1265.57338783652
1275.57634032621
1277.13938158683
1283.89368718753
1320.95685016582
1313.03274902037
1326.58395889593
1318.70428830728
1319.63972356094
1290.86986175989
1365.69323056095
1375.3199627723
1353.35472068486
1337.97309389987
1319.24448075404
1298.36897683209
1269.13671446381
1200.97335524149
1154.06022373185
1204.65513737335
1271.04248552124
1304.59610608035
1241.70568171367
1194.46808245344
1188.39261189221
1147.98432045041
1178.76545589019
1176.42126808384
1198.92076468798
1225.16488686217
1276.15085315177
1300.99923136026
1344.43445359006
1352.33649658656
1318.61404512465
1317.81523742898
1313.24064816773
1347.90615400331
1366.516007956
1347.92507210156
1345.13196378645
1323.77717158138
1319.95378706984
1271.78378665558
1180.40840390095
1166.52303877806
1186.11888105704
1171.35434433821
1244.18768680613
1268.09423940021
1282.46091558378
1298.01733424481
1216.50277434949
1165.17251941504
1120.61724063125
1142.3370780991
1167.05269803895
1176.78460221062
1170.94192853446
1160.19222545232
1160.80963124881
1254.6955806091
1306.550037312
1280.84464319448
1244.5906957711
1198.38266008817
1181.89128095608
1184.65817854772
1187.61020541253
1187.29061311879
1238.00646201868
1278.97380739404
1293.62977702278
1291.09488419713
1273.47320348722
1290.70484619839
1324.08798801288
1327.10738073451
1336.38243029456
1349.27647278088
1354.93320868595
1324.93848913827
1256.68890342837
1224.30510903124
1203.24561083762
1274.34571447469
1275.94082934907
1256.21057152056
1218.54749599677
1227.03952666571
1244.80078727482
1247.73995688204
1209.98595033166
1172.97357173979
1150.81623207183
1174.34960722947
1180.55961306492
1181.38816652276
1176.68772407976
1171.38635812442
1171.6082963175
1174.37600452325
1237.10670517947
1246.86647240192
1241.00684929617
1224.55624615613
1192.18958223933
1208.52099692144
1205.76034102968
1243.30125070314
1278.64107551729
1308.68101537388
1328.17205210771
1319.34491320503
1319.29867732822
1267.41429690532
1251.8366506857
1277.7781497584
1257.16904193509
1254.36119200173
1269.09140726742
1294.87837266671
1273.90698247557
1232.94565979203
1209.65862953149
1235.83251292398
1259.54952264689
1256.66741821375
1251.09072412835
1229.20665471677
1206.71040436386
1186.06492233773
1190.9643151665
1173.57189809572
1239.11056810924
1287.2746404711
1300.33918652019
1273.92621450381
1210.08883971385
1172.1864186212
1160.09956469262
1209.85618980109
1244.39905175149
1002.88085035063
1277.43023292859
1312.10632191145
1319.63100903245
1281.62631059135
1289.82944608968
1325.29958877229
1309.91068397811
1282.69793794174
1308.8246635818
1268.49753645799
1187.26155500799
1220.17498745057
1215.50894690249
1270.23423036856
1329.73794410779
1302.16166431054
1311.13729258228
1253.25137143352
1213.53121097069
1214.41920274673
1223.07317851386
1282.6141274756
1326.18965461204
1369.06829632418
1364.02089426812
1358.59596643005
1296.88588549648
1304.39181230181
1303.08019707154
1318.036038961
1332.31377685589
1343.6852309972
1333.96289303713
1307.80503134068
1287.32008451667
1232.44066794309
1194.37640633094
1284.60655455279
1272.15014837086
1285.65586375204
1242.07246165431
1257.34084479905
1312.88422947341
1331.25730044947
1333.07389142538
1316.39279852178
1271.49950845449
1315.20644767276
1269.33919816572
1237.28210202847
1213.95139935666
1214.09801910719
1191.67990668636
1186.39917397139
1168.68943693353
1157.67266530743
1163.66275183147
1173.32476322628
1181.46053679334
1276.30991534188
1283.18042379082
1262.98614402534
1286.08903268786
1276.82340204118
1291.86725324238
1313.57984150184
1344.63749761785
1302.07603464621
1214.33067983972
1248.3689358519
1197.84681825349
1229.27661655138
1268.52236874247
1290.64053864738
1299.64879871448
1316.30125731156
1326.15496832007
1306.66062923775
1322.48062367658
1330.28568360334
1330.13345195134
1290.20385986091
1303.1860956901
1270.32909122007
1294.15068674401
1308.10626479656
1274.96431322606
1279.92460715466
1209.42176266181
1294.58642044477
1284.43489519711
1284.73421375785
1264.2733090594
1223.82841934644
1157.2575340001
1189.99915966357
1234.40228450858
1258.40891605233
1276.35770848144
1332.38845686984
1328.83595676818
1325.94042098429
1324.91358208753
1293.00734723357
1251.78432647162
1304.96130210823
1310.63839406604
1232.04139540845
1187.76007678319
1234.53837526421
1272.78474220899
1286.71092324578
1331.16715704678
1259.75354732583
1307.12049941847
1296.11959324748
1288.10791473385
1287.5037864022
1230.09511827338
1262.73631451701
1264.90908764227
1283.32030296415
1322.66775873611
1381.28092725557
1339.88805502549
1343.82848607998
1322.20270760576
1287.03962642958
1231.83683984528
1207.59637296574
1299.8157561747
1332.74791314787
1296.70582631528
1267.80519008245
1278.09193722517
1249.96239943448
1228.08305908029
1239.09281331142
1230.96994276871
1243.88464095349
1294.47479697366
1320.06249852043
1080.58641486926
1349.33020421245
1331.8284424054
1289.23620799293
1211.00454169256
1190.19746260862
1196.95781045115
1214.04983423252
1217.49045170794
1290.79277965133
1315.46873775092
1336.05913042799
1344.0825867483
1309.25971449518
1320.58964103161
1337.48644852948
1331.38837309029
1342.45707566387
1350.00629628161
1363.21531681536
1323.1413378774
1239.77820597073
1178.53171361657
1192.73718815169
1193.38887207817
967.124604174664
1254.10206921127
1291.90324715127
1314.13203294037
1292.97757134453
1236.51930838139
1236.48251099642
1218.49989741485
1251.32929319184
1279.86014861
1325.39578994352
1353.45446912706
1350.76644909474
1315.55501595334
1285.09493812714
1249.49189673243
1254.43014951013
1239.11339271271
1233.92868513541
1291.19711895589
1315.03041789915
1300.75132135239
1285.804028614
1318.74789099357
1328.14682923237
1307.02295312668
1289.86665977534
1280.77437513404
1262.26383929827
1271.06805482633
1280.09804312014
1299.6995806724
1318.11304522791
1330.20449555698
1317.65928828358
1303.85466981562
1292.52350075347
1327.59368784278
1296.00694442584
1313.42795767412
1311.67145276552
1307.17290363593
1315.40640107915
1300.85971572649
1261.36196232485
1280.44601604285
1304.67620504093
1173.72867392767
1317.29229861865
1329.08652840964
1336.90612983859
1331.19119588435
1302.7405727926
1308.8242815596
1284.61278212542
1282.81019640475
1247.28585336321
1242.71074671462
1213.44797993157
1179.7364112377
1170.26706353721
1234.01175034924
1270.45110098736
1288.73193488793
1270.33460159125
1234.37514556961
1228.92066464845
1209.69086960264
1222.63608649508
1213.85583987556
1205.16347438843
1195.36228817878
1067.05904241518
1198.00751249731
1260.40271342139
1262.02575251062
1215.19833772105
1169.0945214139
1177.44299225058
1230.48120668298
1305.15707866908
1287.27541730587
1222.76162844604
1179.43333851473
1173.28172234975
1268.42540182701
1301.28743942297
1280.17381632339
1219.44659579663
1212.39886176126
1353.06651721192
1320.4805943292
1261.36473710026
1249.32901991429
1249.95319912387
1288.45760504566
1300.33726394347
1161.34706268195
1265.4165322138
1295.23704394215
1319.80490982569
1326.77013834349
1333.42566346985
1339.75408191205
1300.79706334232
1258.71283460526
1221.10400867412
1221.1904028447
1274.96705839798
1257.46133141342
1300.79437268155
1294.84246146008
1241.11320998529
1154.99783549581
1199.26102246342
1201.30179388861
1203.50862065878
1286.93900399358
1303.38290613311
1261.95443657844
1236.15937483805
1270.8383060012
1277.24312485916
1281.43591334097
1284.70035416824
1268.95665804629
1271.7161633006
1294.49835843851
1257.79847352428
1229.500305002
1231.35616293581
1203.76035821089
1188.61642256869
1181.23283056305
1178.65643849257
1185.40710306628
1188.61642256869
1199.91208011254
1289.80269808991
1281.14441028324
1214.47519530042
1173.59149622004
1167.95590670196
1310.87070300621
1320.18710795099
1278.83618966621
1310.32018987727
1297.4918111495
1340.75724872178
1380.85842865951
1349.29203658808
1303.48379353178
1293.05645661742
1309.36511332783
1262.4531674482
1187.73692373353
1189.2876018861
1206.58775064228
1213.97899487594
1205.26719029433
1245.94422026028
1278.00078247237
1303.9528365704
1323.53692808323
1322.90513643269
1302.36822749943
1296.48177773542
1235.90493161893
1242.41659679835
1244.32913652297
1251.88178355626
1237.24169021255
1258.46454062083
1317.51660331094
1310.09427141714
1281.81277884097
1231.21078617757
1217.40256283614
1212.40174859656
1195.12216948729
1187.04422832513
1244.51476487826
1312.90746056224
1299.11469855437
1268.9160728748
1241.9448457963
1274.85607030755
1333.85868816753
1277.51399209559
1216.17638523366
1156.90708356376
1145.82721210486
1022.73016969287
1181.76308962499
1285.41588600733
1325.052451792
1327.17368870845
1308.91023374409
1337.40569761012
1351.73296179386
1352.87176036755
1324.30170278528
1351.60904110619
1282.17393515856
1221.67016825328
1214.02018105137
1249.05564327615
1256.2571392832
1274.68349012608
1319.75035518086
1336.90463384641
1304.92835052351
1241.80795616714
1235.73298086601
1224.37085884956
1238.88256102021
1253.30682596083
1270.02204705273
1277.67014522528
1293.14461681592
1265.32920617522
1274.22917875867
1279.01602804656
1293.46240764856
1319.31459478018
1320.76606558467
1273.83083649282
1233.5489451173
1283.7402385218
1330.32364483234
1289.66739898316
1267.4008836986
1290.84119859881
1303.18763038942
1296.94757025872
1310.12442157224
1337.51186910621
1353.881087836
1360.74317929578
1375.85246302065
1374.53082904677
1357.76102462841
1357.970176403
1408.52476016576
1363.84126642363
1249.31701341173
1212.30565452777
1177.50329086589
1215.0909430985
1266.74109430459
1308.21366756352
1297.92488226399
1271.30562808477
1253.67659306537
1280.33472185987
1263.20425901752
1309.52395930735
1305.88896924662
1281.99726988789
1336.6648794668
1311.16856277139
1351.79362330202
1388.58273070062
1361.78779551001
1319.10537865631
1298.8202339046
1309.47852216063
1282.62933071094
1286.61066372077
1336.71799568944
1350.70870286676
1322.00529499696
1328.6598511282
1347.19968824224
1323.10657167138
1288.5596610169
1274.54030928802
1269.83069737662
1298.71782924544
1307.5587940892
1320.52603154955
1323.94750651225
1336.32256585003
1328.30229993025
1305.37580795723
1297.76191961392
1363.64328180063
1224.88938276075
1268.9657205772
1208.06539558089
1186.74765641226
1158.21500594665
1238.48576899373
1262.6337552909
1243.83680601597
1225.98246316984
1193.13787971047
1170.66177865342
1163.0128976069
1175.97193844071
1182.97464047206
1183.82304420889
1182.97464047206
1180.54478949339
1180.09109817844
1181.50920436533
1184.78732268707
1183.1479197463
1183.42638131825
1181.61161131736
1182.51849879822
1290.68005330523
1264.94822028413
1206.1712150437
1202.86532912043
1193.655729262
1222.24670177505
1263.69023102974
1293.4415332747
1276.64991285787
1260.7592950282
1282.45545731616
1309.96755685017
1352.34537008857
1340.15931888712
1291.53048744503
1237.13338003628
1212.41164626541
1202.36350576687
1211.11229867424
1190.09327365547
1176.65075532207
1173.2071428354
1176.65882905794
1181.23579356537
1183.38539791566
1183.83191374451
1212.65205232169
1259.00357426022
1298.19875211772
1276.02037601286
1220.1553179821
1136.31949732459
1192.67179056101
1240.80699546706
1270.92840081572
1274.15972311167
1267.54999901385
1264.29782883623
1305.78635312213
1319.10992718575
1293.34102231391
1240.78805603536
1210.47387415012
1297.64825742572
1298.42134917753
1269.45972760068
1245.52800048815
1237.22997053903
1221.52404806455
1237.38029724091
1350.03074039075
1319.47944281069
1292.29253654117
1265.01857693869
1245.64561573507
1226.11663393007
1152.40097188435
1188.10816005951
1197.08312159181
1193.94681623597
1190.82240489504
1273.77313521679
1270.34365429202
1251.95487139114
1273.12175380048
1303.21717299919
1282.89204534131
1259.05599557764
1220.70758169186
1213.34084246761
1190.25333437886
1189.04499494342
1183.5953700484
1177.39500593471
1183.7318108423
1187.31588046316
1292.80895727095
1276.46895771108
1199.36608256195
1140.52137200493
1156.55739157207
1222.98487316892
1320.47339995927
1295.95177379407
1255.26013240284
1242.51438623462
1244.8767007218
1260.73034388802
1275.90399325341
1249.42586814905
1225.40319895127
1250.83172329454
1286.30439632305
1285.804028614
1306.87795910712
1351.56131936365
1342.04880686211
1324.63919615871
1329.62287886453
1307.17443365451
1302.24460067992
1268.06821583068
1300.9588771364
1301.40769937787
1257.28397746889
1281.64191566912
1287.68862695917
1260.23013771295
1242.40452349466
1348.19397714127
1333.19015897958
1334.59469502917
1304.15144826052
1330.50667040793
1317.2353624163
1324.6044692662
1302.47610342762
1258.07591185906
1223.74261999818
1213.49248040521
1200.43533770045
1033.92746360661
1294.66095947935
1282.84956249749
1297.00038550495
1268.8144072322
1308.51709962079
1286.31761241149
1270.95436582121
1261.83754897372
1276.77680116769
1281.07337807012
1269.40970533552
1228.80511066646
1286.65574261338
1275.20155269667
1252.41007661229
1274.43634599771
1285.72392059882
1229.50965835979
1212.79429418183
1160.65584907844
1159.41968242738
1223.93504729622
1295.24978286043
1293.81644756897
1056.34511406074
1323.68878517573
1333.72073538654
1322.31728416443
1310.60062566748
1358.88667665851
1412.71617814761
1357.42071591677
1311.75073851704
1244.644527566
1215.88856397287
1280.36518228199
1317.12527877951
1284.27683931464
1286.24220114254
1278.85886633358
1327.58163590794
1287.54378566323
1240.76387761733
1199.58576183614
1242.42062120684
1254.88684748865
1251.30451929177
1220.80137614601
1183.12171816766
942.602249095556
1227.5736230467
1256.26589542183
1301.44458199341
1278.71615302224
1241.00523770047
1203.48992517594
1207.88658407981
1248.06129657161
1330.23982800095
1310.66357239377
1278.49833789489
1290.00697672532
1274.90901636156
1190.71113205513
1225.59332569984
1226.57653654389
1277.16639479748
1326.66687604688
1367.51965250961
1345.4371036953
1310.75627025012
1340.60210353408
1365.85101676574
1407.33258329366
1388.76419884731
1367.70830223407
1322.17018571741
1324.6550494374
1319.91780047092
1229.92601403499
1197.13073638596
1186.5007374629
1193.07879035712
1193.19570901005
1196.36073155215
1190.06848542426
1189.265739858
1193.66243134313
1194.40864029025
1195.75791864407
1192.82144514592
1279.83319225593
1259.45781985742
1221.3848697278
1245.87599703983
1315.38359424162
1228.96785962856
1192.76569367164
1167.50802995097
1257.39492602762
1271.9253122727
1288.49175395111
1280.27262721656
1296.102619394
1341.15808165928
1295.72257833226
1291.09643326903
1276.96593533265
1240.34672571826
1232.87063392718
1204.55012349009
1260.71646296858
1246.71368004045
1276.88214021498
1289.25443571081
1276.2088387094
1240.72357920691
1306.36824823631
1317.90553530972
1090.58057932461
1286.74667281482
1315.29882536251
1309.01718858081
1287.76783621894
1303.82552513747
1279.16457111663
1227.43757478741
1198.58291327718
1163.89776183306
1186.22510511285
1185.81912617397
1183.29244060798
1175.19062283529
1175.86818989205
1174.90510255084
1357.58425152916
1363.98423744558
1300.02499975962
1222.64590131403
1180.64177462938
1181.52697810926
1198.38391177452
1184.96835400782
1213.26089527356
1273.59766017373
1221.28866366637
1285.88413163862
1308.49761176702
1280.58346077091
1260.72915410091
1212.09034316754
1209.42176266181
1209.99256196061
1217.40543780616
1224.43660513724
1272.09040559231
1305.11838543482
1276.82379363795
1238.35132333276
1201.61349859262
1183.04184203265
1186.77335662712
1180.09999576307
1251.89376546095
1290.10193395716
1255.12190642981
1161.4809511998
1169.70466357966
1262.54504870123
1327.97552688293
1283.89018221965
1284.50223822304
1260.0595224036
1237.88448572555
1243.36881093262
1186.83570893363
1204.12001063017
1228.99023592541
1227.94258823448
1222.99713818144
1204.51733071799
1257.45815039706
1235.23843852108
1282.08034069632
1299.41640746914
1297.17038202389
1296.32326215339
1273.60511933644
1226.35027622617
1202.80048220808
1152.86902985552
1164.97639461064
1180.46346830387
1196.23200090952
1193.48690818123
1185.04092756326
1182.32990319961
1181.5362880589
1186.30476691279
1235.0526304575
1277.75819308663
1269.92834443523
1255.1860419874
1229.77721559639
1218.13669183717
1226.18514099625
1222.99141452424
1222.48640074236
1202.42962372024
1268.02996810012
1357.6266055142
1298.02503827931
1219.97950802462
1143.14697217812
1166.9674374206
1181.27685154666
1270.2428901592
1278.79591804166
1295.73531247705
1289.66856207322
1289.96317776904
1298.46871352374
1333.68099634058
1335.99438621575
1282.08346062181
1308.72724431029
1314.95323110748
1278.94096814513
1260.90047188507
1248.37694627865
1243.64584991066
1280.76773850687
1341.51928797166
1333.57002065883
1280.62679965711
1197.79923192495
1123.24974961048
1163.29274045702
941.39630337069
1196.18142436672
1186.69541163687
1237.79885280283
1196.93399985129
1197.41220972562
1183.83613730955
1190.30164244195
1222.13133500455
1231.03574277923
1268.3296101566
1275.80641164716
1240.64902369687
1201.52195152648
1163.29961746749
1168.16565606082
1177.3066720273
1231.36631430294
1286.98951044676
1321.6501049824
1306.86418575153
1240.78160850329
1243.77932126242
1252.47355261498
1292.28286377248
1259.64836363169
1224.1637962299
1232.58184312442
1198.83359979607
1185.32611546359
1186.09864682496
1188.97098366613
1190.0058823384
1192.75227939418
1218.12273601637
1244.94939656196
1254.65772224938
1270.66557362667
1271.28714301687
1270.76276306791
1268.37494456489
1249.46628605977
1209.03101697186
1167.76538739594
1186.00295109245
1222.46431440758
1252.4547896032
1178.09761904521
1299.14510352
1287.60747124269
1258.79029230448
1219.41420362402
1181.27558173358
1262.73235485593
1320.85919007289
1313.11614109339
1254.71550560276
1277.79732352201
1284.15497507116
1278.9796714569
1240.9838838599
1220.1729385624
1207.56904564501
1177.24041724705
1172.60948316138
1182.88883670445
1237.66473650985
1286.02799347448
1278.894835395
1253.31201223
1249.68636065214
1250.64543336631
1268.18216357115
1301.88901216655
1315.95934587661
1305.19308916344
1286.25541787003
1260.48324066606
1287.1262564333
1307.81076612788
1303.67710726238
1305.32524682548
1288.73736657241
1267.85093761057
1283.63429371453
1294.06607250171
1297.7018147479
1292.66004811783
1253.65465739174
1221.00327599888
1207.2476962082
1192.88180470657
1178.61698613248
1186.13110573832
1188.58192818165
1190.71659096529
1234.49179827166
1253.75954632457
1257.44224519459
1269.01891238862
1278.13888134271
1277.98943657606
1300.26766475215
1305.56462881008
1309.06722516454
1272.69124299651
1191.29719213973
1244.43963292721
1260.55939963177
1290.90549615377
1294.16884524393
1303.78180689869
1305.77256825222
1316.74826751357
1323.86366367538
1351.24165122305
1360.01654401702
1332.39483637546
1292.41402035106
1276.93539382382
1296.05285386052
1345.11151954029
1300.81897280137
1289.88953015365
1274.88430847666
1235.96844619917
1216.73949553715
1218.18389416377
1271.47670053367
1286.01010882497
1238.53017726659
1246.51113111757
1256.4063833012
1286.65496540448
1261.14788982102
1280.68184964104
1337.58513747724
1322.72370508735
1296.57818892653
1263.08788292818
1225.55008057607
1207.38643358289
1175.93282121046
1185.76431047658
1196.98872175138
1196.92522740562
1192.27429729907
1193.78934490135
1195.61908649871
1298.83717224293
1266.67399120689
1206.96810231257
1144.17874477723
1191.65053602136
1232.8398111677
1299.14972193354
1296.35874664384
1237.07800885797
1197.26981086136
1183.50623150028
1221.68367427907
1262.56207768173
1252.54740429255
1216.68237432783
1197.18043752811
1277.18205436813
1300.19460081943
1308.62943570745
1361.19726711451
1338.67957331095
1300.19190891191
1258.05166825532
1220.04631059645
1241.57722272922
1292.87161002166
1283.49717568836
1312.42142621949
1302.58281886412
1352.8455196363
1333.8433191346
1329.7003421824
1244.90120089909
1247.66582064269
1339.72758424987
1284.51664060844
1256.46687182751
1223.43696200499
1255.51503376105
1250.96163010702
1284.72643002314
1291.459252164
1297.37504215242
1307.21191855032
1244.44766864662
1265.88269598727
1252.26874112548
1274.99882352887
1262.67295844965
1276.68986053779
1281.37153082156
1293.74070044967
1302.77972044394
1318.69556759701
1290.99457783524
1302.77511489896
1279.8710872584
1319.57379482922
1282.78135315415
1255.62096191486
1252.53902134824
1245.4746083321
1285.20270774691
1265.37543835812
1258.92612968355
1233.42936563064
1219.15749597827
1192.29274928601
1189.7008027231
1195.95443056999
1188.77878514045
1190.95675824104
1193.23551740635
1195.55593762902
1248.43982634326
1228.68466255586
1236.25806367441
1220.11884667027
1249.04323383941
1273.98194649689
1296.17167072884
1320.26853329162
1326.45731178957
1310.28088591721
1300.99308222604
1288.00776395176
1331.60729946933
1347.49768088854
1339.65070074255
1325.5696888508
1323.11828647328
1276.80147243023
1221.54737935129
1273.44807510946
1318.43088556056
1297.29410697806
1276.54925482725
1262.8895438636
1306.26834915342
1308.74978510027
1351.29012428864
1339.67197477592
1339.01829711173
1321.56535971552
1266.9179136787
1287.27036787149
1250.90966900092
1193.56692313418
1198.71681393063
1245.80415796384
1228.0508947108
1219.2702735653
1241.81117727294
1223.07358732008
1207.8774772302
1294.80616309933
1229.92438791984
1206.94490346494
1194.31695960495
1166.7291888009
1184.55941176456
1188.3059370381
1179.38670502936
1176.46164408365
1181.65223310414
1184.9324875283
1185.43915913049
1185.94645747605
1247.71631391114
1256.20858140677
1240.27295382912
1217.36806266634
1166.22682184899
1171.45806583078
1187.46284152389
1189.83990519733
1188.98486113155
1190.90595766416
1189.4385230015
1186.66676029962
1191.25899786738
1190.85809398097
1268.97990527825
1301.39233131289
1285.54657636353
1268.4045096104
1239.98427409383
1277.7683671151
1278.14435804411
1316.69092804652
1326.9050455854
1317.76439472312
1364.47425772713
1365.65368962999
1320.93489620041
1241.8691557487
1213.91021084757
1226.7783010797
1262.08042532954
1271.82428031548
1336.19085463118
1336.72846906169
1334.21400082595
1335.02134814392
1329.40061681947
1316.36962894166
1292.48829781937
1259.335539084
1302.98465071543
1345.88595356367
1285.3058001892
1199.32564385158
1195.1614953637
1185.77400882293
1296.63333290487
1332.96136478144
1321.75262435904
1271.11053807291
1282.81916106675
1332.80156062334
1354.54900243587
1317.69988995977
1266.60451601911
1252.36336580084
1315.93236908285
1362.36779175082
1342.43770805203
1307.22224583274
1263.29331510936
1195.42879336245
1250.19398494794
1266.08609501882
1292.02515455389
1295.07605954245
1254.05302918178
1213.82165082025
1154.00476602135
1177.78818129577
1194.5451017019
1200.81555619504
1199.38859424292
1190.74010598451
1189.98151246143
1188.66858291115
1195.50742364905
1194.13860167068
1193.27406742961
1189.57849677943
1188.26680505684
1191.09949206605
1191.95805295321
946.117328876287
1190.3339867449
1192.97233832139
1195.3551773427
1194.38938374384
1195.40286096362
1193.47811039834
1193.47811039834
1194.84768903823
1195.86077785
1196.2666926735
1196.2666926735
1195.25311126974
1195.25311126974
1194.34165966025
1197.17918458349
1197.6372572695
1197.230971868
1195.86077785
1195.86077785
1196.36700054791
1196.72511463577
1197.230971868
1196.2666926735
1196.72511463577
