112.462
101.254
107.512
75.9199999999996
110.648
94.3879999999997
67.0959999999997
64.2139999999996
84.7879999999996
84.7879999999996
63.4999999999997
87.9499999999995
69.6879999999995
84.7939999999995
83.2159999999996
79.3419999999996
60.6519999999996
87.8299999999997
70.2359999999996
70.2359999999996
68.0859999999997
73.0619999999997
68.1259999999996
34.4759999999997
77.9559999999997
73.6219999999997
94.8279999999996
95.5759999999996
73.3039999999996
36.3759999999995
60.0019999999995
37.7739999999997
44.0679999999998
68.9939999999996
64.7679999999996
20.1859999999996
24.1019999999996
35.7979999999997
4.23399999999947
1.72399999999959
-6.90600000000018
28.0880000000002
50.26
31.5839999999999
51.7099999999998
58.3639999999995
51.3599999999996
38.1959999999995
59.9579999999999
48.2899999999999
32.4419999999998
7.99799999999993
17.476
27.562
62.508
48.246
45.316
52.732
28.462
25.22
11.266
24.1999999999998
70.0839999999997
56.9199999999998
55.4799999999999
63.4599999999999
27.4959999999999
27.4959999999999
3.35399999999993
31.9739999999999
24.616
24.616
59.1400000000001
14.6480000000001
50.4720000000001
28.4980000000003
46.0700000000002
14.2680000000001
55.9620000000001
19.5640000000001
-25.5799999999999
-1.24799999999993
44.3
22.2299999999999
31.4340000000001
18.6
25.0980000000002
54.9120000000003
25.2820000000002
-7.12999999999988
12.5040000000001
44.7620000000001
39.4960000000001
21.324
4.37400000000002
51.454
42.626
42.4639999999999
60.408
56.268
59.776
11.2239999999999
21.6859999999999
25.294
34.16
47.8399999999999
14.342
19.0179999999999
37.86
33.7019999999999
27.5059999999999
24.0599999999998
61.9239999999999
6.678
44.8960000000001
21.6179999999999
46.326
56.8560000000001
26.946
28.9260000000002
40.4880000000001
24.8420000000001
55.1600000000001
47.8720000000001
76.276
33.0079999999998
58.5899999999997
27.6039999999997
65.2099999999998
79.4999999999999
54.9019999999998
63.9779999999997
68.8579999999997
34.5919999999998
37.4239999999998
48.4639999999997
37.4319999999998
49.9259999999998
-1.44400000000007
19.1519999999999
42.8559999999999
52.1819999999999
72.1139999999998
51.6919999999998
73.2379999999998
77.6719999999998
48.4399999999997
56.1999999999998
58.0359999999997
58.0359999999997
14.4059999999996
59.2499999999997
20.7819999999996
11.7219999999996
32.5859999999997
28.3379999999996
-2.1320000000004
56.8459999999997
22.8799999999997
34.8239999999996
25.6599999999995
23.6719999999993
34.7639999999994
66.8919999999995
62.0819999999995
49.7479999999996
56.7779999999996
9.10799999999961
49.4379999999996
38.7479999999996
72.3179999999996
34.8759999999997
50.8399999999997
59.6259999999997
59.6519999999998
29.5599999999997
53.2899999999997
33.3639999999998
10.2459999999998
0.965999999999781
16.7059999999997
57.6679999999998
39.9759999999998
46.9419999999997
45.7479999999997
48.8539999999997
14.8639999999997
35.1239999999998
23.6119999999999
45.3799999999998
-5.67800000000011
39.2379999999998
65.1339999999998
10.4139999999998
71.0519999999997
62.7339999999996
-11.4660000000002
62.4539999999998
4.62599999999975
37.5479999999998
67.0799999999998
63.9859999999999
58.372
28.9779999999998
18.3639999999998
47.9159999999997
61.3559999999999
18.8099999999999
43.386
23.1859999999999
61.0359999999999
58.7339999999999
-9.12200000000007
69.5319999999999
29.4399999999999
34.6819999999999
69.662
49.99
49.99
30.708
69.98
41.726
-16.7
45.946
55.7140000000003
-0.373999999999683
-15.1479999999996
18.0600000000004
42.2100000000004
34.5700000000004
52.9420000000006
-2.27799999999934
38.0980000000008
59.5060000000007
34.3720000000006
61.3040000000007
21.3280000000002
13.242
20.2779999999999
38.04
35.896
43.8739999999999
41.938
21.3000000000001
43.6900000000003
71.4120000000003
17.4880000000002
16.1200000000001
55.7280000000002
20.0420000000001
43.0980000000002
34.0820000000001
50.8020000000001
55.7800000000002
-3.73999999999978
35.2460000000003
51.9980000000004
74.0080000000004
62.0660000000004
43.5559999999998
55.7559999999997
58.5039999999998
66.1879999999996
53.2499999999995
54.0959999999995
59.2539999999995
56.4339999999995
-23.6520000000004
-23.6520000000004
-23.6520000000004
-23.6520000000004
17.4959999999998
13.9499999999998
13.9499999999998
9.12199999999984
17.4539999999998
22.4299999999998
17.8019999999998
11.3319999999998
33.5099999999998
35.4579999999996
41.2799999999996
45.1559999999996
45.0959999999995
62.6939999999996
76.2779999999995
76.2779999999995
22.2259999999995
22.2259999999995
49.3199999999995
8.29599999999959
11.9539999999995
40.5959999999995
58.5919999999995
68.7139999999993
67.1759999999992
97.6119999999995
4.44599999999969
43.3699999999998
80.2859999999998
77.1639999999998
32.2139999999997
-6.05800000000022
30.0959999999998
-3.99400000000026
43.3719999999997
8.76599999999974
21.6959999999997
30.3739999999998
59.9619999999998
54.4159999999997
9.41599999999971
38.0599999999998
28.6239999999998
48.2079999999997
36.4219999999998
57.2279999999997
55.1159999999998
38.2439999999998
23.8099999999998
0.477999999999724
5.80799999999965
35.3939999999994
3.48399999999936
59.2599999999993
7.34599999999944
19.1679999999994
42.8519999999993
-12.6940000000008
41.3639999999994
6.10799999999938
40.2579999999992
41.2259999999993
34.3599999999992
49.6339999999993
50.9419999999992
54.0519999999991
-3.54400000000066
32.3919999999993
2.67599999999936
34.1679999999994
-8.55200000000059
44.7019999999994
-0.266000000000645
39.2599999999994
32.5499999999993
20.4319999999993
57.9419999999993
77.6599999999993
19.3459999999992
26.2579999999992
59.9779999999993
28.7719999999993
73.1319999999993
66.7279999999992
49.8059999999991
49.1619999999995
65.7959999999994
24.0799999999995
54.3659999999995
34.8879999999996
46.1479999999996
59.5399999999994
38.5739999999994
41.9159999999994
53.2699999999995
27.2799999999994
60.1999999999994
5.21599999999989
31.4619999999998
66.2299999999998
68.3299999999996
43.9239999999995
59.1539999999995
27.6999999999995
39.0759999999995
58.1099999999994
62.6159999999994
55.2199999999995
59.8139999999995
56.6239999999995
51.6079999999995
54.1379999999995
52.3679999999995
65.1699999999995
69.0479999999994
21.7279999999995
32.4619999999995
42.8839999999996
36.1179999999995
55.3639999999995
30.1899999999996
-0.458000000000538
35.5999999999995
25.4959999999994
28.4779999999995
60.8599999999996
60.8599999999996
59.5619999999997
47.9319999999996
36.8019999999996
19.9539999999995
15.1679999999996
37.7099999999995
51.5779999999995
15.2619999999995
15.2619999999995
42.8819999999995
40.1579999999994
17.7579999999995
18.0759999999995
30.5259999999995
51.4179999999996
-9.94600000000048
15.0579999999994
9.97199999999941
-13.6820000000004
-10.7020000000002
-18.6900000000003
17.4899999999998
-5.43400000000031
42.3339999999997
1.10799999999972
20.8419999999999
23.8019999999998
-3.39400000000012
-39.7900000000003
-6.44600000000025
-15.3800000000005
35.0979999999994
-0.516000000000645
22.9299999999994
6.8719999999995
10.1899999999997
28.6719999999996
38.3919999999997
-12.0720000000003
11.8379999999997
11.8379999999997
59.9559999999997
22.6399999999995
7.45999999999958
24.5319999999997
71.3479999999997
77.0379999999999
80.7979999999999
8.71999999999991
20.6039999999998
63.0439999999998
25.4759999999999
37.5600000000001
34.3700000000001
65.3660000000001
45.6300000000002
34.2620000000002
8.82000000000028
41.9640000000003
66.9320000000004
47.9960000000004
71.4340000000004
66.7480000000005
69.8500000000006
83.4080000000005
12.6280000000005
31.3440000000007
23.8620000000008
75.7940000000008
27.4540000000006
52.9840000000006
3.46800000000064
78.6540000000007
56.0740000000006
63.3760000000007
78.8380000000006
52.5700000000006
51.9860000000007
69.4320000000006
81.8940000000007
67.1460000000008
64.0780000000008
45.8680000000007
45.8500000000008
36.3340000000007
44.0600000000006
84.2420000000006
90.1920000000006
58.8300000000006
34.3140000000005
56.9580000000003
71.8680000000003
9.70200000000023
67.7460000000002
67.7760000000004
74.6240000000004
31.5840000000003
41.2680000000004
73.2120000000002
57.3240000000001
63.01
28.854
48.6300000000001
60.1620000000001
15.4220000000001
52.0880000000001
32.6060000000001
33.0160000000001
12.306
30.764
38.816
38.816
68.05
-1.19000000000017
37.8359999999999
19.8499999999999
-4.09800000000007
2.87999999999988
30.0179999999998
51.1039999999998
60.324
51.1439999999996
64.9379999999998
25.6519999999997
66.8499999999998
56.3859999999999
50.6559999999998
32.2739999999999
52.0879999999997
56.5419999999998
50.6639999999999
59.1979999999998
20.5899999999999
21.496
24.528
16.6559999999999
25.5279999999999
30.2040000000001
49.764
57.1779999999998
51.0639999999997
50.0619999999998
49.1039999999997
67.0479999999997
46.3559999999998
57.6499999999998
31.5719999999998
52.5479999999999
61.7699999999999
11.7259999999998
18.6599999999999
34.0699999999998
71.9179999999998
27.4539999999997
24.5419999999997
50.6799999999997
30.9059999999996
35.6779999999997
62.9079999999997
16.9559999999997
56.5619999999996
39.2619999999996
60.8379999999995
26.5199999999995
59.4879999999995
48.3079999999994
73.6639999999994
-10.2660000000006
44.9339999999994
38.0139999999993
47.7299999999993
41.4859999999992
36.1959999999992
56.9719999999992
2.90999999999917
53.2599999999991
53.2599999999991
14.9259999999989
11.007999999999
35.1899999999989
31.697999999999
58.6919999999991
-5.55000000000086
25.2479999999991
19.0059999999992
47.4019999999991
56.5159999999992
53.2359999999992
-1.5280000000007
41.2399999999993
52.0519999999993
23.0599999999993
54.4159999999993
65.9419999999992
38.8619999999993
52.5039999999993
35.3539999999992
17.4599999999992
25.9959999999994
62.5919999999994
44.0279999999993
43.7379999999995
52.0059999999994
66.4419999999993
64.3139999999994
36.4399999999993
7.84199999999919
26.5179999999991
36.2419999999993
9.4039999999992
39.0319999999992
10.3199999999993
10.8919999999995
40.8419999999995
23.3619999999995
44.7499999999997
47.7999999999995
42.3299999999995
44.2779999999995
-13.4480000000005
44.0199999999996
62.1599999999997
43.7479999999997
10.0939999999998
27.3759999999997
0.773999999999546
37.8519999999995
-2.86600000000044
33.7719999999994
34.7599999999993
27.2799999999992
36.3259999999992
30.1819999999992
63.0339999999992
22.8259999999992
70.1819999999992
55.9339999999992
66.8219999999992
71.5339999999992
65.4799999999992
-6.53600000000085
-5.47200000000078
43.6719999999992
62.6639999999993
53.1399999999992
55.0759999999993
57.0079999999992
59.1459999999993
51.6259999999993
42.6959999999992
61.3519999999992
44.9019999999992
55.9399999999993
32.4699999999993
66.5519999999993
44.3799999999993
32.1119999999994
49.2839999999995
-23.9260000000005
15.2579999999996
49.6799999999995
-20.0860000000006
3.99799999999959
26.4759999999995
4.84199999999976
64.6619999999997
66.2619999999997
60.8199999999997
34.0039999999998
38.3259999999998
52.0719999999997
-1.05600000000049
45.5459999999998
60.1379999999999
53.622
39.7639999999999
44.9319999999999
12.7959999999999
46.5959999999999
42.582
44.116
64.7339999999999
-10.9820000000001
43.7439999999999
65.5779999999999
40.2479999999998
60.2899999999999
37.7579999999999
66.1859999999999
70.304
47.4219999999999
44.3779999999999
32.7259999999999
40.706
36.02
36.02
50.1079999999999
34.634
34.634
34.634
45.2739999999999
16.428
20.528
49.572
45.8959999999997
37.7719999999997
33.9559999999999
6.20799999999986
4.43399999999986
50.7379999999998
43.6059999999997
36.0139999999997
42.2899999999996
37.1719999999997
14.0559999999997
48.9439999999997
28.7219999999998
34.0899999999998
65.6979999999998
8.74999999999966
32.2739999999997
42.9799999999997
49.8039999999997
31.5499999999997
17.4219999999997
19.7959999999996
62.6679999999997
34.2859999999995
27.5619999999996
40.9399999999995
75.2959999999994
76.1059999999994
50.6019999999995
71.3179999999995
-9.3200000000005
61.6019999999996
74.4579999999997
21.2959999999997
55.1219999999998
59.1539999999997
44.5060000000001
44.5060000000001
26.0460000000003
63.3280000000002
40.4880000000003
29.4660000000002
34.6180000000003
62.0460000000003
55.3760000000002
46.3220000000002
69.2100000000003
2.17800000000034
-16.8899999999998
-16.8899999999998
-16.8899999999998
-52.9879999999997
55.2720000000003
-2.09599999999966
-2.09599999999966
-2.09599999999966
17.0620000000004
49.9840000000004
42.7660000000003
48.1340000000002
41.8880000000001
42.1440000000002
53.6700000000004
13.9260000000002
27.4380000000001
54.9340000000002
65.2500000000001
34.174
45.728
44.0739999999998
27.5339999999998
67.7939999999999
39.4059999999997
51.4899999999994
-0.760000000000559
-21.6500000000005
-16.1320000000005
-40.7540000000006
-40.7540000000006
-40.7540000000006
-5.82800000000043
13.2399999999996
6.71799999999951
17.9559999999996
19.8959999999996
22.3419999999994
17.3139999999995
9.24799999999948
13.6279999999996
24.2239999999995
16.5679999999995
18.8639999999996
52.4819999999997
63.2959999999997
48.7939999999998
46.9499999999997
-13.0120000000003
44.5979999999997
35.2579999999997
18.6539999999995
17.0819999999997
7.39999999999964
8.69599999999957
15.6979999999996
45.0119999999997
49.4759999999998
64.3459999999999
44.7299999999998
33.5539999999999
76.3119999999999
47.2380000000001
65.806
33.6460000000001
39.1660000000002
32.5440000000003
39.3620000000004
31.6500000000004
56.4320000000002
30.1500000000003
49.1160000000003
-16.6259999999997
31.2480000000003
59.2420000000003
58.9100000000003
17.4060000000003
40.1840000000003
55.8280000000003
47.4940000000003
38.3560000000002
65.0140000000002
53.5600000000002
66.5140000000002
28.1400000000002
61.0020000000002
34.65
69.48
50.4100000000001
62.1860000000001
46.9700000000003
87.2460000000004
72.1840000000003
54.4040000000003
37.5760000000006
-8.1699999999995
28.2740000000003
14.4780000000004
3.20200000000034
36.3980000000004
18.0480000000002
32.0320000000002
42.436
55.0419999999999
38.6839999999999
28.1759999999999
3.1819999999999
30.5179999999999
44.89
49.708
48.578
53.932
33.668
12.002
6.30999999999995
60.202
8.19799999999998
24.074
69.5439999999999
29.686
41.944
23.974
-14.8079999999999
40.8540000000002
41.3120000000001
16.8580000000001
16.8320000000001
57.2680000000001
39.966
62.27
59.83
69.77
68.284
55.052
59.65
59.65
31.936
35.936
48.3280000000001
47.8780000000002
53.966
35.266
55.338
62.77
47.2519999999997
16.6279999999998
28.8360000000001
30.3640000000003
