83.7939999999991
132.925999999999
11.1939999999996
98.9459999999997
75.9179999999997
112.28
117.388
78.6779999999996
112.893999999999
114.207999999999
86.7159999999995
84.5539999999995
7.36199999999963
30.7419999999997
57.4319999999997
104.214
74.5359999999995
73.5419999999996
-46.8760000000002
-29.8380000000001
62.7239999999999
45.8759999999999
63.9059999999997
84.7519999999997
59.3699999999997
68.3379999999997
79.7299999999997
84.1599999999997
57.6079999999998
48.4199999999998
83.3539999999998
83.4239999999998
82.1799999999998
88.3479999999998
94.0319999999998
76.4979999999998
56.1359999999999
50.9119999999999
64.7499999999999
62.1719999999999
64.2639999999999
58.1439999999999
72.3839999999999
84.0039999999999
76.7140000000001
70.5780000000001
76.1140000000001
34.3280000000002
31.3380000000002
51.2380000000001
55.044
55.044
68.0580000000001
56.8460000000003
56.8460000000003
57.7280000000003
66.9940000000003
66.9940000000003
92.0620000000002
92.0620000000002
68.9120000000001
44.8280000000001
45.8140000000001
60.3440000000001
72.3380000000003
53.8280000000003
14.9980000000005
35.3000000000004
35.2060000000005
23.3340000000005
44.4280000000005
43.5760000000005
46.5180000000005
0.444000000000415
-0.5499999999995
43.5980000000004
31.2780000000005
64.1940000000004
39.8100000000004
50.0440000000004
19.7940000000004
42.2020000000003
21.4260000000004
40.7160000000005
51.4080000000005
58.6940000000005
-55.6139999999995
49.7160000000006
45.4260000000005
-1.38999999999953
46.2640000000005
34.2940000000004
2.75400000000047
64.6560000000005
-6.9539999999995
-13.2279999999994
2.04400000000055
2.04400000000055
47.3240000000005
57.4960000000005
54.3240000000006
83.4980000000007
8.34000000000071
89.3260000000007
80.8340000000007
24.7220000000007
75.9160000000006
47.6940000000005
85.4720000000004
83.2480000000004
65.0360000000005
74.0080000000004
16.0660000000004
61.1860000000004
61.1860000000004
66.1700000000004
81.3120000000005
60.6200000000003
65.4660000000003
77.8360000000002
65.7220000000002
89.8380000000002
83.498
55.244
74.9160000000001
15.9700000000001
83.3540000000002
53.082
66.056
70.7819999999999
60.6539999999998
63.8739999999998
83.6339999999997
75.0579999999998
39.4459999999997
57.7279999999996
81.1019999999996
73.4199999999995
70.3639999999995
15.6399999999994
44.0959999999993
40.0019999999992
14.1239999999991
19.0439999999991
66.0679999999993
64.5339999999993
58.4079999999993
-3.91400000000067
38.5279999999993
-9.95400000000063
29.7139999999994
11.6479999999993
45.8299999999994
115.401999999999
143.157999999999
44.9019999999994
34.5179999999993
66.1459999999994
11.3539999999994
62.4799999999993
59.2759999999993
48.6919999999993
34.6679999999993
43.4239999999993
-3.6820000000007
45.9799999999992
6.30999999999926
-50.0500000000008
-16.1580000000008
63.3659999999992
3.41599999999914
56.4339999999992
44.2459999999991
44.2459999999991
0.693999999998937
17.161999999999
61.2179999999991
44.9399999999991
27.9079999999992
36.8379999999992
28.3399999999995
12.5579999999994
19.8519999999996
48.2339999999996
49.5479999999995
67.5519999999997
-15.9920000000003
-13.9760000000003
46.7219999999996
52.3899999999996
63.6819999999997
0.0279999999997926
75.4859999999996
82.9739999999997
50.8259999999998
71.0959999999998
57.0279999999998
40.7539999999999
6.4319999999999
27.9719999999999
47.6579999999998
52.4539999999997
3.58599999999979
18.6299999999998
57.2619999999997
29.9959999999998
49.9419999999997
64.9839999999999
36.0319999999999
26.362
27.846
24.838
64.796
32.02
66.1479999999999
-15.0640000000001
57.958
78.1119999999999
29.0519999999998
44.4159999999999
19.8299999999999
81.754
51.8879999999998
63.6459999999997
86.9219999999997
27.8439999999997
49.8859999999997
11.0079999999997
44.7139999999997
57.3679999999998
40.1779999999998
37.5639999999999
72.3659999999998
41.4059999999998
83.4219999999999
38.7259999999999
27.6999999999999
32.1239999999999
60.9159999999998
22.8959999999998
54.8359999999999
82.6779999999999
48.1019999999997
71.0799999999998
73.5499999999997
12.0239999999999
33.7699999999999
47.7299999999998
12.1459999999998
29.5039999999999
51.3879999999998
17.2879999999998
25.4639999999997
30.3359999999997
30.1899999999997
12.7259999999998
19.2159999999998
44.4559999999997
10.312
30.2599999999999
20.3739999999998
46.5339999999999
60.7239999999998
25.7379999999999
39.6979999999999
39.4359999999998
39.4359999999998
-21.6820000000001
42.0039999999998
42.6219999999997
2.65999999999974
39.1239999999997
71.8819999999997
-23.8719999999998
58.1859999999999
55.0379999999999
50.818
74.6980000000001
66.2620000000001
30.3960000000001
58.4600000000002
40.2740000000001
66.4220000000003
23.4140000000001
58.5640000000001
75.888
68.5260000000001
86.796
67.3179999999999
26.5139999999999
59.504
7.20400000000006
-5.69200000000001
16.164
69.886
82.2839999999999
15.1819999999999
31.3819999999999
43.9060000000001
45.0480000000001
33.878
45.7280000000001
52.9980000000002
39.194
32.394
68.208
1.24200000000019
-23.1339999999998
25.4280000000001
70.5500000000001
51.2619999999999
28.88
56.3660000000001
-15.7679999999998
5.23600000000022
57.9680000000003
24.6220000000003
52.0260000000004
73.2260000000005
34.5860000000004
58.4560000000004
17.4380000000004
25.9500000000003
22.3280000000003
49.4740000000003
-3.16399999999976
3.0300000000002
13.6980000000003
19.8540000000002
16.4260000000003
40.1240000000004
58.9360000000003
55.6060000000004
47.6380000000005
74.3260000000004
74.2740000000003
62.2380000000004
60.0960000000003
61.0960000000003
72.1620000000004
64.9480000000003
53.7000000000005
70.7300000000005
76.6900000000006
76.6940000000002
85.3700000000001
77.366
46.438
52.856
8.96799999999985
35.5679999999999
75.8059999999998
77.7399999999999
51.706
64.302
61.9680000000001
13.4380000000001
35.202
47.526
69.506
-9.28599999999994
47.0760000000001
-46.1919999999999
-48.8079999999999
-14.8439999999999
-24.5459999999999
-23.674
-27.63
-29.7859999999999
-0.600000000000023
4.38599999999974
47.7659999999996
47.8339999999996
31.7359999999996
23.7639999999997
9.00799999999958
53.6539999999995
55.2839999999995
4.76399999999956
71.4239999999995
56.1039999999995
59.6439999999994
55.2259999999994
20.7899999999995
53.9059999999995
52.1479999999996
36.3759999999994
61.1859999999995
30.2799999999996
65.8999999999996
50.4079999999997
51.6019999999997
35.2259999999998
66.0859999999998
47.0959999999997
76.7259999999997
70.6579999999996
60.7779999999996
50.3619999999996
50.4559999999996
65.7579999999995
80.0039999999995
55.6639999999994
2.95199999999943
76.8159999999995
35.7999999999994
-4.06800000000055
33.2899999999995
11.9619999999995
15.4339999999996
42.1819999999997
43.8499999999997
86.5439999999996
62.1879999999996
79.2039999999997
33.9999999999998
13.4899999999999
51.1739999999999
28.5299999999999
42.6779999999999
0.577999999999861
28.5479999999999
17.8999999999999
66.8239999999998
10.2599999999999
2.45199999999988
46.6180000000001
52.3620000000001
11.2779999999999
-0.254000000000019
14.64
34.698
58.658
58.2700000000001
55.1639999999999
25.634
16.914
14.7439999999999
37.4079999999999
28.4
40.9039999999999
42.7779999999999
68.28
79.1559999999999
79.6199999999998
61.0259999999996
-78.5360000000003
-78.5360000000003
44.1279999999998
41.0879999999997
36.6079999999998
24.7059999999999
68.3919999999998
55.2919999999996
36.8559999999998
55.7039999999997
12.8599999999998
31.8339999999997
10.2339999999997
45.9399999999997
49.6559999999997
53.6499999999998
42.8539999999998
42.6159999999999
9.8359999999999
12.5619999999998
46.3059999999998
77.3779999999998
0.259999999999877
2.99799999999993
31.704
31.578
-22.1160000000001
30.6419999999998
4.67599999999993
34.534
-38.9340000000001
25.7059999999999
-10.7080000000001
22.8279999999999
32.1259999999999
50.8159999999997
45.8959999999997
32.1639999999998
67.8279999999996
52.0039999999997
-3.01000000000045
52.2759999999995
79.3339999999995
41.0039999999997
-3.30000000000018
62.9919999999995
37.0739999999995
35.9119999999996
57.8599999999997
36.7039999999997
65.9419999999997
66.3659999999995
46.2879999999996
61.0939999999996
8.84999999999957
64.5639999999995
61.7779999999995
38.8599999999994
3.44599999999934
51.8199999999994
74.7019999999991
52.751999999999
26.3939999999991
19.9039999999991
66.911999999999
66.911999999999
63.7759999999989
67.585999999999
72.4659999999991
74.1919999999991
93.9079999999992
24.4979999999991
49.5299999999991
13.9899999999989
40.2459999999988
42.8539999999988
27.3459999999988
53.5319999999988
63.1719999999987
58.7099999999987
-20.7700000000013
-11.4540000000013
45.5139999999988
-80.7200000000011
68.019999999999
-40.392000000001
-34.704000000001
58.0819999999991
68.9719999999991
66.0279999999991
54.203999999999
59.143999999999
42.527999999999
37.9239999999991
66.549999999999
47.107999999999
7.94799999999907
32.415999999999
57.2399999999991
42.0159999999991
52.3139999999992
73.2699999999991
3.61799999999903
73.9539999999989
53.143999999999
59.101999999999
57.2719999999991
30.3939999999994
55.6179999999995
19.1399999999995
69.6139999999995
59.0619999999994
75.9679999999996
62.7099999999996
35.9959999999996
61.8919999999997
78.8019999999997
81.6019999999996
77.6839999999996
36.3499999999997
60.0699999999996
45.6599999999995
84.1679999999997
79.8859999999996
51.8899999999996
34.9819999999996
59.7519999999996
42.7559999999997
52.7899999999997
-9.02000000000032
77.4719999999996
77.2559999999997
-12.0680000000003
6.83199999999965
70.7479999999996
24.2619999999996
56.5759999999997
41.3939999999997
62.5339999999998
57.8119999999998
30.2779999999999
36.3979999999999
1.42999999999984
21.0399999999999
44.9179999999998
69.9139999999998
12.9359999999997
33.6179999999997
41.1919999999994
65.5559999999994
29.6719999999995
70.4579999999994
47.4819999999994
56.4779999999996
49.1079999999997
67.7399999999997
29.6999999999998
52.7159999999997
47.2439999999997
14.3399999999996
31.5419999999996
1.91399999999965
58.1839999999995
49.0519999999996
42.9559999999996
59.7659999999995
51.2859999999995
56.2459999999995
55.7499999999995
46.3539999999996
34.4379999999996
60.6939999999996
13.6299999999995
73.7579999999996
37.4139999999996
55.2959999999996
47.1459999999995
23.2919999999996
37.2059999999996
51.0999999999996
45.9719999999995
68.3079999999997
51.0159999999997
45.0399999999997
73.7459999999996
62.6259999999997
69.7159999999998
18.5819999999999
25.18
54.1859999999997
71.8199999999998
64.8599999999998
64.6679999999999
-18.0660000000001
62.6739999999999
68.8339999999998
70.4079999999998
-14.2840000000002
38.7999999999998
51.5819999999999
68.7719999999998
61.6599999999999
7.0419999999998
38.8919999999998
31.0539999999999
42.7359999999998
48.1379999999999
37.6079999999998
-10.4660000000001
14.8659999999998
20.8239999999998
48.2539999999999
54.5099999999998
40.3759999999997
4.46599999999978
61.8919999999998
61.8919999999998
11.55
24.798
65.7439999999999
30.9139999999999
4.87799999999993
48.3180000000001
73.2680000000001
58.9300000000002
25.8680000000002
54.6700000000001
7.36800000000005
24.2140000000002
-14.4199999999998
-37.1479999999998
6.61200000000031
44.0360000000006
45.0380000000006
51.5640000000005
52.7560000000007
68.2000000000006
72.8940000000006
43.5140000000007
43.0260000000005
64.9320000000005
77.8760000000005
45.0540000000005
55.6720000000005
10.2900000000005
55.2260000000005
78.6280000000005
50.9620000000007
-9.24999999999943
44.0500000000004
59.5280000000005
48.2660000000003
72.1400000000003
57.2120000000001
3.65800000000013
38.6900000000001
42.7320000000001
21.462
64.9619999999999
45.1899999999999
65.602
68.6160000000001
32.7040000000001
14.6700000000001
62.4200000000001
7.11000000000001
42.814
40.9539999999997
68.7679999999997
68.7679999999997
11.3459999999997
56.8759999999996
-38.9880000000003
-6.48200000000043
20.5839999999996
30.8259999999996
62.5759999999997
72.6939999999996
-22.3340000000004
41.0199999999996
61.0339999999997
3.12999999999965
51.3739999999997
84.6279999999996
49.5119999999995
76.0359999999995
78.61
81.6220000000001
53.1820000000001
30.716
-20.196
-11.9979999999998
75.9580000000001
49.0359999999999
31.0700000000001
63.932
-33.626
78.0360000000001
12.8920000000002
56.2700000000002
81.3260000000006
39.3520000000005
41.8240000000005
31.3520000000005
18.0160000000005
35.4260000000006
54.1760000000006
56.9640000000006
45.8760000000007
-5.91599999999937
-20.0259999999994
15.7800000000005
37.0840000000006
-15.4679999999995
-4.92199999999946
-7.11599999999953
39.7800000000003
39.1280000000003
26.4980000000002
9.26999999999987
44.5039999999999
58.4039999999998
38.5239999999998
36.9079999999999
74.3019999999998
44.5299999999999
35.2699999999996
54.6719999999996
72.4079999999996
51.0719999999994
44.3379999999994
49.5739999999995
67.0419999999996
54.1059999999993
39.2499999999993
15.3959999999993
71.6459999999993
76.4199999999993
71.2159999999993
45.6279999999995
39.6399999999994
63.2959999999994
50.8119999999994
56.4279999999994
-5.8260000000007
23.2799999999994
50.0539999999994
63.8139999999994
-16.1100000000006
83.5459999999995
71.4999999999994
54.1839999999995
75.1339999999994
57.6959999999996
67.4079999999996
55.1059999999994
32.9119999999996
13.6559999999996
72.8919999999996
110.532
98.8360000000002
12.5720000000003
57.6300000000003
54.6540000000003
53.7580000000002
68.7860000000004
37.0240000000005
23.2300000000004
53.4060000000004
27.5960000000003
53.7820000000003
9.61599999999987
8.3480000000003
29.4000000000004
53.9760000000003
36.4000000000003
61.7160000000003
87.9260000000003
64.9500000000003
56.3080000000002
80.9720000000002
102.358
