42.054054248105
25.0820542481049
38.2820542481049
15.7780542481049
44.6660542481049
38.0560542481049
45.2580542481048
9.56805424810491
28.1240542481049
34.2020542481049
2.78605424810491
42.0400542481049
42.0400542481049
57.250054248105
43.8200542481053
52.2540542481052
73.4240542481052
56.5860542481053
35.5400542481053
68.4000542481052
37.7280542481054
57.2120542481055
67.9120542481052
34.1160542481055
63.0320542481052
25.1660542481055
25.9400542481055
23.5260542481055
46.7660542481056
35.9900542481057
26.5940542481056
22.5980542481057
19.7320542481056
-54.8339457518944
33.3060542481057
37.5140542481057
12.6400542481058
35.5180542481058
2.07605424810581
-38.7159457518943
-23.1359457518944
12.6760542481056
26.2060542481057
19.8960542481056
-10.5759457518944
11.0920542481057
6.54005424810561
34.3180542481056
37.4900542481056
12.0620542481056
23.8740542481056
-4.78194575189439
38.5760542481056
3.56205424810551
-21.7019457518941
-26.4899457518942
10.4520542481058
28.5020542481057
27.9640542481057
23.8820542481056
-50.8339457518943
3.13205424810561
-12.9519457518943
-8.29594575189439
-8.29594575189439
-6.52194575189439
15.8840542481056
9.47005424810551
5.17205424810561
8.73605424810551
10.0620542481055
10.0620542481055
-1.80394575189449
-13.8259457518946
-30.7919457518946
-50.1679457518946
-42.4599457518946
-35.4519457518944
-54.6299457518946
-36.9079457518946
-13.1779457518946
15.1540542481054
-24.5459457518946
15.3980542481053
5.85005424810551
25.5280542481056
-56.7119457518944
-69.2139457518944
-30.1059457518944
-15.9079457518945
0.490054248105608
4.34405424810561
11.0900542481056
11.0900542481056
30.5580542481057
7.91005424810561
15.9480542481056
-63.0279457518945
21.6720542481056
-18.8439457518944
6.43205424810571
16.2240542481056
49.1980542481056
32.0380542481057
15.0400542481056
6.74605424810581
-13.8099457518942
-10.2479457518942
-40.1099457518942
-29.9719457518943
14.7160542481057
4.60405424810551
-20.0979457518946
4.87005424810521
-1.86194575189479
-7.08394575189499
-15.8499457518949
-3.97194575189499
-39.5459457518949
-8.52794575189499
23.4300542481049
4.22805424810491
47.5520542481049
-55.369945751895
-18.547945751895
38.158054248105
36.948054248105
17.092054248105
-14.113945751895
-23.5259457518951
0.82005424810491
-11.5539457518951
11.294054248105
20.658054248105
-16.7899457518952
-34.5859457518951
35.0060542481048
15.3900542481049
13.2040542481048
16.2320542481048
17.2420542481047
21.5860542481045
5.01605424810461
6.45805424810461
36.0780542481045
-28.9519457518955
-65.5739457518955
29.3120542481044
47.0120542481045
-11.2219457518956
-28.5839457518953
9.23605424810461
16.7660542481045
21.3840542481045
13.1720542481047
16.9420542481047
46.3180542481046
-3.23394575189529
-9.40194575189509
13.8720542481049
9.82405424810491
44.7860542481049
-11.6899457518951
-8.43594575189509
15.6640542481049
-15.2959457518952
17.3840542481049
10.9700542481049
-4.40994575189509
23.2520542481049
-36.5779457518951
23.580054248105
-4.06994575189499
5.81005424810501
-2.53194575189489
-16.405945751895
11.940054248105
7.96405424810501
-27.3879457518949
24.156054248105
37.8200542481051
17.7560542481052
10.2920542481051
24.8060542481051
-7.42594575189489
11.3640542481051
-16.033945751895
15.9800542481051
12.8760542481052
-16.6539457518948
-28.6399457518948
-25.6799457518947
-16.1819457518948
-40.7259457518948
23.2200542481051
46.5100542481051
-44.405945751895
6.74405424810501
26.9680542481052
27.7040542481049
36.9780542481048
36.9780542481048
9.89805424810481
43.7580542481048
36.4300542481048
-0.0519457518949906
-14.8159457518953
6.16405424810431
6.16405424810431
4.32205424810431
20.1660542481042
47.5120542481044
25.0580542481043
-0.57794575189569
-0.57794575189569
-6.51394575189569
-0.0939457518956885
-0.0259457518957902
-23.8639457518957
-10.4939457518958
-38.7039457518958
8.75405424810421
0.116054248104213
-4.96194575189579
13.8800542481042
26.1020542481042
-22.2639457518957
-19.9979457518959
37.9400542481041
-16.4839457518958
-15.5019457518958
-15.9619457518958
-34.5219457518957
15.5280542481042
10.4460542481042
44.8960542481041
42.7460542481042
16.518054248104
-5.36794575189609
4.83805424810391
-9.53594575189599
-24.0679457518959
-24.0679457518959
13.1260542481042
-22.521945751896
-19.481945751896
-17.5179457518958
4.00005424810421
27.434054248104
-23.0199457518959
-20.0359457518958
-19.7739457518958
11.3520542481043
-45.9999457518956
-26.0399457518957
19.1360542481044
18.9240542481044
13.0420542481044
33.8000542481048
32.7420542481048
4.39805424810461
19.4280542481049
19.258054248105
34.5080542481051
35.616054248105
38.806054248105
25.8680542481053
19.1360542481052
-3.20594575189449
2.43405424810561
51.3240542481056
14.3620542481056
20.0640542481056
-3.18994575189439
-40.4319457518943
20.0640542481056
14.3720542481057
31.2940542481056
-6.19394575189439
0.162054248105612
12.4720542481055
15.6660542481056
-5.18594575189449
-22.4699457518945
-31.6059457518944
-0.807945751894387
36.0860542481056
42.0200542481056
4.26005424810571
38.2140542481057
36.7340542481056
29.7540542481056
5.19005424810561
13.2440542481055
24.1900542481056
14.4320542481055
-45.3799457518945
-36.8619457518943
-12.8839457518942
21.7760542481056
1.67205424810551
25.8040542481054
30.2480542481053
13.7720542481053
41.3960542481052
50.2860542481052
29.460054248105
26.7660542481053
6.91805424810511
12.8200542481053
32.4060542481053
31.0420542481052
25.2760542481053
12.3120542481052
-107.049945751895
-12.9719457518948
-11.9519457518948
-7.61194575189489
24.4320542481051
29.9140542481052
-4.66794575189489
-5.54394575189489
-30.8819457518949
-22.5159457518949
-15.7339457518949
-22.645945751895
-38.5459457518949
-40.711945751895
-17.1079457518948
-18.461945751895
-21.539945751895
-17.871945751895
-25.2819457518949
-6.53394575189489
-6.41394575189489
-4.09794575189489
17.3440542481051
-2.07794575189489
-1.43394575189489
4.98405424810511
-5.77794575189479
9.52805424810511
9.52805424810511
11.3280542481051
8.94205424810521
11.2200542481052
-2.84594575189469
-2.84594575189469
-30.7559457518946
-17.4959457518948
7.06005424810531
-51.8479457518946
-58.0499457518946
-46.8659457518947
-27.4939457518946
14.8400542481052
8.14205424810541
-6.22794575189459
-7.32394575189459
-62.3559457518946
1.74605424810541
-20.4299457518945
-20.9639457518944
-26.6179457518944
11.7260542481058
3.93005424810581
4.37605424810581
-18.2079457518943
-3.26994575189419
-27.9879457518943
-27.9879457518943
-50.2219457518942
-38.5659457518942
-30.1699457518942
-7.22794575189419
-16.7079457518942
21.2060542481058
27.7640542481058
-82.6179457518942
-32.3719457518942
-12.1979457518942
-10.0459457518942
1.49205424810591
-30.4939457518941
-57.8579457518941
-16.4159457518939
1.94805424810601
-3.54794575189409
-0.763945751894092
-10.507945751894
-26.4539457518941
3.23405424810581
-36.413945751894
-31.8339457518939
-30.1559457518939
1.85205424810601
-36.317945751894
-37.8519457518941
-66.0099457518941
-48.5499457518942
-23.5439457518942
-8.99994575189409
-7.97594575189409
-30.0279457518941
-50.4479457518941
-29.601945751894
-24.5359457518938
-14.3019457518942
-37.0339457518942
-28.2159457518943
-21.3499457518944
-39.5739457518943
-10.2559457518944
29.4820542481055
4.49805424810551
-69.5319457518948
25.5180542481051
17.2280542481052
47.5420542481051
-3.86394575189489
-24.7099457518949
8.72605424810511
38.7260542481051
-33.6519457518949
4.93805424810511
15.334054248105
12.8040542481051
25.8980542481051
13.0360542481052
-15.4079457518949
-7.98394575189479
6.69405424810521
9.60005424810511
18.3980542481051
32.3300542481053
28.8680542481051
29.8320542481051
44.3560542481051
-23.7139457518948
-22.649945751895
-13.1699457518949
15.7040542481052
-14.639945751895
11.5400542481051
-13.5959457518948
18.2400542481051
9.99405424810511
8.25005424810541
-2.09194575189449
-6.08594575189429
20.9620542481057
16.8480542481057
-8.23394575189429
-11.7519457518943
-5.73794575189429
16.7980542481057
22.2120542481057
9.08005424810571
-48.6579457518943
-2.01794575189439
-6.65794575189429
-15.6499457518943
0.516054248105711
27.7620542481057
15.1820542481057
21.0520542481057
2.49405424810561
15.4480542481055
9.66405424810551
29.4420542481056
21.6240542481056
5.74005424810561
27.4580542481055
-24.0019457518944
10.5360542481054
17.9360542481055
-36.8599457518946
33.8220542481053
37.2900542481053
4.39605424810541
0.0820542481053081
28.3540542481053
27.0340542481053
-14.1599457518949
-0.995945751894688
-22.1039457518945
39.8880542481056
39.8880542481056
33.3120542481057
29.8140542481056
22.3060542481058
36.2520542481057
17.9160542481058
-8.69194575189419
12.3760542481058
10.1400542481058
11.9600542481058
18.3780542481058
19.9060542481058
4.63205424810581
12.6000542481058
-2.45194575189419
4.75005424810581
4.79005424810591
25.0900542481058
1.78605424810571
8.74205424810571
-35.3779457518942
-24.5999457518942
-21.7499457518942
-70.6119457518943
3.08405424810571
0.168054248105712
-4.11994575189429
-33.0499457518943
-5.49194575189439
-2.37994575189429
12.8300542481057
-6.33794575189429
1.72205424810591
0.442054248105812
-23.9379457518941
-6.06994575189419
-8.48394575189399
-27.047945751894
-13.3739457518939
-8.58394575189389
-0.811945751893987
19.134054248106
-8.91394575189409
44.2600542481059
-65.4559457518941
24.894054248106
14.8120542481061
44.1460542481062
-35.1419457518938
16.2480542481061
16.2480542481061
-41.8219457518939
-14.0859457518939
-33.6619457518938
-4.04794575189379
-16.2639457518937
-39.4239457518936
17.8240542481061
33.3540542481056
18.9380542481053
6.84805424810531
38.2140542481053
38.2140542481053
25.1160542481054
36.0760542481053
36.0760542481053
6.71405424810541
5.11205424810541
22.5820542481054
10.6380542481055
25.5080542481055
19.1580542481055
-0.675945751894588
0.534054248105413
17.8600542481053
47.8620542481053
22.9840542481054
-10.1479457518946
-10.3219457518946
2.36805424810541
18.3140542481054
5.06805424810541
26.1380542481054
7.04205424810551
17.1840542481055
-40.8659457518947
-0.215945751894587
26.2360542481054
27.4780542481054
-7.33994575189469
-79.7779457518946
-39.9499457518946
-28.3999457518945
-0.151945751894488
-43.5379457518947
-20.5219457518947
8.99205424810541
-44.3899457518945
2.05805424810551
-64.2399457518945
-45.8559457518944
-19.5419457518945
4.99405424810561
-14.9279457518944
7.97805424810551
-57.9079457518946
-26.6979457518948
-41.3899457518948
19.7260542481052
-15.9939457518949
-11.9979457518951
28.6140542481048
8.64205424810521
35.400054248105
17.7740542481049
12.7080542481048
-5.73394575189529
18.5600542481047
18.3600542481048
21.1860542481048
24.6460542481047
4.00005424810481
15.0620542481048
16.0120542481048
17.4620542481047
-4.74994575189519
-0.795945751895189
1.78205424810481
-13.1899457518953
38.3720542481047
-58.1519457518953
3.40605424810481
-27.9939457518953
3.00605424810471
14.9820542481048
4.88605424810481
-24.7679457518952
30.4840542481048
-5.73794575189529
8.72805424810481
21.3380542481047
25.3160542481047
-33.6719457518953
8.71405424810471
12.2760542481048
-14.4799457518953
53.5500542481047
-2.24194575189519
-15.6679457518951
-25.5099457518952
17.3500542481048
31.7000542481048
23.8280542481051
19.0440542481051
-13.027945751895
-94.125945751895
-26.523945751895
-12.5959457518951
-6.09994575189529
-7.55194575189499
4.52805424810501
52.3480542481052
15.7620542481054
19.9200542481055
12.5920542481054
28.6880542481055
4.47605424810561
0.732054248105513
27.5500542481056
-18.1199457518945
26.9840542481056
13.7580542481056
43.8440542481056
-8.03794575189449
34.8360542481056
43.6380542481055
19.9180542481056
24.8160542481056
2.78205424810561
-19.3079457518944
-19.0119457518945
29.0840542481055
34.6020542481055
-20.3019457518945
14.5040542481056
11.3760542481055
-6.03794575189459
-10.0119457518946
-14.7579457518945
-12.9279457518944
43.7580542481055
-13.2719457518946
4.59005424810561
-14.9279457518944
15.1280542481057
-42.7359457518942
-38.5479457518942
-2.12194575189429
43.2840542481058
47.0760542481058
-3.84594575189419
0.0120542481057129
-12.8519457518942
-17.4359457518941
26.4440542481059
-1.46794575189419
23.4400542481057
37.8880542481057
12.6140542481057
-42.6919457518942
-68.2939457518944
-80.8759457518943
-57.3679457518945
-48.0439457518944
-53.8439457518946
-42.1259457518945
-67.2679457518947
-105.085945751895
-59.7019457518948
-94.8639457518947
-82.8579457518949
-67.4799457518948
-81.381945751895
-71.3839457518949
-35.2099457518948
-20.3499457518948
-7.60194575189479
-49.7339457518948
-28.4919457518948
-23.2219457518948
-22.1719457518948
-27.3319457518948
-29.4119457518948
-64.5179457518947
-77.6779457518948
-46.0199457518948
-29.4759457518947
-10.2399457518946
-22.6959457518946
9.71805424810541
-33.2279457518945
-11.4719457518944
-32.2499457518944
1.12205424810561
-14.2099457518944
-6.50994575189429
-6.50994575189429
-3.83994575189449
13.0520542481057
18.6120542481056
18.7980542481057
9.68005424810561
9.42005424810541
-20.9239457518948
24.070054248105
3.85605424810511
10.0040542481051
18.2180542481051
20.7320542481052
34.0700542481053
-0.61994575189469
11.8460542481052
30.4040542481053
44.5040542481052
45.3260542481052
57.4880542481053
-38.2719457518945
-1.65994575189449
34.4220542481057
-13.3239457518945
17.2880542481054
28.2700542481054
20.9480542481052
43.7220542481052
20.2520542481052
20.2600542481052
5.23605424810521
-22.2279457518949
-76.1119457518948
-6.22994575189479
-4.13794575189479
-26.5359457518947
34.0820542481052
2.98005424810511
-5.94994575189489
13.2900542481051
31.9100542481051
-25.035945751895
-30.8459457518949
3.55805424810511
26.278054248105
31.356054248105
45.2280542481049
5.04005424810481
6.55805424810491
25.0840542481049
24.5380542481049
12.3560542481049
18.5560542481049
14.3100542481052
0.290054248105214
11.7160542481051
-1.27994575189489
-28.5079457518948
22.1360542481053
-2.33194575189489
-4.12994575189479
15.6780542481052
17.8560542481052
16.9520542481052
6.52805424810511
6.52805424810511
11.8320542481052
-2.89594575189489
9.84605424810501
5.03805424810501
-3.54594575189509
7.22205424810501
3.44005424810501
0.788054248105013
-15.407945751895
-4.90994575189509
-2.65394575189479
28.5240542481052
11.3020542481052
12.0080542481052
16.5720542481053
15.2060542481052
3.21405424810521
11.7880542481052
-31.0259457518946
-30.0019457518947
-52.0679457518947
-38.6679457518947
-5.76594575189459
-0.627945751894686
-123.863945751895
-8.25994575189479
29.8800542481051
2.52805424810511
-6.61594575189489
-12.4179457518948
12.3500542481055
3.52605424810551
7.42405424810551
-10.7499457518946
4.27205424810551
-31.9059457518943
-26.2359457518942
