50.8760000000001
27.1680000000002
53.534
36.246
83.736
4.21200000000005
-2.46599999999995
-8.89799999999991
18.4000000000001
9.57000000000005
32.4000000000001
48.5560000000001
60.2240000000001
-9.13399999999984
8.38600000000019
41.2600000000002
51.6380000000003
75.9420000000002
64.2060000000003
-6.11199999999963
43.7760000000004
33.7120000000004
85.0680000000004
53.0020000000005
36.4540000000005
37.1980000000005
13.1280000000005
45.2500000000006
74.5760000000006
39.3340000000006
82.5320000000007
73.6940000000006
13.1820000000007
54.8920000000008
59.9940000000005
48.6780000000006
61.2640000000005
58.7720000000003
58.7720000000003
69.8780000000002
48.7720000000002
65.0920000000002
34.8820000000001
79.8799999999999
71.4019999999999
85.0539999999999
57.2840000000001
72.4240000000001
-28.2819999999999
4.74000000000012
-15.5039999999998
-29.2479999999999
16.9940000000001
24.3820000000001
33.7660000000001
52.7440000000001
45.6780000000001
36.3760000000001
45.5520000000001
58.3680000000001
74.936
73.8600000000001
98.95
42.1740000000001
45.7460000000001
79.4120000000001
51.3980000000001
19.1340000000001
25.628
-29.1939999999998
-31.1359999999999
46.2720000000001
3.75600000000003
33.454
59.636
63.422
16.128
25.888
45.064
27.3620000000001
35.658
70.672
75.152
52.182
61.178
53.248
14.1979999999999
22.7199999999999
6.8619999999998
20.6659999999997
38.6079999999996
96.6119999999996
29.5159999999995
-4.55000000000052
13.8619999999995
34.6639999999995
54.4239999999995
42.0779999999995
69.4479999999995
48.4079999999995
80.3819999999995
86.2779999999995
65.1139999999995
62.8599999999994
30.2459999999996
3.1099999999995
-1.24200000000053
22.7939999999995
0.501999999999498
-37.2300000000001
18.674
55.51
53.43
-4.20400000000012
-10.6660000000001
77.582
62.554
51.982
47.5900000000001
59.6940000000002
55.1980000000002
96.2940000000002
27.0120000000001
44.7360000000001
69.148
57.9060000000001
14.7900000000001
21.6640000000002
44.9300000000002
78.2580000000002
51.5100000000001
36.086
82.822
55.3060000000001
31.5980000000001
29.4560000000001
34.4140000000002
27.1280000000001
51.5420000000001
38.3520000000001
65.2020000000002
61.4080000000002
49.5260000000001
96.9620000000002
13.4720000000002
43.6680000000002
51.2580000000002
72.5860000000001
55.8020000000001
82.4080000000001
-9.81799999999993
-2.17799999999988
18.8200000000001
29.032
57.9260000000001
87.2380000000001
41.1799999999998
42.3679999999999
16.9759999999999
29.66
42.21
61.934
17.65
10.3759999999999
39.5619999999999
34.3679999999999
35.316
31.196
6.28399999999994
25.2919999999999
66.3059999999999
25.6799999999999
57.4319999999998
86.9059999999998
46.992
78.7340000000001
76.0040000000001
31.5800000000001
68.4700000000001
52.7460000000001
95.1540000000001
65.244
7.50400000000002
16.2620000000001
96.1360000000001
37.3280000000002
37.6740000000003
45.1400000000003
56.5780000000003
62.5660000000001
50.1580000000002
-37.7039999999996
-4.84399999999954
13.1680000000005
32.0800000000004
61.7580000000004
67.5540000000004
44.5720000000005
79.1900000000006
53.4500000000005
48.8120000000005
68.1260000000005
48.6660000000006
38.4500000000006
37.0940000000006
44.4540000000006
45.5260000000006
64.9880000000006
36.2920000000006
29.5500000000006
41.3560000000006
41.3560000000006
77.7480000000006
33.1740000000005
25.3960000000006
37.7920000000006
53.5240000000006
52.8820000000007
62.7060000000007
35.0500000000008
23.4920000000008
-15.2239999999993
33.1840000000007
65.7620000000007
31.2520000000005
31.6480000000004
52.5960000000004
28.1780000000005
66.5100000000004
63.1640000000003
-7.43999999999977
-58.8639999999999
-49.5119999999998
31.5660000000001
-7.69399999999996
53.9140000000001
43.482
44.4520000000001
77.4200000000002
26.6460000000002
54.9680000000001
51.0100000000002
75.4180000000001
34.5180000000001
11.0500000000001
41.0020000000002
21.8700000000002
45.4460000000001
72.4500000000002
40.7980000000001
47.234
50.576
-1.79200000000003
21.418
52.506
51.916
83.462
46.0640000000001
67.1180000000001
69.814
69.704
58.286
73.2619999999999
56.1459999999999
-30.3600000000001
63.2759999999999
58.0919999999999
71.998
71.4560000000001
61.1100000000001
72.3820000000002
-16.7599999999995
45.1860000000004
64.4940000000005
-0.56599999999969
-6.13399999999973
24.498
46.086
57.3399999999996
50.1679999999996
15.9879999999997
68.5959999999997
27.1599999999997
88.5899999999997
56.1079999999997
41.8739999999997
49.3079999999998
40.7439999999997
30.1199999999997
60.6579999999997
35.6539999999997
38.5599999999997
38.5599999999997
49.1739999999997
72.6399999999997
66.3059999999996
26.2139999999997
27.8519999999997
48.5979999999998
32.1199999999998
40.9879999999997
82.0379999999997
41.8499999999997
38.3379999999997
75.3959999999997
49.6179999999995
67.9759999999997
57.6619999999996
81.7979999999996
-9.13200000000029
-1.88800000000032
44.8099999999998
46.5219999999999
49.1760000000001
72.4780000000001
61.3080000000001
35.5340000000001
36.2920000000001
64.9920000000001
32.6020000000001
11.5760000000001
22.8200000000001
51.538
46.414
-6.53200000000004
26.986
39.248
50.616
81.118
62.006
54.3599999999998
26.7339999999999
55.8839999999999
3.08599999999984
48.5099999999999
-10.2040000000001
26.9859999999999
-8.04600000000011
-6.7700000000001
-29.4860000000001
42.3579999999999
68.888
72.7200000000001
33.8240000000001
16.85
85.2220000000001
30.6440000000003
38.6340000000003
75.6020000000003
10.6480000000001
19.4080000000001
54.438
85.8820000000001
35.7520000000001
-17.604
-67.2919999999999
-1.45799999999986
41.7700000000002
9.45400000000012
16.5020000000001
33.6980000000001
41.6020000000001
28.8620000000001
65.6480000000001
-14.0679999999998
54.6640000000002
92.4580000000003
107.752
69.6640000000001
87.6420000000001
24.4600000000001
0.928000000000111
-17.9799999999998
61.6280000000002
47.0760000000001
60.3300000000001
-19.6899999999998
15.9560000000001
51.2760000000003
45.1340000000003
33.7120000000002
70.1200000000002
47.1080000000001
90.0760000000001
51.5380000000002
73.4780000000001
12.0080000000002
16.7980000000001
52.4080000000001
21.0860000000001
55.3060000000001
49.188
65.462
63.508
26.5940000000001
0.986000000000104
18.9920000000001
47.0560000000002
37.6820000000002
24.6900000000002
24.4340000000002
21.7300000000002
19.5500000000002
40.8780000000002
31.9080000000002
38.8060000000002
74.0500000000002
60.2580000000002
31.1060000000002
44.4540000000002
95.8560000000002
-29.4119999999998
47.9880000000002
-8.07999999999976
26.8460000000003
12.9900000000004
34.4840000000003
63.3780000000003
85.1660000000003
28.9900000000004
35.9720000000004
43.0700000000004
99.7060000000004
34.5080000000005
29.3200000000005
-13.8599999999996
23.1460000000002
66.1200000000003
32.7500000000002
3.22600000000006
41.7660000000001
47.314
68.496
51.8579999999999
79.474
40.45
13.3880000000001
34.056
15.154
50.894
46.776
15.174
47.466
41.704
43.52
37.1019999999999
57.5959999999999
80.8899999999999
55.2079999999999
-13.7020000000001
18.0099999999998
5.83999999999986
27.8639999999997
8.57799999999986
61.1279999999999
46.5279999999998
84.7579999999999
35.2739999999999
22.4319999999999
28.4319999999999
61.8979999999999
65.9219999999998
70.7799999999999
83.5839999999999
48.9219999999999
3.53599999999989
38.1699999999999
3.00399999999985
4.01599999999985
32.4319999999998
40.9819999999999
25.3239999999998
29.3359999999999
20.6859999999999
72.9079999999998
39.0459999999998
33.5079999999998
27.0139999999998
28.8979999999998
21.2879999999998
61.6799999999998
36.1979999999996
36.2279999999996
22.4179999999995
8.9039999999996
62.3719999999996
26.2119999999995
-3.08600000000047
34.2499999999998
37.5339999999998
-7.00200000000012
36.7899999999997
28.8099999999997
51.4439999999997
14.3439999999998
17.2659999999998
9.63799999999986
31.7659999999998
63.1679999999998
21.668
10.6039999999999
-0.936000000000092
62.7099999999999
38.8299999999998
54.9379999999998
10.5999999999997
45.6539999999998
16.7679999999998
52.7079999999998
45.7919999999998
31.4919999999998
2.49199999999991
20.7280000000001
68.308
48.47
66.5
52.522
34.434
26.428
27.0839999999999
33.67
52.53
40.1779999999999
40.1779999999999
63.804
78.374
86.7419999999999
92.5719999999999
47.1439999999999
11.4599999999999
15.268
52.6439999999998
47.1099999999998
42.3459999999998
43.6619999999999
16.7859999999999
33.6179999999999
19.794
39.6319999999999
3.18199999999996
20.1519999999999
43.8899999999999
27.5119999999999
38.404
58.2979999999999
68.588
39.0760000000001
21.7880000000001
23.9160000000001
40.0540000000001
68.7380000000002
68.3940000000002
14.0380000000001
22.394
56.314
39.002
41.206
74.516
-2.58000000000004
25.528
20.722
27.9220000000001
-0.197999999999979
50.4139999999999
14.422
14.7459999999999
32.6539999999999
10.16
47.234
61.878
61.878
50.016
53.24
18.018
30.814
45.9579999999999
21.3259999999999
11.0939999999999
33.5059999999999
20.2619999999999
70.1959999999999
46.5919999999999
47.5559999999999
36.5039999999998
63.7979999999999
50.3199999999999
48.7139999999999
75.9819999999999
59.9699999999999
26.9139999999999
66.9119999999999
58.766
67.1879999999999
75.4959999999999
-28.1660000000001
-28.1660000000001
71.318
53.7499999999999
61.622
59.182
13.1459999999997
63.7719999999998
64.7699999999998
-22.8520000000002
22.1379999999998
53.9219999999998
40.6039999999998
68.0739999999998
52.2719999999999
-4.46200000000016
46.6739999999999
34.1179999999999
32.6979999999999
24.4639999999998
51.5639999999997
59.1499999999997
61.0119999999996
39.8119999999996
35.8939999999996
54.9739999999995
61.8299999999995
7.02999999999952
68.1579999999997
77.5599999999997
14.2719999999998
45.3679999999998
9.57799999999969
77.3859999999997
41.3039999999996
42.9379999999996
45.2159999999997
40.1039999999998
73.7699999999998
-4.0920000000001
37.802
61.006
65.5080000000004
80.7940000000004
39.9600000000005
60.5940000000005
33.4960000000005
15.0320000000005
27.8540000000005
42.4220000000005
29.1600000000004
51.9420000000005
59.1020000000005
7.39000000000044
46.0980000000003
13.9660000000003
8.3960000000003
31.6420000000004
38.5840000000003
7.27600000000052
22.3140000000005
56.2580000000006
27.7740000000005
44.6480000000004
29.3900000000002
60.1940000000002
43.566
2.99600000000032
28.1880000000004
23.5060000000004
40.8400000000006
43.7320000000003
29.6640000000002
36.9020000000003
30.2320000000002
43.182
50.2679999999999
84.3599999999999
46.7939999999999
31.5959999999998
64.5599999999998
25.9179999999999
23.8639999999998
-12.8260000000001
42.8679999999998
50.7419999999997
44.7539999999999
16.3199999999999
4.24399999999991
40.8359999999999
55.5839999999999
61.7159999999999
29.3539999999999
1.4079999999999
6.4459999999998
56.1959999999999
66.0099999999999
21.9079999999999
42.6879999999999
31.2879999999999
34.5079999999996
45.1199999999997
72.9939999999998
44.6239999999999
82.456
-4.68399999999997
33.3680000000001
51.0679999999999
46.9860000000002
27.3600000000002
-14.6079999999997
-2.24799999999982
4.15800000000013
-4.41399999999976
24.6260000000003
41.8120000000004
30.4780000000003
-3.16399999999987
48.5160000000003
11.8760000000002
16.9700000000001
45.4060000000002
54.0460000000002
12.9660000000002
50.0060000000002
63.7940000000002
38.1560000000002
40.4340000000002
17.3920000000002
31.1940000000002
43.8340000000002
-11.5359999999998
23.5720000000002
44.8060000000003
48.7560000000002
38.6520000000002
57.2300000000004
-19.7619999999997
14.806
-12.6899999999998
61.0580000000001
32.7759999999998
25.3899999999999
33.4640000000001
24.1500000000001
58.7320000000001
59.6940000000001
28.542
28.542
20.4340000000001
40.576
60.408
43.3200000000001
-4.79999999999995
10.066
45.8900000000001
10.5420000000001
9.83600000000018
32.2320000000001
53.1080000000002
18.5460000000002
72.1480000000003
42.2380000000002
39.7880000000001
76.4200000000001
30.0959999999999
-18.1479999999997
28.6180000000003
23.6440000000003
39.5960000000004
21.7120000000004
17.8120000000001
42.8480000000001
46.3640000000001
16.0880000000001
40.1420000000002
24.4540000000001
75.1840000000001
24.9080000000002
58.5020000000002
33.4100000000002
52.3520000000002
65.0620000000002
87.6960000000002
46.5260000000002
72.1980000000003
83.0740000000002
96.3700000000002
-1.19999999999982
-3.48399999999975
-11.2259999999997
-23.1119999999996
8.21800000000042
14.3620000000001
34.0900000000002
51.8159999999999
37.3439999999999
85.136
73.2200000000001
41.9280000000001
35.2160000000001
17.2180000000004
27.9540000000003
23.5540000000004
25.0940000000003
29.3540000000005
19.8920000000017
16.5760000000017
18.0760000000017
23.8840000000017
36.5000000000016
11.4260000000014
17.3320000000016
19.3000000000015
20.770000000001
25.6360000000011
28.372000000001
34.990000000001
21.1720000000003
22.5060000000003
