41.5920000000006
1.44000000000062
-28.1559999999995
19.7020000000005
18.7800000000002
23.5960000000002
71.396000000001
36.1160000000011
59.8620000000012
40.4160000000011
-26.3419999999991
-21.083999999999
38.120000000001
-32.1699999999991
99.580000000001
-17.829999999999
-7.51799999999878
3.50000000000136
21.2440000000015
34.7100000000016
40.7020000000016
60.9240000000017
69.1300000000017
99.4540000000013
89.8920000000008
8.27600000000075
12.3040000000008
63.1920000000008
38.7100000000008
94.1960000000005
-12.2139999999998
-15.1019999999999
-14.0859999999999
-25.03
31.88
69.906
-12.232
52.94
25.532
-14.9680000000001
12.3459999999999
69.1859999999999
71.5719999999999
111.118
47.2899999999997
34.9439999999997
46.5499999999997
17.4379999999996
62.8119999999996
92.3199999999995
44.2699999999996
74.7079999999996
19.4679999999996
15.5519999999996
58.2999999999996
19.0039999999997
176.726
30.3119999999996
35.3219999999997
41.1699999999997
82.8819999999997
92.4619999999997
48.4079999999997
109.67
64.5439999999999
49.458
49.458
70.266
15.9540000000001
131.162
-36.9279999999999
-36.9279999999999
-36.9279999999999
128.562
94.5440000000001
76.7240000000002
37.2780000000001
35.9600000000002
95.0720000000002
93.0660000000002
149.254
117.514
85.0600000000001
71.338
61.4360000000001
56.784
80.0420000000001
20.7880000000001
87.2400000000001
80.6080000000001
81.502
86.0440000000001
70.3960000000001
51.5660000000001
62.8579999999999
92.9059999999999
25.7239999999994
80.4179999999994
94.7219999999994
94.7219999999994
111.441999999999
124.625999999999
15.3799999999994
-5.94800000000049
4.68399999999951
2.0379999999995
5.54199999999952
6.1799999999995
4.30799999999948
10.5019999999995
86.4299999999995
44.4759999999996
72.7899999999997
43.1919999999997
28.4599999999998
35.5239999999997
86.8899999999997
59.1439999999998
98.9259999999998
91.9339999999999
152.544
80.1159999999998
22.2499999999998
32.234
48.582
90.192
67.1719999999999
79.7019999999999
92.3719999999999
-14.0520000000001
85.7319999999999
72.2719999999999
144.202
97.8579999999999
48.5559999999998
41.8059999999998
85.1179999999998
31.4019999999997
83.8939999999998
53.1239999999998
75.4459999999997
108.794
54.9879999999998
75.3079999999997
12.9899999999997
69.5359999999997
137.454
48.1219999999996
51.2599999999997
59.0539999999997
68.6539999999997
65.6659999999998
42.9259999999998
52.8639999999999
50.2979999999999
55.7840000000002
44.7300000000002
47.5820000000002
54.1500000000002
65.0700000000002
49.9780000000002
41.1400000000002
34.6520000000002
36.1000000000002
17.2980000000001
32.8280000000001
15.2460000000001
108.316
66.714
73.3
45.088
-36.7640000000001
-36.7640000000001
63.422
75.974
69.9199999999997
40.0939999999997
20.9539999999996
53.6919999999996
23.6479999999996
25.0679999999995
42.8459999999995
138.622
59.2239999999996
13.8719999999996
55.3579999999995
87.5919999999995
92.3419999999995
85.6639999999995
92.7139999999995
112.09
76.1279999999995
58.8419999999996
128.2
65.5019999999997
39.7499999999997
82.7439999999996
74.6799999999997
68.6899999999996
73.3759999999996
19.1199999999994
53.3799999999995
78.6259999999994
113.707999999999
44.3959999999994
32.4339999999994
75.5719999999994
65.8659999999995
120.224
22.4519999999996
74.2879999999997
72.8759999999999
69.6039999999999
66.3719999999999
69.788
44.652
76.86
72.9500000000001
67.1440000000001
85.6140000000001
42.1940000000002
45.6980000000003
61.1400000000003
55.2480000000003
49.5320000000003
80.5340000000002
76.6740000000003
46.4060000000002
67.8800000000003
45.4220000000003
35.7740000000003
84.0340000000003
52.2100000000004
32.8100000000005
69.6480000000005
38.3680000000003
135.464
59.4640000000002
59.4600000000001
29.3440000000001
67.386
89.7180000000001
91.5900000000002
71.9920000000001
127.604
78.4460000000001
79.962
72.8379999999999
48.0819999999999
92.2359999999999
101.978
45.62
130.784
71.608
65.85
78.256
27.556
67.2160000000001
84.486
73.5120000000001
89.7240000000003
38.0220000000003
57.1300000000003
24.2980000000005
134.132000000001
66.5760000000005
70.1700000000005
46.9800000000005
38.8540000000006
63.7960000000006
131.526000000001
70.0080000000006
18.2720000000006
39.4180000000005
23.4400000000006
63.3380000000005
9.79200000000054
70.6460000000006
23.1600000000006
123.196000000001
74.1680000000005
19.0500000000006
22.9700000000006
44.6700000000005
52.9840000000005
7.90600000000057
55.6360000000005
62.4940000000007
97.4200000000005
23.4560000000005
56.6640000000006
76.7460000000004
76.7760000000004
27.8600000000004
26.0720000000003
86.2700000000003
105.364
112.372
-3.8059999999997
-15.7819999999997
103.66
73.4580000000003
29.7060000000003
28.4100000000003
89.8780000000003
171.504
28.2140000000002
73.1140000000002
65.8460000000002
65.5440000000003
53.4920000000002
86.9300000000003
90.0860000000002
95.8640000000002
92.8860000000002
-0.399999999999807
89.6020000000001
19.2099999999999
64.9999999999999
67.9079999999997
7.41199999999981
37.4139999999998
78.4519999999998
73.5879999999999
89.298
78.246
74.706
54.76
23.324
18.3079999999999
43.422
35.6899999999999
75.648
57.0459999999999
44.8819999999999
12.0359999999999
109.102
144.824
70.1339999999997
124.72
57.8559999999998
74.0239999999998
92.2619999999998
64.144
10.076
62.36
66.434
84.4139999999999
103.498
83.7419999999997
100.676
83.5179999999999
70.716
55.1
48.562
55.9
76.948
65.7079999999997
22.8539999999998
89.4639999999997
79.3659999999995
118.796
74.0079999999997
58.1979999999998
41.9539999999998
44.6539999999999
33.6159999999999
79.1199999999999
15.3539999999999
18.0120000000001
65.2400000000001
63.348
38.6179999999999
71.2859999999999
53.862
37.0859999999999
56.5179999999998
58.4079999999997
109.158
85.4699999999998
44.2679999999998
-5.07600000000025
30.1479999999998
50.2299999999997
20.3799999999998
85.8399999999998
27.3419999999999
28.254
26.626
51.5099999999998
89.3559999999998
9.00799999999992
-7.78200000000004
11.9380000000001
67.2439999999999
58.9119999999999
-12.6820000000002
40.9479999999995
106.139999999999
71.2459999999999
68.9099999999999
60.9419999999999
27.7099999999999
65.1719999999999
36.7839999999999
112.64
102.118
113.19
99.2099999999999
147.844
122.088
82.5720000000001
78.6220000000002
37.7300000000001
75.5760000000001
82.9180000000001
105.984
136.078
78.7760000000003
31.7080000000003
94.1120000000003
75.1640000000001
91.376
4.22799999999995
73.092
28.3479999999997
-23.7060000000004
-2.80000000000052
12.2919999999996
33.9979999999996
58.8779999999996
-70.2200000000003
51.9979999999997
115.038
55.9099999999993
90.1719999999993
46.3899999999992
-43.2320000000008
30.5019999999993
-21.5780000000008
28.3639999999994
57.8239999999994
61.5479999999994
-9.38600000000054
44.9639999999995
37.6159999999994
75.7419999999994
81.8019999999995
14.1559999999995
84.2219999999993
67.4259999999992
52.2659999999992
86.4159999999994
54.7839999999995
51.6419999999994
70.1819999999995
69.0579999999996
44.2999999999998
77.4919999999999
44.4279999999999
80.6139999999999
93.2959999999999
62.634
30.948
99.1299999999999
65.4399999999998
80.7099999999998
62.6179999999999
78.8019999999999
42.4139999999998
52.5679999999998
78.6359999999998
106.556
107.604
52.8119999999998
4.66799999999978
74.5359999999997
65.2199999999997
72.2119999999996
89.3339999999996
46.0699999999996
144.472
-5.93000000000046
-1.0480000000004
42.5279999999997
45.7419999999994
78.7939999999994
43.4779999999994
93.0699999999993
77.7439999999999
14.7959999999999
37.1080000000001
130.24
103.756
131.252
77.1580000000001
45.4480000000001
67.6300000000001
29.1320000000002
27.8680000000002
58.4540000000002
80.6560000000002
67.8020000000002
84.8720000000002
121.114
95.3320000000001
110.248
93.2140000000001
29.2740000000001
75.2140000000002
62.7540000000002
67.9140000000002
97.6860000000003
30.1220000000002
109.342
50.5340000000007
48.5200000000007
54.2760000000004
77.4560000000004
71.8380000000003
29.7100000000005
55.2900000000004
46.4120000000004
39.9080000000004
87.4720000000003
32.2379999999999
57.5079999999997
19.14
19.14
-10.774
-10.774
9.21400000000006
86.982
23.794
-3.202
-14.0120000000001
26.49
0.608000000000061
39.77
10.918
50.912
26.2839999999999
32.8559999999999
17.8139999999999
1.53399999999976
59.5119999999998
22.3979999999997
-8.62400000000025
63.0579999999998
52.0179999999997
9.87199999999962
113.304
78.3940000000002
66.4940000000001
56.1960000000003
45.8220000000002
102.836
-0.625999999999749
50.7900000000001
0.666000000000167
57.6140000000003
70.0720000000003
67.9519999999998
35.7359999999999
17.0519999999998
58.5179999999998
55.7879999999998
70.1199999999998
63.3179999999999
51.9379999999999
57.4459999999999
55.5939999999999
90.1899999999999
43.6099999999998
74.6319999999998
22.3359999999999
74.9079999999999
62.038
126.806
75.6400000000001
127.816
79.8120000000001
52.6220000000002
102.928
53.5080000000002
78.5160000000002
69.7520000000002
70.5920000000003
33.8720000000001
23.3900000000002
30.7940000000002
94.4000000000002
55.0420000000001
113.358
21.5080000000003
122.068
57.3080000000002
37.0360000000003
53.5320000000004
27.3460000000002
99.8760000000003
67.1640000000004
0.458000000000425
43.5540000000005
73.9760000000005
42.2460000000004
48.1340000000005
48.5400000000004
-24.2079999999996
9.00000000000045
9.00000000000045
-13.1039999999995
-8.6799999999995
75.7300000000004
66.0120000000003
76.2180000000003
26.2840000000003
106.776
69.6620000000004
41.0920000000004
62.5640000000003
24.6660000000002
76.8140000000001
66.1000000000001
94.0000000000003
22.6240000000004
47.5980000000004
19.7900000000003
37.2940000000003
88.9080000000005
-20.8879999999996
-20.8879999999996
17.9820000000001
19.3760000000001
19.2740000000001
36.7919999999999
22.3119999999999
26.186
128.674
33.5460000000002
7.3900000000001
22.7560000000001
30.7640000000001
22.2660000000001
83.9499999999999
61.4780000000001
38.11
36.872
59.0319999999999
40.4459999999999
83.266
125.706
62.248
28.8600000000001
85.1980000000001
69.5220000000002
14.0880000000002
14.0880000000002
63.0800000000002
47.7640000000001
36.3980000000003
2.54200000000037
110.214
24.3800000000003
46.3440000000003
38.4140000000001
44.7860000000002
78.08
-23.1740000000001
47.0819999999998
-2.22800000000018
19.0019999999996
47.8299999999996
28.1199999999997
25.8359999999994
25.8359999999994
53.5719999999995
107.928
26.848
59.362
44.5759999999999
26.0279999999999
1.63199999999995
-18.662
76.276
30.232
50.5219999999999
35.3100000000002
35.9420000000002
59.6680000000007
89.5160000000008
22.6120000000009
43.9640000000006
88.5760000000006
93.1560000000005
61.9240000000005
94.7400000000006
56.8920000000006
51.3000000000008
61.4760000000007
-10.8819999999992
-32.4139999999993
42.6800000000007
55.7620000000007
18.0040000000008
42.5780000000009
7.73600000000101
38.9020000000011
46.826000000001
21.928000000001
34.9940000000007
21.4200000000005
31.5880000000005
60.0260000000003
47.3360000000002
9.29799999999989
40.4419999999999
33.5579999999998
58.5479999999995
46.0579999999997
62.2539999999997
63.6899999999996
41.8719999999996
107.044
48.3279999999999
60.3479999999998
48.5099999999999
51.9319999999999
-41.668
-41.668
126.994
44.9079999999999
90.6199999999999
80.6059999999999
44.0919999999999
147.994
70.0039999999995
45.4919999999995
36.7879999999996
40.9039999999998
64.9919999999998
119.208
67.1399999999998
70.5599999999998
61.6999999999998
72.6539999999998
37.9959999999999
143.538
49.0579999999999
56.3699999999999
78.3659999999999
82.8239999999998
85.754
36.5859999999999
71.4099999999999
76.5879999999999
77.2839999999999
128.462
86.6959999999999
37.2539999999998
43.1359999999997
60.9139999999996
-10.5000000000002
5.67999999999972
84.7139999999999
68.3699999999999
66.73
75.624
51.0779999999999
28.7759999999997
40.5699999999997
56.6519999999997
106
66.9839999999998
23.2239999999999
52.8879999999999
63.5439999999999
127.078
91.43
-42.018
30.8159999999999
-4.55400000000009
27.8679999999999
38.054
34.5179999999999
38.6079999999999
60.276
71.7619999999999
115.426
72.5159999999997
53.3039999999996
43.9939999999997
22.7259999999997
66.4179999999997
49.9739999999996
73.2699999999996
99.4639999999997
40.2919999999993
42.8779999999994
68.3619999999994
68.3619999999994
137.024
77.0339999999998
55.6099999999998
87.8919999999997
65.2699999999998
57.5839999999998
48.8839999999997
39.0119999999996
73.1799999999996
67.1579999999996
104.928
73.1879999999996
21.3559999999995
57.9179999999998
45.8499999999998
86.7379999999998
104.568
86.9279999999998
73.2179999999998
105.7
59.2140000000001
111.77
95.8380000000003
41.9380000000001
33.854
20.782
6.11000000000013
29.7080000000003
46.5580000000002
13.0480000000006
36.1120000000005
47.8480000000005
36.9660000000005
54.6340000000004
30.2900000000002
48.6920000000002
38.5960000000002
40.1460000000002
36.0620000000001
16.9040000000001
25.168
31.3840000000001
-11.9099999999999
55.4279999999999
18.4499999999999
29.2319999999999
82.8520000000001
13.1520000000002
-4.23799999999983
80.8199999999997
-47.3100000000004
-47.3100000000004
-33.8860000000004
47.4479999999995
28.2899999999996
-82.3700000000005
47.0959999999995
69.7939999999995
85.5259999999994
32.4819999999995
50.0379999999994
40.0499999999994
62.2519999999994
20.8339999999995
135.063999999999
73.0139999999993
16.6359999999994
11.5859999999994
55.0279999999995
51.5799999999994
-10.4160000000005
65.4079999999996
79.1399999999996
61.5019999999996
136.074
58.6599999999995
2.04399999999964
28.5039999999997
26.3939999999997
17.9299999999998
29.9399999999995
16.0959999999994
19.3879999999995
29.4739999999995
48.0559999999995
81.6879999999992
17.6459999999992
75.3879999999991
-21.2000000000006
5.69399999999939
56.7739999999993
93.9599999999994
69.4099999999993
81.6679999999993
36.7939999999993
45.5599999999994
57.5099999999994
100.075999999999
72.1879999999993
36.8199999999994
68.7019999999993
43.9459999999993
33.6619999999992
1.80199999999923
37.5219999999993
37.5219999999993
80.4099999999993
135.717999999999
56.4659999999992
35.9439999999992
83.9919999999991
89.259999999999
70.6359999999991
46.9999999999991
123.831999999999
16.257999999999
106.799999999999
59.1779999999993
73.4519999999994
