10.2759999999987
7.5219999999988
31.2359999999987
-12.9880000000011
-11.3020000000009
14.3659999999991
34.3919999999993
51.6219999999992
38.3319999999992
76.0519999999993
45.1159999999994
112.689999999999
115.703999999999
122.011999999999
68.8659999999993
76.5579999999993
83.7979999999993
83.0419999999991
30.5519999999989
81.6179999999991
116.841999999999
38.8439999999993
135.923999999999
106.933999999999
79.2479999999993
69.6899999999994
121.685999999999
76.3719999999992
126.255999999999
79.3619999999992
44.5719999999992
142.483999999999
67.0859999999993
87.2479999999993
72.4039999999995
84.3379999999995
97.7639999999996
55.9919999999996
86.3539999999996
72.6379999999996
80.5299999999996
71.6739999999996
28.5919999999995
66.2859999999996
155.292
72.1899999999996
-9.70800000000042
34.0939999999996
53.4379999999995
73.2239999999996
27.6379999999995
80.6519999999995
105.024
74.004
47.2120000000001
37.1780000000001
-2.80399999999975
65.8720000000002
78.5900000000003
111.008
96.4740000000003
68.3660000000003
93.1180000000004
153.638
61.4700000000006
82.9100000000005
100.840000000001
94.6060000000006
68.0300000000004
122.71
79.4600000000003
65.7200000000003
81.8820000000003
81.2660000000003
102.816
81.0820000000003
75.8900000000004
67.5260000000005
111.78
62.8240000000004
59.4780000000004
41.0300000000004
78.8000000000004
87.3380000000004
68.3780000000005
68.3380000000004
72.1100000000004
53.2500000000003
58.4260000000002
65.448
40.0359999999999
70.3000000000001
108.162
49.0420000000001
62.5840000000002
80.1100000000004
115.976
27.9259999999999
54.4759999999999
96.8359999999996
64.9139999999994
83.3999999999995
84.5139999999996
89.7019999999995
69.4499999999996
81.4139999999996
79.4779999999996
59.8099999999996
59.5539999999995
20.0359999999995
75.1179999999995
78.6419999999996
48.6759999999995
52.3359999999996
65.8399999999996
95.7299999999995
58.2899999999994
77.4679999999994
78.9259999999994
51.0299999999995
63.8199999999994
102.768
51.7219999999996
65.9559999999997
51.0279999999999
61.6559999999999
44.504
84.0640000000006
70.9560000000007
77.3520000000007
60.7500000000007
116.932000000001
32.6200000000006
31.8000000000006
88.0900000000006
61.3920000000006
58.3320000000007
76.1200000000006
109.118000000001
72.4200000000006
49.5140000000008
50.6680000000008
1.68000000000075
38.4380000000007
66.5660000000007
101.642000000001
43.9560000000008
100.414000000001
55.0820000000004
79.8640000000005
50.5820000000006
47.9320000000005
57.3580000000002
43.682
61.7460000000001
56.726
97.67
109.59
28.0360000000002
64.1560000000002
44.0820000000002
58.2380000000002
9.1500000000002
51.686
48.9940000000001
97.3540000000003
53.0820000000001
63.51
53.3300000000002
61.7400000000001
101.032
63.5219999999998
31.3339999999998
54.7239999999999
58.6999999999999
61.9880000000001
50.302
53.706
36.3439999999999
34.1660000000001
67.2560000000002
94.8920000000003
56.548
44.236
78.9780000000001
50.35
86.052
69.782
65.944
65.126
52.504
63.092
98.0700000000001
78.1260000000001
77.2560000000001
82.0280000000001
74.6400000000001
84.6160000000001
11.552
88.0359999999998
61.1939999999998
66.0819999999999
104.892
34.3360000000001
99.604
-16.2199999999999
70.5580000000001
46.6460000000001
22.5840000000003
24.0060000000005
38.4400000000005
64.7360000000004
101.954
72.7640000000004
86.0500000000004
59.6940000000004
37.3360000000004
16.2120000000003
88.4280000000001
101.414
22.2740000000001
35.1660000000002
55.5080000000002
78.9680000000002
78.3360000000001
26.7960000000002
40.7480000000002
34.7320000000002
6.26200000000017
66.2080000000002
57.7240000000003
90.6100000000002
59.3580000000002
59.8940000000002
62.7720000000003
47.0180000000001
47.588
67.7239999999999
45.76
50.1419999999998
62.7039999999998
66.3399999999999
62.2959999999998
82.0279999999998
44.1459999999997
55.5979999999998
102.624
38.5479999999997
35.7459999999998
51.2699999999998
59.7659999999997
63.2299999999998
71.0519999999998
62.8879999999997
48.4719999999998
20.3719999999997
38.0479999999997
57.1079999999997
79.0699999999996
29.3819999999996
7.65999999999951
90.6039999999996
73.2499999999997
5.93399999999974
87.8359999999998
63.7999999999998
56.2839999999999
56.2519999999998
69.0379999999999
92.5179999999999
63.4019999999998
55.5279999999999
55.5700000000001
30.1259999999999
27.562
70.7280000000001
50.5119999999999
77.4059999999999
71.196
36.9659999999999
67.7519999999998
94.2339999999999
56.6439999999999
80.0499999999998
77.7799999999997
16.1179999999998
33.9139999999998
18.3759999999999
48.0559999999998
100.63
75.8580000000001
83.9440000000001
77.2420000000002
71.5100000000001
53.0120000000001
56.0799999999998
82.5619999999999
56.7879999999998
37.0379999999998
112.93
48.4799999999998
98.7859999999998
56.3319999999999
81.6839999999999
76.8359999999998
89.0919999999998
109.186
20.9399999999998
15.7499999999999
12.5419999999998
46.3399999999998
50.0839999999998
68.7359999999999
95.1959999999998
77.9659999999999
44.3039999999999
78.4439999999998
48.8139999999999
90.1599999999999
58.4659999999999
85.3319999999999
92.2879999999997
64.8279999999996
64.8279999999996
89.2559999999995
68.2419999999995
65.5619999999996
93.8079999999994
94.4879999999999
48.996
82.0519999999999
98.6279999999999
31.0819999999999
66.5959999999999
-0.542000000000257
58.3619999999996
71.5759999999997
47.112
38.824
37.8160000000001
36.2020000000002
51.4500000000002
33.5480000000002
29.7160000000002
45.3600000000002
56.5080000000003
67.8940000000003
85.4000000000003
80.3980000000004
39.4840000000003
67.5320000000003
82.4880000000004
59.1820000000006
68.3640000000006
40.4000000000005
45.5340000000004
56.5300000000004
66.0300000000004
92.6379999999999
78.8599999999998
86.0339999999999
57.3899999999998
99.0439999999998
57.4899999999998
110.884
96.6899999999994
69.3019999999993
56.4219999999993
57.0059999999993
114.219999999999
76.4759999999993
50.2079999999993
58.0999999999993
65.2879999999993
117.281999999999
33.6699999999995
54.3239999999994
27.6479999999993
54.0119999999994
96.0199999999994
-8.5740000000003
-8.5740000000003
87.0199999999996
100.734
102.264
69.3759999999996
77.9599999999997
77.8599999999996
51.0159999999996
106.104
44.0799999999997
66.6179999999997
58.0179999999998
99.7919999999997
81.5599999999997
46.9919999999997
36.2259999999998
14.2739999999997
32.9959999999995
38.1859999999997
34.8999999999996
64.1839999999995
72.7819999999995
90.9279999999994
73.1219999999995
109.402
99.5959999999993
62.7299999999993
64.4179999999993
89.8559999999994
53.0519999999993
74.2239999999995
71.5999999999997
50.3219999999997
63.0119999999997
68.5259999999995
101.302
85.0959999999997
79.1579999999996
38.7019999999997
36.7519999999997
79.1279999999997
58.7759999999997
48.1119999999997
51.7719999999997
109.642
53.2579999999995
53.2539999999995
81.4899999999994
84.5899999999995
63.8879999999996
62.1999999999996
14.7619999999995
18.2859999999996
15.8819999999995
49.4819999999994
57.7919999999991
70.257999999999
72.5919999999992
64.1519999999989
72.8059999999988
73.8719999999989
95.7439999999991
68.593999999999
73.8139999999991
111.923999999999
74.0179999999991
50.575999999999
29.2559999999991
64.6419999999989
68.317999999999
113.845999999999
58.5539999999992
47.8839999999992
40.3339999999992
84.7559999999992
59.8679999999991
55.3699999999991
80.9279999999992
52.6119999999991
49.8599999999989
65.939999999999
91.3119999999992
45.5039999999992
117.633999999999
38.7539999999993
68.7019999999994
76.1479999999993
47.4459999999996
40.3359999999997
73.1519999999998
67.2919999999999
81.6139999999998
30.1739999999998
75.8379999999999
93.8479999999998
67.3720000000002
59.8440000000003
75.5780000000002
23.3800000000002
33.5100000000002
71.0060000000002
21.6700000000003
-15.5659999999998
48.0260000000002
-15.6019999999997
54.8700000000001
115.418
107.088000000001
75.4560000000007
14.5800000000007
37.8040000000007
89.6660000000006
62.5840000000005
52.8020000000006
38.7380000000006
79.4640000000005
83.0140000000005
38.4840000000005
38.4840000000005
78.8320000000006
52.4180000000005
44.0200000000004
28.1240000000003
100.9
70.8280000000003
58.8840000000002
33.6060000000002
67.2040000000002
116.468
102.106
2.95000000000016
64.8700000000001
88.5940000000002
55.6460000000002
72.134
86.558
111.996
72.3239999999994
34.7059999999994
88.0159999999995
105.409999999999
57.6999999999994
94.1839999999993
83.5359999999994
55.2359999999993
98.7919999999991
73.0099999999994
58.1479999999995
84.8279999999995
79.2519999999995
3.65399999999954
66.0779999999995
106.256
94.8139999999995
56.1499999999995
43.5799999999996
53.9599999999996
79.6339999999994
77.7439999999992
58.1439999999992
88.9199999999992
48.4299999999996
54.8299999999997
68.9759999999998
58.3379999999997
117.876
-14.0100000000007
37.8619999999994
63.5119999999993
87.8679999999994
84.8199999999994
85.8719999999994
69.7099999999997
40.5139999999996
4.63999999999953
37.9979999999996
74.3019999999996
94.9599999999995
92.4239999999996
62.4859999999995
51.7939999999996
59.4359999999997
65.6419999999997
30.2039999999997
59.4639999999997
22.0999999999998
53.6579999999998
107.13
88.1360000000001
54.8480000000001
97.8540000000002
47.9040000000003
67.1899999999998
68.2959999999998
77.3779999999998
76.3799999999999
45.5899999999998
69.8719999999997
59.1379999999998
104.304
51.8380000000001
30.5359999999997
75.0859999999998
68.1659999999997
51.5479999999999
39.8799999999998
45.0959999999998
103.916
111.99
73.7500000000013
85.6140000000014
64.7000000000015
56.3200000000015
59.2020000000016
79.0080000000016
70.2640000000016
77.2800000000015
53.4600000000007
70.3960000000008
82.4460000000005
76.4020000000005
91.11
68.716
85.1980000000001
59.9020000000002
71.2480000000002
60.6780000000001
76.008
83.3979999999999
79.8159999999997
62.4399999999996
43.8499999999996
122.317999999999
19.6459999999993
3.6359999999994
15.5679999999995
5.81199999999978
72.2559999999999
43.8239999999998
70.5059999999999
92.1819999999997
73.2019999999999
67.7199999999998
50.6639999999998
71.5899999999998
71.7180000000001
49.0479999999999
106.43
44.3639999999998
80.3299999999998
35.7319999999999
29.6079999999998
49.4739999999996
114.068
41.1139999999998
43.5119999999998
43.5119999999998
64.6379999999998
40.0419999999998
85.4819999999999
39.0840000000001
92.648
30.9939999999998
42.5939999999998
88.7699999999999
44.4459999999999
42.0819999999999
48.24
43.8199999999999
47.2919999999999
26.2159999999999
102.374
40.6619999999998
87.4119999999999
31.3180000000001
40.0699999999999
43.3639999999998
27.8699999999997
32.6339999999997
40.2899999999996
123.382
68.5120000000007
75.5320000000007
63.7620000000007
103.836000000001
81.1320000000007
138.868000000001
42.2900000000009
57.852000000001
55.6400000000009
50.618000000001
67.8880000000009
57.5220000000011
83.934000000001
50.9760000000009
37.9720000000009
77.9700000000009
100.502000000001
121.250000000001
52.3740000000009
66.4220000000009
81.592000000001
71.9180000000009
105.336000000001
73.2200000000008
59.9620000000008
51.0680000000009
66.5320000000009
110.934000000001
52.9500000000007
102.984
80.7100000000003
80.7100000000003
73.5680000000002
119.888
69.9240000000001
54.2840000000001
49.5680000000001
43.8840000000001
54.2020000000001
50.6720000000001
106.974
76.4699999999997
33.5439999999996
59.8019999999996
56.9159999999996
82.7619999999996
123.05
54.8799999999995
46.6139999999996
81.5499999999995
60.7099999999995
35.0819999999994
44.5039999999995
114.908
92.9519999999997
88.5899999999997
111.458
96.2179999999996
68.8199999999996
68.1319999999996
71.9859999999995
50.2479999999996
95.1059999999995
95.0839999999996
121.008
60.9779999999994
-2.34400000000051
18.7499999999995
46.1599999999996
54.1119999999997
57.8799999999997
86.5859999999998
74.6279999999999
76.0979999999998
56.3099999999998
62.6059999999999
66.5379999999999
66.7219999999998
68.9679999999996
32.0759999999998
69.6759999999997
96.6239999999996
45.2339999999996
53.8339999999996
24.5419999999993
49.6499999999993
29.9299999999993
55.4799999999996
57.8559999999995
89.0919999999996
96.1819999999997
66.3119999999997
63.3279999999997
95.7059999999997
57.7859999999996
64.2479999999997
73.6659999999997
82.2699999999995
49.1799999999996
50.4099999999994
86.2319999999994
68.8559999999994
44.6259999999994
68.0159999999994
98.4139999999993
55.58
46.8059999999999
75.9880000000001
50.2240000000002
71.4600000000003
64.6000000000001
83.8660000000003
68.7800000000007
80.6440000000005
85.0240000000007
52.3720000000006
66.7240000000006
37.2040000000006
67.6800000000006
33.4700000000007
61.4240000000007
41.4200000000008
51.6100000000007
84.9220000000008
49.354000000001
84.2160000000009
57.4380000000009
31.3840000000009
52.9060000000009
86.7400000000008
53.020000000001
56.856000000001
46.154000000001
82.700000000001
15.5120000000009
16.8000000000009
63.906000000001
105.060000000001
139.134000000001
136.806000000001
64.1760000000011
74.598000000001
74.7280000000009
56.9000000000005
52.5580000000004
61.8140000000001
70.6279999999997
74.8739999999996
48.3139999999996
96.2139999999996
