53.4280000000033
9.89800000000344
50.6780000000035
37.1660000000036
47.8340000000036
55.1320000000036
76.4040000000035
26.2960000000037
41.538000000004
41.2240000000037
104.648000000003
45.892000000002
17.2040000000017
21.6780000000015
28.614
42.144
34.2040000000002
27.812
71.024
99.1499999999999
63.4859999999998
-17.2060000000004
4.45999999999958
1.31399999999951
0.93799999999942
25.8119999999994
35.8639999999995
87.1519999999996
68.7159999999999
70.362
48.0139999999999
53.0159999999998
69.6499999999998
63.2819999999997
-10.8040000000003
42.2859999999997
86.7639999999996
50.3339999999996
71.2259999999995
35.5499999999996
76.7459999999999
66.6880000000001
76.7040000000002
40.8279999999999
45.1039999999999
59.0939999999999
65.8299999999999
78.4139999999999
-19.1280000000002
66.7619999999999
48.7439999999999
101.878
58.1000000000001
38.7600000000002
85.2420000000002
56.0880000000002
83.9480000000001
55.5620000000001
65.9420000000001
82.4839999999999
73.12
93.3159999999999
56.8439999999999
28.374
78.044
8.46000000000004
53.4540000000001
49.426
35.9420000000001
110.066
37.8560000000001
74.2900000000001
47.3120000000001
46.3760000000001
54.5980000000005
22.1080000000003
63.5680000000002
47.1420000000003
106.264
52.3020000000002
28.3980000000003
50.2900000000003
89.5900000000001
71.702
66.3440000000002
47.8640000000001
52.4960000000002
52.1380000000001
97.9960000000002
73.7560000000002
94.2
73.3600000000001
19.35
35.9280000000001
35.6460000000002
100.216
72.2100000000002
76.6740000000001
53.3080000000001
64.8900000000001
56.6679999999999
60.3680000000001
76.6740000000002
66.692
62.658
34.574
34.574
60.162
74.3900000000002
66.2520000000003
66.0460000000004
99.5740000000003
51.6800000000004
37.3320000000003
56.7720000000003
48.9700000000001
58.9100000000002
59.2200000000001
85.0180000000001
41.2340000000003
46.3240000000001
33.9119999999999
31.712
36.4879999999999
40.6379999999999
43.1759999999999
48.0459999999999
35.518
40.764
55.744
49.086
49.784
93.676
45.062
25.622
59.2679999999999
26.5859999999999
28.6239999999999
49.194
96.11
66.2140000000004
26.2680000000005
71.0560000000004
47.5560000000005
60.8340000000004
35.9000000000005
64.2600000000006
40.1160000000007
50.0840000000004
41.6860000000004
54.3820000000004
72.3700000000003
28.7260000000005
60.1860000000005
77.9600000000005
72.1420000000005
97.7760000000005
56.3520000000005
91.0920000000004
77.8180000000004
58.1380000000004
79.2000000000004
60.0060000000002
73.1980000000002
72.3560000000004
68.2039999999998
57.6899999999999
76.1320000000001
66.8180000000002
63.5520000000001
54.8140000000002
72.5140000000001
50.0120000000001
62.216
82.7119999999999
47.2820000000003
52.6660000000003
81.0500000000003
71.1900000000003
88.2160000000002
93.7500000000005
86.3380000000005
75.6540000000006
71.4760000000006
47.7780000000006
56.1460000000005
57.0300000000005
81.8960000000005
75.6740000000005
55.5440000000006
82.7760000000005
59.2120000000003
48.7980000000003
52.4040000000003
40.5640000000003
56.5080000000004
51.4580000000004
70.4400000000005
49.6080000000005
49.7320000000005
41.8480000000006
46.5060000000005
15.3020000000006
46.0100000000009
38.9320000000009
55.2880000000009
51.6240000000009
108.180000000001
75.4220000000009
46.5980000000006
20.8140000000006
39.1860000000005
96.4720000000004
54.5820000000004
50.4480000000004
57.1500000000004
65.2620000000004
77.0840000000004
54.5280000000004
50.8700000000005
89.7680000000005
39.6280000000005
13.8180000000004
81.2940000000004
64.5160000000005
63.9760000000007
64.6020000000007
34.7100000000007
80.9860000000007
72.9840000000006
97.5060000000007
57.3760000000003
38.6120000000004
72.4840000000004
40.0420000000004
96.6920000000003
57.5500000000001
78.2479999999999
48.742
35.354
31.2840000000001
83.772
73.1620000000001
5.13999999999999
70.5820000000002
29.7100000000003
71.2060000000002
34.7800000000002
57.3520000000002
0.904000000000224
62.2040000000002
49.1160000000002
98.6700000000002
66.5920000000004
55.6960000000004
63.5440000000004
62.5980000000004
53.3200000000004
50.0820000000004
85.9020000000005
5.97600000000057
34.0760000000007
38.2760000000007
51.7780000000008
37.9940000000007
70.9940000000007
86.8560000000007
122.334000000001
56.4960000000003
15.8500000000006
42.8240000000006
77.9280000000005
49.6340000000005
58.4020000000004
81.9860000000004
91.9560000000004
84.8800000000003
56.5940000000004
74.9180000000003
54.6820000000005
80.7000000000004
19.8800000000005
66.6560000000004
87.9080000000005
88.4560000000005
79.0860000000005
56.4280000000005
83.3000000000004
37.6660000000001
31.9040000000001
-1.11199999999997
14.734
43.224
71.154
26.082
24.0700000000001
29.2000000000002
44.9440000000001
56.8380000000001
7.42400000000009
36.8800000000001
42.2800000000001
57.9160000000002
49.6880000000001
62.1840000000001
44.972
19.196
37.062
28.0579999999999
69.9559999999999
27.2599999999999
94.4339999999999
48.8899999999999
58.6859999999999
66.2239999999999
91.8419999999996
55.9060000000001
55.9060000000001
56.5599999999999
36.6260000000001
54.5120000000001
55.7360000000001
57.2460000000002
20.2720000000003
41.1220000000003
-20.0779999999999
66.474
51.6539999999998
25.1459999999997
18.5659999999998
35.1899999999998
49.8179999999999
50.2799999999999
69.1659999999999
70.7119999999999
65.7119999999999
57.2559999999999
44.5999999999999
39.3239999999998
39.3239999999998
26.5759999999999
25.7160000000001
72.8580000000003
36.8200000000003
87.4600000000002
43.4360000000006
71.0820000000007
38.3260000000007
14.7920000000007
46.5920000000006
27.6360000000002
27.0860000000002
46.4540000000003
50.9680000000004
114.31
57.1360000000004
41.7460000000004
84.9520000000003
89.9640000000003
45.7280000000003
91.8700000000003
64.9840000000003
50.3540000000003
59.2860000000003
24.8640000000003
102.322
82.4120000000003
45.7880000000004
65.7980000000003
59.6960000000004
41.8240000000004
59.4500000000005
83.4140000000004
24.0700000000003
24.4160000000002
52.6220000000002
54.2560000000002
80.2360000000002
61.2179999999998
16.6539999999997
14.2079999999997
66.4859999999998
48.7259999999998
105
40.3099999999997
56.0219999999997
73.7499999999998
-18.5460000000003
50.2999999999997
69.1299999999997
68.6259999999996
35.9739999999995
62.3699999999996
53.3519999999996
46.7799999999996
46.6879999999998
98.8779999999996
67.6499999999996
17.6399999999996
65.1799999999996
88.9879999999996
36.0719999999997
80.1879999999996
55.0539999999996
26.6779999999997
79.0859999999997
54.3399999999996
64.4059999999996
27.2059999999996
56.8379999999996
0.495999999999526
-12.6500000000005
22.1119999999995
97.2599999999994
46.0339999999993
35.9679999999992
66.4279999999992
81.0459999999993
56.9339999999993
69.6539999999993
109.635999999999
66.2439999999996
66.2019999999997
63.3019999999997
19.1719999999997
33.6719999999998
62.2299999999997
42.3979999999996
5.51799999999946
48.6499999999993
38.6039999999995
73.9459999999995
59.1179999999995
22.8919999999995
47.7919999999996
58.7139999999995
17.7299999999996
48.5219999999995
64.7339999999995
62.0759999999995
72.6719999999995
66.1899999999995
39.3299999999995
54.8619999999996
42.5499999999996
28.1279999999996
90.8599999999997
72.7039999999995
28.7439999999996
61.0139999999997
71.8879999999996
72.8599999999996
42.3699999999996
54.1919999999996
24.3359999999996
46.2219999999995
70.8059999999996
66.9119999999995
71.6839999999997
39.7739999999997
41.8239999999995
64.4079999999994
55.9219999999996
74.4639999999995
75.7139999999997
101.938
69.3839999999998
32.1799999999998
55.1479999999998
76.5139999999998
39.7999999999997
96.8919999999997
68.4499999999997
23.0239999999999
54.0179999999998
38.9419999999997
38.1099999999998
69.3219999999999
75.9939999999998
48.7819999999999
80.1779999999999
78.7119999999998
61.7239999999997
87.5119999999997
68.8019999999999
30.7259999999997
57.8699999999997
27.9819999999996
54.8959999999996
65.4059999999994
53.503999999999
83.209999999999
51.7699999999991
39.8519999999991
64.665999999999
64.665999999999
23.6939999999991
100.757999999999
70.589999999999
32.7919999999989
19.921999999999
49.7859999999989
44.695999999999
92.067999999999
110.421999999999
105.273999999999
97.777999999999
63.4199999999992
65.7599999999993
28.7259999999993
12.6199999999992
41.1879999999993
39.2219999999994
88.1079999999994
60.0579999999997
7.7319999999994
52.8819999999993
37.5839999999993
58.2919999999992
58.2919999999992
24.2859999999993
120.245999999999
68.2099999999996
64.4559999999998
58.9800000000001
63.5080000000002
87.8579999999999
86.2760000000005
55.7700000000004
53.1180000000005
43.8420000000004
99.5720000000006
55.2940000000006
20.2840000000006
24.6380000000006
57.5160000000005
62.5100000000007
102.192000000001
45.8460000000006
66.2440000000007
41.5220000000007
54.7460000000007
76.0820000000007
23.7920000000006
45.7240000000006
38.1500000000005
84.4120000000004
37.8100000000003
56.9380000000004
63.8320000000003
89.2300000000004
62.0660000000004
84.8280000000003
89.4200000000003
69.4120000000004
42.8280000000003
79.7860000000005
54.1120000000002
70.0019999999998
11.5779999999997
60.3099999999998
91.5199999999998
67.9779999999997
54.7199999999997
49.4519999999997
95.8879999999996
36.3239999999998
48.516
53.0279999999999
54.4460000000001
110.606
52.9839999999999
54.6479999999998
63.8079999999998
52.0239999999999
50.2999999999998
31.3439999999999
82.3199999999999
41.984
57.0940000000001
35.5040000000001
46.1640000000001
76.6320000000002
33.8440000000002
62.5160000000003
-4.58399999999949
27.7200000000005
28.9200000000005
59.7520000000004
30.4740000000002
67.6860000000003
25.0380000000004
59.7900000000004
0.382000000000517
13.5800000000005
46.9460000000005
14.8020000000006
29.2260000000006
50.3820000000006
2.11000000000047
3.81600000000037
48.8860000000003
70.6140000000003
104.93
73.8440000000005
36.9700000000005
52.3320000000004
45.4260000000004
52.7660000000005
103.38
67.9820000000005
55.6700000000005
75.7500000000005
69.4780000000004
53.2600000000004
77.3720000000005
5.25400000000047
77.6840000000004
109.014
79.7360000000001
23.8080000000001
59.1920000000001
79.5700000000001
33.0740000000001
49.6180000000001
-28.592
68.006
66.818
40.1680000000002
32.6280000000004
48.9260000000003
31.4160000000003
21.8480000000003
25.4640000000002
26.0480000000002
2.90400000000045
58.6580000000002
22.5380000000001
39.7420000000002
2.96200000000022
77.0980000000003
50.9940000000004
49.7920000000001
57.5220000000002
42.1
75.1560000000001
34.0420000000004
32.1260000000003
37.5360000000002
38.5240000000001
50.4820000000002
64.5160000000002
23.0920000000004
23.0920000000004
45.9540000000004
75.6900000000004
50.8500000000003
51.2860000000003
66.5760000000002
47.4980000000002
47.8700000000001
61.5100000000002
61.9900000000002
56.1840000000003
61.3040000000005
19.1800000000004
8.53800000000024
71.0480000000003
23.5100000000004
58.8260000000005
44.5820000000003
60.0560000000003
89.7020000000002
45.9360000000004
56.5220000000004
74.3680000000004
15.6840000000004
31.0440000000003
16.4340000000004
71.2300000000004
60.4980000000004
52.042
91.9440000000001
50.1300000000001
50.8420000000001
47.9660000000001
64.8720000000002
36.8580000000002
64.7340000000002
88.2980000000001
47.5920000000001
67.5520000000001
59.6560000000001
49.9100000000001
36.8140000000002
34.1040000000002
84.2260000000003
48.1600000000004
61.5880000000003
68.6740000000002
66.0680000000003
99.5060000000002
31.1020000000003
45.8440000000005
48.1820000000004
85.0640000000002
68.2040000000002
74.3660000000002
53.9700000000003
79.4060000000003
66.5360000000003
59.1640000000003
64.4780000000003
88.2740000000005
59.8900000000002
57.8800000000002
66.4180000000002
64.3900000000001
100.386
15.7060000000001
74.95
56.38
82.564
86.556
54.51
50.4119999999999
29.3899999999999
40.2759999999998
62.4139999999999
47.8259999999997
29.5379999999998
58.1579999999998
75.9799999999998
29.0439999999998
63.6859999999998
60.4279999999999
99.7819999999998
45.3279999999999
51.6859999999998
-29.4260000000002
20.5999999999999
0.996000000000095
76.6420000000001
-3.17799999999988
53.0860000000002
45.8360000000002
59.8160000000003
52.7380000000002
96.5300000000001
56.338
34.3599999999999
72.3059999999999
58.0459999999998
100.286
86.7379999999999
-7.88199999999995
82.9000000000003
43.8740000000004
36.8600000000007
61.3080000000004
60.9140000000004
64.1900000000005
52.7680000000005
82.6820000000005
77.2880000000005
82.3260000000005
54.5600000000005
64.1640000000006
32.7720000000007
85.4800000000007
89.8160000000007
60.7760000000009
75.4660000000008
59.4660000000007
54.3480000000005
96.0400000000003
66.2299999999997
68.5319999999995
43.3579999999995
63.8039999999994
92.3099999999995
67.6519999999999
50.5479999999999
10.7039999999998
50.6999999999998
65.4379999999999
69.824
83.5780000000002
68.3580000000002
-7.11999999999966
77.0840000000003
53.8080000000003
70.6120000000003
33.6220000000002
-0.827999999999861
32.1220000000002
81.1180000000003
110.576
47.2400000000005
46.4680000000003
33.6440000000003
49.0020000000004
68.9680000000003
96.7720000000003
72.8040000000003
54.0840000000003
39.9000000000005
61.5500000000005
42.9340000000004
86.2600000000004
40.4140000000002
94.0320000000003
63.9559999999998
-5.24000000000012
55.4180000000001
55.1320000000002
61.1080000000002
44.0520000000002
70.2580000000003
16.8540000000003
45.1000000000003
58.3480000000002
95.9560000000002
65.0600000000002
41.3980000000001
57.5300000000002
37.6080000000002
52.1840000000002
53.1440000000002
68.2460000000004
101.914
81.3040000000007
-5.00599999999952
48.5680000000004
56.7060000000004
74.4700000000004
69.1500000000005
69.1500000000005
47.5100000000004
63.0840000000005
72.5560000000004
91.9960000000003
78.8280000000004
73.0660000000004
