-158.506965547703
-176.028965547703
-26.2609655477033
-78.0229655477032
12.4010344522967
-32.1569655477032
-15.2709655477031
-12.5809655477032
-1.26496554770326
16.8070344522967
-46.2569655477033
-3.87496554770335
-33.6309655477034
-31.9269655477034
4.67903445229655
11.0130344522966
-1.57096554770305
-22.8129655477032
-5.35896554770315
26.1330344522969
49.3590344522968
27.7750344522969
-13.9469655477031
-19.772965547703
-3.10896554770255
-3.19896554770256
11.4550344522974
-20.8369655477026
-36.3469655477027
-25.7029655477027
-26.6169655477027
5.04703445229734
25.0710344522973
33.9470344522968
35.4530344522978
-25.9589655477026
-2.85296554770255
-63.0189655477027
-8.97296554770276
10.2250344522973
-23.3689655477031
35.7610344522968
-32.8429655477031
-20.2469655477031
-54.5329655477031
-22.686965547703
-8.60896554770295
29.4070344522968
3.94103445229705
-9.15096554770295
-41.5169655477031
-18.4529655477031
-70.9089655477031
-35.6889655477031
-29.9309655477029
9.65703445229714
-6.69096554770286
18.5370344522971
-6.33296554770276
46.8670344522968
-13.7129655477029
4.73703445229725
-15.3969655477028
39.0690344522968
15.7590344522972
-14.2429655477028
0.391034452297149
42.5470344522968
-39.2549655477029
2.55303445229714
-22.1469655477029
0.375034452297143
50.5910344522969
12.0730344522972
-28.1709655477029
-3.88496554770285
37.1790344522968
-12.6709655477029
-8.32896554770295
35.4870344522968
-14.356965547703
-0.204965547702955
-34.0269655477031
-31.7409655477031
7.67503445229704
-8.25296554770296
26.6910344522968
22.371034452297
-23.1609655477031
-19.1709655477029
8.47903445229714
5.22503445229725
-26.5609655477028
23.5010344522972
54.8530344522969
36.3570344522968
7.35503445229705
-11.5049655477029
-9.66696554770285
-21.8609655477029
-3.89696554770285
-70.6169655477028
-70.1269655477028
-70.5849655477028
-82.7669655477028
-62.900965547703
-64.5789655477029
-68.5909655477029
-52.102965547703
-43.690965547703
-31.1729655477029
-34.0029655477029
74.6230344522968
1.70503445229714
38.1690344522968
36.4410344522968
21.3670344522973
-28.0849655477026
40.6090344522978
-24.8369655477025
-9.34296554770255
-11.4029655477026
21.2350344522975
9.64503445229745
35.9790344522979
-17.1069655477026
38.5150344522978
-21.7909655477026
39.4150344522978
24.9670344522974
-13.6389655477026
8.04303445229745
10.1310344522973
-12.8009655477028
7.91103445229734
42.4970344522968
-19.6829655477027
-3.42096554770265
-17.0949655477026
32.6370344522968
-10.388965547703
-1.97296554770296
-1.02296554770285
27.9550344522968
22.1630344522972
33.9890344522968
-49.3629655477028
-49.3629655477028
52.0310344522969
22.6030344522971
46.0410344522968
-124.134965547703
-124.134965547703
-27.8609655477031
3.84303445229695
-21.5369655477031
10.8750344522968
37.0630344522968
-61.2309655477033
-61.8789655477032
4.06103445229685
2.92303445229685
21.4190344522968
40.2970344522968
-42.8969655477032
-37.2989655477032
-43.3189655477032
57.5790344522969
-4.92496554770335
25.4030344522968
-27.7229655477033
-36.0709655477033
18.169034452297
1.76503445229704
-18.606965547703
-21.5729655477029
-28.2749655477029
23.6270344522969
3.52703445229685
14.299034452297
23.525034452297
-44.1069655477031
50.1130344522968
32.3950344522968
-29.6029655477031
8.44503445229695
15.525034452297
69.5630344522968
21.957034452297
-3.71096554770305
13.1770344522969
73.8110344522969
3.68703445229694
-12.6729655477032
-8.47896554770315
-3.74496554770316
13.4230344522969
-7.63896554770305
38.1350344522969
65.1050344522968
82.5790344522969
-41.8309655477031
-20.4309655477031
37.2450344522968
-31.5849655477031
-20.9129655477031
8.94103445229695
-31.1549655477031
-8.82296554770335
-18.4489655477034
8.67103445229665
-10.5049655477034
56.1270344522969
64.8310344522968
20.1490344522967
-37.5309655477033
-11.4069655477033
45.2010344522969
51.5770344522968
-33.8809655477034
2.00503445229664
-29.9249655477034
35.1430344522968
24.2950344522966
1.15303445229665
-20.2929655477034
-20.3089655477034
-8.85296554770335
-25.2989655477033
6.26103445229674
24.8650344522967
-16.2189655477033
-11.7729655477033
-28.3749655477034
25.0950344522966
28.7490344522968
-41.9669655477035
17.8590344522966
-18.8729655477035
-25.8609655477034
-41.5609655477034
19.1050344522967
43.4230344522968
17.3070344522966
-19.1569655477035
4.45903445229645
-69.3309655477034
18.1610344522965
-20.1309655477036
18.0490344522966
39.3090344522968
-60.0469655477035
-3.17096554770346
8.53703445229655
-19.4749655477035
-39.8809655477035
14.3450344522965
22.9130344522966
-3.54296554770326
-25.6769655477034
-22.7709655477034
9.33303445229664
-52.3729655477033
24.9570344522967
24.9410344522967
-48.2469655477033
-28.5789655477033
-31.1709655477034
9.44703445229675
-4.93696554770345
-4.96296554770335
28.2850344522968
42.7790344522968
-0.898965547703355
-90.7889655477033
-32.7089655477033
-13.8089655477034
-7.58896554770325
46.6090344522968
26.2230344522967
-17.5709655477034
-18.0149655477033
-31.3749655477033
-19.4329655477033
2.09703445229684
25.6350344522968
-37.9249655477034
31.1070344522968
33.0990344522968
-20.7049655477036
18.1310344522963
-7.87496554770355
-28.7249655477035
12.6070344522963
-31.9609655477038
14.9550344522962
-27.9089655477039
-43.7109655477039
-10.9089655477038
-62.2249655477039
3.84903445229615
-34.6329655477038
0.377034452296243
4.05503445229624
-1.03096554770386
-18.6249655477039
26.6350344522961
32.8990344522959
-72.8769655477039
-75.7669655477039
-63.332965547704
-58.684965547704
-47.1089655477041
-24.830965547704
-35.766965547704
-25.2969655477039
-5.44096554770356
-11.9849655477036
-31.8569655477035
10.6710344522969
40.6730344522968
43.5090344522968
12.107034452297
-70.672965547703
-65.676965547703
-29.296965547703
-14.924965547703
-18.518965547703
12.5670344522971
12.263034452297
16.5370344522971
23.443034452297
-22.8509655477031
15.305034452297
-11.1109655477029
37.1570344522968
-16.334965547703
-8.47896554770286
31.6130344522968
-38.194965547703
-35.4949655477031
-46.418965547703
-40.6269655477031
32.5590344522968
32.5590344522968
-58.942965547703
-14.956965547703
6.01503445229714
-44.3809655477029
-11.7829655477029
-31.9389655477028
-45.9969655477028
8.38503445229725
-8.35096554770286
-22.5869655477029
22.6830344522972
31.3570344522968
-31.1549655477029
-21.9469655477028
22.0710344522971
-44.1809655477028
28.8690344522968
-55.4669655477029
26.7150344522968
-42.1149655477029
-73.1429655477029
-71.9249655477028
-49.7369655477029
-70.4649655477028
-60.3869655477036
-55.0549655477035
-27.8789655477035
-4.57296554770356
28.2490344522968
16.5030344522964
-16.3629655477036
-16.7089655477036
8.75903445229645
45.6370344522968
-56.1789655477036
54.2070344522969
45.6130344522968
7.84103445229654
-4.19896554770355
-39.8329655477037
7.37703445229634
14.9550344522964
9.06103445229654
4.85303445229664
2.10703445229655
-4.60296554770345
30.7590344522968
44.9670344522958
-7.57496554770376
-31.1689655477038
1.25703445229625
27.8690344522959
5.08903445229645
79.2670344522968
12.5830344522965
-47.4289655477036
-31.8649655477036
46.9250344522968
1.56103445229644
19.4250344522964
0.723034452296446
24.2150344522964
10.7010344522965
-13.6429655477036
63.5030344522969
-2.30696554770356
12.9990344522964
-22.7869655477036
40.7010344522969
-17.2829655477036
50.6570344522968
22.3510344522964
19.3790344522965
-1.23896554770356
-47.2529655477036
11.6150344522963
-5.96896554770325
-24.0009655477032
-34.380965547703
-32.7209655477032
30.8230344522969
-30.2129655477031
-19.4329655477031
21.823034452297
34.1330344522968
5.23503445229704
35.0010344522969
-7.31696554770305
-18.4189655477033
17.5610344522968
-9.63296554770326
34.2730344522968
23.2630344522968
1.75303445229675
25.8550344522967
47.2850344522968
-38.2349655477032
2.08903445229684
38.0750344522968
59.5750344522968
52.8710344522968
27.8470344522968
67.9270344522968
59.9070344522969
14.6750344522966
-35.9749655477034
37.7690344522969
19.2550344522966
-27.5189655477032
44.6430344522968
-14.310965547703
21.5550344522971
-4.75296554770296
-63.8489655477031
-27.3869655477031
-5.38096554770306
-9.80696554770305
24.933034452297
43.1910344522968
-38.4449655477031
23.329034452297
-27.346965547703
32.9570344522969
-6.77896554770285
7.32703445229714
37.3730344522968
2.53303445229714
64.7270344522968
-0.772965547702853
7.21503445229725
-18.2329655477028
-73.7249655477028
-20.7709655477031
-52.740965547703
7.45103445229685
-70.8669655477039
29.7690344522958
-11.5509655477039
-10.6849655477039
53.6770344522958
-31.0609655477039
-10.8389655477039
-1.69496554770386
-1.49296554770386
-38.7309655477038
55.2750344522959
-21.2449655477039
-17.8109655477039
1.71703445229615
32.8130344522959
35.4170344522959
24.4810344522959
-13.564965547704
37.6950344522958
-19.012965547704
41.0270344522959
-12.6729655477041
-55.0549655477041
0.235034452296048
-3.36296554770395
43.5210344522959
22.4370344522972
9.32703445229724
-28.680965547703
15.1770344522972
43.9150344522978
-34.6609655477026
-8.16296554770256
-20.2869655477026
33.6670344522978
12.7110344522974
6.64103445229735
-77.0329655477026
5.23103445229735
-51.6109655477027
19.8610344522973
48.4490344522968
39.2130344522969
18.4210344522971
-60.8469655477029
23.3950344522971
-19.6589655477031
11.585034452297
32.7490344522968
35.9390344522969
4.92903445229695
-63.6969655477032
-78.1689655477032
25.3390344522966
17.6710344522966
31.8850344522969
-39.8009655477037
-29.0129655477035
-54.7369655477033
13.4130344522965
-26.4249655477035
12.8690344522966
-44.8769655477034
14.8670344522967
-23.5409655477033
-45.5329655477033
32.1330344522968
-38.2549655477033
-29.2809655477032
33.0230344522968
29.8290344522978
33.6470344522978
-1.75296554770236
-5.26696554770236
25.5630344522975
44.0450344522978
-9.28696554770235
-3.51896554770235
16.9890344522977
-30.2709655477023
43.1750344522979
10.4170344522975
31.0470344522979
39.3090344522979
-30.2529655477025
-11.7129655477026
43.3950344522979
-11.7869655477024
-31.5029655477024
20.7310344522976
-52.4829655477023
-43.3169655477016
29.3650344522988
-3.66496554770146
-12.3549655477017
22.2110344522982
-4.79496554770205
23.7930344522976
35.5010344522978
-52.8169655477024
-20.4869655477025
-42.5509655477024
13.3450344522974
35.1770344522969
-49.9329655477028
-34.9829655477027
-21.6269655477027
-57.6929655477026
-14.8389655477026
-43.6129655477025
-22.3329655477025
11.7030344522975
31.6810344522979
2.79503445229695
-15.4969655477031
39.8130344522968
-8.56096554770315
-42.8509655477032
39.7990344522969
-17.3589655477031
-19.7429655477031
54.6530344522969
49.3370344522968
-18.8309655477031
20.877034452297
22.2630344522969
13.0530344522969
18.533034452297
-31.780965547703
-12.752965547703
24.2330344522969
52.5230344522968
16.549034452297
12.9190344522968
48.1230344522968
16.9930344522968
-5.11896554770325
20.701034452297
-20.2669655477028
26.8970344522969
-46.1069655477027
31.9030344522969
-62.7429655477029
-46.6229655477028
1.16703445229714
-15.0169655477029
11.7310344522972
-29.246965547703
-35.356965547703
-17.278965547703
10.215034452297
31.4030344522969
-15.2649655477031
-22.620965547703
53.3170344522969
-1.98696554770305
15.695034452297
-29.2449655477031
18.3570344522969
10.9710344522968
14.2510344522968
24.5310344522971
0.26703445229704
-2.48696554770305
15.8570344522969
-12.9969655477031
-65.746965547703
1.16303445229694
-25.8629655477031
-53.1169655477031
-10.7289655477032
16.4670344522967
-20.2549655477033
-9.20296554770326
-33.2029655477033
1.23103445229684
27.5690344522968
13.2210344522966
-20.5549655477034
12.9190344522965
-19.6929655477035
19.0090344522965
-103.248965547704
49.1930344522968
-40.1349655477036
-17.5389655477037
2.89103445229624
2.89103445229624
-33.7829655477037
-53.6769655477038
24.0490344522962
17.9110344522962
33.0510344522959
-49.7269655477038
45.0170344522958
-16.6509655477038
-25.9309655477038
-20.9329655477037
-58.5509655477037
-14.454965547704
-32.904965547704
6.97503445229604
9.01503445229605
-3.49296554770396
54.1510344522958
27.3350344522958
35.1810344522958
99.0690344522958
29.4530344522968
-30.1189655477036
-33.1329655477036
49.4450344522969
26.9810344522968
20.2650344522964
-25.0909655477036
-35.5449655477036
-23.6629655477036
-54.1369655477033
-16.5069655477031
-32.5169655477031
23.8150344522969
45.3310344522968
-24.6269655477031
-24.6269655477031
-2.66696554770296
23.867034452297
-2.22096554770306
3.83903445229694
-7.53896554770296
-39.7069655477031
5.43303445229705
21.991034452297
-54.4669655477032
37.9150344522969
2.92903445229695
-25.740965547703
11.039034452297
-43.8329655477031
-9.80496554770316
-21.0549655477031
-5.98096554770285
-31.486965547703
0.315034452297041
7.15903445229695
57.1810344522969
-15.7889655477032
-25.4369655477032
-1.08896554770315
-28.3349655477032
12.8650344522968
51.6390344522968
-2.34096554770315
-4.17896554770326
-53.9809655477032
-4.74496554770316
23.3690344522967
-16.1649655477033
-1.93696554770325
-17.1649655477032
-3.25496554770315
-9.52696554770316
17.4570344522969
-41.3769655477032
-41.5569655477032
