4.66011282051393
-67.3238871794857
-34.0178871794856
-77.3358871794856
9.53211282051494
-9.84188717948547
0.306112820514528
-12.3658871794855
-33.3098871794856
-40.2638871794857
-3.91988717948557
-116.983887179486
-127.963887179486
-130.917887179486
-106.703887179486
-102.493887179486
-88.9978871794869
-33.6578871794871
21.9061128205129
2.92211282051264
-51.4138871794874
-74.0178871794874
-27.7518871794875
18.8741128205129
20.9781128205129
131.502112820513
99.1081128205119
41.2401128205129
41.2401128205129
2.22011282051264
23.9041128205129
37.3421128205129
129.516112820513
7.23011282051293
39.6801128205129
143.210112820513
-30.0138871794873
46.2021128205129
4.54411282051294
18.6261128205129
-4.96988717948747
-10.7498871794874
24.5121128205129
-16.7718871794875
3.32611282051253
-35.1938871794875
-8.29388717948747
2.27611282051254
-3.45788717948747
-0.101887179487363
-57.6278871794875
-21.5078871794875
-39.0338871794876
-0.277887179487564
-7.09588717948756
-50.0898871794876
22.9801128205129
22.0881128205129
11.0541128205129
41.9021128205129
123.252112820513
-6.69388717948736
-27.8338871794873
-23.5438871794872
-19.0938871794871
107.394112820513
-91.3718871794871
-23.4678871794872
-17.4878871794871
-17.4818871794871
-17.9218871794871
32.3301128205129
-4.56188717948716
-57.8078871794873
75.9921128205129
-51.5958871794873
-77.4338871794872
-98.3218871794873
60.5621128205129
55.1361128205129
36.4101128205129
158.970112820513
38.0081128205129
-65.9038871794872
-69.0098871794872
-61.5138871794872
-57.0318871794872
-8.97988717948716
1.63811282051273
79.8081128205129
22.7581128205129
99.5721128205129
-13.3118871794875
12.8041128205129
26.8221128205129
-81.7298871794875
-30.5978871794874
-29.7278871794875
6.38811282051293
-21.7758871794874
69.5401128205129
13.0921128205129
-20.7698871794871
-62.221887179487
4.47811282051293
-26.095887179487
-87.909887179487
35.3281128205129
-50.5658871794871
60.7421128205129
6.55411282051294
-20.9638871794871
102.370112820513
-56.221887179487
-10.021887179487
66.5081128205129
155.500112820513
33.2361128205129
-15.083887179487
-53.4338871794871
-45.4158871794872
-54.9038871794873
-51.7918871794872
-17.7258871794872
-2.19588717948716
-55.6758871794871
-77.0518871794872
91.1501128205129
163.116112820513
-29.461887179487
-48.603887179487
-34.3278871794871
-99.619887179487
-31.9078871794871
6.49211282051293
-1.27388717948696
-52.8398871794869
-4.56988717948697
21.2181128205129
-58.489887179487
34.4561128205129
-126.531887179487
-106.201887179487
-2.32588717948697
-32.029887179487
-90.0258871794869
16.6181128205129
75.7781128205129
108.374112820513
-55.077887179487
-73.7738871794869
4.54211282051294
9.36211282051293
-38.7898871794868
63.7241128205129
68.8581128205129
21.6341128205129
-62.4398871794869
35.5821128205129
26.4421128205129
51.7301128205129
17.8861128205129
63.7421128205129
92.3901128205129
48.5301128205129
-23.9238871794872
20.2261128205129
-12.4038871794873
33.3521128205129
19.9301128205129
141.706112820513
-12.1798871794875
-10.8538871794876
29.0141128205119
10.9301128205119
27.7021128205119
141.862112820512
9.56611282051193
3.50211282051194
78.6941128205119
-89.4298871794877
-95.6098871794877
57.5801128205119
140.048112820512
114.152112820512
41.1421128205119
-21.1238871794876
-14.0278871794869
-25.177887179487
31.2521128205129
3.36611282051304
-79.495887179487
47.4681128205129
-44.2098871794877
-8.41388717948766
23.1261128205119
-11.1338871794877
-92.6658871794875
4.38411282051193
-17.3738871794876
5.98611282051193
47.5981128205129
-5.68588717948757
33.6001128205129
-2.61988717948756
129.354112820513
29.3521128205129
59.4021128205119
-10.6778871794877
-22.4938871794876
33.8301128205119
-87.3918871794876
18.1301128205129
-17.0458871794877
14.6541128205119
-109.053887179488
-26.9918871794878
97.7641128205119
56.1381128205119
-135.531887179488
75.7321128205119
-23.1378871794867
46.3601128205129
200.774112820513
36.1741128205129
205.238112820513
225.286112820513
-18.1098871794868
-17.5398871794869
-135.361887179487
-65.2258871794869
32.7201128205129
122.918112820513
-24.183887179487
-13.037887179487
44.7261128205129
-47.1838871794872
-4.39188717948707
-70.5638871794873
-115.883887179487
-6.70588717948716
-52.3898871794873
-0.781887179487171
-74.6198871794872
14.3981128205129
0.0501128205131351
95.2821128205129
-5.63788717948677
-34.8198871794869
16.4601128205129
7.17211282051294
-34.9778871794873
15.2441128205129
-19.4798871794873
46.4201128205129
-118.195887179487
-116.191887179487
-107.459887179487
-100.007887179487
66.1721128205129
102.530112820513
-28.9558871794873
-6.53388717948717
61.5581128205129
18.1801128205129
61.5921128205129
10.5521128205129
-42.8438871794871
-12.8538871794871
-66.4418871794871
-4.59388717948707
-36.067887179487
133.878112820513
30.0861128205129
22.6701128205129
-49.985887179487
121.604112820513
119.088112820513
-68.035887179487
-38.403887179487
-22.743887179487
-70.387887179487
50.1741128205129
-72.3178871794871
-72.0618871794872
-65.2558871794872
-34.8458871794874
28.2641128205129
-32.6958871794873
-11.3398871794871
-81.0718871794871
18.4341128205129
74.7961128205129
191.604112820513
-43.4238871794871
-72.8238871794871
-26.8458871794871
117.942112820513
-57.9418871794872
10.2181128205129
6.50011282051294
37.3941128205129
-14.7178871794872
7.15611282051293
14.8201128205129
-42.387887179487
-17.9658871794871
-24.5738871794871
-5.28988717948717
-5.28988717948717
-103.473887179487
-98.0498871794871
-88.239887179487
94.6301128205129
116.732112820513
18.4421128205129
-1.36388717948697
72.5201128205129
-20.287887179487
-34.649887179487
43.9981128205129
22.7721128205129
31.2841128205129
174.888112820513
-4.24788717948697
11.1581128205129
135.414112820513
30.7181128205129
-48.0918871794871
-1.26188717948716
-39.3178871794872
63.2581128205129
-30.5478871794874
-16.8438871794874
6.23811282051294
-1.03588717948726
-92.7178871794872
11.5801128205129
-34.3638871794872
25.7261128205129
4.04811282051294
10.6541128205129
98.3481128205129
73.7421128205129
-5.51588717948707
55.4281128205129
92.5321128205129
4.89811282051294
-28.8538871794876
-0.813887179487566
71.4161128205129
-50.6838871794875
-40.1178871794874
-30.5058871794875
7.83011282051294
1.38611282051254
-70.5878871794875
-51.8118871794874
-55.1578871794875
-90.6578871794874
-54.0318871794874
-10.8438871794873
-3.13988717948736
-24.3958871794873
19.7961128205129
-40.7498871794873
18.0541128205129
7.59011282051293
6.36611282051294
-36.073887179487
-15.0958871794869
109.164112820513
-69.673887179487
-104.759887179487
-12.0278871794871
-43.0178871794866
-63.8818871794866
-31.6558871794866
-68.4118871794867
-44.4378871794867
-36.1498871794867
-28.2538871794867
-13.6078871794867
-18.7938871794867
29.0101128205129
-48.4638871794867
-110.827887179487
-24.3758871794865
-103.983887179486
-67.7998871794864
-18.5178871794864
12.8701128205139
20.0101128205139
150.774112820514
3.10011282051353
-3.45188717948676
-53.5838871794868
-9.82588717948677
-15.2798871794867
12.6841128205129
5.33811282051394
-50.6518871794865
5.24211282051394
-30.0118871794865
12.2321128205139
13.5061128205129
-22.1958871794868
-27.0598871794868
-43.9978871794868
18.3061128205129
-23.9598871794868
18.1201128205129
7.16411282051294
-71.2678871794868
-33.8838871794868
112.364112820513
-99.817887179487
-99.817887179487
-99.817887179487
-99.817887179487
-99.817887179487
18.7821128205129
-21.9278871794869
50.4821128205129
-74.7138871794866
44.6181128205129
-4.88388717948656
-19.9838871794866
-26.5778871794866
49.7661128205129
-32.9238871794867
-1.00388717948677
59.3421128205129
36.1401128205139
9.31611282051394
26.3621128205139
14.9941128205139
11.6041128205129
-1.59188717948666
-8.65188717948666
-24.4418871794867
59.4921128205129
102.222112820513
10.4121128205129
-73.6138871794868
-19.2018871794868
8.39011282051294
64.9821128205129
-9.91988717948686
42.5041128205129
109.460112820513
156.772112820513
20.6721128205129
-19.139887179487
-10.735887179487
-26.5198871794868
-34.5818871794866
-48.6898871794869
66.9141128205129
205.512112820513
-17.9558871794873
-18.5898871794874
-25.9718871794874
25.0421128205129
3.25211282051254
144.074112820513
55.6141128205129
24.2001128205119
-37.0618871794876
-1.70188717948767
-33.5698871794879
-126.615887179488
-15.8238871794879
-46.9818871794879
-11.8398871794879
-3.30388717948776
38.8421128205119
7.42411282051194
146.008112820512
76.9381128205119
-39.4058871794877
4.11811282051194
-103.387887179488
-92.0958871794873
14.3041128205129
24.8981128205129
150.030112820513
-0.919887179487361
-75.0398871794875
33.8341128205129
-2.73988717948757
40.9681128205129
13.9221128205129
71.4821128205129
-13.2478871794868
-106.705887179487
-69.2778871794869
44.4881128205129
17.6061128205129
58.4221128205129
-26.677887179487
19.3321128205129
-117.459887179487
175.590112820513
125.328112820513
119.846112820513
117.208112820513
64.4941128205129
9.35611282051293
26.9601128205129
50.2201128205129
124.888112820513
-7.83388717948716
16.9381128205129
-28.2218871794872
-10.9018871794872
20.8301128205129
32.7781128205129
33.2821128205129
-17.7038871794873
-91.1098871794874
0.728112820512735
13.0861128205129
-18.4858871794871
-18.7218871794874
-46.2538871794875
22.2581128205129
11.3481128205129
-26.3598871794874
14.9161128205129
30.6541128205129
-36.3478871794873
-39.6598871794873
-46.7478871794873
38.6401128205129
-82.3878871794874
-98.0978871794873
-22.8278871794874
-35.2918871794874
6.09011282051293
-5.65788717948736
23.0801128205129
-1.78188717948707
28.3821128205129
46.2341128205129
198.830112820513
47.5961128205129
15.9881128205129
-15.0838871794872
27.3841128205129
27.3201128205129
6.44411282051294
43.4861128205129
25.2921128205129
8.71211282051293
19.8601128205129
-13.6378871794871
38.5541128205129
55.3821128205129
5.11411282051293
124.992112820513
8.90811282051294
-103.753887179487
47.5861128205129
47.5861128205129
4.43611282051293
3.24011282051283
45.4241128205129
3.27611282051294
-47.1458871794871
1.44811282051293
48.4501128205129
-99.3778871794872
-57.4238871794872
-88.1878871794872
19.6081128205129
-18.7578871794872
42.5241128205129
104.982112820513
-28.5638871794872
-19.1698871794872
121.360112820513
-30.555887179487
-69.5238871794867
-129.453887179487
51.9021128205129
-50.1418871794868
5.82611282051293
48.9961128205129
-63.2198871794866
-23.6138871794867
41.4121128205129
31.5141128205129
-47.0278871794866
-7.73588717948657
-8.47388717948667
-24.9998871794867
51.5721128205129
54.6521128205129
34.3521128205129
-46.9098871794867
49.9961128205129
50.1461128205129
-93.9698871794867
-15.6998871794867
-64.2178871794869
-10.0938871794867
-14.0598871794866
52.5301128205129
45.6301128205129
-50.2858871794868
-101.183887179487
-51.9438871794874
25.7501128205129
17.9021128205129
-97.7658871794873
-1.65988717948717
36.3421128205129
0.10411282051264
-45.1738871794874
27.3221128205129
16.2281128205129
-75.5878871794872
-20.6318871794872
36.1261128205129
-97.8218871794872
-97.6998871794872
63.7761128205129
19.1381128205129
0.620112820513029
-12.8418871794871
40.8081128205129
-22.1018871794873
46.0101128205129
12.2141128205129
15.6141128205129
-87.8498871794873
19.7841128205129
41.8981128205129
137.778112820513
17.4081128205129
-21.021887179487
119.184112820513
-12.9118871794868
6.39011282051294
45.2621128205129
39.1361128205129
-12.553887179487
-42.4758871794869
21.3361128205129
29.7301128205129
-25.7478871794869
24.0721128205129
143.526112820513
46.8081128205129
42.7201128205129
12.6221128205129
7.85811282051293
-32.421887179487
38.5021128205129
-4.75788717948707
7.83211282051293
-69.2798871794871
-1.51788717948706
-14.1878871794871
-39.3478871794871
-7.14188717948707
9.85011282051293
-23.7718871794872
-40.1598871794873
-3.82988717948726
102.608112820513
-24.5258871794876
-46.1538871794875
-15.5818871794882
-80.5898871794882
34.7581128205119
-86.9678871794881
-23.303887179488
-8.35388717948807
-117.445887179488
-18.8798871794882
-28.295887179488
92.1141128205119
-9.61788717948797
22.4721128205119
21.2821128205119
21.2821128205119
-136.511887179488
-14.3078871794879
-24.9218871794879
1.83411282051213
6.85211282051193
-31.941887179488
-50.1558871794881
-16.5818871794881
24.6181128205119
46.4381128205119
-6.95588717948796
62.2021128205119
11.9901128205119
-19.7078871794879
45.0521128205129
37.2321128205129
-109.431887179487
-59.7298871794869
11.7601128205129
52.6821128205129
29.4761128205139
-6.38788717948647
-107.541887179487
-68.5538871794866
-41.1718871794865
-9.86588717948656
-19.4558871794867
5.85611282051293
26.2461128205129
-58.5518871794868
134.044112820513
22.5881128205129
-45.8838871794868
-0.957887179486761
-4.69988717948696
-1.07988717948696
-31.9078871794868
28.6821128205129
125.784112820513
9.60611282051293
10.6301128205129
11.4541128205129
34.3321128205129
-27.8858871794869
-6.82788717948696
-26.2998871794878
-26.6618871794878
19.9981128205119
15.7361128205119
44.5181128205129
-59.5438871794876
-32.2438871794876
-5.90988717948767
-92.2438871794876
-87.7418871794879
19.1221128205129
30.4121128205129
-55.6358871794876
10.6041128205129
34.9301128205129
-30.4558871794876
64.5221128205119
-3.37388717948767
9.76011282051194
57.3441128205129
-47.5718871794868
33.6001128205129
-74.7818871794866
17.2581128205129
26.2381128205129
69.4401128205129
-98.7518871794867
-98.7518871794867
-98.7518871794867
-98.7518871794867
-5.52788717948647
24.5501128205139
-101.905887179486
11.7721128205139
124.414112820514
112.622112820514
-0.329887179486065
-10.2258871794861
-27.835887179486
8.56611282051394
31.9661128205139
14.5101128205139
-85.711887179486
-6.27788717948586
-92.8198871794859
-35.069887179486
3.36011282051403
36.0421128205139
5.67811282051393
-59.7918871794863
21.5401128205139
-7.90788717948647
