1.40000896130265
-0.925991038697347
-4.89399103869725
57.4520089613036
22.9460089613036
-26.4159910386965
-46.2879910386965
29.4680089613037
43.7000089613036
66.2500089613036
27.0200089613036
83.0440089613037
-16.1479910386962
21.5660089613037
-26.7119910386964
-6.91199103869636
49.8940089613037
49.5440089613037
-5.43199103869635
35.6920089613036
13.5280089613037
-9.99999103869645
-4.18199103869635
-14.3179910386963
16.1940089613037
23.2440089613036
-53.5899910386965
20.0740089613036
22.3340089613037
-40.8219910386965
59.4240089613037
54.7540089613026
56.3900089613036
-57.6159910386967
24.8240089613036
16.5960089613037
52.7900089613036
117.766008961304
116.244008961304
-33.9319910386965
75.8560089613036
-20.2619910386963
10.1840089613037
-17.2819910386962
-41.5459910386962
-59.2759910386963
-140.609991038696
-43.7119910386964
-37.4899910386964
-11.8219910386964
-11.6499910386966
10.9720089613035
-41.1879910386965
-53.3319910386965
-24.4799910386966
-10.7379910386966
-21.4619910386966
36.0060089613037
-45.3039910386966
-45.3039910386966
-45.3039910386966
-45.3039910386966
68.2460089613037
50.0020089613037
-27.3279910386965
20.7700089613036
-18.1839910386961
-41.9079910386963
-38.9699910386964
-108.645991038696
-82.5459910386965
22.3540089613036
-29.7479910386965
49.9560089613036
7.84600896130326
1.17000896130325
-20.5999910386968
29.5180089613037
8.04200896130325
-35.4299910386966
22.0980089613036
58.0560089613037
7.56600896130315
-65.5519910386969
41.7100089613027
8.56800896130315
12.3740089613026
-19.685991038697
-6.07599103869686
-9.24799103869675
11.4600089613033
70.6240089613036
76.3700089613037
40.9280089613036
5.93600896130334
23.4520089613036
78.2280089613037
125.306008961304
90.0860089613037
-90.4919910386964
28.6900089613036
44.3040089613037
-21.5279910386964
-30.6599910386963
42.3560089613036
77.1020089613037
24.6840089613036
18.5480089613037
8.67400896130376
-38.5619910386963
-12.9939910386963
-7.91199103869636
-14.2059910386965
-9.06599103869645
6.53200896130355
51.2100089613037
-8.94999103869615
20.3200089613036
49.7620089613037
-20.7539910386964
76.8800089613036
20.4420089613026
-11.0979910386969
-18.4359910386971
-40.8279910386971
23.3440089613026
10.6560089613029
-21.2119910386971
-23.2239910386971
23.5600089613026
30.2780089613026
-4.07599103869686
29.8460089613026
1.82200896130306
109.480008961303
19.5520089613026
11.5200089613027
-37.491991038697
1.09600896130306
40.0700089613026
-10.4479910386969
-43.6599910386969
-18.1019910386969
-102.371991038697
-110.963991038697
-98.2039910386968
-82.3579910386967
-1.33599103869665
-8.31199103869665
-49.7159910386967
-44.3019910386964
-79.4379910386963
1.28600896130375
-38.5279910386963
-34.0159910386961
6.11200896130394
6.68200896130405
-13.969991038696
53.4540089613037
34.6080089613037
21.5320089613036
2.96200896130405
43.7120089613036
24.6900089613036
-41.3019910386961
52.6820089613036
66.6520089613036
24.5840089613037
30.6580089613037
-13.8879910386959
58.9580089613036
65.3240089613037
11.0180089613042
57.8040089613046
46.4540089613047
5.13000896130426
32.9380089613046
-20.6499910386956
-19.2899910386957
-32.9979910386958
40.9580089613046
-133.549991038696
-24.1199910386957
-29.6599910386959
-2.03999103869604
24.4340089613036
-51.4419910386963
-52.4419910386963
51.5960089613037
-111.327991038696
-154.125991038696
-154.125991038696
-154.125991038696
-154.125991038696
-154.125991038696
-152.869991038696
11.1760089613039
-34.2759910386961
-29.5319910386963
-44.8059910386964
-25.1219910386965
12.7380089613036
8.46600896130334
37.3680089613036
-0.181991038696651
33.2700089613036
48.9460089613036
21.2580089613036
61.2180089613036
-12.3559910386968
110.764008961304
125.788008961304
5.03800896130335
52.8060089613037
109.446008961303
91.1900089613027
-29.6799910386968
-39.3579910386969
-11.1259910386969
-22.5579910386969
-10.7779910386969
-49.9019910386968
53.4420089613027
-18.0919910386969
-134.695991038697
-134.695991038697
-134.695991038697
-134.695991038697
-57.485991038697
-129.099991038697
9.58800896130285
34.1280089613027
-52.3559910386971
-97.4199910386972
7.55600896130285
-0.10199103869715
-55.0059910386973
-73.5379910386972
-73.2179910386972
0.894008961302944
-1.70999103869705
9.22400896130294
-47.3039910386972
130.966008961303
110.462008961303
-50.7959910386971
-32.267991038697
-23.9779910386971
-17.5779910386971
-32.7439910386965
-205.331991038696
-63.8819910386966
-90.2679910386965
-173.793991038697
-125.997991038697
-51.9059910386964
-137.137991038696
-108.293991038697
-21.6799910386966
-41.3279910386966
-79.9819910386966
-55.2499910386966
-93.3199910386966
-7.24999103869655
122.604008961304
-193.905991038696
56.4720089613037
-75.5479910386964
-75.4859910386959
12.3500089613047
93.6380089613046
143.994008961305
-21.8579910386957
48.2360089613047
28.9500089613046
33.6920089613036
51.2020089613036
104.108008961304
92.6820089613036
106.544008961304
171.150008961304
0.0340089613039538
-19.4659910386961
16.4320089613037
128.610008961304
11.3160089613037
-2.12399103869625
41.5540089613037
-32.1999910386961
-0.659991038696148
60.1400089613036
-41.8799910386965
-66.0899910386964
-15.5439910386963
-44.4739910386963
-54.3379910386965
-71.9279910386963
1.50400896130365
93.4300089613037
-54.4439910386964
44.6020089613037
-107.315991038696
-77.7219910386963
34.8880089613037
19.9940089613036
13.5100089613037
41.7420089613036
-64.3599910386965
-38.7019910386965
99.8980089613036
8.33200896130285
95.4040089613027
34.1340089613027
-91.0699910386974
33.0840089613026
5.38000896130275
16.9960089613027
40.6980089613027
36.9820089613027
28.4260089613026
50.7460089613026
-56.0619910386971
41.1400089613026
-92.7439910386971
-39.8279910386971
-47.4619910386972
27.4940089613027
36.9760089613027
64.8560089613026
5.51600896130284
19.5560089613027
102.758008961303
80.7280089613027
-123.379991038696
-142.499991038697
-89.6119910386965
-107.763991038697
64.3400089613037
-134.911991038696
-155.275991038696
-50.4639910386964
-33.8239910386964
-50.4379910386964
1.00000896130355
116.384008961304
-101.895991038696
-46.4219910386964
43.9900089613037
4.28800896130345
-4.23999103869645
-12.7579910386965
-7.66199103869685
56.9120089613027
28.0120089613037
28.6780089613036
9.49600896130345
10.2060089613035
-67.5699910386965
-43.6119910386966
2.05000896130345
67.1780089613036
66.8900089613036
106.602008961304
-76.4139910386964
19.9880089613036
34.0860089613036
51.5440089613037
-25.6179910386965
6.49800896130355
-35.7439910386965
9.46800896130345
32.0920089613036
-19.9619910386965
-38.8659910386963
-23.9939910386963
10.0780089613039
44.7780089613036
-11.8719910386961
55.8760089613037
147.748008961304
-22.0539910386958
-17.5299910386959
144.484008961304
145.846008961305
-82.7339910386958
-96.0079910386958
-92.4999910386958
55.8800089613046
121.634008961304
-29.8499910386958
-42.9159910386959
-23.2099910386957
40.5640089613046
90.1400089613047
133.144008961305
-89.7619910386957
61.2620089613046
54.7540089613047
-37.3619910386957
-39.7179910386958
-107.965991038696
29.7300089613046
41.1800089613047
60.6700089613036
61.3240089613037
-101.093991038697
-89.0299910386966
6.89200896130345
-143.833991038697
-134.329991038697
-122.817991038697
-66.6479910386967
-85.3199910386966
66.5180089613037
65.2740089613037
-68.8599910386965
24.0700089613036
-3.75199103869645
-63.6939910386965
9.34400896130344
-5.57199103869655
67.4040089613036
55.5200089613037
24.1260089613037
53.7100089613037
-12.6539910386962
63.6040089613037
45.2480089613036
99.6520089613036
170.822008961304
184.276008961304
7.10200896130365
39.2380089613036
-19.0919910386963
69.0100089613036
39.5720089613037
-96.5739910386962
-105.877991038696
-90.2199910386962
-74.5639910386965
102.510008961304
151.906008961304
-10.4019910386965
38.0780089613037
35.9680089613037
173.512008961304
35.7540089613037
42.7060089613036
29.0500089613036
48.0520089613036
32.0260089613036
70.9820089613036
49.5920089613037
138.586008961304
89.0740089613037
37.0040089613037
40.3140089613036
47.0880089613036
29.2120089613037
-104.415991038696
-155.129991038696
115.090008961304
-107.243991038696
-76.837991038696
-57.1899910386961
51.5280089613036
-5.27599103869605
-2.32999103869615
-110.099991038696
-40.7819910386959
108.698008961304
117.700008961304
-186.709991038696
-117.813991038696
-66.481991038696
-66.817991038696
-63.337991038696
-70.2619910386961
-2.76799103869625
16.4020089613037
-39.2659910386963
-114.931991038696
-155.289991038696
-143.141991038696
-120.679991038696
-132.451991038696
-120.257991038696
-110.765991038696
-15.8779910386963
-60.6739910386964
-62.9759910386963
15.2500089613036
99.3900089613036
95.6020089613037
54.5640089613036
66.7180089613036
-113.003991038696
10.5680089613037
-52.8879910386962
38.2640089613036
103.050008961304
144.434008961304
95.2180089613036
1.55600896130375
86.0540089613037
2.50200896130374
2.43600896130376
73.6280089613036
107.348008961304
6.62400896130364
4.12600896130365
82.7980089613037
163.082008961304
-150.403991038696
-58.4159910386964
-35.1459910386964
14.0840089613037
12.5020089613036
-29.2019910386966
17.0220089613037
102.452008961304
23.1380089613037
142.240008961304
161.682008961304
102.240008961304
130.964008961304
118.134008961304
47.2900089613036
-98.6659910386964
-45.0179910386964
43.8500089613036
-20.6999910386964
-20.6999910386964
43.0240089613037
-149.777991038696
-167.285991038696
-171.689991038696
-119.763991038696
-18.2379910386965
10.3160089613037
-19.9999910386965
87.6340089613036
2.08200896130354
-2.46599103869644
35.8680089613036
39.4740089613037
47.6600089613036
142.476008961304
-80.9479910386964
-85.2279910386964
96.0660089613037
110.144008961304
161.908008961304
111.708008961304
9.05600896130385
97.7180089613036
73.8060089613037
-25.4019910386963
-37.7119910386961
-25.6439910386963
-33.5479910386965
66.6560089613037
135.134008961304
60.2520089613037
-139.647991038696
-142.793991038696
-128.797991038696
-141.691991038696
-134.913991038696
-138.317991038696
-139.883991038696
-137.137991038696
-127.199991038696
-124.149991038696
28.1560089613037
-29.8079910386963
97.1380089613037
42.8500089613036
104.368008961304
-6.28799103869625
-59.8179910386962
55.8520089613037
-30.1419910386963
-28.3779910386964
139.366008961304
118.586008961304
-15.6379910386965
3.37400896130355
-62.2659910386965
-58.7979910386966
-117.081991038696
-69.5759910386965
-9.95999103869656
35.2780089613037
44.9240089613037
-78.7539910386967
-42.3919910386967
-59.0179910386965
-27.6139910386964
3.47800896130364
-100.627991038696
-9.02599103869645
-101.493991038696
12.6700089613037
21.7760089613036
-19.4939910386965
100.624008961304
-45.7779910386963
11.3220089613037
-27.8539910386964
43.3660089613037
76.4060089613037
60.2320089613036
81.7420089613036
148.046008961304
34.5020089613036
69.8300089613037
149.968008961304
61.6440089613037
79.4420089613037
19.5020089613036
58.2600089613036
165.100008961304
-25.4759910386965
-26.8979910386967
-26.9679910386966
155.370008961304
222.570008961304
-77.1219910386966
24.6480089613036
13.3080089613037
18.7800089613037
-115.347991038697
-161.809991038696
17.6020089613037
73.2460089613037
-58.3539910386964
-38.5219910386963
-13.0179910386964
54.0800089613037
56.2020089613036
-0.829991038696349
8.26400896130365
22.3900089613037
67.6180089613036
-0.103991038696449
75.8060089613037
-18.3679910386964
64.1780089613036
101.338008961304
-29.0839910386965
57.9080089613036
-8.09399103869644
63.3940089613037
89.9080089613036
56.2680089613037
-76.9519910386964
-78.3059910386965
23.3240089613036
-49.6879910386966
68.6400089613036
-23.9259910386967
12.9580089613036
62.3000089613037
50.7120089613036
24.7300089613037
-38.1819910386966
-23.3059910386965
6.12600896130346
97.3320089613036
23.3900089613037
-31.3739910386966
60.0500089613037
29.8120089613036
160.170008961304
141.910008961304
-19.5339910386967
13.5560089613036
11.4020089613035
-4.61999103869665
68.0600089613037
47.6320089613037
-43.1039910386962
-70.8839910386962
0.64600896130375
-60.7239910386964
40.8480089613037
-47.8039910386964
125.920008961304
164.298008961304
170.442008961304
133.288008961304
-65.7379910386965
-17.7539910386965
-16.3299910386965
-45.7259910386966
23.3460089613037
-60.2619910386965
-21.7899910386965
30.6900089613036
45.7440089613036
19.3500089613036
-32.5919910386963
139.504008961304
-53.1379910386964
34.9540089613036
151.236008961304
25.9240089613037
-54.2639910386965
-17.4659910386964
23.7480089613037
40.4940089613036
74.1480089613036
156.998008961304
17.1780089613036
-56.9279910386963
-97.0439910386963
-20.1479910386962
-130.827991038696
111.662008961304
17.9420089613036
-74.7479910386964
-0.729991038696355
97.1940089613036
-6.48399103869635
-47.7919910386964
15.7040089613036
11.9160089613036
-106.145991038696
34.4160089613036
-59.8079910386962
-51.5219910386963
-153.067991038696
-60.8799910386962
-47.6599910386965
68.1380089613037
141.840008961304
81.6160089613037
125.280008961304
-16.5699910386963
-25.6999910386965
-104.523991038696
10.7700089613036
31.7680089613037
3.30400896130355
-98.0499910386964
-12.3899910386964
-34.2199910386964
-26.3639910386963
133.988008961304
35.1700089613037
19.1840089613036
-69.5699910386963
-6.45399103869624
-91.1979910386962
38.0820089613036
61.7760089613037
146.454008961304
-71.0759910386963
44.6640089613036
98.2440089613036
41.5920089613037
41.5920089613037
11.8800089613036
66.6900089613036
7.87400896130355
-9.05799103869656
74.0460089613036
96.7220089613037
154.082008961304
13.7840089613037
110.996008961304
-5.47599103869665
29.5220089613037
84.9140089613036
-52.9819910386965
167.170008961304
122.296008961304
99.2380089613036
-14.4839910386963
32.8560089613036
-28.2979910386963
161.952008961304
-38.4099910386962
57.2760089613037
41.8540089613037
89.7980089613037
-55.8099910386962
-86.6939910386961
-11.5159910386962
1.73600896130365
-41.5959910386965
35.6400089613037
54.9900089613037
120.286008961304
-23.9139910386966
8.58000896130325
-40.2859910386967
55.8400089613037
60.3440089613036
43.0000089613036
-25.7679910386967
-46.0779910386967
-83.5279910386967
-25.0499910386968
-33.7099910386967
65.3700089613027
-23.8779910386967
-131.353991038697
-131.109991038697
-115.031991038697
-78.8779910386968
-70.7239910386968
-27.1259910386968
-8.29999103869675
-68.5599910386968
-117.619991038697
-32.9019910386968
-55.0179910386967
8.82000896130324
14.0300089613037
-57.2859910386968
-25.7379910386966
-27.1819910386967
54.6060089613036
75.1480089613036
-31.9519910386965
-61.1639910386966
-96.1819910386964
-19.0439910386961
-45.7919910386959
-74.0179910386959
-53.1299910386959
-32.5019910386958
-98.6239910386958
-90.5599910386954
-90.5599910386954
7.38600896130465
-125.857991038696
