696;405;607;547
696;405;608;547
696;405;607;547
696;405;608;547
696;405;607;546
696;405;607;547
696;405;607;546
696;405;608;546
696;405;608;547
696;405;608;547
696;405;608;547
696;405;607;547
696;405;607;547
696;405;607;547
696;405;607;547
696;405;608;546
696;405;607;547
696;404;607;546
696;404;608;546
696;404;607;546
696;405;608;546
696;404;608;546
696;404;608;546
696;404;608;546
696;404;608;546
696;404;607;546
696;404;608;546
696;404;608;546
696;404;608;545
696;404;608;545
696;403;608;545
696;403;608;545
696;403;608;545
696;404;608;545
696;404;608;545
696;405;608;545
696;404;608;545
697;403;608;544
697;403;608;543
697;403;609;544
697;403;609;544
697;403;608;544
697;402;608;543
697;402;609;543
697;401;609;542
697;402;608;542
697;402;608;542
697;403;609;543
697;402;609;541
697;401;609;541
697;401;609;541
697;403;609;541
697;401;610;540
697;400;609;540
697;401;609;541
697;392;608;540
697;396;610;541
697;397;609;538
697;398;609;540
697;399;609;540
697;399;610;540
697;399;609;539
697;396;609;539
697;396;609;539
697;399;610;540
697;400;610;539
697;399;610;539
697;396;610;537
697;393;610;536
697;387;610;534
697;385;610;531
698;387;610;533
697;389;610;533
698;386;610;533
698;386;610;531
698;389;610;532
698;390;610;533
699;391;611;533
698;391;610;533
698;388;610;532
698;387;610;532
698;387;610;533
698;388;610;532
698;389;610;533
698;387;610;532
698;387;610;533
698;387;610;532
698;387;610;532
698;388;610;532
698;389;610;533
698;390;611;533
698;390;611;533
698;387;610;532
698;387;610;532
698;387;610;532
699;388;610;532
698;388;611;532
699;388;611;532
698;387;610;532
698;386;610;532
699;388;611;532
699;387;611;532
698;388;611;532
698;389;611;532
698;389;611;532
699;387;611;532
708;475;634;549
710;547;624;538
711;564;636;529
705;542;636;542
696;475;623;544
696;472;619;543
708;453;614;539
722;495;608;528
714;471;606;519
699;414;603;536
686;350;594;546
690;378;602;547
691;383;604;549
701;451;604;539
725;572;608;484
731;586;628;521
724;553;621;521
705;458;610;533
694;368;587;536
698;347;581;546
740;504;624;572
745;529;630;568
725;488;621;556
700;403;607;544
675;292;568;540
682;334;578;545
688;375;600;551
705;520;646;552
688;641;659;518
690;637;651;515
684;549;632;540
681;459;614;540
684;432;610;544
684;378;601;548
691;395;609;549
687;386;601;549
685;362;593;546
683;360;589;547
684;371;593;548
686;380;597;551
688;392;601;551
688;394;602;551
687;384;598;550
686;378;597;550
686;383;598;551
687;388;600;552
687;390;600;553
688;391;601;555
687;390;600;552
687;389;599;552
687;392;600;555
687;392;601;555
688;393;601;555
688;393;600;555
688;392;600;555
687;392;600;556
687;394;600;556
688;398;601;555
688;399;601;556
688;398;601;556
687;398;601;556
687;398;600;556
688;398;601;556
688;399;601;556
688;400;601;556
687;399;601;556
687;400;601;556
687;398;601;556
688;400;601;556
688;400;601;556
688;400;601;557
688;400;601;557
687;399;601;557
687;399;601;556
687;399;601;557
703;447;607;549
717;497;609;548
713;480;607;536
704;436;599;541
696;395;594;546
691;391;598;553
689;394;600;555
690;397;601;557
690;396;601;557
689;396;600;557
689;392;599;556
689;394;599;557
689;396;600;558
690;397;601;558
703;467;607;550
722;578;604;497
743;627;634;537
737;606;624;533
723;543;609;539
703;458;598;542
678;341;607;553
682;387;604;546
686;391;600;556
686;383;598;556
708;423;604;559
744;514;598;551
731;501;609;538
706;471;609;542
707;466;609;551
694;404;606;555
688;385;601;558
699;403;591;553
740;499;585;529
748;543;617;545
731;530;619;536
708;475;614;542
674;358;612;553
681;369;593;543
702;450;616;552
720;580;667;573
719;595;665;556
712;563;656;549
702;531;637;547
697;436;619;548
693;374;602;556
689;341;583;557
688;359;591;558
700;500;634;531
711;649;692;552
697;647;685;529
683;573;657;531
681;484;624;542
679;425;612;542
688;382;602;556
688;390;602;551
686;373;596;549
684;360;588;552
683;357;586;554
684;372;594;556
687;385;599;554
687;388;601;554
687;384;599;557
687;382;598;556
687;382;598;557
687;384;599;557
687;386;599;555
687;388;599;558
687;387;599;558
688;387;599;558
688;389;599;558
688;391;599;558
687;390;599;558
688;391;599;558
688;392;599;558
704;465;593;546
728;530;587;554
725;555;619;551
709;509;623;564
702;466;614;560
704;461;610;560
729;576;635;556
740;615;611;516
732;576;596;528
719;538;596;532
705;469;593;544
706;486;602;545
691;389;602;558
708;506;638;559
700;561;644;551
702;564;647;551
696;505;628;551
690;420;607;550
702;416;609;562
720;461;602;562
741;528;617;573
747;563;620;550
736;537;612;550
705;444;598;544
681;346;576;559
695;508;623;527
706;626;677;542
698;647;682;537
690;618;664;540
682;530;634;540
680;416;604;546
665;233;548;553
680;345;575;547
689;389;602;557
691;405;605;557
689;395;602;559
687;379;594;559
685;370;587;557
687;381;595;560
689;396;601;561
689;401;603;561
689;398;601;561
689;391;598;560
689;392;598;561
689;397;599;561
689;399;600;561
689;399;600;561
689;400;600;561
689;400;600;561
689;399;599;561
689;400;600;561
689;401;600;561
689;400;600;561
689;401;600;562
689;401;600;562
689;401;601;561
689;402;601;562
690;402;601;562
692;405;601;562
698;416;601;562
702;415;601;562
701;416;601;562
698;413;602;562
693;405;601;562
693;406;601;562
692;405;600;562
693;407;601;562
696;411;601;562
707;423;603;560
713;455;606;560
747;537;598;547
754;567;614;547
735;533;616;551
688;382;601;559
690;392;603;563
689;388;601;563
687;408;599;548
715;576;654;553
714;599;662;555
703;550;642;556
692;465;620;561
676;320;557;541
677;311;556;556
683;360;578;562
739;581;601;508
749;622;638;558
740;605;635;556
705;473;608;553
681;336;583;565
684;358;581;557
699;523;641;544
705;651;684;538
697;644;674;530
684;589;653;532
682;497;623;549
684;448;609;553
694;414;607;556
684;374;590;557
683;367;585;557
699;473;595;548
735;586;647;581
734;613;626;535
719;543;607;548
695;454;591;541
685;367;581;562
683;371;581;560
688;398;596;564
688;407;602;564
688;409;601;565
688;404;599;564
694;421;605;565
727;570;668;586
729;571;666;596
715;515;644;583
700;425;612;572
676;324;560;541
681;319;559;555
686;370;581;559
692;403;600;558
694;416;606;562
693;411;605;561
691;397;598;561
691;396;597;562
693;405;601;562
694;412;604;562
694;412;604;562
705;433;609;569
704;419;606;568
738;462;616;615
737;506;634;608
724;499;633;591
704;462;623;571
695;453;620;555
689;372;584;561
686;363;576;557
711;429;594;558
743;535;596;552
735;537;607;547
712;495;612;554
697;410;596;557
691;389;594;558
689;391;592;559
690;395;597;561
691;404;601;561
691;409;601;561
704;471;624;571
702;434;613;569
702;485;626;576
714;491;627;578
717;518;643;580
720;532;647;582
719;529;645;581
704;461;622;567
704;474;623;568
698;443;614;565
693;409;601;563
687;373;584;560
686;367;580;562
686;379;585;562
689;407;598;564
692;416;604;565
692;416;602;565
689;402;596;563
688;400;593;563
689;404;595;564
690;414;599;564
691;416;600;565
691;417;600;564
690;413;599;564
690;411;598;564
690;413;598;564
690;415;599;565
691;417;600;565
690;417;600;565
690;415;599;565
690;415;599;565
690;416;599;565
690;416;600;565
691;417;600;565
691;418;600;565
691;417;600;565
691;416;600;565
691;417;600;565
691;417;600;565
691;418;601;565
691;418;600;565
691;418;600;565
691;418;600;565
690;418;600;565
691;418;601;564
691;419;600;565
691;419;600;564
691;418;601;565
691;418;601;565
691;419;600;565
691;419;601;565
691;419;600;565
691;419;601;565
691;419;601;565
691;420;600;565
708;427;592;567
744;478;612;576
737;502;616;580
718;484;617;566
709;447;610;566
696;420;609;566
690;411;603;561
688;389;591;561
686;380;585;561
688;392;592;562
698;638;676;545
697;681;685;519
692;643;664;550
685;529;629;555
681;447;613;559
684;400;596;555
683;381;584;556
683;383;587;558
684;394;593;558
684;403;596;559
685;406;598;560
686;411;600;561
685;406;597;560
685;400;593;560
685;402;595;560
685;409;597;560
685;411;599;561
685;410;598;561
685;410;598;562
685;410;597;561
685;410;597;561
686;412;598;562
685;412;597;561
685;411;597;562
684;411;597;562
685;412;598;563
705;465;625;580
727;465;618;607
727;455;626;613
712;445;620;583
695;408;600;569
688;396;591;559
753;640;614;550
757;651;617;532
739;576;601;541
712;483;585;549
705;454;581;548
686;386;585;556
691;404;597;560
690;400;594;560
731;444;583;566
725;482;613;562
713;461;610;563
692;407;596;562
691;410;597;562
693;401;591;561
735;493;587;560
747;540;626;575
725;513;624;569
709;457;608;566
691;406;595;562
692;409;597;563
691;405;592;563
692;408;592;563
692;413;594;564
721;490;605;564
748;542;633;583
757;566;611;560
752;552;602;552
759;580;620;558
752;561;616;557
764;577;618;570
765;593;626;558
749;560;624;547
717;481;609;552
688;389;610;558
689;456;596;539
733;622;680;596
733;650;679;558
718;601;655;562
696;491;620;551
702;470;625;560
692;382;591;556
690;366;581;559
690;375;584;557
693;390;593;559
705;524;639;542
677;649;658;477
686;656;666;509
684;577;649;535
685;485;619;548
696;483;626;560
698;434;616;554
693;393;600;551
688;367;582;548
688;374;584;550
690;394;597;553
693;408;603;555
693;409;603;554
692;402;600;554
691;401;598;553
692;405;601;555
693;411;604;556
693;413;604;556
692;410;602;555
693;408;602;555
693;410;602;556
693;412;603;556
693;413;603;556
693;413;603;556
693;413;603;556
693;413;603;556
693;413;603;557
693;413;604;557
693;413;603;556
693;414;603;557
693;414;604;557
693;414;604;557
693;414;603;557
693;414;603;557
693;414;604;557
693;415;604;557
693;414;603;557
693;415;603;557
693;415;604;557
694;415;603;557
720;482;610;553
750;556;613;534
748;555;604;534
723;508;609;538
709;456;608;547
694;398;601;554
694;404;604;555
694;406;605;557
697;437;602;553
713;502;607;541
733;568;607;522
730;560;604;527
716;519;608;540
710;507;610;540
694;415;610;560
694;409;605;556
691;391;593;556
689;385;588;555
690;393;594;555
692;403;602;557
694;414;606;559
693;406;602;558
692;403;599;557
723;463;613;565
760;564;652;581
765;589;653;573
733;525;625;557
699;409;602;550
678;329;564;554
686;365;585;556
693;401;604;559
694;412;607;560
719;599;628;522
728;635;655;536
717;598;642;535
696;461;610;548
691;377;589;533
691;393;598;554
694;402;602;556
694;404;604;556
701;422;605;556
710;443;612;555
734;544;625;541
732;547;628;548
719;516;627;555
703;472;622;564
700;425;612;561
695;406;601;559
690;372;585;558
690;376;585;557
691;389;593;560
695;405;601;561
696;411;603;561
695;405;601;561
693;398;598;561
693;397;596;561
694;415;600;560
695;427;607;561
696;430;607;561
695;430;606;561
695;431;606;561
695;436;608;561
696;437;609;561
696;439;610;560
695;446;610;558
696;450;610;560
696;458;612;558
697;472;615;554
702;518;629;539
709;610;668;537
703;634;669;522
691;566;648;529
690;479;621;547
684;329;544;512
682;320;569;548
689;369;591;550
693;393;603;554
695;408;606;555
695;407;605;555
693;397;601;554
691;384;594;554
692;386;596;554
693;405;602;556
694;409;604;556
694;407;603;556
693;405;601;555
693;404;601;556
693;406;601;556
694;408;603;556
694;410;603;556
694;411;603;556
694;409;602;556
694;409;603;556
694;411;603;556
694;412;603;557
710;498;607;540
725;564;613;528
731;577;619;542
720;542;610;541
711;483;599;545
706;451;596;547
694;380;595;557
697;410;607;558
697;414;607;558
716;525;646;555
713;579;644;541
706;548;632;543
698;491;625;552
693;468;613;553
717;533;628;546
722;551;626;543
729;578;620;533
716;540;615;539
699;444;600;548
688;359;581;543
691;382;591;554
694;408;602;557
695;413;604;559
694;411;603;558
724;492;601;549
740;538;615;550
741;553;621;548
733;540;618;544
719;483;608;546
704;441;607;552
696;408;603;558
694;405;601;558
693;403;600;559
693;406;602;559
693;408;602;559
694;410;603;559
695;411;604;559
695;410;603;560
693;411;603;559
694;412;603;559
695;413;603;560
694;413;603;560
695;413;603;560
695;413;603;560
695;414;604;561
694;414;603;561
694;414;602;562
694;414;603;561
694;416;604;562
695;416;603;562
693;414;603;561
693;415;603;561
694;414;603;562
694;416;604;562
695;418;604;562
695;417;604;562
694;417;603;562
695;417;603;562
695;417;604;562
695;418;604;562
695;418;604;562
695;419;604;562
695;418;604;561
695;417;604;562
695;417;604;562
695;417;604;562
695;418;604;562
695;418;604;562
695;418;604;562
695;418;604;562
695;418;604;562
695;418;604;562
695;419;604;562
695;419;604;562
695;419;604;562
695;418;604;562
695;418;604;562
695;419;604;562
695;419;605;562
695;420;604;563
695;420;604;562
695;420;604;562
695;420;604;562
695;420;604;562
695;420;605;563
695;420;604;563
695;420;604;562
696;420;604;562
695;420;605;562
695;421;605;562
696;421;605;563
696;421;604;562
696;420;604;562
695;420;604;562
696;421;605;563
696;421;605;562
696;421;604;562
696;420;605;563
696;421;605;562
696;422;605;562
696;421;605;562
711;397;608;609
733;385;616;690
709;436;624;592
710;444;623;589
700;428;613;562
697;424;605;560
695;399;595;557
718;472;602;547
723;470;604;554
753;555;603;531
758;576;614;544
759;592;621;540
776;630;631;546
785;648;629;545
783;638;621;550
778;613;627;554
773;594;625;560
758;569;623;559
724;487;614;563
697;401;614;561
692;390;594;557
693;393;594;558
694;399;595;559
695;410;602;560
718;477;618;566
752;537;619;558
725;495;616;554
702;428;619;562
696;418;609;555
694;392;597;560
693;383;591;560
698;442;610;539
686;525;619;505
695;616;654;516
698;614;661;539
696;544;639;552
697;472;624;557
692;365;581;528
688;364;585;551
692;384;595;555
695;403;605;557
696;411;609;558
696;411;607;557
694;404;602;557
693;397;599;556
693;401;601;557
694;407;603;557
695;412;605;558
695;414;606;558
695;411;604;558
694;406;603;558
694;408;602;558
695;411;604;558
695;414;605;558
695;413;605;558
695;414;604;558
695;413;604;558
695;413;605;558
695;414;605;559
695;415;605;558
695;419;606;558
696;419;605;559
696;419;605;558
695;419;605;559
695;419;604;559
695;419;605;559
696;418;605;559
696;420;605;559
695;419;604;559
696;420;605;559
696;421;605;559
695;421;606;559
695;421;605;560
694;419;605;560
695;419;605;559
695;421;605;559
714;488;614;560
727;521;617;558
739;540;626;563
748;601;647;557
749;612;646;543
760;644;645;539
768;665;626;515
767;659;627;533
767;665;633;529
763;662;628;535
750;628;611;537
736;583;604;543
726;571;635;544
726;632;664;527
727;624;669;551
718;591;659;557
709;543;640;560
706;487;623;561
760;546;643;619
765;594;667;620
748;564;661;603
730;526;648;581
706;444;621;561
684;346;561;543
684;320;563;549
690;362;581;554
697;399;603;557
711;486;631;570
735;590;681;599
734;580;672;601
723;549;657;582
713;501;635;563
698;388;596;556
692;390;599;554
699;419;611;561
699;418;606;558
697;402;598;558
698;389;590;556
729;435;582;552
750;514;613;582
728;522;631;569
713;500;629;562
703;435;617;560
692;387;594;557
691;374;585;558
692;385;591;560
695;407;602;561
696;417;607;563
696;418;605;562
695;415;602;561
714;661;691;579
701;684;689;524
691;640;666;542
688;536;630;552
684;455;605;549
683;359;571;547
691;407;603;557
694;419;608;559
694;415;605;559
689;397;593;556
688;389;587;557
689;399;591;558
692;415;600;560
692;418;603;560
693;420;604;560
692;417;602;561
691;412;600;560
691;412;600;560
692;417;602;561
692;421;603;561
693;423;604;561
693;422;603;561
692;420;602;560
692;418;602;560
692;419;603;561
693;422;604;561
693;425;604;561
693;424;604;561
692;422;603;561
692;420;603;561
692;421;603;561
693;423;604;561
693;423;604;561
693;423;604;561
693;423;603;561
693;422;604;561
693;422;604;561
693;423;604;561
693;424;604;561
714;530;649;569
713;564;648;565
704;546;634;547
697;482;623;563
703;511;634;563
703;450;621;569
697;429;610;561
700;429;586;554
721;467;583;558
728;514;604;561
718;513;614;562
705;450;613;563
694;401;596;562
694;402;593;563
695;414;599;564
696;422;603;565
696;423;604;565
696;422;604;565
695;420;600;564
696;421;602;565
696;423;603;565
696;427;604;565
696;425;603;565
740;529;614;526
751;543;612;560
711;463;603;546
683;379;600;563
690;419;604;562
693;426;606;563
727;599;665;584
721;633;669;553
707;572;647;561
697;490;623;558
685;376;581;558
690;401;593;562
694;422;603;565
693;423;601;564
708;551;649;550
698;655;673;518
690;611;654;538
684;508;622;554
683;470;610;554
689;416;611;561
696;436;612;562
696;432;608;560
690;400;589;557
688;384;580;557
690;397;588;559
694;420;602;561
695;427;605;562
695;426;604;562
693;419;601;561
693;416;596;560
693;419;600;561
694;425;603;562
695;428;605;562
695;428;603;562
695;425;603;562
694;425;603;562
694;427;603;562
695;429;604;562
695;429;604;562
695;429;604;563
695;430;604;563
694;429;603;562
695;430;604;563
695;430;604;562
695;431;604;562
695;431;604;563
695;431;604;563
695;431;604;563
695;432;604;563
696;431;605;563
696;431;604;563
695;431;604;563
694;431;604;563
694;431;604;563
695;432;604;563
695;432;604;563
695;432;604;563
695;431;604;563
695;432;604;563
695;432;604;563
695;432;604;563
695;432;604;563
695;432;604;564
695;432;604;563
695;431;604;563
695;432;605;564
696;433;604;564
695;433;605;564
695;432;605;564
695;432;604;564
695;433;604;564
695;432;604;564
695;432;604;564
696;433;605;564
696;433;604;564
695;433;604;564
735;661;650;482
735;652;679;574
719;617;655;554
700;496;624;562
682;365;551;535
694;408;551;543
730;579;578;533
735;599;617;552
736;605;625;557
731;590;619;555
712;503;603;560
689;384;604;565
694;415;595;563
694;422;600;564
716;539;614;556
731;607;631;540
743;630;643;558
738;603;620;554
734;598;609;545
739;613;607;533
746;598;614;553
735;541;616;561
755;562;616;568
753;566;622;566
740;555;621;561
728;527;616;554
705;463;611;562
684;372;588;562
689;399;595;563
690;441;609;562
711;647;681;557
704;678;691;529
700;648;670;540
687;557;635;548
686;491;617;553
683;375;576;548
690;406;600;563
693;423;607;562
692;417;604;562
689;400;592;559
688;398;591;561
689;409;595;562
691;420;603;563
692;422;604;563
691;421;603;563
691;418;602;563
691;417;601;563
691;419;601;563
691;422;603;563
692;423;604;563
692;424;604;563
692;423;603;564
692;423;603;563
691;423;603;563
692;423;603;563
692;425;603;563
692;425;603;563
692;425;603;563
692;424;603;563
692;425;604;564
692;425;604;564
692;426;603;564
692;426;604;564
692;426;604;564
692;426;604;563
692;427;604;564
692;426;604;564
692;426;603;564
692;426;604;563
692;426;604;564
693;425;604;564
692;424;604;564
692;425;604;564
692;426;604;564
692;427;604;564
692;425;604;564
692;427;604;564
692;426;604;564
706;514;638;547
713;600;656;551
714;597;659;543
705;544;646;560
725;540;625;562
751;556;596;554
752;579;618;551
736;553;620;555
716;499;614;560
694;431;599;563
689;414;591;565
687;417;593;566
699;501;617;558
749;624;606;532
742;597;608;546
721;553;607;558
713;522;606;559
712;516;608;558
694;420;604;566
694;493;592;540
710;572;635;557
705;565;640;561
700;514;627;562
707;509;636;572
701;451;616;561
694;399;594;563
690;377;578;560
690;391;584;562
691;422;600;561
692;640;673;499
698;665;688;542
694;626;666;554
691;531;635;559
689;501;626;557
702;435;615;556
687;389;587;555
687;394;590;559
689;402;594;560
692;415;603;561
693;425;606;562
693;421;604;561
691;409;598;561
691;408;598;562
692;416;603;562
694;423;605;563
693;422;605;563
693;421;604;563
693;420;603;563
693;420;604;563
693;422;604;563
693;423;605;563
693;424;605;563
693;424;604;563
693;424;604;563
693;424;604;563
693;425;605;563
693;425;605;563
693;425;605;563
693;425;605;563
693;425;605;563
693;425;605;564
693;426;605;563
694;426;605;563
693;426;605;563
693;426;605;564
693;426;604;563
693;427;605;564
694;428;604;564
697;442;606;564
702;445;609;566
710;482;615;568
709;476;610;562
729;540;618;571
742;589;644;573
749;617;655;576
754;638;659;576
763;652;660;574
770;656;657;576
770;648;653;570
770;651;654;564
777;664;662;583
783;666;655;575
784;654;645;577
788;665;639;572
790;672;649;577
788;669;649;569
774;640;637;552
742;560;623;540
702;424;601;558
690;396;595;553
691;406;605;564
693;419;607;565
691;410;603;565
689;405;596;562
690;407;597;564
690;413;601;564
692;417;605;565
692;419;606;566
692;420;605;565
691;419;602;565
691;418;600;564
692;420;602;565
693;421;605;565
693;424;606;566
693;424;606;565
692;422;604;565
692;420;602;565
692;422;604;565
694;426;605;565
696;428;606;566
697;431;607;566
697;432;607;566
696;430;606;566
695;430;606;566
695;431;606;566
696;432;607;566
698;444;608;565
702;458;608;566
701;450;608;566
698;447;607;566
699;454;608;566
702;462;608;566
703;463;609;566
703;456;609;566
702;445;608;566
701;443;608;566
701;442;607;567
702;445;608;567
703;446;608;567
704;447;608;567
704;451;608;566
705;456;608;566
705;456;608;565
704;450;608;566
705;448;608;567
706;448;608;568
707;450;608;567
706;448;608;567
705;448;608;567
704;448;608;567
697;444;607;566
697;446;607;565
699;452;608;564
699;451;606;564
698;446;606;564
698;447;606;565
699;451;607;565
699;455;607;565
700;460;607;564
699;450;607;565
696;443;607;567
694;440;607;566
694;438;606;566
695;436;606;566
694;435;606;566
695;435;606;566
694;436;607;566
694;436;606;567
694;436;606;566
694;437;606;567
694;438;606;567
695;438;606;567
694;437;606;567
694;437;607;567
694;437;606;567
694;437;606;566
720;366;614;636
730;381;603;663
703;399;601;576
706;439;616;567
699;434;611;560
698;424;605;562
695;408;596;558
695;397;592;559
696;413;597;562
697;427;602;561
698;431;605;563
700;431;602;561
739;487;594;550
756;548;621;570
738;552;630;545
728;520;626;548
710;459;611;550
688;374;589;557
691;394;592;558
695;421;603;563
697;430;608;563
697;429;607;563
695;410;600;562
693;406;597;562
716;464;611;558
742;538;615;539
735;527;618;549
721;491;616;551
717;481;613;551
696;425;606;562
697;419;604;562
695;412;599;561
693;415;600;563
694;412;601;561
719;486;607;557
721;487;603;558
709;462;604;560
710;489;610;561
712;494;610;557
703;437;613;555
699;424;608;557
695;402;597;560
694;401;594;562
729;436;588;564
758;461;595;580
737;502;624;571
717;485;626;567
711;482;630;565
700;423;610;563
693;387;590;559
693;376;582;559
693;504;621;522
681;585;632;497
704;651;671;528
704;656;670;538
698;614;653;549
692;545;631;552
688;463;610;556
689;361;584;560
683;370;577;553
689;396;590;558
692;415;601;561
692;420;603;562
693;424;605;563
692;419;602;561
691;410;594;561
690;410;593;561
691;418;601;562
692;423;603;563
692;425;603;563
692;423;602;562
691;420;600;562
691;421;601;563
692;425;602;563
693;426;603;564
693;426;603;564
692;424;601;563
692;423;600;563
692;425;602;564
693;426;603;564
693;426;603;564
692;427;602;563
693;427;603;564
693;427;603;564
693;427;603;564
692;427;603;564
693;427;603;564
693;428;603;564
693;428;603;564
692;428;603;564
693;428;603;564
693;428;603;564
693;428;603;564
693;429;603;564
692;428;603;564
693;428;603;564
693;429;603;564
693;429;603;564
693;429;603;564
697;432;606;565
740;596;681;602
746;608;681;613
729;550;654;592
713;459;620;568
683;357;573;545
691;381;586;558
697;415;605;561
700;428;611;564
700;428;608;562
698;415;603;560
755;570;656;603
751;543;635;602
720;450;615;564
711;421;598;564
695;413;608;561
698;423;610;562
698;425;608;561
696;408;601;560
695;393;593;560
700;419;594;556
741;565;642;566
748;614;660;561
740;595;654;568
731;575;646;566
730;565;635;567
725;542;632;567
713;506;626;565
710;473;619;562
695;407;599;562
698;426;611;565
697;425;607;564
697;416;602;563
695;411;597;562
695;407;596;562
696;418;602;564
697;427;607;565
698;430;608;565
697;425;605;564
696;420;601;564
696;422;602;564
697;426;604;564
697;428;605;565
697;429;606;565
697;429;606;565
697;428;605;565
696;428;604;565
696;428;603;565
719;487;623;565
754;611;654;579
741;574;635;571
708;486;622;562
701;457;609;562
753;495;621;592
770;567;649;587
711;457;610;556
694;385;579;554
690;389;588;559
690;511;619;525
717;676;694;551
701;682;687;543
684;561;637;554
681;466;605;545
681;399;599;547
692;412;607;563
694;420;610;562
692;408;603;561
690;393;593;558
691;392;593;561
692;408;601;561
694;421;606;562
695;422;607;562
694;417;605;562
694;416;604;562
694;416;604;561
695;419;606;562
694;413;602;558
695;417;605;559
694;417;604;559
695;414;605;560
696;418;606;561
697;422;607;560
697;422;607;560
696;419;606;560
696;420;606;560
697;424;607;562
696;424;607;561
697;423;608;562
697;422;607;561
697;423;608;561
696;423;607;562
697;421;606;561
697;423;607;562
697;425;607;562
697;424;608;562
697;422;607;561
697;423;607;562
697;422;607;562
697;423;607;562
697;425;608;562
697;425;608;563
697;421;606;562
697;423;607;562
697;423;607;562
697;424;607;562
697;424;607;562
697;424;607;562
697;422;607;562
697;423;608;562
698;424;608;562
697;425;608;563
697;425;608;562
698;426;608;563
698;424;608;562
698;425;608;562
698;424;608;562
697;425;608;562
697;425;608;563
697;425;607;563
697;425;608;563
697;425;608;563
697;425;608;563
698;425;607;563
697;425;607;563
697;424;607;563
697;424;607;563
697;424;607;563
697;426;608;564
697;425;607;564
696;424;607;564
696;425;607;564
697;427;607;564
697;427;607;564
697;426;607;564
697;425;607;564
697;425;607;564
697;428;608;564
696;428;608;564
697;428;607;564
696;427;607;565
696;427;607;564
722;474;610;563
723;478;610;564
734;504;605;555
720;494;613;562
714;475;612;563
696;411;602;563
695;421;603;562
696;428;606;565
697;433;608;566
697;435;608;566
697;434;607;565
697;429;605;567
696;430;605;566
698;435;608;567
698;434;608;567
697;434;607;566
696;433;606;565
697;434;606;565
697;435;606;566
697;437;608;567
698;439;608;567
697;440;608;566
697;440;607;565
697;438;606;565
697;434;606;565
697;435;607;566
698;436;608;567
698;437;608;567
697;437;607;567
697;435;606;566
697;435;606;566
718;473;623;584
749;570;668;622
728;506;637;588
704;431;609;564
669;257;539;547
687;328;559;553
687;477;576;554
752;548;629;562
736;533;631;565
698;460;630;567
701;438;610;557
702;402;578;561
720;472;607;576
719;507;629;575
711;482;631;570
702;442;613;567
695;399;592;561
692;385;584;562
693;396;588;564
705;521;646;545
726;676;703;575
712;679;698;531
698;619;666;536
685;493;620;555
681;445;605;561
689;410;606;566
691;423;609;567
708;505;609;560
725;576;599;541
727;583;609;557
724;577;614;553
724;526;610;561
711;516;606;558
689;414;604;569
692;427;603;568
691;424;601;568
691;421;599;566
690;420;598;566
691;424;601;568
691;428;603;569
692;431;604;570
692;430;603;569
717;503;618;572
732;530;610;551
738;546;632;571
733;553;637;564
714;495;623;562
675;358;582;558
682;373;579;558
687;396;588;563
693;424;603;566
711;469;624;578
736;439;603;613
729;470;623;604
715;464;627;578
708;433;614;568
697;419;609;564
700;440;615;565
699;428;610;565
697;411;599;562
695;401;592;562
694;405;592;562
703;537;648;546
712;677;700;543
699;655;678;538
684;553;638;558
686;434;606;558
678;385;572;559
685;368;573;557
690;401;592;560
693;413;603;562
694;423;606;564
694;426;607;564
693;421;603;562
692;411;596;562
692;412;596;562
693;419;603;563
694;427;606;564
694;429;605;563
694;426;604;563
693;423;603;563
693;424;603;563
693;426;604;563
694;429;605;564
694;430;606;564
694;430;604;564
694;426;604;564
694;427;604;564
694;428;605;564
694;429;605;564
695;429;605;564
694;429;605;564
694;429;604;564
694;429;604;564
694;429;605;564
694;430;605;565
694;431;606;565
695;431;605;564
694;430;605;564
694;430;605;565
695;430;605;565
694;430;605;565
695;431;605;565
694;431;605;565
694;431;605;565
694;431;605;565
694;431;605;565
695;431;605;565
695;431;605;565
695;432;605;565
695;432;606;565
694;432;605;565
695;432;605;565
695;432;605;565
700;459;606;563
726;554;610;557
741;595;612;542
736;586;613;548
721;557;611;551
711;505;609;561
693;402;605;566
694;426;605;563
695;430;606;566
695;432;606;566
694;424;603;565
694;423;602;565
695;426;604;566
695;431;605;567
695;433;606;566
695;431;605;566
695;431;604;566
695;431;604;566
695;433;605;567
734;636;689;595
721;603;667;572
699;505;626;566
703;469;626;573
690;402;592;557
689;383;583;564
691;400;592;564
724;491;615;569
743;559;628;560
727;533;621;566
703;450;604;561
683;371;578;564
686;401;587;565
691;430;607;569
694;438;612;569
693;437;607;568
717;497;620;572
749;552;618;561
736;540;616;546
715;473;610;563
695;418;599;566
693;421;606;569
694;425;608;569
694;424;606;570
694;424;606;570
744;462;607;606
723;462;618;590
711;454;619;576
737;587;651;564
731;595;652;555
728;590;648;550
721;589;624;527
724;606;631;537
733;642;647;541
738;639;646;546
741;627;636;545
730;581;630;554
741;610;601;545
751;624;601;546
754;645;622;554
754;645;627;555
745;614;627;562
721;542;619;564
714;511;604;562
693;413;609;567
705;524;638;566
687;552;629;525
697;630;668;540
699;630;667;548
698;566;646;555
697;494;627;564
694;405;610;570
690;378;579;557
691;380;584;562
693;401;593;563
696;419;606;566
697;422;607;566
697;424;607;565
697;419;604;565
695;415;600;565
695;415;599;565
696;422;604;566
697;427;607;566
697;426;606;566
697;423;604;566
697;423;605;566
697;427;606;566
697;428;607;566
697;431;607;566
697;428;605;566
697;425;605;566
697;427;606;566
698;429;606;567
698;430;607;567
697;430;606;566
697;429;606;566
697;430;606;567
701;439;606;565
713;474;608;563
733;574;593;555
734;580;613;554
728;566;621;560
717;525;617;563
714;505;614;563
701;420;605;569
697;416;597;566
696;410;598;567
696;419;602;567
697;425;606;568
697;426;607;569
698;427;607;568
697;426;605;568
697;423;603;568
697;428;605;569
697;429;605;569
697;429;605;569
698;428;604;569
698;429;605;570
724;476;612;571
753;547;633;578
760;573;636;563
713;449;600;558
677;348;582;564
689;396;592;564
720;467;629;588
752;592;680;616
757;574;670;633
742;534;651;605
718;446;610;566
705;426;604;568
693;401;597;562
696;405;599;565
697;418;607;565
699;422;607;566
697;420;607;567
735;508;631;574
769;549;627;605
754;553;640;597
718;492;629;575
714;466;622;572
698;432;619;568
717;538;638;556
730;632;664;530
723;597;654;559
710;549;633;559
698;487;618;563
720;551;621;533
750;610;645;573
749;622;648;557
719;543;625;550
696;441;606;557
694;400;590;562
689;390;589;563
706;546;646;551
708;655;676;527
700;625;658;549
689;545;632;556
691;455;612;562
696;404;606;569
693;402;594;563
694;407;595;563
695;408;597;564
696;419;604;568
696;422;607;567
696;423;606;567
695;416;600;565
696;415;598;565
695;421;601;566
697;425;605;568
696;426;605;568
697;427;605;568
696;427;604;568
696;427;603;568
696;427;604;567
697;429;605;568
696;430;605;568
697;431;606;569
696;431;604;568
696;430;604;568
697;431;605;568
697;432;605;569
697;433;606;569
697;432;605;569
697;432;605;568
697;432;605;568
697;433;605;569
697;434;605;569
697;435;606;569
697;434;606;570
697;433;605;570
716;524;612;558
743;599;614;534
746;594;616;561
732;577;616;555
715;516;609;555
711;500;603;560
690;415;610;563
696;423;610;568
696;424;607;568
695;421;601;567
694;416;600;567
696;422;601;568
696;428;607;569
713;537;631;548
739;662;680;551
724;620;656;565
702;530;625;566
694;465;605;567
688;412;599;563
691;422;604;569
693;430;609;570
692;423;603;568
726;486;631;607
735;508;637;617
748;541;648;627
745;549;654;622
735;539;651;609
743;538;643;601
765;580;662;610
767;561;640;617
750;521;627;601
729;456;619;593
723;459;621;579
721;477;628;574
714;462;623;571
689;382;589;566
729;505;629;574
758;564;635;559
756;566;634;545
728;494;615;556
691;403;616;566
693;410;601;564
693;420;605;568
713;561;655;559
719;660;686;548
707;653;672;534
694;595;649;545
692;516;623;559
691;475;612;560
692;424;612;564
698;439;616;566
698;427;609;564
695;404;594;563
693;395;589;561
694;407;595;564
697;421;603;566
699;432;607;567
698;427;604;566
697;421;599;565
697;424;601;566
697;429;605;566
698;433;606;567
698;434;607;568
698;432;606;567
698;430;605;567
698;429;604;567
698;432;606;567
698;434;607;567
698;434;607;567
698;433;606;567
698;433;606;567
698;433;606;567
698;434;606;567
699;434;607;568
698;435;606;567
698;434;606;567
698;434;606;567
698;434;606;567
698;434;606;567
699;435;607;567
699;435;607;568
699;435;607;568
699;434;607;567
698;435;606;567
699;435;606;567
698;435;607;567
699;435;607;568
699;436;607;568
698;435;606;568
698;434;606;567
698;435;607;567
699;435;606;567
699;435;607;568
699;436;607;568
699;437;607;568
699;435;606;567
698;435;606;568
699;435;606;568
699;436;607;568
699;437;607;568
698;437;607;569
698;437;607;568
699;436;606;568
699;436;607;568
718;472;616;570
735;526;622;570
735;574;635;527
753;578;622;566
757;607;630;549
766;637;649;568
768;646;652;554
763;635;649;549
776;648;631;537
777;657;648;545
781;666;653;555
787;674;652;555
790;675;637;555
794;674;629;559
797;678;635;565
799;681;638;564
793;667;637;556
783;630;628;554
749;542;613;549
712;434;606;561
692;388;598;564
696;409;607;566
696;418;610;568
696;420;608;568
694;412;602;566
695;411;603;567
696;415;606;567
698;418;609;568
699;475;625;566
707;546;642;548
715;656;681;541
708;662;676;533
701;639;667;536
698;588;655;551
697;520;633;557
694;489;622;558
706;439;620;562
698;413;613;562
717;512;618;554
738;563;633;578
737;582;618;551
735;573;616;553
737;587;621;546
742;602;626;543
752;605;631;555
751;558;624;565
756;546;632;581
762;588;630;558
756;575;626;557
743;549;623;555
718;485;619;565
701;410;620;569
699;413;609;567
698;408;607;568
696;405;602;566
697;409;603;567
697;415;607;567
732;499;624;573
755;543;627;585
747;545;633;571
730;515;627;561
711;446;612;564
696;412;606;561
697;430;613;565
709;540;636;549
701;609;653;530
713;647;675;551
706;622;664;550
700;576;649;554
696;500;623;561
702;490;629;570
698;411;609;565
695;390;594;563
694;394;593;563
697;404;598;565
698;418;606;566
700;427;613;567
700;427;611;566
699;417;604;566
698;413;600;566
698;419;604;567
699;428;608;567
699;430;609;567
700;430;608;567
700;429;607;567
699;425;606;567
700;427;607;567
700;430;608;567
699;432;609;567
699;431;609;568
700;430;608;567
700;431;608;567
700;431;608;567
700;432;609;568
700;432;609;568
700;432;609;568
700;432;609;568
700;431;609;568
700;431;608;568
700;432;609;568
700;432;609;568
700;433;609;568
701;433;609;568
700;433;609;568
700;433;609;568
700;433;609;568
700;433;610;568
700;433;609;568
700;433;609;568
700;433;609;568
700;433;609;568
701;432;609;568
701;433;609;568
701;433;609;568
701;434;609;568
701;433;609;568
701;433;609;568
701;433;609;568
701;434;610;568
701;434;610;569
701;434;610;568
700;434;609;568
701;433;609;568
701;434;610;568
701;434;610;569
701;434;610;568
701;435;610;569
701;435;609;569
712;525;627;552
721;609;623;536
723;601;636;535
710;519;622;554
706;455;610;563
699;414;599;568
697;412;597;565
696;412;599;566
698;425;607;568
700;433;612;570
700;434;611;569
699;429;604;568
697;425;602;568
698;430;603;569
699;434;608;570
718;448;605;573
749;470;614;612
729;503;631;588
716;474;629;576
738;539;649;582
764;564;651;596
770;591;643;573
745;536;617;554
706;430;592;553
683;341;576;568
689;397;594;564
697;427;613;570
699;435;616;571
695;428;607;569
710;505;638;571
738;634;630;547
728;622;637;537
718;561;628;556
705;511;619;564
695;425;599;564
690;392;589;565
695;410;596;569
736;567;673;598
740;592;677;611
724;550;658;593
709;484;632;574
711;477;631;568
700;433;615;569
701;428;611;567
755;548;633;575
759;566;624;557
730;502;608;555
713;447;594;559
696;407;596;564
700;429;611;569
710;542;648;550
697;595;655;494
709;633;676;542
707;601;664;550
698;531;635;560
695;465;619;562
683;337;576;563
694;397;593;560
700;427;611;568
701;430;611;569
698;414;599;566
698;412;597;566
700;423;606;567
701;435;611;569
701;436;611;569
700;432;608;567
700;428;605;567
700;428;604;567
700;431;608;568
701;436;610;568
701;436;610;568
700;434;609;568
700;433;608;568
700;434;608;568
701;436;609;568
701;436;610;569
701;436;610;568
701;437;610;568
701;436;609;568
701;436;609;569
701;437;609;569
701;438;610;569
701;437;610;568
701;437;609;568
701;436;610;569
701;437;610;568
702;438;610;569
701;438;610;568
701;438;610;568
701;437;609;568
702;437;610;569
701;438;610;569
702;438;610;569
702;438;610;568
702;438;610;569
701;437;610;569
702;437;610;569
702;439;611;569
727;478;628;592
755;552;656;612
750;509;626;606
719;446;610;569
703;412;597;567
684;350;566;556
696;418;607;567
716;517;640;562
718;550;648;551
727;604;669;564
714;570;645;558
701;490;621;564
708;498;632;574
698;430;609;567
694;401;592;565
692;398;589;564
694;409;596;567
696;428;605;569
698;436;611;570
699;439;610;570
697;430;604;569
727;480;620;575
751;545;641;584
751;558;640;571
729;505;618;567
707;462;606;565
699;425;604;568
694;415;600;570
696;421;602;570
697;428;607;570
698;434;609;571
698;436;609;572
698;434;608;570
698;432;608;571
755;547;654;634
746;554;658;611
717;475;629;577
705;459;627;566
696;394;593;560
690;382;582;561
694;394;588;565
698;422;606;568
718;578;664;543
720;671;699;550
713;659;687;524
705;616;664;528
697;547;639;545
690;438;603;557
687;371;574;549
696;420;610;563
698;432;614;565
698;427;609;565
695;411;600;562
694;403;597;562
717;468;621;572
754;548;630;573
722;478;615;570
705;429;604;566
692;401;591;564
696;428;612;571
698;438;615;571
697;431;610;569
703;443;592;563
757;643;667;573
741;596;652;586
707;458;610;568
697;417;607;564
693;397;590;565
694;407;595;567
697;428;607;569
707;436;608;569
750;539;603;548
758;577;624;565
747;581;632;560
725;519;622;564
698;421;613;571
691;406;590;565
693;405;589;568
694;421;599;570
697;436;609;572
697;438;611;572
696;437;608;572
696;430;601;571
720;495;632;582
753;542;633;608
749;536;637;608
717;471;626;577
707;440;612;569
700;410;601;567
765;541;637;593
770;593;647;569
734;524;628;561
713;460;605;560
697;409;601;569
692;400;597;565
695;408;602;569
696;421;609;568
650;601;628;424
704;678;688;532
702;639;669;546
703;532;637;563
706;515;634;568
704;445;617;561
698;402;595;561
694;387;589;559
696;401;596;562
697;412;603;563
698;427;608;565
699;431;609;563
699;433;608;565
698;418;604;564
698;417;601;564
698;422;605;565
700;433;608;565
700;434;609;566
700;431;607;565
700;431;607;566
700;431;607;565
700;432;608;565
700;434;609;566
699;433;608;566
700;434;608;566
700;431;608;566
700;435;608;566
700;436;608;566
700;434;608;566
700;434;608;566
700;433;609;566
700;436;609;567
700;435;607;567
700;434;609;567
700;435;609;567
700;435;609;566
700;436;609;567
700;436;609;567
700;435;609;567
700;437;609;567
700;436;609;567
700;435;609;567
700;436;609;567
700;437;609;567
701;439;609;567
700;436;609;566
701;436;609;567
701;436;609;567
700;437;609;567
701;438;609;567
701;437;609;567
701;437;610;567
701;437;609;567
701;437;610;567
701;438;610;567
701;436;609;567
701;438;610;568
701;436;609;567
701;438;610;567
701;437;610;567
701;438;610;567
701;439;610;568
701;438;610;567
701;437;610;567
701;438;610;568
701;439;610;568
701;438;610;568
701;439;610;568
700;471;608;548
717;587;649;519
715;577;635;553
708;525;629;563
706;505;627;571
703;447;620;570
700;431;613;567
697;407;597;566
748;541;599;541
750;570;626;562
727;525;625;568
700;445;626;574
694;425;604;566
693;398;590;567
694;408;592;568
697;423;603;569
700;435;612;572
750;593;619;522
761;627;652;579
721;506;620;565
716;474;610;567
700;426;607;568
699;417;599;570
698;421;598;570
699;432;604;573
721;512;649;579
750;517;630;610
744;521;643;609
721;476;630;578
710;444;617;573
739;500;621;576
765;552;652;607
773;570;644;591
771;565;624;579
782;600;624;578
795;639;662;611
797;652;650;576
785;623;635;574
765;572;620;559
726;469;595;560
714;444;598;558
702;423;608;570
696;627;659;509
702;570;649;567
698;466;622;568
680;335;573;564
691;378;586;559
698;410;604;569
702;426;613;570
701;425;613;570
699;412;606;568
696;399;594;567
698;410;599;568
699;422;608;569
700;428;609;569
701;429;609;571
699;424;608;569
699;423;606;570
699;421;606;570
699;424;608;570
700;429;609;571
700;431;609;570
700;426;608;570
700;427;607;570
699;428;608;570
700;428;608;570
701;435;612;571
702;439;613;570
701;439;613;571
701;440;613;570
701;439;612;570
701;439;612;571
702;441;612;571
704;442;611;571
705;457;612;570
706;466;612;567
705;453;611;569
702;434;610;570
702;430;610;570
701;431;610;571
701;432;609;571
701;434;610;568
697;471;607;543
717;578;654;559
715;567;656;573
708;517;638;574
716;515;650;575
701;437;614;563
712;475;585;556
732;570;618;565
747;603;617;534
733;562;615;555
707;410;603;568
697;396;590;561
725;560;653;572
725;624;661;548
709;549;630;556
698;464;617;564
692;395;583;563
692;379;579;563
695;408;597;566
698;427;608;568
711;529;647;552
719;662;694;547
714;670;694;542
705;615;665;543
692;513;629;560
695;491;623;563
704;432;617;565
697;422;608;566
694;406;599;562
693;401;594;562
694;405;597;563
696;419;607;565
698;431;612;566
699;433;612;566
696;422;605;565
696;425;607;566
698;430;609;566
698;431;610;566
698;432;610;567
698;431;609;567
698;429;608;567
698;430;608;567
698;432;609;567
698;433;610;567
699;434;611;567
699;434;611;567
698;433;609;567
698;433;609;567
698;433;609;567
699;434;610;567
699;434;611;568
699;435;610;568
698;432;610;567
698;434;610;568
698;435;610;568
699;435;610;568
699;436;610;568
699;435;610;568
711;521;621;555
722;600;626;541
709;516;608;549
708;498;619;563
703;441;619;570
701;435;614;570
697;414;602;568
695;399;593;567
704;447;607;562
738;555;625;571
747;595;655;576
751;614;661;579
753;613;663;585
754;610;660;600
762;577;633;619
760;569;648;633
753;541;641;629
746;553;651;609
727;518;642;589
712;461;624;573
698;400;597;565
703;425;612;571
704;432;614;571
703;427;610;570
701;417;602;568
747;604;677;624
737;576;665;610
718;487;633;583
719;508;641;580
703;426;609;560
697;386;582;561
696;378;580;563
711;449;592;559
745;575;609;542
759;637;651;575
763;655;655;576
763;661;652;568
758;650;641;561
760;654;642;563
757;651;646;566
734;585;638;573
713;506;620;571
701;433;611;568
700;425;607;573
700;419;602;572
700;417;601;572
701;422;605;572
701;424;606;572
724;470;618;577
774;558;624;588
779;586;635;594
785;605;646;599
806;675;634;568
805;670;655;578
799;649;643;578
782;593;622;576
767;574;622;562
730;508;617;560
716;477;615;564
702;413;616;574
699;425;612;571
699;415;604;571
698;411;604;570
699;412;607;572
700;423;612;573
701;427;613;573
702;428;613;572
702;431;614;572
702;438;617;572
703;445;619;572
702;449;620;573
702;436;618;573
701;430;613;574
700;414;610;574
700;413;610;573
707;482;623;564
709;513;622;535
725;606;659;546
723;617;667;552
709;544;647;567
698;471;625;564
681;343;568;564
688;390;592;564
696;424;612;570
697;429;616;570
711;554;656;548
719;674;699;563
706;671;687;529
693;617;661;540
687;549;637;554
688;469;618;563
696;426;621;570
693;413;608;564
689;392;592;562
690;390;591;564
692;406;599;565
696;428;610;568
695;424;607;566
694;417;600;566
694;420;602;567
695;428;607;567
695;432;609;569
696;433;609;568
695;430;608;568
695;427;606;567
695;428;607;568
696;431;609;569
695;432;609;568
696;434;609;569
695;433;609;568
695;433;609;568
696;433;609;569
696;434;609;569
696;435;609;569
696;435;610;569
696;435;609;569
696;436;609;569
709;571;614;525
722;649;644;548
729;649;653;556
713;546;626;566
695;398;591;565
693;396;586;566
694;403;591;569
716;444;616;593
748;583;672;619
733;534;655;602
706;424;613;571
688;366;573;559
693;394;591;565
699;422;607;569
702;435;617;570
701;434;613;570
746;608;685;616
750;619;687;620
725;542;655;592
706;457;629;572
679;311;551;560
684;332;561;560
695;398;592;567
701;432;614;571
703;440;617;572
703;431;610;570
719;493;629;580
748;602;620;540
710;487;613;560
689;388;603;573
695;428;608;566
699;431;611;571
713;569;658;559
709;689;698;521
707;653;674;553
689;551;637;557
687;421;599;561
686;351;561;550
693;407;602;561
699;432;614;565
699;432;613;565
697;413;602;563
694;401;595;562
694;408;597;562
697;423;606;565
699;434;611;567
699;436;611;567
698;429;608;566
697;423;604;566
698;424;605;566
698;429;608;567
698;432;609;567
698;434;609;567
699;433;609;567
699;433;609;567
698;431;608;567
699;433;608;567
699;436;609;567
699;436;610;568
699;437;609;567
699;434;609;567
743;612;677;595
733;571;655;588
707;450;609;567
685;370;570;566
686;339;562;559
691;386;582;565
698;428;606;568
718;551;652;563
737;666;690;550
726;646;674;563
702;553;640;562
693;441;608;565
696;452;609;565
692;409;604;559
700;433;615;569
723;506;622;569
733;516;610;559
762;556;609;566
762;589;621;566
781;608;627;570
795;656;644;570
797;667;654;577
789;652;630;544
773;597;614;551
738;521;596;559
714;457;604;561
699;423;604;564
700;422;609;571
699;425;609;570
661;587;623;475
695;641;662;542
697;583;653;562
696;505;626;567
706;419;626;579
695;406;603;562
692;390;589;564
692;395;589;566
695;419;605;570
698;431;612;571
698;432;611;571
697;427;607;571
696;424;604;570
696;426;603;570
697;432;607;571
698;436;609;572
697;434;609;571
697;432;607;571
697;432;606;571
697;434;608;571
698;436;609;572
698;437;609;572
698;437;609;571
697;436;608;572
698;436;608;572
698;437;608;572
698;439;609;572
698;439;609;572
698;438;608;572
698;439;609;572
698;438;609;572
698;439;609;572
699;439;609;572
699;440;609;572
698;441;609;572
699;440;609;573
699;440;609;572
699;440;609;572
699;440;609;572
699;441;610;572
699;441;610;572
699;441;609;572
699;441;609;572
699;442;609;573
699;441;609;572
699;441;609;572
699;442;610;572
699;442;610;572
699;441;609;573
699;442;610;572
699;442;609;572
699;442;610;572
699;443;610;572
699;442;610;573
699;442;609;573
699;443;610;572
699;442;609;573
699;442;610;573
699;443;610;573
699;443;610;573
699;443;610;573
699;443;610;573
699;443;610;573
699;443;610;573
699;443;610;573
699;443;610;573
699;443;610;573
699;443;610;573
699;443;610;573
699;443;610;573
699;443;610;573
699;443;610;573
699;443;610;573
699;443;610;573
699;443;610;573
700;443;610;573
699;443;610;572
699;443;610;573
699;443;610;573
699;443;610;573
699;443;610;573
700;443;610;573
700;444;610;573
700;444;610;573
716;492;613;564
725;543;604;557
714;496;604;562
703;444;621;576
700;442;615;571
699;433;608;574
697;423;601;571
697;420;600;572
697;426;605;572
700;441;611;574
718;488;623;570
755;610;671;589
750;618;669;573
717;536;635;569
700;439;610;573
700;431;603;571
690;399;589;568
694;421;599;570
703;437;608;577
728;438;613;606
742;555;657;618
743;566;665;619
734;554;659;606
726;509;639;594
717;460;620;575
713;448;616;577
718;473;596;561
759;583;641;579
764;609;632;549
736;552;615;549
711;454;591;560
692;405;587;556
696;419;603;569
692;679;685;520
692;679;687;529
689;608;659;555
694;541;639;564
692;483;621;562
689;368;573;544
687;390;587;562
693;414;605;564
697;433;613;568
697;433;612;567
695;424;606;565
693;421;600;565
694;424;605;566
695;429;608;567
695;433;608;567
696;435;609;567
695;434;609;567
695;430;607;567
694;430;607;567
695;433;608;568
698;490;611;550
741;662;683;567
734;651;669;566
702;542;632;571
690;429;597;566
674;294;555;557
674;376;576;561
696;423;608;569
699;440;616;570
699;437;613;572
695;424;602;568
693;415;597;568
694;422;599;568
696;432;607;570
697;438;610;570
697;440;610;571
696;435;608;570
696;434;604;570
696;436;605;569
696;440;608;570
697;441;610;570
697;442;610;571
697;442;609;571
696;440;608;570
697;442;609;571
697;442;609;571
697;443;610;571
697;444;610;571
697;443;609;571
697;443;609;571
697;443;609;570
697;444;610;571
697;444;610;571
697;444;610;571
697;445;610;571
697;445;610;571
697;445;610;571
697;444;610;571
698;444;610;571
697;444;610;571
697;445;610;571
697;444;610;571
698;444;609;571
698;444;610;571
698;445;610;571
697;445;610;572
698;445;610;572
698;445;610;571
698;445;610;571
698;445;610;572
698;446;610;572
698;446;610;572
698;446;610;572
698;446;610;571
698;445;610;572
756;609;682;616
756;593;677;638
737;530;643;590
706;439;614;570
675;320;558;548
685;353;573;556
695;416;604;562
700;441;616;566
701;442;616;568
699;433;607;565
722;453;591;573
765;540;628;580
749;519;626;580
719;464;622;574
713;463;621;573
700;435;620;573
699;436;617;570
698;421;607;567
694;406;599;564
695;409;601;567
697;424;608;568
713;555;661;572
690;648;659;519
696;629;652;536
693;559;631;566
692;470;613;565
677;393;571;535
692;413;598;565
694;429;610;566
695;432;610;568
697;433;609;569
726;511;641;584
751;590;621;562
718;550;626;557
705;488;620;571
699;442;612;570
692;427;602;571
692;428;601;571
713;495;612;571
760;632;597;528
739;595;613;561
721;544;614;566
716;532;612;566
696;434;612;568
696;432;608;573
695;427;600;572
694;423;596;572
696;430;600;573
702;448;615;578
707;463;621;584
703;452;618;580
700;438;608;576
697;434;602;574
696;437;603;575
698;445;610;576
700;449;613;576
700;447;612;576
698;444;609;576
698;441;605;575
698;443;607;576
698;445;608;575
698;444;607;575
698;443;606;575
698;442;608;575
699;444;608;576
698;445;609;576
699;445;607;576
698;445;606;576
698;445;607;576
699;446;608;576
699;447;609;576
699;447;608;576
699;446;608;576
698;446;608;576
698;447;608;576
699;447;608;576
699;448;609;576
699;447;609;576
699;446;608;576
699;448;609;576
699;447;608;576
699;448;609;576
750;607;680;624
730;539;644;606
704;430;609;577
680;319;558;555
689;352;566;562
712;458;622;570
718;480;627;570
736;551;655;601
732;569;664;586
711;479;630;573
711;499;637;573
700;435;616;565
694;401;593;564
694;393;588;565
696;411;598;567
719;577;662;552
710;686;697;478
707;671;689;527
692;589;659;540
689;472;621;558
689;441;610;563
683;392;592;569
695;430;612;567
697;431;613;568
694;420;602;568
693;417;600;568
694;420;602;569
695;427;608;569
696;435;610;569
696;436;609;569
696;429;607;569
696;428;607;569
696;432;608;569
715;529;653;583
724;629;640;533
705;579;637;559
698;480;620;572
682;359;573;569
692;421;604;567
698;438;616;573
698;439;614;573
696;431;608;572
694;423;601;572
693;424;600;571
695;430;606;572
696;438;608;573
697;441;610;574
696;438;608;573
695;433;604;572
695;436;607;573
696;439;608;573
696;441;608;573
696;442;608;574
696;443;609;574
719;475;606;568
770;550;622;588
773;581;626;576
732;508;615;558
718;481;600;557
698;432;608;571
697;436;611;570
698;435;610;570
697;431;605;568
696;425;603;569
697;433;607;570
709;477;611;565
758;633;672;582
756;628;664;582
722;551;637;574
711;468;615;574
700;430;604;570
727;513;636;591
753;573;667;616
753;577;660;608
744;549;643;586
730;518;638;576
709;455;615;571
692;404;590;566
694;398;594;568
718;550;648;565
736;640;686;582
733;656;681;540
723;614;665;552
705;539;633;562
699;454;616;568
677;308;555;558
687;372;579;564
725;522;627;564
750;615;653;538
741;593;637;550
702;449;603;557
694;396;575;547
694;410;599;568
713;547;649;559
682;611;639;514
685;556;629;543
681;343;578;563
696;421;609;564
701;443;618;570
700;436;613;569
699;428;608;568
698;426;607;568
698;428;605;568
698;429;607;568
699;437;610;569
699;438;612;569
699;439;610;569
698;432;606;569
699;436;609;569
700;442;611;570
699;442;611;570
699;442;610;570
699;442;611;570
699;442;611;570
699;443;611;570
699;443;610;570
699;443;611;570
699;444;611;570
699;445;611;570
700;444;611;571
699;445;611;571
699;445;611;571
699;444;611;571
699;444;610;571
699;445;611;571
699;445;611;571
700;446;612;572
699;446;612;571
699;446;611;572
699;445;610;571
699;446;611;572
700;448;612;573
699;448;612;575
701;463;613;569
709;540;625;565
713;559;628;565
711;560;628;567
711;561;630;566
721;635;639;522
733;662;642;537
748;679;649;539
750;671;647;549
759;691;645;551
766;689;629;551
770;696;631;557
766;684;632;562
754;653;626;570
724;545;612;572
717;519;601;567
700;422;602;579
697;430;608;576
698;430;607;577
696;429;602;577
695;426;601;577
696;434;604;577
697;437;607;577
711;454;611;577
726;520;622;577
729;520;621;575
727;516;621;574
721;475;610;577
698;439;607;574
696;420;594;577
698;426;595;576
719;489;613;576
739;537;621;572
729;528;620;569
712;481;612;575
694;437;608;574
694;444;614;578
698;445;612;578
696;437;603;578
694;430;597;576
694;434;598;577
695;440;603;578
696;446;608;578
698;448;610;579
697;446;607;578
698;442;605;578
721;476;606;580
761;580;656;600
751;569;643;587
715;481;618;571
696;423;615;572
692;405;590;570
694;410;595;573
697;434;609;574
693;543;632;524
724;658;693;581
714;674;688;552
704;615;659;565
696;525;627;565
692;441;600;566
696;398;562;555
731;596;621;552
749;649;636;541
737;602;623;550
730;593;630;561
737;637;647;563
741;637;672;590
739;639;671;590
735;634;669;589
730;619;662;586
745;612;663;609
748;573;648;626
759;579;657;637
756;569;659;636
747;550;653;620
737;510;635;607
725;439;617;594
718;430;607;580
724;441;610;580
713;435;613;572
706;437;618;573
707;434;613;572
704;420;602;570
702;415;599;570
702;423;601;570
704;430;608;572
735;478;626;592
764;528;633;592
749;479;618;591
723;429;608;577
721;448;617;578
704;430;616;575
705;432;615;575
703;428;607;574
729;550;649;586
762;646;674;591
753;614;661;592
723;547;635;573
720;500;605;566
733;531;621;571
766;592;626;571
775;607;619;564
776;608;617;551
780;619;623;560
785;630;631;561
783;615;633;584
772;589;629;580
744;542;624;569
723;477;616;572
716;568;652;568
692;643;654;541
698;626;648;544
696;532;625;565
697;465;615;566
685;380;580;564
694;410;601;567
700;426;611;572
701;430;611;572
701;431;610;572
701;427;608;570
700;421;604;570
699;418;602;571
701;427;607;571
701;430;609;571
701;432;610;571
701;429;608;571
701;430;608;571
701;429;608;571
701;429;607;571
701;434;609;571
701;435;610;571
702;433;610;572
702;433;608;571
701;431;608;571
701;435;609;572
701;435;610;572
701;436;610;572
701;435;610;572
701;435;609;572
701;434;609;572
701;436;610;572
701;436;610;572
701;436;610;572
702;436;610;573
701;435;609;572
702;436;610;572
701;436;610;572
702;436;610;572
702;437;610;572
702;437;610;572
702;437;610;572
702;437;610;572
702;437;610;572
702;438;611;573
701;438;611;573
702;438;610;573
701;438;610;572
702;438;610;572
702;438;610;573
702;439;610;574
702;439;610;573
702;439;610;573
702;439;610;573
702;439;610;573
702;439;610;574
702;439;610;574
702;439;610;574
702;439;610;574
702;440;610;574
702;439;610;574
703;441;611;574
702;439;610;574
702;440;610;575
702;439;609;574
750;564;603;556
767;599;610;549
750;580;616;551
718;502;615;561
696;417;597;566
696;404;600;570
700;421;604;572
701;434;611;575
702;440;613;575
708;441;609;575
723;444;596;576
756;513;623;601
757;558;647;602
765;582;656;606
773;632;682;628
775;634;680;628
773;620;671;626
755;567;649;609
732;511;635;585
712;443;619;578
690;361;583;566
697;400;598;567
701;424;610;572
703;432;612;574
705;447;610;571
736;651;616;503
754;676;668;569
742;659;659;557
719;548;626;563
704;413;621;576
693;400;590;557
695;388;585;567
699;414;597;569
703;433;610;573
704;439;612;573
703;437;609;573
702;434;605;572
702;430;602;572
702;430;602;572
702;437;608;573
703;441;609;573
704;442;610;574
702;437;605;572
723;505;627;570
739;570;653;604
714;490;632;586
716;497;638;593
709;451;622;572
704;425;606;567
698;399;589;566
699;401;589;570
721;506;643;588
734;510;630;610
730;526;638;602
722;488;631;588
713;448;619;575
703;415;603;573
706;439;616;573
707;439;613;575
705;429;607;572
704;426;605;572
703;425;602;571
704;429;606;572
706;437;610;573
774;526;635;614
775;590;659;601
742;553;648;580
719;465;620;576
701;438;620;573
692;394;591;567
694;392;589;572
698;418;602;574
701;434;611;576
703;438;612;577
701;435;608;575
700;431;606;575
700;428;602;574
716;556;656;579
689;672;657;519
697;672;664;536
701;589;646;569
699;500;623;572
709;468;627;587
699;422;609;567
696;404;595;569
696;403;592;570
699;421;605;572
701;435;611;574
703;438;612;575
701;433;609;573
700;430;603;573
700;430;603;574
701;433;606;574
701;439;610;574
702;440;611;574
701;437;608;574
701;437;608;575
701;438;609;575
701;440;610;575
701;441;610;575
701;441;610;575
701;441;610;575
701;441;610;575
701;442;609;575
701;442;609;575
701;441;609;575
701;442;609;575
702;443;609;575
702;443;609;576
702;443;609;576
702;443;609;575
702;444;609;576
701;444;609;576
702;444;610;576
702;444;609;575
702;445;610;575
702;445;610;576
702;445;610;575
719;515;647;593
751;603;677;626
727;514;640;600
704;425;610;580
691;369;574;580
694;377;578;569
700;421;603;569
705;441;615;574
705;443;614;573
704;438;609;572
702;431;603;571
717;437;608;594
761;557;662;639
739;538;654;607
716;480;632;579
689;369;574;559
690;364;576;562
716;440;611;585
760;537;650;641
761;588;671;630
739;554;659;601
715;474;631;574
678;324;560;559
686;352;569;562
696;405;594;569
703;440;613;574
706;450;617;575
738;557;631;594
754;628;680;605
728;577;661;586
714;504;635;575
707;473;630;568
698;401;592;567
695;390;586;568
700;410;597;570
703;434;610;572
704;444;613;574
704;442;611;572
705;528;635;544
693;658;674;502
695;645;670;538
694;574;648;561
695;500;622;567
703;514;630;573
702;451;623;574
703;443;616;573
699;424;606;569
698;411;596;568
698;413;599;569
700;428;606;571
701;437;610;571
703;443;613;572
701;436;610;571
701;432;607;571
701;434;608;571
701;437;610;572
702;440;611;572
702;441;610;572
702;441;611;572
702;442;611;572
702;442;611;572
703;442;611;573
702;443;611;572
702;443;611;572
702;443;611;572
702;444;611;572
702;444;612;573
702;444;612;573
702;443;611;572
703;445;611;573
702;445;612;573
702;445;612;573
703;445;612;573
703;445;612;573
703;445;612;573
702;445;612;573
703;446;612;572
717;519;636;563
709;489;632;559
712;523;626;568
716;567;647;569
718;574;654;575
718;563;653;576
715;542;642;576
731;538;643;605
741;478;627;616
744;547;655;613
735;534;643;602
721;489;633;590
709;453;617;576
684;325;562;568
694;396;588;570
703;439;613;576
706;449;617;577
705;448;616;577
726;573;660;558
726;645;670;529
724;617;662;551
709;568;637;561
703;500;619;569
703;501;621;572
701;437;612;565
705;452;619;573
704;446;614;572
699;423;600;570
702;417;593;567
769;547;611;589
768;585;626;557
734;530;622;561
699;433;618;575
696;422;600;567
696;417;601;571
698;429;605;570
700;439;611;571
700;442;613;573
736;518;626;575
767;550;623;593
754;567;639;580
727;518;629;575
723;496;621;575
700;450;620;574
702;449;617;575
699;427;604;575
657;637;628;428
710;696;690;522
710;701;688;523
703;664;673;548
702;595;652;560
697;511;621;563
702;491;624;573
699;429;608;568
698;412;600;567
697;415;598;566
697;420;601;568
699;433;608;570
701;442;613;572
700;444;611;570
699;433;604;570
698;431;603;570
700;445;610;571
700;446;610;572
700;446;610;572
700;445;609;572
700;445;609;572
701;446;610;573
700;449;611;573
700;449;611;573
700;447;610;573
700;447;610;573
700;449;611;573
700;450;611;574
700;450;611;573
700;449;611;573
700;450;611;573
700;450;610;573
700;450;610;574
700;450;610;573
700;451;610;573
700;450;610;574
700;450;610;574
700;450;610;574
700;450;610;574
700;451;610;574
700;452;610;574
700;451;610;574
715;483;630;582
754;639;695;622
745;603;675;609
722;521;640;580
705;440;610;568
691;373;575;564
699;429;604;569
705;448;616;573
705;452;616;573
720;492;636;583
761;546;632;614
738;508;632;579
708;441;607;573
696;390;591;568
700;414;603;569
703;438;615;571
704;442;615;572
703;435;611;571
702;434;610;571
701;432;607;571
702;436;609;571
702;437;612;571
735;511;633;587
719;442;602;573
718;440;598;575
703;435;610;572
711;450;617;575
732;514;629;573
766;573;637;570
748;536;618;575
717;445;607;573
703;437;602;568
702;431;607;574
703;438;610;572
704;440;611;573
703;438;609;573
704;439;610;574
703;439;610;573
703;439;610;573
703;439;609;574
703;441;610;574
704;442;611;575
704;443;611;574
704;442;610;574
703;439;610;574
703;438;610;574
704;440;610;574
704;445;611;576
704;445;610;576
704;443;610;575
734;534;634;606
756;630;689;623
744;605;678;609
723;538;651;577
713;473;626;572
692;385;579;561
701;421;604;571
760;571;611;554
760;593;636;568
741;566;629;566
724;508;609;566
699;435;608;574
701;442;607;570
701;436;606;571
693;521;619;531
690;636;656;516
697;633;666;540
703;566;643;566
703;509;627;573
694;448;603;573
699;405;592;568
698;410;595;569
700;423;605;571
703;441;614;574
702;442;613;573
702;440;609;572
702;434;606;572
701;437;607;573
701;439;607;572
701;440;608;573
702;445;610;574
702;446;610;574
702;443;609;575
701;442;607;574
702;445;609;575
702;446;609;574
702;448;610;575
702;447;610;575
701;447;609;575
702;446;608;575
702;449;610;575
702;451;610;575
702;450;610;576
701;448;609;575
701;449;609;575
702;450;610;576
702;450;610;575
702;450;610;575
737;503;624;585
753;556;637;563
747;537;621;567
708;435;598;568
697;412;591;567
700;438;611;575
704;452;617;576
704;452;615;576
700;432;604;572
699;421;598;573
721;509;623;567
742;593;654;560
743;595;653;567
739;596;654;564
739;606;659;568
747;619;663;575
761;639;669;590
770;660;679;611
769;633;667;617
769;615;664;624
769;604;664;630
768;592;657;621
756;560;645;614
723;482;628;580
720;492;630;579
712;464;625;577
701;416;602;570
718;542;642;550
747;664;698;601
750;693;701;568
746;682;688;573
740;671;679;572
748;665;678;590
757;679;688;605
760;661;683;609
753;639;680;594
737;572;658;574
725;535;647;569
715;475;628;567
704;425;612;566
706;441;619;571
706;433;614;570
704;426;609;571
669;650;656;414
711;696;699;520
710;682;687;541
704;614;663;564
703;551;639;567
697;468;612;565
680;315;569;561
695;398;592;564
702;437;614;572
706;447;615;572
740;484;619;588
767;570;648;590
759;564;637;572
732;496;613;566
710;453;603;567
728;483;626;602
752;524;643;638
748;502;632;624
731;478;633;597
719;449;618;584
717;453;621;581
703;443;623;571
706;461;625;573
706;441;614;571
701;409;599;566
712;443;602;568
728;531;619;566
744;593;653;583
758;633;657;561
765;652;652;558
781;695;650;541
785;714;660;558
787;722;652;538
774;694;632;547
762;667;627;557
741;594;607;554
718;521;608;563
694;402;616;570
699;431;614;569
701;430;611;574
731;518;637;583
767;537;618;589
757;536;625;584
731;504;623;576
719;474;621;575
702;440;619;570
705;454;622;575
703;442;616;572
698;518;620;524
693;571;622;503
710;667;674;528
715;666;678;542
709;609;660;562
703;541;633;565
701;520;625;565
697;410;603;562
704;439;618;573
701;435;610;571
698;418;598;569
699;421;599;571
701;433;608;571
702;443;614;573
702;444;613;573
702;442;611;573
702;437;609;572
702;438;609;572
702;440;610;572
702;446;612;574
702;447;612;573
703;447;612;573
702;444;611;573
702;443;610;573
702;444;611;573
703;446;612;574
703;447;612;574
702;447;612;574
703;446;612;574
702;445;611;573
702;447;612;574
702;447;612;574
703;447;612;574
703;447;612;574
703;447;612;574
702;450;610;570
713;480;626;566
714;539;627;560
718;571;645;557
714;541;642;570
707;494;626;571
697;408;602;569
704;444;619;572
705;447;618;575
704;440;612;573
737;528;638;581
759;588;662;597
741;550;640;583
719;473;617;577
709;435;602;576
694;398;582;569
703;435;612;575
706;457;618;576
705;452;615;574
729;543;618;568
757;642;628;512
724;560;611;548
709;501;606;560
706;437;612;575
704;443;614;574
756;589;674;609
763;597;670;618
737;545;642;589
712;460;617;570
691;341;561;568
690;350;567;562
699;413;598;568
706;450;615;571
723;573;637;569
726;648;654;519
727;638;630;538
715;579;616;543
703;509;599;555
698;440;617;567
708;456;621;572
707;448;615;570
653;615;613;450
701;672;677;543
704;641;666;555
702;542;633;568
708;552;642;569
713;486;629;565
705;437;613;569
701;410;598;569
698;409;595;566
701;419;601;568
702;429;608;569
705;444;615;572
705;447;615;571
703;433;609;570
702;427;603;570
703;432;606;571
704;445;612;572
704;446;612;572
704;445;612;572
704;442;611;572
703;441;610;572
704;442;611;572
704;446;612;572
704;447;612;572
704;446;612;572
704;446;611;572
704;446;612;572
704;447;612;572
704;447;612;572
704;447;612;572
704;447;612;572
705;447;612;572
704;447;612;572
705;448;612;573
704;448;612;573
704;448;612;573
705;449;612;573
704;448;612;573
705;448;612;573
705;449;612;573
705;449;612;573
705;449;612;573
704;449;612;573
705;449;612;573
705;449;613;573
705;450;613;574
705;450;613;573
705;450;613;574
705;450;613;573
705;451;612;573
704;450;612;574
704;450;612;574
705;452;613;574
705;451;613;574
704;452;613;574
704;452;612;574
704;452;613;575
704;452;612;574
704;453;612;575
704;453;612;575
704;453;612;576
704;454;612;576
704;453;612;577
704;454;612;577
704;454;612;577
704;455;611;577
737;502;623;591
770;609;657;580
764;596;640;574
715;465;604;566
676;365;570;560
691;402;587;568
697;439;609;570
703;453;618;574
704;454;617;575
701;440;606;572
699;430;601;572
699;434;602;572
701;442;608;573
718;454;612;589
735;444;615;623
716;461;623;589
725;496;637;600
713;480;633;573
709;453;621;574
727;484;628;587
752;588;670;613
757;570;657;626
736;514;636;595
713;453;616;579
704;418;601;573
688;336;565;565
719;500;637;574
756;643;695;609
756;638;683;606
730;583;659;585
714;504;628;572
703;423;598;568
686;340;564;565
697;392;585;568
704;438;611;573
707;448;618;576
707;447;616;576
704;436;608;573
702;430;602;571
655;567;602;460
693;670;682;506
703;649;678;548
703;565;650;571
702;507;626;568
690;394;588;561
698;421;607;568
702;443;616;571
703;447;618;572
701;440;611;570
699;424;604;568
699;428;605;569
700;433;610;570
701;441;613;571
702;445;614;571
701;443;612;571
700;438;610;570
701;438;609;570
701;441;611;571
702;445;613;571
702;444;613;571
702;444;612;571
701;442;611;571
701;443;611;571
702;444;612;571
702;445;613;572
722;584;649;584
733;667;658;537
711;590;646;568
706;517;623;570
697;424;600;568
696;435;607;571
697;435;601;571
698;438;607;574
698;444;610;573
700;444;610;575
706;438;598;580
727;451;616;609
744;570;661;617
735;561;659;609
718;485;633;583
692;384;583;562
695;403;592;567
700;420;606;572
703;439;615;575
703;445;616;575
701;435;610;572
700;420;602;571
699;425;603;572
701;433;610;573
702;438;611;573
702;439;612;573
702;440;611;573
702;437;610;573
702;435;608;573
701;436;608;573
702;442;611;574
728;529;622;572
767;601;623;555
766;608;623;557
742;567;623;565
715;475;617;569
698;428;609;576
701;444;612;572
702;445;613;575
701;441;610;573
728;504;612;568
766;600;639;580
756;585;631;571
719;490;611;561
689;406;584;557
692;412;595;568
699;434;608;571
727;553;659;587
746;609;676;612
739;590;667;602
715;491;631;573
708;458;612;563
702;439;616;573
703;444;616;573
703;444;613;570
702;495;632;566
683;547;623;488
699;669;685;493
706;653;682;523
705;585;660;557
702;522;636;570
707;523;636;571
701;446;615;569
699;424;604;570
699;425;605;569
699;433;608;570
700;436;609;570
701;441;611;572
701;443;611;572
701;443;610;572
700;435;607;571
700;438;608;572
701;442;611;572
701;444;611;572
701;444;611;572
701;444;611;572
701;444;611;572
701;443;611;572
701;445;611;573
701;445;611;573
701;446;611;573
701;445;611;573
701;446;611;573
701;446;611;573
701;446;611;573
701;447;612;573
701;447;611;573
702;447;612;574
702;447;611;574
701;447;611;573
702;447;612;574
702;447;612;574
702;447;612;574
702;447;612;573
702;447;611;573
702;447;612;573
702;448;612;573
702;448;612;573
702;448;612;574
702;448;612;574
702;448;612;574
702;449;612;574
702;448;612;574
702;448;612;574
702;449;612;575
702;450;612;575
702;449;612;575
701;449;611;574
751;640;630;560
738;627;638;562
723;570;628;567
715;534;619;566
699;442;608;576
697;430;599;574
697;429;600;575
698;443;606;576
699;450;611;577
699;451;612;577
699;451;611;577
699;450;607;577
699;447;606;577
723;530;652;598
738;478;628;627
733;486;639;620
713;455;620;586
715;500;637;578
730;576;619;549
765;661;630;550
757;642;602;540
729;568;608;560
712;498;610;567
697;414;610;579
701;441;613;569
703;441;612;574
700;437;607;572
700;433;605;574
700;432;606;573
716;575;622;548
709;558;602;546
711;637;631;519
733;669;661;543
758;693;676;556
771;681;660;560
768;625;628;567
753;553;600;578
737;538;614;567
719;505;619;573
702;446;613;572
703;450;616;575
701;438;609;574
671;622;631;467
709;657;674;550
706;595;656;572
704;513;630;574
686;401;575;542
691;381;583;561
697;406;596;567
702;431;611;571
705;444;617;574
704;444;617;573
701;426;606;571
700;421;603;570
702;428;606;571
702;438;612;572
703;443;613;572
703;444;613;572
703;444;613;572
702;438;609;571
702;439;608;571
703;441;611;572
704;446;613;572
704;447;613;572
703;445;612;572
703;444;612;573
703;444;612;572
703;446;612;573
703;446;612;573
703;448;613;573
703;447;613;573
703;447;612;573
703;448;613;574
703;448;613;574
703;448;612;574
703;449;612;574
703;449;613;574
703;449;613;574
703;448;612;574
703;450;612;574
703;450;612;575
703;450;612;575
703;451;612;575
703;450;612;575
729;492;625;589
763;594;653;579
757;587;639;576
725;508;616;561
691;443;614;573
699;444;612;571
701;444;612;572
702;447;612;574
701;437;607;573
701;437;607;573
702;442;611;574
701;447;612;573
702;447;612;574
721;469;621;582
744;472;603;611
735;467;612;602
721;480;624;584
711;465;623;579
700;404;594;576
699;426;606;571
702;445;613;576
703;446;613;576
734;534;623;572
766;610;628;534
765;607;623;559
736;546;615;554
716;472;605;567
701;437;613;566
703;442;617;574
729;578;657;577
743;648;675;567
725;594;650;578
707;524;625;566
701;450;608;566
687;340;561;562
699;421;604;567
706;450;617;574
707;452;616;573
705;437;609;571
702;420;601;569
681;455;601;557
676;638;654;511
692;635;663;545
705;563;641;572
705;526;634;574
706;483;631;565
709;454;622;570
703;425;607;565
700;407;596;563
700;411;595;564
701;420;601;566
706;444;613;569
705;445;613;568
704;433;606;568
703;429;603;567
704;438;608;568
704;441;610;568
705;444;611;569
704;443;610;569
705;444;610;569
704;443;610;569
704;443;610;569
705;445;611;569
705;445;611;569
705;447;611;569
705;447;611;569
705;447;610;570
705;447;610;569
704;447;611;569
772;587;596;528
783;613;632;566
758;591;631;547
723;499;619;561
702;441;610;568
699;414;599;567
701;437;609;571
703;446;613;574
703;447;613;574
743;626;606;547
768;677;618;522
757;652;623;537
734;594;622;548
721;533;617;559
709;459;615;564
705;438;610;570
703;428;605;570
701;429;605;571
703;438;610;573
702;440;611;572
725;656;633;499
746;689;671;556
740;668;660;556
715;548;621;556
703;398;621;581
693;412;592;558
697;407;592;571
698;424;596;572
721;491;607;569
760;628;665;577
717;530;629;575
710;482;617;580
702;442;612;580
700;440;609;578
699;437;605;578
696;428;600;578
696;429;597;580
696;439;602;580
698;447;607;583
720;671;690;587
710;685;688;553
701;622;659;571
696;523;623;575
691;437;597;590
687;380;564;567
690;394;579;572
695;419;597;575
699;441;609;578
701;446;611;577
700;445;610;577
697;437;603;577
696;430;597;578
697;434;601;577
699;446;608;578
699;448;608;578
699;446;605;578
699;446;605;578
699;447;605;578
699;450;606;579
700;453;608;578
700;453;609;578
700;451;607;578
699;451;606;578
700;452;606;578
700;453;608;578
700;453;608;578
700;453;608;579
699;453;607;578
700;453;608;579
700;453;607;578
700;454;607;579
700;454;607;579
700;454;608;578
700;454;608;578
700;454;608;578
700;453;607;579
700;453;607;579
700;453;608;579
700;455;609;579
700;455;608;579
700;455;608;579
700;456;608;579
700;456;608;580
700;456;608;580
700;455;608;580
700;456;607;580
700;456;607;580
699;457;607;580
699;458;607;581
699;458;607;581
699;459;607;581
699;459;607;581
699;458;606;581
699;458;606;581
699;458;606;581
699;460;606;581
699;460;606;582
699;459;606;581
698;460;606;582
698;460;605;582
698;461;606;583
698;461;606;583
698;460;606;583
698;461;606;584
707;463;604;582
730;491;612;591
758;562;629;595
767;578;624;598
770;591;626;591
774;604;629;593
789;658;653;585
790;663;654;579
778;632;635;577
744;546;597;578
712;464;598;577
687;408;588;582
693;442;599;584
697;454;609;587
698;485;615;577
699;501;608;561
718;591;647;564
712;585;656;572
709;541;638;586
703;479;622;588
692;411;589;574
687;391;577;576
690;406;584;579
696;433;603;583
699;450;614;584
699;450;613;584
697;443;605;583
695;432;597;581
695;433;597;582
696;445;603;583
697;450;609;584
698;453;610;584
697;452;607;583
696;448;604;584
696;449;603;583
696;452;605;584
697;454;608;584
698;454;609;584
697;454;607;584
696;453;605;584
696;453;605;584
697;454;606;585
698;455;608;585
697;455;608;584
697;455;607;584
697;455;607;584
697;455;607;584
697;455;606;584
697;456;605;584
698;457;606;585
698;457;607;585
697;457;606;585
697;457;606;584
698;457;607;584
698;457;607;585
697;457;606;584
697;457;606;585
697;457;606;585
698;458;607;584
698;458;607;585
698;458;607;585
698;458;607;585
698;457;607;584
698;457;607;584
698;458;607;584
698;458;607;584
698;458;607;584
698;458;607;585
698;458;607;585
698;457;607;584
699;458;607;584
698;458;607;585
699;458;608;584
699;458;607;584
698;458;607;585
698;458;607;585
699;459;607;585
699;460;607;585
699;459;607;585
699;458;607;584
699;458;607;585
698;458;607;584
699;458;607;584
699;460;607;585
699;460;607;585
699;460;607;585
699;459;607;585
699;459;607;585
699;460;607;586
699;460;607;586
699;460;607;586
699;460;607;585
699;460;607;586
698;460;606;586
699;459;607;584
743;552;596;563
758;590;619;572
738;569;624;575
715;509;617;582
699;458;604;579
698;455;605;582
698;453;604;582
699;456;606;584
706;574;624;532
728;643;675;592
716;610;665;587
707;531;634;582
702;462;607;582
693;403;578;575
690;401;575;576
693;419;587;582
699;446;608;586
703;460;615;588
700;453;610;585
698;445;601;584
698;439;596;583
698;443;600;584
699;451;604;585
700;455;608;585
701;459;610;586
700;457;605;584
699;453;603;585
699;454;602;585
700;458;605;585
700;458;607;585
701;460;607;585
700;460;606;585
699;457;604;585
699;459;605;585
699;460;606;586
700;461;607;586
753;683;667;554
733;667;653;574
703;553;616;569
692;459;581;569
688;424;589;564
727;526;620;577
775;630;622;556
781;628;648;592
784;639;637;587
777;611;622;580
786;627;609;593
787;646;631;597
779;634;643;593
761;610;636;589
727;541;620;575
722;511;606;578
697;450;608;584
664;666;634;430
712;689;681;549
707;672;673;560
699;576;637;572
694;521;615;568
679;358;562;570
689;405;583;572
697;439;606;572
700;454;613;581
699;453;610;581
696;433;598;579
695;425;591;579
696;434;598;579
698;445;606;581
698;448;608;581
698;449;605;581
698;447;604;581
697;446;603;581
697;447;603;581
697;449;603;581
698;451;605;582
698;451;605;581
698;450;604;581
697;450;603;581
698;451;604;581
698;452;604;582
698;453;604;582
698;453;605;583
697;453;604;583
732;513;614;587
766;604;630;591
764;595;620;586
744;559;608;576
716;489;598;575
714;487;608;575
700;451;610;586
700;451;609;586
