661;457;550;599
661;458;549;599
661;458;549;599
661;457;549;599
661;457;549;599
661;458;549;599
661;458;549;599
661;458;549;599
661;458;550;599
661;458;549;599
661;458;550;599
661;458;549;599
660;458;549;599
661;458;550;599
661;458;549;599
661;458;549;599
661;457;549;599
661;458;550;599
661;458;550;599
661;459;550;599
661;459;550;599
660;458;549;599
660;458;549;599
660;458;549;599
661;459;550;599
661;459;550;599
661;459;550;599
661;458;549;599
661;458;549;599
661;459;549;599
661;459;550;599
661;459;550;599
661;458;550;599
661;459;550;599
661;459;550;599
660;459;549;599
660;459;550;600
661;460;550;601
660;461;550;601
659;461;548;601
658;461;547;601
657;461;545;602
656;460;543;602
654;463;547;606
652;453;538;603
647;428;502;603
651;454;524;606
650;458;525;608
650;458;523;608
652;466;534;609
654;468;536;609
653;461;528;608
649;459;524;608
651;464;527;608
651;465;530;608
651;463;527;608
653;467;532;609
653;469;533;609
652;467;529;608
650;463;526;609
650;464;525;608
651;467;528;609
651;466;530;608
655;471;538;609
658;471;548;615
656;470;539;608
660;483;526;603
657;490;518;596
656;484;530;599
660;501;554;601
670;529;579;602
662;551;589;596
665;544;574;593
709;589;589;616
712;596;590;609
689;577;582;600
659;545;574;590
644;521;571;599
642;519;571;601
644;514;569;605
639;495;556;605
639;483;550;606
665;524;551;599
712;594;545;589
724;605;555;593
724;615;565;591
711;610;573;590
686;575;573;602
673;553;575;605
656;537;575;596
647;527;574;599
635;493;536;592
631;472;535;597
637;498;548;598
713;563;575;610
721;588;572;598
711;615;597;590
667;620;602;560
655;626;610;580
643;622;608;579
634;592;599;585
615;536;580;594
615;504;579;600
615;407;540;607
602;297;499;605
621;348;503;603
632;384;514;604
637;415;534;606
641;420;536;606
641;429;542;605
636;434;545;606
653;470;568;610
646;442;545;609
645;422;533;608
651;455;549;607
657;473;564;611
654;460;557;611
659;467;561;613
665;477;564;612
672;484;567;613
672;493;570;612
681;497;572;612
678;490;569;613
673;476;563;614
672;473;561;615
673;477;563;615
676;483;566;615
678;483;567;616
668;464;562;618
662;450;559;619
658;434;553;618
657;438;553;620
658;447;553;620
657;452;543;620
656;448;538;618
666;454;533;618
671;462;534;615
673;478;537;614
675;494;550;616
677;494;553;616
679;499;554;614
681;507;560;609
673;501;552;607
670;492;553;603
673;493;558;607
677;501;558;608
681;502;553;606
682;499;546;607
683;487;537;607
685;479;525;609
684;493;536;604
692;507;550;602
695;527;571;597
701;542;579;607
703;562;587;604
700;577;589;597
722;612;593;587
744;632;593;596
749;622;587;599
737;568;542;599
704;505;517;600
685;477;525;600
656;441;531;609
650;451;535;610
650;459;536;608
650;458;537;608
701;552;539;590
708;562;546;601
712;588;587;605
693;587;595;596
662;538;588;604
656;508;576;605
638;356;507;605
644;408;514;608
647;422;525;614
649;455;533;610
648;533;555;598
672;597;591;614
666;563;572;609
657;492;540;608
659;453;538;613
651;408;514;608
652;408;520;611
654;430;535;614
655;437;540;614
655;440;543;614
655;438;539;615
655;437;537;615
655;441;538;615
655;447;541;614
655;451;544;614
678;475;542;611
680;479;529;616
676;470;521;618
666;452;519;619
669;465;521;619
678;479;518;619
681;484;516;618
683;481;516;619
683;493;519;619
682;491;520;619
682;495;523;619
681;495;524;619
678;489;524;619
672;473;523;619
672;465;524;619
676;482;525;619
674;484;531;619
672;473;530;619
673;458;524;621
675;439;512;621
678;458;513;621
695;510;551;613
701;527;553;614
700;527;548;615
699;530;549;614
698;534;548;614
698;543;543;613
705;552;524;614
705;550;529;615
701;541;523;616
699;519;518;617
697;501;515;617
698;512;515;617
701;523;518;616
702;521;515;615
700;498;503;616
693;474;504;618
687;470;514;619
687;485;518;621
690;488;522;621
688;482;520;621
682;466;519;622
680;465;518;622
681;467;518;623
683;471;519;623
687;476;518;622
751;564;512;609
761;582;528;618
745;542;524;620
713;511;519;616
677;460;508;617
667;451;512;619
652;455;518;620
692;512;512;619
745;598;508;598
734;591;521;609
700;531;523;613
688;519;524;613
667;463;518;616
661;426;513;617
659;401;507;620
657;396;502;621
657;401;505;621
658;406;508;620
657;412;508;621
658;428;503;620
686;554;572;638
687;567;547;616
668;511;524;618
658;489;517;615
651;422;501;616
652;425;509;621
651;433;511;622
651;442;512;621
648;441;515;622
648;499;523;620
713;591;539;622
713;599;552;629
693;541;565;618
662;488;571;602
649;511;584;594
692;585;609;591
677;532;589;608
669;484;562;613
660;440;530;615
658;425;513;616
625;520;542;601
656;553;566;608
661;517;543;612
664;500;538;614
661;487;528;616
656;440;522;619
655;443;525;621
654;439;517;621
653;431;513;621
654;431;514;621
654;442;517;621
655;447;519;622
655;446;519;622
657;441;519;622
658;450;521;622
657;455;523;622
653;437;525;624
649;444;521;622
644;437;522;623
644;437;527;624
657;461;532;622
659;469;537;623
659;466;537;623
658;468;537;623
661;474;540;624
662;479;543;625
662;489;543;625
663;492;542;625
664;492;545;626
663;490;543;625
657;479;528;625
663;480;521;624
666;469;506;620
671;469;496;618
670;496;508;614
678;508;515;615
681;526;517;615
681;534;525;615
677;542;530;615
674;544;532;615
673;549;542;611
697;570;585;663
705;555;552;670
702;533;521;663
703;543;528;659
699;548;533;646
695;551;531;640
691;579;548;635
697;584;551;647
709;588;560;665
720;590;569;685
717;586;568;686
708;580;565;676
695;578;563;652
685;585;567;627
687;593;573;637
703;598;579;660
720;597;583;686
718;588;581;686
698;585;574;661
682;581;565;626
671;579;558;619
676;587;567;626
696;593;583;658
715;598;591;685
712;597;587;679
695;592;577;651
685;592;574;627
685;597;579;629
695;601;590;656
692;594;583;653
680;575;563;629
670;546;528;614
674;550;526;622
676;556;535;624
675;557;536;623
675;558;538;623
675;557;534;623
677;563;539;623
678;570;543;623
681;577;539;626
704;601;580;673
724;610;591;706
713;606;583;682
694;595;557;641
684;590;556;619
676;592;550;605
680;593;558;615
683;587;561;614
686;586;561;615
691;590;559;615
696;593;556;614
704;592;553;616
707;593;555;614
710;593;557;613
710;553;547;618
718;538;536;621
724;545;533;619
720;548;538;618
724;560;540;617
732;577;541;614
736;588;543;613
739;596;543;610
753;615;555;614
773;648;572;612
775;650;563;604
767;650;539;583
755;640;554;592
741;612;546;608
718;570;543;615
705;555;544;619
673;529;546;621
670;526;548;621
691;590;526;589
720;633;559;610
712;625;575;614
670;564;573;619
663;524;557;618
642;350;501;619
651;419;513;616
699;521;569;632
690;513;535;629
681;466;526;631
662;426;515;631
636;490;504;606
682;617;579;594
667;588;550;622
648;505;508;617
653;492;512;620
656;455;522;622
657;448;527;628
656;449;522;629
652;442;513;627
649;432;507;628
652;438;510;630
654;447;517;630
656;461;521;630
656;475;522;629
655;474;520;630
655;464;520;630
657;467;520;631
663;470;526;633
664;478;529;633
671;493;534;634
674;502;538;635
674;506;538;635
674;515;539;636
680;531;541;637
682;545;542;638
682;553;542;637
684;561;543;638
682;557;544;639
681;555;545;640
680;554;545;640
683;559;547;641
683;560;547;642
681;550;546;641
681;541;544;641
682;533;539;640
690;534;536;635
696;538;537;633
698;528;527;633
691;497;519;633
687;491;517;633
686;492;516;633
683;493;522;634
677;483;525;635
662;407;522;636
666;381;514;636
665;339;516;637
664;420;523;631
663;442;524;630
662;449;520;626
657;444;524;631
659;452;525;630
659;455;526;629
660;462;525;630
660;465;525;629
661;469;525;627
661;466;525;627
661;458;525;627
661;460;526;627
677;486;522;624
717;578;512;606
706;570;531;615
693;546;533;616
673;508;521;613
677;504;516;619
671;488;519;618
666;480;519;619
784;618;531;607
781;622;574;620
766;606;554;624
703;548;522;612
682;564;502;607
738;627;489;591
748;635;523;612
719;591;544;611
689;517;540;619
662;428;509;619
632;418;501;619
639;418;502;623
694;549;523;614
729;589;541;616
707;566;531;619
671;490;519;623
748;583;532;626
678;432;480;622
638;361;448;613
649;395;484;624
658;445;515;625
663;466;524;626
664;465;525;628
662;455;517;625
661;446;511;626
661;454;515;626
661;464;519;628
662;471;523;629
662;474;522;630
659;472;519;630
658;471;517;630
658;473;517;631
658;475;519;631
659;477;521;632
659;476;520;631
659;477;519;631
659;476;519;632
659;477;520;632
659;477;520;632
659;478;520;632
660;478;521;631
660;477;520;631
660;478;520;631
660;477;521;631
660;477;521;631
661;478;521;631
658;472;519;630
660;479;522;633
661;479;523;632
661;478;523;632
677;484;546;628
664;479;540;626
668;478;539;633
656;468;525;630
663;470;527;628
657;449;517;622
660;451;517;624
661;458;523;624
662;464;528;625
663;462;527;625
660;459;521;624
662;468;526;626
661;461;522;624
662;466;526;624
663;467;528;625
663;470;529;625
663;465;527;624
662;464;526;624
662;464;525;624
663;468;528;625
663;470;530;624
664;469;529;624
663;466;528;624
663;466;528;625
663;466;527;624
664;469;529;625
663;470;529;625
663;471;528;625
663;470;529;625
663;470;528;625
663;471;528;625
663;471;529;625
663;471;529;625
663;471;528;625
663;471;529;625
663;471;529;625
663;471;529;625
663;470;528;625
663;471;529;625
664;473;531;626
664;472;529;626
662;469;527;625
660;462;522;624
664;468;528;625
665;472;531;625
665;474;533;626
665;475;532;626
662;466;525;625
662;467;524;625
663;469;525;626
662;470;526;626
664;472;529;626
665;472;532;626
665;473;531;626
665;472;530;626
664;470;529;626
663;466;528;625
664;470;529;625
665;473;531;626
665;475;533;626
665;473;531;626
664;471;529;626
664;471;528;626
664;473;530;626
665;475;531;627
664;470;530;626
666;469;531;625
666;472;533;625
666;474;535;626
666;474;534;625
665;472;531;626
664;469;528;625
664;470;529;625
665;472;530;626
665;473;531;626
665;476;533;626
666;476;534;626
665;476;532;626
665;473;531;626
665;472;530;626
664;472;530;626
665;474;532;626
666;476;534;626
666;476;533;626
665;473;532;626
665;471;531;625
665;472;531;626
666;474;533;626
666;475;534;626
666;474;533;626
666;474;533;626
666;473;532;625
666;474;532;626
666;476;534;626
666;478;534;627
665;481;534;628
661;478;528;628
660;476;523;628
655;472;522;627
659;477;525;628
661;482;527;630
662;486;531;632
662;486;531;631
661;483;527;631
656;475;521;629
658;478;523;630
658;482;526;630
662;484;528;631
662;484;528;631
660;483;527;630
658;481;525;630
655;481;522;630
657;486;526;632
661;488;531;633
662;487;531;631
662;483;529;630
659;475;525;629
658;475;525;629
661;483;528;630
662;491;540;629
660;497;549;627
659;499;549;627
659;498;545;627
658;503;549;626
654;489;547;622
649;510;552;618
651;516;566;616
652;521;577;613
651;525;584;610
651;522;585;606
647;526;590;601
651;531;594;600
654;525;590;604
656;516;586;607
656;511;582;609
669;530;587;615
668;528;582;618
670;526;576;620
671;522;571;622
670;513;566;623
669;510;563;624
670;517;564;624
672;528;568;625
674;531;570;625
678;533;572;625
678;536;572;626
678;538;571;628
679;544;569;629
679;553;569;629
680;560;570;628
684;569;574;628
691;586;576;628
693;578;575;628
691;564;567;628
688;557;561;628
689;559;564;628
690;564;570;628
688;565;571;628
680;560;573;626
667;551;572;625
670;552;575;624
671;538;576;624
670;532;578;624
669;532;579;624
668;535;579;623
666;539;579;621
666;549;580;620
667;556;584;619
669;567;586;618
676;582;585;618
679;585;585;617
679;584;585;618
678;585;584;617
681;588;586;616
684;592;587;616
686;590;587;616
684;583;586;616
685;580;586;616
686;579;585;617
688;584;585;616
687;586;583;614
683;574;575;615
669;520;545;620
653;415;512;621
666;399;527;628
667;396;529;629
666;407;524;628
665;432;521;625
665;475;523;623
662;487;520;621
666;497;528;623
664;499;532;623
665;503;531;624
664;503;530;624
666;499;530;624
666;496;532;624
666;500;532;624
668;504;534;624
665;505;533;623
668;512;535;624
665;519;536;623
666;532;537;623
666;545;538;624
665;549;536;622
666;554;537;622
666;559;537;621
669;570;539;621
672;583;540;620
677;595;539;619
677;597;537;619
677;593;532;619
679;586;529;620
681;589;531;618
679;585;532;617
680;578;532;617
679;576;532;617
680;580;533;617
681;583;532;618
684;583;531;618
686;578;528;619
686;576;527;619
687;576;527;619
687;575;528;620
688;569;529;622
706;574;532;662
738;559;509;713
740;567;527;721
732;571;539;704
722;578;553;689
733;596;568;696
745;609;581;719
756;614;584;740
756;611;579;742
756;615;582;742
758;622;587;743
759;626;589;744
758;626;586;739
758;626;585;739
758;628;585;741
758;630;586;740
758;636;586;740
757;637;584;739
757;633;584;740
757;632;585;740
758;635;585;740
758;636;586;739
758;638;586;739
758;638;587;738
759;641;588;739
760;641;588;739
760;641;588;739
760;638;588;739
760;638;587;739
761;642;587;740
761;646;587;741
762;650;587;740
762;648;587;740
762;649;587;740
762;649;587;739
762;648;586;740
763;650;586;740
762;651;587;738
762;652;585;737
762;650;581;736
762;649;581;737
763;651;581;738
763;651;583;738
762;651;582;737
762;650;581;736
762;649;579;735
763;650;579;736
763;652;578;735
763;652;578;734
762;652;579;733
761;651;578;732
761;652;578;731
761;653;578;731
762;653;578;731
761;652;577;731
761;652;577;731
761;653;576;729
760;654;575;726
759;655;573;720
756;656;564;711
753;657;547;701
747;657;537;684
742;654;516;664
731;652;497;642
724;648;488;634
706;658;522;609
703;652;510;617
701;630;502;617
706;618;497;617
713;607;501;619
717;594;507;620
715;584;524;620
701;572;545;619
660;544;557;615
586;521;562;615
602;493;548;617
609;510;545;623
622;515;560;627
622;559;589;611
617;543;575;610
626;554;570;611
627;559;577;610
621;574;588;598
608;580;593;594
603;603;600;590
595;595;600;598
590;573;586;601
594;567;575;605
600;564;568;609
605;563;566;613
603;547;562;617
597;510;553;621
593;501;554;621
621;547;571;621
621;549;535;617
627;537;524;622
636;552;549;628
642;567;564;629
699;588;572;629
739;610;579;635
749;607;550;629
742;582;520;625
715;510;470;614
701;494;474;618
669;472;487;621
644;505;515;623
677;579;529;614
733;661;519;583
720;651;548;612
695;639;547;618
671;592;540;620
686;598;571;625
705;575;571;629
714;587;573;630
677;541;551;631
627;487;549;628
638;384;498;631
631;379;496;632
603;486;497;619
633;609;553;613
642;625;571;615
640;615;569;619
638;580;556;624
639;530;527;625
632;447;504;630
638;468;514;632
642;505;545;635
651;534;556;634
640;535;558;630
644;539;558;632
646;539;559;628
655;531;540;630
660;536;525;628
665;540;525;629
662;533;522;630
657;494;504;632
657;461;502;635
651;448;501;637
647;436;502;637
640;444;504;635
693;572;512;605
714;595;535;626
692;574;537;628
664;513;528;633
658;486;522;639
640;438;514;639
638;427;503;638
638;423;502;639
638;412;499;640
659;434;499;640
685;495;512;637
662;485;520;641
620;446;518;639
621;432;508;641
658;471;517;639
707;531;540;649
709;533;532;641
682;489;516;641
655;446;501;641
624;387;482;641
642;506;515;627
660;544;570;632
657;526;567;638
645;496;555;637
634;484;534;639
600;309;423;633
610;344;458;639
633;521;536;633
637;599;571;614
642;606;580;624
638;594;574;625
632;547;542;626
626;516;525;628
616;400;496;634
625;438;514;636
628;462;526;638
629;461;523;638
630;464;521;638
631;464;523;638
631;464;525;638
630;477;526;638
621;487;529;635
602;490;528;635
598;496;529;635
599;496;530;636
605;511;531;636
609;519;534;635
605;522;534;637
600;519;531;637
591;526;530;637
631;556;544;634
655;560;554;633
657;554;554;632
640;538;545;627
627;520;535;627
609;483;535;635
612;480;535;635
610;477;533;636
611;461;530;637
612;438;520;638
638;518;555;635
704;590;539;621
698;578;526;625
674;541;520;625
678;568;568;632
682;570;581;631
662;538;579;635
645;535;581;632
628;517;563;632
632;519;569;634
704;534;557;640
683;513;532;634
663;447;495;638
641;423;491;637
614;416;499;634
624;448;521;639
627;456;524;640
625;478;531;634
633;522;565;632
654;596;605;621
640;597;605;624
631;581;596;626
636;557;572;628
618;531;557;632
609;530;558;629
630;515;555;634
637;518;544;633
644;509;530;633
644;499;522;634
645;496;525;637
639;492;529;637
637;490;532;637
641;496;533;637
649;505;533;635
662;529;535;633
737;580;561;629
741;594;558;626
733;570;546;633
702;526;533;632
676;496;533;630
640;423;514;630
630;447;537;634
638;479;547;630
647;525;566;628
655;540;581;633
653;542;583;634
644;529;576;634
637;498;556;636
630;418;502;634
634;445;523;638
637;459;531;638
633;457;528;639
631;457;527;639
630;457;527;638
631;456;526;639
632;455;527;640
641;470;527;639
646;483;528;639
648;486;527;639
676;530;523;629
690;545;532;628
696;557;523;630
678;533;536;634
659;497;528;634
657;540;568;633
645;513;549;631
622;533;516;615
633;566;572;623
632;570;581;625
621;537;565;633
621;510;553;636
627;530;556;633
624;468;531;633
629;455;521;635
631;454;514;634
636;456;506;635
651;472;504;635
665;494;508;634
669;503;513;633
700;544;511;620
707;540;451;623
726;568;505;628
720;563;525;632
700;537;524;633
695;529;522;634
671;477;507;632
668;477;501;633
684;507;535;640
674;492;532;639
667;476;529;642
683;514;565;644
684;533;578;640
671;521;568;628
661;513;544;624
654;460;520;629
638;385;477;635
635;406;495;635
641;452;520;630
647;460;522;631
653;456;515;631
654;437;505;632
651;430;501;633
651;442;503;630
650;450;509;629
652;457;517;629
651;460;522;629
650;463;523;630
651;463;520;630
653;464;518;630
656;473;518;630
658;476;518;631
662;480;522;632
665;482;523;633
666;481;524;633
668;481;522;632
669;481;522;631
669;476;523;630
669;477;530;628
668;480;537;628
667;478;539;628
668;478;541;627
668;479;543;626
669;480;541;625
670;481;539;625
671;478;532;626
673;470;526;627
672;462;516;630
670;462;525;626
670;467;527;626
670;469;529;626
670;469;529;626
670;467;530;626
668;467;531;625
667;469;536;625
665;472;545;622
737;542;602;677
726;560;623;655
698;523;605;637
663;467;570;627
640;412;525;616
642;359;489;622
643;377;502;624
651;397;516;627
656;420;529;629
657;428;535;628
688;475;529;614
707;492;532;621
685;480;538;622
666;435;531;626
655;417;530;629
655;430;533;628
654;431;533;628
655;437;535;628
655;441;537;627
681;492;573;637
706;513;568;644
719;559;606;659
709;555;596;651
679;521;583;632
662;467;550;626
661;464;550;631
656;483;546;629
657;504;543;629
654;516;535;628
650;517;530;627
648;505;526;628
649;504;529;629
652;506;533;630
654;511;541;630
654;522;545;627
652;535;546;624
650;547;543;620
649;559;545;620
650;566;551;620
650;578;563;617
650;590;578;609
650;609;587;598
649;641;597;589
660;661;603;589
669;663;602;593
672;658;599;598
679;660;600;597
686;671;602;593
680;674;611;588
677;674;611;590
679;664;605;594
675;659;602;596
676;659;600;595
678;661;600;593
679;661;602;593
681;658;600;593
679;649;601;594
674;642;600;594
666;635;602;593
660;637;604;591
660;631;600;592
667;627;594;597
670;630;595;597
676;630;597;598
678;620;592;601
683;618;577;603
690;625;571;604
695;628;574;605
698;635;579;604
700;641;587;602
700;648;589;600
700;656;591;598
700;663;594;597
702;668;599;597
704;674;600;596
705;682;600;595
706;685;598;594
717;684;597;597
715;679;598;598
711;676;600;595
709;678;605;591
710;677;606;594
709;675;609;595
716;675;612;598
721;669;613;600
713;655;608;600
704;643;601;602
702;629;590;604
704;624;577;608
705;622;572;610
705;624;574;610
704;625;573;609
703;624;568;609
704;619;551;609
704;623;551;609
704;623;555;610
699;605;548;609
693;604;566;608
716;625;605;613
721;627;609;614
708;602;602;622
690;553;575;623
662;466;575;627
633;507;591;617
647;516;580;621
642;502;569;620
636;488;558;622
637;578;575;613
622;617;563;597
637;613;573;614
647;614;577;618
649;571;551;619
648;500;530;621
634;397;505;618
644;431;525;622
650;441;533;627
649;431;527;630
645;375;508;633
644;340;492;634
645;349;493;636
652;439;547;630
670;511;589;626
677;530;602;631
670;481;564;628
671;461;527;625
677;473;524;626
681;483;529;624
682;493;543;622
681;495;550;619
681;493;549;620
680;486;540;622
680;477;531;624
680;472;527;626
676;461;527;623
673;457;530;624
670;453;532;623
666;448;532;623
666;443;532;623
660;430;532;625
661;433;533;625
662;434;534;625
661;434;534;625
661;437;535;625
661;438;537;624
661;448;549;621
752;583;628;698
748;623;653;679
715;557;620;648
678;471;559;627
649;386;496;622
664;456;518;623
734;603;536;607
735;602;562;620
712;576;551;620
687;512;531;622
683;492;518;623
660;421;521;624
664;443;530;628
665;448;531;628
663;443;530;627
661;441;527;628
663;447;531;629
663;450;531;628
664;454;532;629
663;458;533;629
663;465;535;629
658;504;541;630
654;535;548;629
650;562;547;625
729;624;580;644
732;632;580;633
712;627;576;624
673;620;576;609
651;599;570;614
654;566;574;625
657;509;564;631
658;483;552;633
694;542;551;633
687;594;570;631
678;609;564;627
647;566;535;620
657;508;531;627
661;449;535;633
661;459;534;633
661;491;534;632
661;529;539;628
660;555;542;627
662;561;545;628
663;551;543;628
661;543;538;629
658;548;536;628
658;584;543;626
737;656;563;625
728;681;591;629
712;675;584;627
675;648;560;618
615;623;537;620
635;629;552;620
648;595;555;624
656;568;571;627
655;500;550;626
652;494;540;623
653;484;539;627
649;552;600;649
717;629;567;596
703;606;536;619
675;554;527;617
675;495;529;623
661;511;542;624
661;540;547;627
731;620;565;623
742;660;571;628
729;658;580;626
713;642;592;618
721;671;618;625
703;629;604;628
685;538;575;638
664;538;574;635
651;540;573;626
652;541;573;627
659;601;593;629
661;626;596;611
652;647;591;612
654;639;589;616
655;605;581;623
654;537;558;627
625;455;529;618
646;471;554;630
651;489;569;631
652;496;576;633
653;499;576;633
654;501;577;633
654;504;579;634
667;524;587;636
668;529;588;636
665;519;584;635
662;519;580;631
666;530;582;626
659;539;584;627
638;527;585;623
643;542;583;627
649;544;577;628
649;536;572;631
648;525;567;631
649;528;566;630
659;532;564;632
670;533;560;634
670;540;567;636
667;542;574;637
663;552;576;633
657;551;577;626
664;553;568;621
675;553;558;619
680;551;548;620
683;553;542;620
686;538;536;621
686;535;532;620
686;532;530;621
683;531;531;621
686;539;536;621
690;539;534;621
692;534;533;622
691;533;530;622
687;530;531;623
683;528;533;624
682;529;534;624
684;534;535;625
689;538;533;625
749;589;541;626
753;595;538;629
718;563;534;627
699;537;538;629
682;519;529;631
677;523;532;631
669;519;534;630
665;494;527;631
702;582;538;629
749;645;528;597
740;630;528;608
703;580;533;619
677;535;538;626
658;473;535;628
659;472;533;631
657;465;529;632
663;529;534;626
679;588;556;629
696;613;571;624
699;613;578;626
680;570;563;626
672;543;547;628
654;474;539;631
656;469;538;632
655;485;540;632
655;492;541;634
653;501;541;635
652;532;541;636
739;641;559;637
734;650;562;636
697;604;547;622
678;561;534;621
659;542;538;628
661;560;540;629
656;573;542;627
654;539;535;628
656;531;535;629
660;452;532;635
661;458;533;635
661;462;534;635
661;476;534;634
661;528;537;633
737;571;582;730
728;575;573;732
681;476;510;659
661;454;512;629
662;407;531;641
636;341;525;645
667;377;547;664
689;470;576;697
701;467;577;705
699;476;565;684
692;488;536;658
696;500;538;654
713;537;541;629
726;564;558;639
729;581;562;633
727;575;556;631
718;558;542;629
707;558;537;627
674;527;544;633
663;492;543;634
638;442;531;634
630;469;536;630
630;511;542;626
624;542;546;625
608;566;549;621
600;577;547;616
612;555;545;618
620;553;544;621
626;559;545;624
629;549;544;625
629;542;544;626
631;542;545;627
636;545;545;627
637;544;544;628
638;545;541;627
639;550;540;627
640;553;540;627
640;551;542;627
637;539;544;627
630;528;545;628
622;511;547;628
611;486;547;630
609;470;547;630
620;480;536;627
622;477;540;629
623;473;542;630
624;456;542;631
625;448;540;631
652;561;588;635
664;576;544;618
661;577;538;615
652;557;546;621
645;520;548;625
646;476;567;639
636;448;534;628
635;432;527;629
633;435;529;629
701;572;553;629
694;564;582;632
681;550;580;634
661;503;561;636
632;374;505;628
644;538;543;621
658;613;585;607
651;593;569;623
642;511;537;627
657;453;553;640
634;429;515;618
643;439;527;629
645;452;533;632
647;456;536;634
649;463;537;636
655;484;554;637
660;497;566;640
660;499;562;639
659;496;557;637
660;499;553;636
668;511;563;641
673;528;575;645
674;531;583;648
672;524;583;647
671;526;582;646
672;531;584;643
673;540;587;642
674;547;588;642
676;550;589;643
675;549;588;644
675;551;589;645
676;555;590;643
675;555;591;642
675;554;591;642
674;551;591;643
676;548;591;644
676;541;590;642
673;551;588;636
667;544;583;631
670;540;579;629
672;542;576;628
674;555;573;615
674;553;568;621
679;558;575;629
670;553;572;628
666;553;564;628
653;547;556;627
663;542;550;627
666;545;552;628
669;548;557;628
670;543;554;629
668;518;544;629
672;503;533;627
673;522;544;625
678;546;545;622
736;632;570;616
744;645;567;615
704;599;559;620
690;555;551;624
695;551;545;625
695;530;542;626
687;533;543;627
685;532;543;627
683;530;543;627
682;541;553;628
682;553;557;626
683;555;557;627
685;549;555;628
686;546;550;628
688;538;544;628
690;534;534;629
690;544;547;626
700;607;581;600
706;624;546;600
703;616;578;612
693;589;571;622
700;587;582;635
721;614;546;607
738;625;542;614
742;625;529;621
721;602;531;626
714;583;537;630
714;582;545;632
691;536;537;629
687;511;530;633
687;497;527;635
688;505;529;637
690;517;532;638
691;520;533;637
691;520;534;637
690;520;534;637
691;523;533;635
693;532;534;635
696;547;537;633
697;558;537;632
743;616;532;624
751;625;534;630
751;620;543;632
742;605;547;630
728;592;545;629
726;591;540;629
711;571;539;627
707;545;541;632
707;532;535;632
707;541;533;633
741;599;525;628
768;614;484;619
773;615;526;633
759;581;532;636
757;570;533;632
758;559;527;629
758;564;523;629
755;561;524;632
770;598;523;623
793;654;534;622
795;663;536;625
776;637;523;624
754;598;521;635
748;652;590;616
739;657;601;616
721;632;589;620
703;604;578;623
701;586;559;625
685;480;484;636
696;534;525;625
697;541;543;630
695;529;534;633
690;512;532;633
687;508;533;633
688;513;534;633
688;520;538;633
688;524;543;633
688;526;541;633
689;525;539;633
690;542;541;632
688;543;542;632
686;539;543;633
685;526;543;634
685;525;541;635
685;528;540;634
686;533;541;634
687;543;542;633
688;550;543;632
689;550;543;631
691;548;542;632
692;548;542;632
692;548;541;632
692;554;543;631
691;558;543;630
692;562;544;630
693;564;545;630
695;568;545;629
696;571;545;629
696;570;547;628
695;574;548;628
695;573;549;629
697;576;549;629
696;575;546;630
695;573;546;629
695;574;546;630
696;576;546;629
696;578;547;629
696;579;550;629
696;579;549;629
695;579;551;629
695;581;555;628
696;582;557;628
697;582;555;629
701;582;549;629
704;583;549;628
706;586;556;626
707;587;559;626
712;588;560;628
718;580;559;628
724;580;562;629
726;579;562;628
726;580;561;629
727;583;561;629
725;591;564;627
724;587;567;629
723;585;563;633
719;584;569;630
705;589;573;628
702;566;568;633
688;517;555;638
666;457;539;640
671;487;544;639
674;491;542;638
675;496;548;639
672;483;546;640
671;481;542;640
670;482;543;640
670;486;543;640
671;491;543;640
670;497;543;639
695;547;563;636
717;589;570;637
719;572;558;638
692;502;541;629
674;475;547;635
668;467;541;640
665;467;540;641
665;476;543;641
664;484;546;642
666;478;545;642
739;607;548;619
722;580;540;628
700;569;542;616
715;605;593;634
698;576;594;638
686;507;573;646
686;486;561;646
689;538;590;637
696;522;589;637
741;581;620;658
734;535;601;659
702;474;562;651
660;464;559;639
678;484;555;636
672;435;532;635
674;436;531;641
677;427;530;643
684;458;539;645
712;540;582;660
725;580;603;666
715;572;592;657
694;563;582;633
689;558;581;626
636;480;548;626
629;414;523;626
630;430;529;627
633;445;540;629
634;451;543;629
636;449;550;629
637;448;558;629
635;490;580;622
680;536;598;621
703;580;619;623
697;565;612;628
671;527;593;628
661;484;563;625
653;464;559;624
646;479;535;623
644;517;554;623
639;550;569;611
630;514;526;625
640;510;535;630
644;447;541;633
647;445;535;634
646;443;532;633
645;439;534;633
647;437;526;633
651;424;528;632
645;434;531;633
645;439;533;634
645;435;533;634
645;440;533;634
646;443;533;634
646;444;533;634
647;446;533;634
647;445;533;634
647;445;534;635
655;444;537;650
656;446;539;652
654;450;540;644
653;447;537;640
653;437;533;639
663;427;540;652
669;448;543;662
703;473;564;710
714;474;572;720
701;440;551;698
674;438;544;661
672;436;546;658
652;428;537;635
641;468;551;629
633;469;544;628
647;477;556;635
651;481;552;634
652;486;547;632
650;490;548;630
650;494;546;630
651;498;549;630
654;500;553;631
655;497;550;631
652;489;545;633
651;461;541;635
652;456;541;635
652;462;543;636
654;468;549;636
653;476;554;636
655;481;553;636
655;483;553;637
654;487;554;636
654;491;556;636
657;476;554;637
657;477;555;637
654;497;560;633
726;579;596;636
710;555;598;628
683;460;569;630
666;420;543;632
659;338;509;639
658;359;517;640
656;395;526;636
659;442;538;631
659;477;551;626
660;490;564;625
659;495;568;626
659;483;562;631
658;445;538;635
657;412;532;637
656;406;531;639
655;413;530;641
654;421;531;643
650;430;532;643
652;445;537;639
657;439;541;636
655;442;539;636
656;443;540;636
656;444;542;637
656;445;541;637
655;485;543;630
637;558;541;603
652;612;582;611
665;612;592;626
661;554;573;632
636;474;507;610
654;429;525;632
656;443;529;631
657;446;534;632
658;456;539;634
656;455;541;634
654;451;539;633
656;455;540;632
655;463;546;632
657;477;550;633
665;494;556;632
672;511;568;630
672;522;581;625
674;533;587;624
679;545;590;621
685;554;591;618
690;557;590;618
702;563;588;625
711;568;590;625
715;570;589;624
724;574;586;626
726;577;583;626
720;574;583;625
714;578;584;624
706;568;581;625
700;556;573;626
701;553;577;627
704;562;582;631
698;555;579;626
701;565;580;626
704;567;575;626
701;568;577;628
698;571;578;627
695;569;578;627
693;565;575;627
695;572;580;623
702;576;578;625
709;576;577;627
712;579;575;628
715;586;577;626
716;587;577;629
712;551;538;630
708;544;530;630
706;546;535;630
707;537;536;633
705;535;542;635
701;527;540;634
700;531;542;632
722;594;599;632
727;622;612;612
724;598;581;632
721;601;585;632
719;613;582;625
748;644;578;618
766;663;578;619
765;642;549;623
754;623;559;628
722;564;549;631
690;464;538;632
681;416;541;636
667;464;556;636
693;560;601;621
681;596;604;616
675;571;591;627
662;534;571;633
667;539;585;638
666;583;587;623
662;589;580;624
684;632;608;624
669;614;593;627
662;571;566;627
657;554;559;630
643;461;539;640
657;492;557;639
660;509;562;642
660;515;562;643
659;513;560;643
669;538;586;643
670;541;585;643
676;544;586;644
691;555;585;645
693;548;581;646
683;526;574;646
674;516;574;646
673;529;577;645
672;535;583;643
674;541;586;643
673;541;583;643
673;543;582;642
675;543;583;642
675;544;583;642
674;546;584;643
681;555;588;643
695;566;588;643
703;575;586;640
708;581;584;639
712;583;586;640
715;583;586;641
721;587;586;641
729;598;587;641
734;602;586;640
736;603;586;640
737;606;588;640
737;607;591;641
737;607;591;641
731;602;588;640
729;597;586;638
724;588;585;638
719;586;581;632
720;586;567;630
720;585;558;630
720;587;563;633
715;585;567;632
700;579;572;633
683;555;576;633
672;523;571;635
674;517;566;639
675;504;560;639
674;480;554;639
672;472;552;640
669;476;552;640
668;481;554;640
668;489;555;640
668;488;556;640
671;472;555;641
678;520;571;645
684;584;597;620
669;564;581;637
650;529;572;638
659;538;583;641
649;486;571;633
648;492;561;630
644;488;557;629
642;464;545;633
644;460;542;634
646;464;544;636
647;467;545;636
648;464;544;635
648;453;543;635
648;457;543;636
649;462;544;636
654;456;540;651
669;309;445;717
698;380;514;717
683;446;524;659
684;500;560;619
679;491;545;639
678;486;524;633
680;480;511;632
683;485;507;630
682;491;514;631
682;502;524;633
678;499;525;632
676;487;525;633
733;643;649;696
718;656;624;624
702;600;577;639
672;507;506;634
681;549;532;634
747;640;519;598
721;610;542;623
698;568;544;629
685;524;530;631
669;447;515;633
684;508;518;631
742;615;496;620
736;618;545;627
712;593;559;634
690;539;545;636
668;457;533;640
658;445;515;638
660;441;511;639
680;470;504;639
740;541;521;648
754;550;503;640
744;537;503;641
719;596;542;624
736;652;614;640
708;624;597;627
697;606;583;635
681;572;561;637
674;541;537;641
680;554;541;636
683;480;528;641
683;454;516;645
680;434;504;646
676;439;504;646
680;463;511;644
687;492;519;643
688;499;522;643
688;497;521;643
688;492;518;643
689;499;522;643
691;510;526;642
692;536;542;640
694;535;551;640
692;523;539;640
691;492;518;644
687;484;513;645
688;492;521;646
688;499;522;646
687;505;524;644
689;506;523;643
689;504;522;644
691;505;521;644
693;493;518;645
693;483;510;646
694;438;487;647
695;395;471;650
694;395;471;650
693;383;466;651
692;396;474;651
700;534;539;616
716;558;582;644
717;529;556;648
714;517;543;652
741;534;527;647
767;574;532;650
768;545;455;645
759;552;486;634
751;555;506;635
718;519;522;643
696;489;523;644
693;498;526;643
751;606;524;626
762;620;536;631
754;605;544;635
721;552;542;635
710;538;545;635
673;477;549;634
675;546;558;613
670;547;570;623
666;523;566;633
655;488;558;641
661;493;551;642
658;548;539;634
665;569;576;637
664;558;563;634
666;525;546;639
669;532;553;641
663;466;539;642
661;461;534;642
660;480;546;640
661;467;541;642
661;442;527;644
663;425;520;644
663;434;525;644
664;447;531;644
664;452;533;644
663;444;529;644
662;417;515;646
661;409;514;647
661;409;515;647
662;431;528;646
662;451;535;645
661;456;535;645
662;435;527;646
661;426;522;646
661;438;528;645
662;467;538;644
662;480;544;642
663;482;546;642
663;477;541;643
663;466;540;643
662;471;541;643
661;493;548;641
662;501;554;640
662;501;556;640
662;490;555;641
663;474;552;642
667;487;548;641
673;502;553;641
677;513;556;639
678;515;556;639
680;514;556;640
684;511;556;640
687;517;556;640
691;526;556;639
698;530;556;639
705;534;553;639
712;537;548;640
721;543;540;640
726;545;520;641
727;547;507;640
729;554;522;640
730;555;524;640
724;549;525;639
716;532;520;639
713;516;510;639
713;512;502;639
699;497;510;637
709;520;522;636
712;528;525;636
714;529;524;636
711;528;523;636
708;521;522;636
708;521;524;637
706;524;526;636
707;529;528;636
708;533;529;635
757;623;543;621
756;599;547;641
736;576;532;632
695;552;516;630
694;547;519;629
682;496;502;629
685;507;531;633
683;507;535;635
681;499;526;634
682;508;515;633
684;515;517;633
684;517;525;634
681;513;529;635
676;507;530;635
716;542;521;635
761;571;485;629
762;605;549;629
731;603;565;632
695;591;551;629
687;591;522;627
743;643;541;621
770;670;549;630
763;657;556;630
723;619;547;628
705;589;538;626
678;511;534;635
653;436;532;636
662;460;533;637
662;438;524;642
714;576;536;634
744;597;539;634
714;543;536;640
737;582;566;638
747;594;576;632
741;576;577;636
698;507;561;643
678;471;544;649
673;446;531;642
671;431;523;640
669;415;513;640
659;495;528;630
677;568;564;630
684;589;580;629
700;612;599;640
680;564;553;633
664;490;515;632
665;427;507;633
672;450;531;640
674;467;537;639
675;473;542;641
672;462;530;639
669;455;523;640
670;453;525;641
684;483;532;639
704;515;530;639
710;526;526;639
708;528;523;640
702;522;524;642
698;522;526;642
697;521;530;643
695;518;531;643
693;515;532;643
693;513;532;643
693;510;531;643
693;512;531;643
695;516;531;643
696;518;534;643
696;521;536;643
697;524;537;643
703;531;547;642
757;633;634;669
758;624;619;673
724;586;593;654
700;529;561;640
664;365;477;626
654;365;483;632
667;428;511;635
679;463;532;637
681;483;558;635
756;579;578;661
757;601;620;659
736;586;605;656
695;522;570;647
671;501;552;634
671;451;511;639
668;455;510;635
672;480;525;637
674;510;535;638
674;527;549;639
748;622;573;644
722;622;575;652
707;583;575;650
689;521;549;638
681;516;575;631
709;613;600;630
726;637;556;638
740;661;524;638
753;677;575;647
708;633;556;636
676;607;561;632
662;576;553;637
661;547;541;639
661;491;532;641
659;441;524;643
660;453;523;643
662;458;527;644
664;457;527;644
657;541;535;625
665;536;550;639
670;600;594;624
675;611;597;629
675;597;584;631
670;545;552;636
673;424;530;645
659;449;520;636
664;480;529;638
666;494;536;640
666;498;537;641
667;504;539;640
667;518;540;638
668;529;542;638
669;553;549;638
668;566;550;638
669;569;547;638
675;576;544;639
680;579;551;640
686;595;564;643
685;592;565;644
683;583;562;644
683;580;563;644
682;576;566;645
680;569;567;646
680;558;565;647
680;558;566;647
681;541;567;650
682;540;567;651
682;543;570;652
683;548;572;652
683;559;573;651
689;575;574;652
686;571;575;653
690;580;576;653
693;592;577;652
690;581;568;652
691;577;572;651
697;589;574;648
702;602;575;642
703;604;565;646
705;607;564;639
708;610;562;639
711;599;555;641
708;575;547;644
703;557;545;646
704;549;540;649
703;547;535;650
699;534;535;650
693;533;541;651
694;537;550;654
688;513;545;656
683;489;538;657
683;489;537;657
682;494;538;657
681;501;542;656
682;503;543;656
682;502;540;656
684;507;537;655
687;519;533;654
689;530;522;653
754;606;554;651
763;622;552;649
739;581;539;651
712;551;537;651
685;496;542;653
730;532;567;666
729;557;590;670
709;529;549;662
704;543;541;659
685;550;518;655
744;628;523;647
743;616;531;650
720;564;515;647
667;493;507;648
610;376;477;652
633;359;499;651
641;359;503;654
678;397;505;642
702;483;542;657
689;472;546;657
673;466;543;655
674;497;561;653
650;531;530;637
662;537;544;643
668;569;570;639
677;625;578;613
669;597;554;636
662;507;529;639
622;435;489;626
654;450;519;642
661;484;539;644
664;498;551;645
664;487;539;645
664;483;537;645
669;494;548;646
680;513;560;648
682;528;568;647
682;522;569;647
682;521;569;648
691;537;570;647
697;547;571;645
701;556;574;646
706;563;579;647
704;565;578;645
699;547;563;640
701;551;557;637
707;559;562;641
708;560;562;641
711;562;561;640
720;569;562;641
725;570;556;644
726;571;543;641
726;574;546;641
726;577;547;640
724;578;557;639
718;587;561;636
713;585;555;637
712;568;539;638
711;560;536;639
709;568;552;639
712;585;563;638
721;594;564;638
732;598;556;639
763;627;560;640
779;658;574;647
778;665;559;630
771;657;565;633
765;644;559;634
753;610;547;636
728;555;542;641
705;520;540;641
687;471;542;647
682;454;540;650
683;463;541;650
682;460;539;650
682;467;540;650
682;462;539;650
682;469;539;651
683;471;540;653
682;463;541;652
681;479;541;652
680;488;535;652
688;509;518;650
702;580;559;648
684;519;526;654
634;438;494;646
610;405;506;651
608;387;501;646
637;382;501;658
667;440;552;666
668;403;532;669
637;415;526;652
632;419;517;650
603;343;469;645
611;371;505;653
617;412;527;655
622;442;542;654
624;434;537;655
642;514;584;620
644;568;582;611
644;538;564;625
641;511;561;637
632;447;538;647
617;429;526;652
631;423;547;654
618;426;520;648
620;411;518;650
622;398;515;652
623;398;517;653
635;430;523;652
643;456;525;651
648;467;524;650
653;478;528;649
654;471;522;652
658;480;524;651
659;485;524;651
656;482;524;650
656;488;527;650
660;496;529;650
668;512;525;646
676;528;525;646
680;539;526;645
681;544;530;644
682;545;530;644
683;544;528;645
683;545;530;646
684;545;531;646
684;537;528;646
684;529;525;647
684;526;523;647
684;525;525;647
685;529;526;647
686;533;527;646
687;538;528;646
686;545;536;645
684;544;533;645
684;538;530;647
683;531;529;646
683;533;532;647
680;530;534;647
681;516;525;648
681;506;514;649
682;510;516;649
683;507;517;649
680;490;512;650
674;463;507;652
671;438;502;653
669;423;500;653
668;422;498;653
668;423;498;653
668;428;500;654
670;423;494;655
671;410;478;655
671;424;484;655
671;451;498;653
692;535;526;653
739;641;518;622
734;622;514;635
718;571;507;642
700;507;492;645
688;452;466;648
675;422;480;650
705;597;583;652
698;599;587;641
681;548;566;648
663;528;557;646
653;504;549;646
661;497;544;650
650;417;499;651
652;447;514;652
658;468;520;651
670;487;520;650
676;491;521;651
680;495;522;650
685;518;523;650
701;548;520;648
731;598;537;653
728;592;532;654
707;554;523;653
682;506;514;654
677;497;519;656
678;509;519;657
680;523;519;657
681;531;517;658
679;532;517;658
677;530;506;659
671;522;500;656
642;519;494;644
636;530;499;638
639;538;502;640
639;539;504;645
638;544;521;649
667;563;574;697
686;575;600;730
671;568;567;687
667;563;528;659
659;571;510;646
727;637;547;637
725;643;553;634
719;623;543;645
690;584;535;646
682;570;537;646
657;550;539;651
660;553;537;651
662;558;533;651
670;569;528;648
733;647;570;645
740;649;561;653
722;601;521;650
703;576;491;649
696;548;485;648
690;546;510;654
698;558;579;663
704;500;576;674
691;543;583;674
670;528;554;668
694;613;582;648
682;614;563;636
668;632;562;641
645;608;566;641
645;577;547;650
649;565;543;657
612;504;529;657
611;499;515;657
618;501;506;657
689;587;509;650
729;626;481;648
717;601;500;660
672;534;490;663
672;550;501;662
637;607;550;627
669;607;578;651
658;592;573;656
633;557;556;659
630;553;554;662
636;457;521;663
635;450;497;662
642;463;492;662
644;469;490;660
643;468;493;660
640;479;501;660
640;487;510;661
644;496;513;661
648;510;518;660
644;518;523;659
641;525;526;660
642;528;528;660
647;534;529;660
651;526;517;660
654;527;510;661
657;532;510;661
657;533;517;661
656;534;519;661
655;530;511;661
656;529;509;661
658;533;509;661
659;540;512;661
660;544;518;660
661;552;526;661
662;548;521;661
663;545;514;661
663;547;518;662
665;550;523;661
666;555;524;661
668;555;524;662
669;554;521;662
670;551;515;662
671;554;520;662
672;557;521;662
674;561;526;662
676;568;527;662
679;571;528;662
680;571;526;663
681;571;525;663
681;572;525;663
681;573;526;662
682;575;529;662
682;576;529;662
682;573;528;662
682;573;526;662
683;576;527;662
683;579;531;662
684;579;532;661
685;581;534;661
686;579;532;662
685;576;528;662
685;576;527;662
686;578;529;662
685;579;531;662
685;579;530;662
685;578;529;663
685;576;526;663
685;576;526;662
686;577;528;663
687;578;529;663
687;577;529;663
688;574;526;663
688;574;527;663
689;573;525;663
690;565;519;664
691;561;515;665
690;557;516;665
686;547;513;666
687;546;511;666
688;545;511;666
689;548;510;666
687;548;509;666
687;549;509;666
692;553;508;666
692;553;507;666
690;554;509;666
685;556;513;665
677;550;518;664
677;554;519;664
680;560;513;663
687;565;502;662
707;598;513;658
737;629;493;653
713;597;505;661
690;566;506;662
686;561;516;663
654;506;510;663
635;481;510;663
633;490;511;662
641;506;520;662
641;507;523;662
642;506;520;663
639;505;515;663
640;509;522;663
638;516;524;663
639;519;527;662
660;539;526;661
712;604;545;662
713;611;550;662
685;570;537;656
669;535;531;652
688;560;547;664
688;522;536;673
695;556;572;679
705;563;581;684
704;561;580;681
696;541;561;676
742;598;591;690
742;598;589;686
714;577;580;673
676;548;567;664
646;503;537;660
620;444;496;657
633;481;524;663
637;487;531;665
636;465;518;667
630;434;502;668
665;591;592;636
681;639;620;645
677;627;591;653
657;582;570;660
629;525;537;665
626;492;506;661
618;453;488;666
621;472;500;666
626;483;508;666
630;495;516;666
629;501;520;667
628;497;514;667
627;497;512;667
695;583;548;664
710;617;572;660
695;594;546;665
661;526;513;667
669;591;583;662
679;625;614;660
660;624;591;652
651;609;582;657
629;564;558;662
626;541;532;664
579;429;393;631
621;398;458;665
621;464;503;665
632;492;520;664
634;501;525;663
634;501;526;664
634;493;520;664
635;481;511;664
636;483;513;665
636;482;514;665
650;500;513;664
658;508;513;664
660;510;513;664
660;513;514;664
660;513;515;664
661;510;513;664
662;508;511;665
662;508;512;666
659;509;513;665
653;510;519;665
645;505;520;666
642;486;514;667
638;476;513;667
637;475;514;667
632;481;521;666
639;495;521;666
640;495;521;666
640;491;514;666
640;486;513;667
640;486;513;668
640;491;514;667
640;494;515;666
640;494;515;667
640;490;514;668
640;481;512;668
654;498;511;668
659;512;512;666
665;519;514;665
670;525;512;665
672;524;510;666
672;520;509;667
671;518;510;668
670;518;510;668
670;519;511;667
669;519;511;668
667;519;512;668
666;514;513;668
665;514;514;668
664;511;513;669
662;509;514;668
663;510;513;669
664;509;513;668
664;509;513;669
667;511;513;670
674;516;512;670
683;525;509;670
688;540;507;669
689;559;502;669
691;565;503;669
689;566;505;669
681;557;511;668
663;537;518;668
633;513;520;668
620;500;521;668
624;509;521;668
628;517;519;667
645;527;514;667
698;594;521;647
750;660;492;627
721;629;539;652
679;603;549;654
678;605;552;653
652;564;550;655
645;564;546;649
694;649;619;663
673;634;599;639
641;558;558;658
641;533;536;662
610;443;479;656
620;473;497;655
629;501;521;658
632;506;529;658
633;510;529;658
626;513;540;657
729;622;630;694
728;612;605;696
708;563;555;685
730;591;573;691
740;597;557;687
744;604;559;689
737;617;584;688
692;608;575;673
626;610;565;659
725;651;549;667
719;665;578;660
680;650;571;659
627;592;538;660
602;502;511;662
611;498;519;668
612;507;528;668
612;522;531;668
612;531;532;667
611;528;531;667
629;613;572;648
600;607;545;647
620;629;582;652
623;620;578;655
621;579;549;662
601;477;510;664
606;491;505;663
608;510;517;664
616;526;531;665
617;537;537;665
618;540;539;665
618;538;535;665
618;521;529;665
618;517;528;665
619;521;530;665
619;544;534;665
620;557;537;665
621;557;537;665
634;563;533;665
644;565;532;665
646;569;533;665
648;573;534;665
649;576;535;665
649;580;536;665
651;583;536;665
651;583;533;665
651;583;532;666
651;583;533;665
650;582;536;665
649;585;538;666
649;585;539;666
648;582;538;666
647;580;539;666
646;579;540;666
645;577;541;666
646;579;541;666
649;581;543;665
652;585;543;665
652;586;545;665
653;588;545;665
653;589;546;665
653;589;547;665
653;590;546;665
653;590;546;665
653;590;545;665
653;591;547;665
654;592;551;665
655;592;554;666
658;592;555;666
659;592;553;666
660;594;553;666
662;599;557;667
665;601;558;667
670;603;559;667
674;605;559;667
676;605;558;667
677;604;558;667
678;605;556;667
680;605;553;667
682;606;552;666
683;606;550;665
683;606;551;665
682;605;551;665
682;605;550;666
679;602;552;667
678;596;553;668
675;593;558;669
661;579;560;671
646;541;556;672
657;526;546;671
657;534;548;672
657;539;548;671
657;541;549;671
657;541;548;672
656;541;546;672
656;542;546;672
656;538;543;672
654;536;541;672
678;589;574;675
714;623;566;672
711;621;574;673
691;584;557;674
678;575;541;670
656;550;542;671
649;536;534;670
646;521;530;670
643;521;529;670
639;532;528;669
635;551;528;668
741;646;530;661
736;653;565;668
707;627;548;667
669;585;538;663
635;543;530;665
638;530;530;667
633;526;535;668
634;530;537;668
686;589;536;667
742;628;543;660
745;633;531;661
711;591;534;665
678;612;602;669
645;610;565;636
654;593;564;655
648;592;575;659
634;573;562;664
636;571;558;664
622;470;448;646
613;470;489;662
630;498;519;664
638;522;532;664
640;527;536;665
639;525;536;664
648;541;535;664
671;568;535;661
676;575;536;661
679;582;538;662
684;590;539;663
689;595;539;663
691;594;539;664
686;591;539;664
685;592;541;664
686;593;545;665
686;592;545;665
688;597;545;665
697;612;554;664
700;615;558;664
705;619;565;665
707;621;568;666
705;619;566;666
701;612;562;666
696;603;563;666
689;596;564;667
678;585;565;666
665;575;565;665
659;574;566;665
657;575;566;665
662;579;565;664
679;587;562;663
692;598;554;663
697;603;553;663
698;605;553;664
698;603;550;664
699;602;544;665
698;607;548;665
696;616;553;664
698;621;554;665
702;623;552;666
703;622;549;666
705;623;549;666
711;625;548;665
735;645;544;659
748;653;575;671
749;652;543;663
736;631;533;664
707;603;523;665
703;597;528;667
685;546;524;670
681;543;522;670
679;541;515;669
683;551;516;669
693;579;522;667
767;651;526;661
768;639;530;669
744;565;516;671
707;551;517;672
686;511;504;669
697;535;511;670
706;559;518;671
719;595;522;667
730;627;516;661
751;663;510;647
757;654;526;645
774;663;531;650
779;661;516;651
774;654;480;649
772;663;519;646
757;678;516;624
748;659;527;653
717;628;535;657
686;594;534;656
685;595;540;655
692;596;527;654
706;567;464;650
710;586;504;658
709;592;514;659
705;595;519;657
702;594;521;655
698;591;519;656
696;587;518;657
691;584;521;659
688;586;523;658
686;587;523;658
689;591;528;659
688;589;527;659
687;587;528;660
685;586;533;660
692;598;545;660
702;604;547;661
706;606;551;662
705;604;547;662
702;602;547;662
701;602;547;662
698;600;547;663
696;599;545;663
687;593;547;664
666;585;550;665
649;571;552;666
638;540;548;667
640;536;543;668
641;532;541;668
650;540;534;668
660;552;534;667
668;569;535;667
672;575;536;667
680;584;535;665
698;635;568;665
712;667;571;651
718;672;576;661
716;659;570;659
706;627;538;661
685;577;520;666
651;476;479;666
643;509;520;666
648;554;539;661
693;606;580;656
728;592;569;673
732;597;548;673
719;601;533;670
707;612;538;663
707;629;548;658
740;659;537;658
747;677;522;657
750;663;519;665
733;641;513;661
719;595;465;664
702;560;476;665
681;474;491;671
659;393;495;674
643;461;495;675
660;490;486;675
733;663;558;661
752;697;565;660
740;666;544;661
734;649;576;669
752;674;601;682
723;566;547;674
716;574;534;666
714;568;510;666
739;611;476;652
754;624;469;660
754;612;491;665
727;577;504;668
708;556;502;669
682;500;486;671
658;517;509;637
680;626;583;642
676;598;552;650
675;562;541;659
665;509;505;665
675;456;530;678
655;482;478;661
662;470;466;667
659;471;479;667
658;480;492;667
664;499;499;667
667;514;506;667
664;510;506;667
656;498;507;667
661;503;509;667
673;528;510;665
678;546;513;663
681;554;518;662
681;549;521;663
682;546;523;663
685;550;527;661
689;559;529;659
695;568;530;656
701;569;531;656
705;558;533;655
707;550;536;648
709;551;541;641
715;572;562;637
719;557;562;644
714;527;552;641
717;539;563;643
722;563;572;645
722;565;571;645
720;552;566;643
723;554;567;643
726;557;567;643
728;561;570;646
730;569;572;646
731;574;575;646
729;565;571;643
730;566;571;642
731;572;571;643
734;577;572;643
735;582;574;644
735;579;572;643
733;571;570;644
734;571;570;644
735;576;571;646
735;572;570;647
731;563;570;647
727;556;568;644
724;554;567;643
722;552;567;643
720;534;559;643
716;531;565;641
714;529;568;642
710;532;569;642
713;538;571;641
714;531;567;642
716;523;558;644
719;490;548;646
719;428;526;650
719;449;535;650
714;468;554;647
739;553;605;667
730;430;551;674
715;288;483;674
712;352;512;670
729;584;584;638
705;578;595;648
691;581;595;652
631;555;586;647
619;543;573;637
607;549;575;636
600;505;551;633
601;498;547;631
666;529;530;634
685;536;563;643
681;529;564;640
656;494;553;632
644;472;551;632
639;428;541;643
664;501;577;654
672;492;571;658
646;469;553;643
632;457;552;631
618;378;484;628
628;427;529;633
629;540;585;619
632;572;589;618
635;540;584;628
635;534;580;627
637;522;574;627
635;466;566;635
632;452;550;632
631;445;546;634
631;447;548;635
631;449;553;635
632;447;554;636
633;453;556;636
633;457;557;636
634;457;558;636
634;456;557;636
635;463;557;635
639;479;556;634
647;483;551;634
649;482;552;635
650;486;555;636
651;488;558;635
649;488;560;634
646;483;561;635
639;470;562;636
636;470;563;635
638;473;560;635
637;462;560;635
632;457;559;636
635;464;560;636
639;480;576;634
637;477;573;634
630;471;570;633
627;475;573;631
630;474;566;637
633;467;561;638
635;466;557;639
636;462;553;638
638;457;551;637
639;459;554;633
641;470;556;634
642;474;557;632
642;474;554;633
642;468;549;634
643;469;549;635
643;479;549;635
676;531;567;641
705;591;578;636
678;571;557;607
653;556;558;603
638;539;560;611
687;610;610;626
681;596;599;622
663;558;579;627
638;516;579;633
636;509;580;632
639;506;576;633
642;489;562;633
689;534;552;629
710;565;562;635
715;568;571;637
687;524;561;639
679;473;560;642
654;465;561;637
652;462;553;638
653;484;553;639
689;562;553;632
716;614;560;631
726;621;564;637
693;562;554;632
663;514;563;632
702;485;562;644
684;483;560;647
663;473;561;640
652;395;504;637
637;504;543;618
646;524;567;625
647;609;596;615
651;609;595;617
647;560;582;622
644;502;562;628
627;407;524;623
633;447;552;629
638;465;563;633
639;471;563;633
638;466;560;634
640;464;560;634
638;456;556;634
638;463;556;634
638;470;558;634
641;474;561;634
640;484;561;634
640;489;559;633
640;491;558;634
640;495;558;634
641;503;558;633
661;532;559;630
666;543;563;629
666;539;563;630
664;533;559;633
663;526;552;634
664;523;548;633
655;502;547;633
623;494;555;627
626;482;544;633
627;498;557;637
629;519;568;634
634;521;569;660
681;517;579;718
690;533;561;704
681;518;554;660
671;487;532;627
650;473;511;630
650;497;516;631
653;518;528;629
690;519;565;691
705;558;605;718
697;557;602;709
668;533;563;666
638;525;551;621
650;507;552;628
680;541;588;662
696;562;615;687
690;553;604;684
674;534;576;659
662;492;535;634
664;522;546;631
682;546;583;658
702;575;625;699
705;573;617;709
703;562;607;696
686;538;577;664
672;532;575;645
670;540;577;635
664;519;549;634
661;516;552;637
666;530;558;637
667;536;560;638
669;540;562;638
671;539;560;637
667;534;557;636
666;528;555;635
670;541;559;635
678;562;575;631
680;562;572;631
679;563;574;631
681;578;587;628
681;564;579;631
684;571;584;632
687;579;586;632
688;582;582;632
688;577;568;633
686;563;547;634
684;561;546;635
683;559;545;635
683;568;555;631
682;582;581;625
699;609;608;629
712;614;602;642
708;619;591;646
694;617;578;636
737;655;580;623
741;658;592;630
732;645;589;635
706;609;574;633
684;563;551;638
670;472;490;645
662;588;565;556
684;599;598;618
681;601;599;619
671;577;596;626
671;559;588;634
633;475;464;594
659;441;503;633
665;469;539;638
668;500;553;635
669;523;560;633
666;528;562;630
665;519;559;626
664;517;557;624
668;531;560;622
659;488;543;625
657;493;546;627
655;498;551;629
655;499;553;630
657;506;553;629
659;510;550;629
661;497;538;632
663;483;532;634
663;483;533;634
663;494;536;634
665;503;543;633
667;504;543;634
667;504;543;634
667;504;544;635
666;505;539;634
666;508;547;633
666;510;547;633
667;511;547;633
668;512;547;634
667;511;546;634
667;509;546;634
667;510;547;634
667;513;547;634
669;516;548;634
670;517;548;634
670;518;547;634
670;518;546;634
671;519;547;634
671;520;547;634
672;521;547;634
674;522;547;635
673;519;544;635
672;518;540;636
672;522;542;636
674;530;550;635
675;534;552;635
676;531;551;636
671;523;542;638
672;523;542;637
674;525;544;637
673;529;550;636
673;530;551;637
672;527;551;637
675;530;552;637
680;534;552;636
683;534;553;637
684;530;556;638
685;525;553;639
685;525;555;641
683;516;556;642
676;491;550;645
663;478;552;646
603;463;553;648
576;441;551;650
600;442;532;651
608;416;521;654
608;437;512;655
609;450;520;655
609;471;530;655
610;472;528;655
610;472;528;655
610;477;529;655
610;480;530;656
610;480;529;657
611;477;528;658
611;473;525;658
610;464;512;659
609;459;503;660
608;447;498;660
607;444;496;660
607;445;495;660
606;447;496;661
607;453;501;660
607;454;504;660
609;456;506;659
610;465;515;659
611;475;525;658
611;475;527;656
612;481;534;655
610;485;538;653
611;490;548;649
614;519;549;635
643;553;514;625
652;520;523;646
634;506;525;652
631;498;521;653
628;481;535;650
672;532;522;647
708;553;497;644
713;562;519;645
682;511;537;648
673;491;535;650
648;450;533;650
647;449;531;650
645;457;528;649
713;598;538;618
716;595;573;649
717;602;578;646
695;535;556;645
666;407;515;643
711;446;539;684
697;498;585;676
684;463;562;668
661;444;548;653
658;473;550;647
725;571;556;638
713;575;536;649
693;566;539;639
677;532;533;635
640;460;527;637
642;429;516;639
638;388;518;644
640;410;525;645
695;481;521;626
717;530;532;641
691;541;548;629
682;536;547;626
681;558;590;632
663;525;568;638
656;493;556;643
668;458;544;644
660;456;541;648
656;447;535;647
655;445;528;645
665;473;526;644
671;486;529;645
671;491;531;645
670;493;530;648
664;470;523;650
659;471;531;653
663;489;536;656
674;501;549;659
679;518;551;659
678;516;546;658
677;521;551;659
678;525;553;660
679;529;558;661
681;533;561;662
681;533;563;662
681;533;562;662
683;540;563;663
686;543;563;664
689;544;564;665
689;546;565;667
689;547;565;667
687;546;566;667
682;535;565;666
677;527;562;664
671;521;561;663
666;506;560;660
662;503;559;659
658;499;558;656
665;506;557;656
675;518;549;657
673;514;539;655
667;511;540;655
667;510;541;657
665;507;537;658
665;500;533;659
667;500;527;660
672;510;522;660
703;564;521;654
738;607;550;664
728;612;539;658
703;573;535;660
684;533;519;662
667;494;502;664
644;438;492;664
646;458;502;664
645;461;505;664
637;456;496;664
640;472;507;666
636;473;508;664
637;465;513;663
668;509;505;662
728;581;551;671
732;589;547;670
712;571;539;663
669;531;535;656
706;529;551;676
704;540;590;683
706;538;596;688
699;530;578;684
688;523;564;679
726;541;577;688
735;563;588;687
740;570;593;691
715;554;580;679
660;525;567;663
616;487;531;658
601;438;502;654
616;462;532;663
619;470;537;664
616;449;526;664
616;424;499;665
642;558;560;641
646;547;546;652
648;541;554;658
640;525;552;660
622;488;536;662
616;440;477;661
658;462;524;672
687;536;507;657
679;509;502;662
655;451;475;666
618;522;546;657
655;600;603;654
645;578;584;654
627;524;556;660
605;469;515;663
608;472;511;665
577;337;396;659
600;399;449;662
615;442;495;667
615;446;501;666
618;448;502;664
616;459;506;664
615;462;508;663
619;463;504;663
631;476;503;663
635;477;499;663
638;480;501;663
642;482;501;663
648;494;504;662
653;501;504;662
653;494;502;662
652;491;500;663
653;494;501;662
655;493;502;662
657;494;501;662
658;495;502;661
657;494;502;661
656;496;508;661
656;497;511;661
656;500;514;660
656;500;517;660
656;496;514;660
659;494;506;661
662;497;506;661
663;498;507;660
666;501;514;660
668;504;517;659
669;503;516;660
670;501;509;660
671;502;510;660
671;505;516;660
669;510;522;660
671;515;524;659
673;513;523;660
673;512;523;660
673;513;524;661
674;516;524;660
674;517;525;660
675;519;525;660
676;520;524;660
676;519;524;660
678;521;524;661
679;522;524;661
679;523;523;661
680;522;521;661
680;523;522;661
680;525;524;660
682;528;526;661
682;529;525;661
683;529;526;661
684;531;528;660
684;533;528;661
685;533;527;661
686;534;526;661
687;536;527;661
687;538;531;660
688;538;530;660
689;529;519;661
690;522;502;658
690;518;503;661
690;514;495;660
688;514;496;659
692;529;504;659
690;540;523;659
688;549;535;657
685;561;532;655
686;561;530;657
687;562;528;657
690;561;529;660
693;563;536;658
698;560;533;659
702;562;537;662
704;567;546;666
706;568;547;670
704;565;539;670
702;565;538;668
700;567;543;666
701;569;553;669
704;572;557;673
705;570;558;675
706;563;554;675
704;557;541;670
699;555;536;664
692;556;535;660
687;557;542;658
686;554;543;659
683;555;543;658
683;556;545;656
684;558;547;656
686;557;546;656
687;557;543;657
690;558;544;657
698;561;551;664
702;562;549;667
703;562;543;667
704;562;537;667
705;562;534;665
704;563;533;662
701;560;518;659
698;559;519;657
698;561;522;657
698;562;530;658
697;561;530;658
695;560;529;656
694;559;528;656
694;560;528;656
695;561;529;656
695;562;531;656
696;561;531;656
696;561;531;656
696;559;530;656
698;560;530;656
699;560;529;657
700;563;530;656
700;563;530;657
697;563;530;656
694;561;531;656
693;560;534;657
692;560;535;657
693;561;537;657
693;561;539;656
692;561;542;656
691;560;544;655
689;561;548;654
687;562;560;652
687;562;567;655
690;566;576;663
693;564;574;671
696;553;570;677
688;535;563;666
688;512;551;682
696;518;565;693
699;524;573;697
698;528;571;694
694;524;563;684
685;523;549;669
675;512;523;658
675;513;513;654
681;521;535;661
694;532;557;683
706;571;592;700
706;566;590;698
700;541;559;688
689;530;540;671
683;541;551;666
680;545;556;662
696;568;582;683
705;566;589;700
711;581;601;699
708;577;590;692
693;564;573;671
680;553;555;662
682;563;568;656
694;579;590;670
706;590;602;683
706;594;611;694
708;586;598;690
695;576;584;674
694;581;581;668
687;575;572;662
699;587;591;677
698;593;602;673
709;590;605;696
706;588;598;690
698;583;581;675
692;583;578;667
689;585;580;663
696;591;598;672
703;597;607;684
700;593;599;675
689;578;575;664
683;568;566;661
681;577;580;658
690;593;602;666
703;600;611;685
716;604;617;702
708;597;607;690
697;589;589;677
691;589;589;669
681;592;592;656
683;593;591;655
683;594;593;651
685;595;592;651
685;596;594;651
685;596;594;653
686;596;586;654
687;596;580;654
688;596;585;653
688;599;594;651
688;600;594;651
687;596;583;654
686;588;573;656
688;591;575;655
689;598;582;653
698;600;597;670
712;605;603;686
723;602;595;706
728;599;587;712
719;590;576;697
709;587;567;684
708;590;568;676
696;594;571;652
698;596;578;655
698;595;574;655
698;591;573;656
699;591;572;655
697;598;575;653
695;603;584;650
696;607;591;648
694;603;591;650
695;595;576;652
695;593;574;653
696;595;576;652
696;598;582;650
695;603;592;649
696;609;597;648
696;610;597;648
697;603;590;650
696;601;580;652
696;602;583;651
695;605;591;649
695;610;596;647
696;612;596;648
696;610;594;649
695;607;591;650
695;608;592;649
695;609;593;649
695;608;587;650
696;604;575;653
697;602;573;654
699;598;570;655
700;597;568;655
700;597;570;656
699;598;574;655
700;595;572;654
701;596;571;652
698;604;574;651
686;604;573;650
675;592;562;652
660;564;558;654
655;542;548;654
650;518;540;655
642;517;539;656
641;520;543;656
640;536;546;656
635;533;546;656
627;529;547;656
634;582;597;640
636;586;592;648
641;575;584;656
633;564;583;660
630;567;586;660
656;591;578;649
711;631;538;649
716;646;561;649
685;625;564;649
670;607;560;648
646;538;510;651
649;523;521;658
648;538;533;659
642;553;541;659
669;617;578;643
669;624;591;653
656;608;581;659
642;599;577;658
625;516;509;655
637;530;523;660
641;535;538;662
641;512;532;663
640;511;533;662
634;599;578;640
652;620;592;644
665;625;592;651
660;614;592;656
650;595;578;659
647;577;566;660
633;510;509;658
629;439;491;660
629;465;515;661
630;479;534;661
638;508;543;660
642;515;550;660
642;519;546;660
643;522;546;660
643;524;545;660
644;524;546;661
657;579;549;650
693;639;608;670
693;645;602;653
680;623;576;653
668;587;550;653
664;573;539;654
641;501;501;659
679;585;557;658
702;616;575;652
692;601;578;662
656;547;562;662
642;515;545;662
623;451;508;659
632;481;530;660
636;503;545;661
651;509;554;662
712;547;587;684
712;543;582;683
674;516;557;666
653;504;554;661
639;468;535;660
646;492;548;663
648;483;541;664
645;459;529;666
642;458;523;665
673;549;581;663
697;597;608;684
693;587;606;681
671;536;576;666
676;540;576;667
663;482;538;664
657;469;505;662
652;464;501;662
653;486;504;662
676;532;522;661
695;568;494;660
690;570;533;662
676;556;545;662
658;535;545;663
650;520;531;662
652;516;533;663
651;517;534;663
651;520;537;664
651;523;539;664
652;539;540;663
652;556;542;663
689;591;562;663
703;597;525;659
684;582;536;660
658;552;548;662
657;539;543;663
652;543;544;663
697;573;545;661
730;612;567;661
736;623;576;662
728;616;567;662
687;568;559;661
684;561;559;662
652;526;552;663
654;535;554;664
655;538;554;664
654;539;553;663
654;541;553;664
655;532;553;664
655;525;551;665
674;543;545;664
680;549;539;664
685;559;540;663
686;563;544;663
682;557;543;664
682;556;543;665
683;555;543;665
684;557;543;665
684;562;546;664
683;568;551;663
679;565;551;663
677;564;552;664
673;566;562;664
672;572;563;664
672;567;561;664
669;548;553;665
663;534;552;666
655;531;551;665
646;534;563;664
632;524;566;663
643;509;554;664
644;466;527;667
647;458;524;668
650;500;532;663
685;640;607;643
677;599;566;661
659;548;558;666
641;540;559;665
646;554;578;667
631;593;536;639
622;628;559;647
638;628;571;652
641;595;562;658
655;575;577;663
628;547;551;654
636;535;544;659
637;528;542;660
639;524;544;661
642;524;546;662
642;524;545;662
641;527;546;661
643;532;548;661
644;533;548;661
645;531;547;662
645;531;547;662
645;532;543;662
664;547;544;662
674;556;545;662
677;559;546;663
678;560;546;663
677;561;549;664
676;562;549;663
676;562;550;663
679;576;550;663
683;579;551;663
685;583;549;664
684;580;546;665
682;569;546;665
681;566;547;664
680;566;545;665
681;567;546;665
682;568;544;665
683;569;542;665
684;570;543;665
684;570;543;665
686;571;542;665
689;570;541;666
694;566;540;666
698;560;539;666
702;555;535;666
703;556;531;666
705;559;520;667
701;559;522;667
693;552;529;668
680;545;531;670
657;519;530;670
633;499;531;670
621;495;533;670
643;518;533;669
644;518;533;669
646;520;535;669
648;528;539;668
648;537;542;668
648;539;543;668
647;542;544;667
679;609;570;655
686;625;537;665
691;610;542;666
681;549;534;666
675;550;533;665
658;497;506;666
661;476;506;670
661;477;515;670
662;499;536;668
716;580;599;687
717;551;570;691
680;471;519;676
656;459;485;668
655;383;463;673
657;391;472;674
656;407;483;675
689;527;587;672
714;604;621;689
709;574;597;691
680;496;559;672
673;489;537;672
683;518;525;673
705;565;528;670
698;559;540;671
675;537;538;671
676;546;546;672
658;491;528;669
652;473;515;669
648;488;525;669
649;507;536;668
651;512;540;668
654;511;541;669
654;499;535;669
654;490;530;669
653;500;533;669
653;506;535;668
653;510;538;669
653;514;539;669
654;517;541;669
653;517;540;669
653;515;540;669
653;516;540;669
652;517;540;669
653;518;541;669
653;519;541;670
653;517;538;670
657;519;536;669
656;519;538;669
655;521;540;669
655;523;540;669
658;521;539;669
659;516;535;670
660;501;525;671
661;488;516;671
661;473;503;672
662;464;497;672
678;580;581;661
695;649;626;649
684;615;600;659
670;552;557;666
657;490;511;670
652;487;496;669
651;456;448;667
659;478;478;668
665;513;525;667
668;526;535;668
673;530;535;668
674;532;536;667
673;532;536;667
673;532;538;666
672;528;537;667
674;536;539;667
676;527;534;667
677;523;530;667
676;518;527;668
677;521;529;668
677;535;532;668
680;536;531;668
680;530;522;668
680;531;523;668
679;534;529;668
679;538;530;668
680;539;530;668
681;537;527;668
682;538;530;668
682;537;530;668
682;537;530;668
683;539;532;668
686;542;532;667
688;543;531;668
690;542;525;669
690;538;516;669
691;538;514;669
693;540;510;669
694;542;511;669
694;544;521;669
693;552;530;669
693;555;532;668
689;541;524;669
686;518;513;669
686;515;512;669
686;524;520;669
687;536;528;668
687;549;532;667
691;556;534;667
692;558;535;667
692;555;532;667
691;557;532;668
691;548;526;668
693;528;507;669
693;522;500;669
691;527;504;670
691;516;499;670
691;482;478;671
693;477;475;674
695;509;501;671
730;614;566;660
736;636;608;683
717;618;589;673
705;577;559;668
695;481;460;669
696;496;485;671
696;495;488;671
697;515;506;671
713;648;569;627
702;640;589;654
703;625;580;665
695;618;582;661
685;605;574;658
691;612;584;661
687;568;544;657
683;540;515;659
676;527;516;659
671;535;526;660
667;548;538;659
672;562;546;659
675;565;544;659
676;558;541;660
675;556;540;661
674;558;542;661
674;557;542;661
673;558;543;661
672;557;544;661
669;542;541;662
664;530;538;662
664;537;540;662
662;548;546;662
665;556;547;662
668;553;547;662
668;542;543;663
668;544;541;665
671;559;542;664
709;608;540;659
761;658;562;661
771;663;561;660
740;626;560;660
713;597;550;661
677;540;530;664
676;534;532;664
679;545;534;664
680;559;535;663
682;561;534;663
771;657;507;635
778;660;527;656
733;596;523;660
718;585;522;659
684;550;532;663
675;552;536;663
672;556;538;662
665;547;535;663
656;521;531;663
653;513;531;664
652;513;531;664
656;529;534;663
662;542;536;663
666;539;535;664
667;536;532;664
667;538;533;664
668;543;536;664
668;546;537;663
670;547;537;663
670;545;533;664
670;532;527;665
671;522;519;666
671;521;516;666
673;527;519;667
685;594;569;657
702;664;619;654
702;659;618;655
696;628;595;663
682;579;552;665
677;568;527;662
665;431;430;663
680;498;483;663
687;545;525;662
690;557;535;663
691;565;538;662
690;561;535;662
691;556;532;662
694;558;532;661
695;560;532;661
698;570;535;661
699;579;538;659
702;583;541;658
706;590;545;659
710;588;546;662
711;588;542;662
712;589;542;662
712;591;544;662
711;590;544;663
712;588;543;662
712;588;543;662
713;590;546;662
713;590;547;662
712;587;546;663
714;587;544;664
717;592;546;664
719;595;547;664
717;592;545;663
717;589;543;664
717;586;540;664
719;588;541;664
724;596;547;664
730;597;546;663
730;595;538;662
723;590;526;662
718;588;523;664
720;592;525;664
725;600;528;664
729;610;535;661
735;623;544;660
735;622;543;660
729;612;536;661
722;604;535;663
719;600;537;663
723;605;536;661
733;611;535;658
776;671;533;630
771;667;559;648
755;645;547;650
738;619;543;652
738;611;540;654
723;582;532;653
721;579;530;651
722;585;533;651
737;618;571;657
753;649;556;652
747;645;575;664
718;613;565;665
697;576;546;662
666;501;501;653
677;520;533;660
682;557;548;663
685;559;548;663
734;578;570;688
743;590;575;693
734;569;551;685
718;566;539;669
704;562;531;666
701;556;522;666
701;554;519;668
703;559;514;666
709;575;518;665
746;616;524;659
767;643;531;652
758;628;549;658
743;604;535;662
719;567;535;664
701;530;532;663
694;508;528;666
678;492;532;666
672;510;537;665
672;517;541;665
673;512;538;666
675;503;536;666
676;506;535;666
676;513;538;667
675;520;540;666
675;525;541;666
676;527;539;667
679;529;538;667
681;533;538;667
680;533;537;667
680;528;534;667
680;515;530;668
681;501;519;668
681;505;522;668
681;518;527;668
681;529;532;667
681;531;536;667
681;525;534;668
681;520;534;668
682;524;534;667
682;532;536;667
684;538;539;666
684;542;540;666
684;540;539;667
684;532;537;667
684;532;538;667
684;539;541;666
684;545;541;667
684;539;539;667
683;519;533;668
682;508;523;668
683;505;517;669
684;506;511;669
685;501;503;669
685;483;485;670
685;481;483;670
676;529;472;651
689;619;565;649
699;628;587;657
699;622;586;663
693;590;560;667
698;578;538;664
701;551;487;661
707;522;452;661
715;553;491;661
720;562;513;663
721;565;518;664
721;564;519;664
723;564;518;664
725;568;512;663
728;571;512;663
729;574;512;663
729;576;513;662
729;580;525;662
728;590;529;661
726;591;530;662
724;590;530;662
723;596;536;661
724;597;537;662
727;598;536;662
730;601;537;661
733;603;537;661
730;600;535;661
722;597;538;662
700;575;542;663
676;557;547;664
677;555;549;665
677;554;548;665
675;551;548;665
675;549;547;666
676;547;546;665
675;545;549;665
677;545;555;663
676;538;559;663
677;533;558;664
676;529;558;665
677;526;557;665
677;531;559;665
676;539;561;665
676;531;560;664
676;508;553;665
677;478;538;665
675;477;533;665
680;575;579;667
680;608;595;664
674;586;574;662
660;555;554;657
655;512;554;663
647;491;538;661
677;533;565;670
681;556;587;675
692;552;581;681
691;550;573;679
686;541;569;672
673;519;549;666
652;430;481;664
649;425;489;667
650;450;515;668
651;472;531;667
648;488;548;665
651;501;553;662
652;512;559;656
711;558;569;663
683;575;586;659
656;529;554;663
622;471;514;663
636;467;500;666
641;482;523;665
646;500;532;663
653;509;533;662
664;525;537;662
670;540;539;662
672;551;537;661
671;553;538;662
672;548;538;661
671;544;539;661
673;547;542;661
676;551;543;661
677;555;543;661
677;554;543;661
677;558;543;661
675;557;544;661
674;555;546;662
675;557;543;662
678;560;543;661
678;564;545;660
677;567;544;659
674;568;547;657
671;555;542;659
670;554;546;661
670;547;540;661
671;555;533;661
675;562;534;661
675;549;538;662
674;534;536;664
671;521;535;665
662;503;538;665
652;477;537;666
653;486;537;666
662;513;541;666
664;519;548;665
665;525;551;665
666;525;548;664
673;528;540;664
682;532;524;663
690;532;514;661
696;529;511;661
699;519;518;664
698;509;516;665
695;514;515;666
679;484;519;667
670;495;530;665
661;503;539;665
655;508;541;665
719;500;597;750
720;587;605;733
710;573;585;707
694;538;537;676
660;478;507;659
654;489;521;660
651;486;535;664
645;486;542;665
651;503;544;665
648;498;540;664
646;493;536;664
647;496;536;664
733;571;578;682
743;592;586;667
728;578;561;667
683;521;541;664
656;612;579;649
636;610;575;649
623;602;507;642
636;574;543;655
633;518;556;664
631;508;542;662
628;492;524;662
627;482;520;662
629;491;525;663
632;509;542;663
634;512;544;664
634;514;544;664
636;521;543;664
647;547;552;665
674;576;569;667
689;580;579;674
680;567;566;672
677;564;565;671
680;573;568;673
682;578;572;675
681;576;574;675
682;576;578;676
683;577;580;677
687;577;580;677
687;574;581;677
688;570;582;677
680;556;581;676
676;550;581;676
674;551;583;675
685;570;583;673
690;583;583;673
696;585;579;671
699;588;575;669
703;590;576;667
704;594;575;664
699;591;575;660
691;583;572;656
680;565;562;650
675;568;570;653
677;572;570;663
664;546;572;660
627;517;571;661
611;489;559;662
592;484;553;662
590;493;565;664
595;489;561;664
594;473;553;668
588;468;553;668
591;462;547;670
596;423;509;668
606;412;486;668
611;431;494;669
609;413;482;668
614;434;497;667
617;421;492;668
617;403;481;670
649;495;489;666
698;569;552;668
686;513;506;667
650;417;471;663
634;344;460;673
633;334;448;672
631;326;442;673
630;338;445;675
630;357;451;675
674;507;469;671
695;568;472;666
680;537;481;664
660;460;491;665
657;484;555;671
680;562;604;679
680;538;590;679
663;483;549;674
654;416;500;672
631;280;421;670
641;328;466;668
651;365;496;666
668;441;550;655
673;418;546;658
658;375;527;652
651;267;444;647
652;327;492;650
658;353;517;650
658;376;527;650
665;465;548;645
671;513;563;638
658;499;558;638
645;569;520;617
656;579;571;639
656;542;569;640
661;489;569;650
649;444;534;644
650;414;520;648
651;438;526;648
654;458;548;649
654;463;553;648
655;464;553;650
653;461;548;649
656;469;545;649
669;489;546;650
671;484;546;650
668;479;542;651
665;473;538;651
663;480;543;650
660;488;556;650
658;493;559;648
660;497;560;647
663;502;560;646
666;502;559;648
667;495;556;649
666;493;550;649
667;496;551;649
667;498;552;649
664;492;551;649
653;478;554;650
655;498;562;649
710;631;611;634
695;594;589;647
669;533;550;643
660;527;534;643
671;559;547;640
728;616;532;622
733;629;560;642
721;607;571;648
689;553;563;643
671;493;534;638
670;479;537;642
734;607;597;650
720;604;612;653
669;507;586;652
667;489;581;652
654;457;554;649
689;501;590;661
706;541;607;669
708;512;589;669
697;489;562;665
690;481;563;665
716;577;614;664
711;592;595;653
717;578;588;666
700;569;592;663
691;576;595;660
673;570;586;657
660;515;551;657
663;524;560;660
702;578;578;655
707;583;578;658
712;592;576;656
693;566;580;654
693;558;579;656
676;483;567;657
671;476;556;655
667;480;549;654
670;488;561;655
669;497;563;655
673;505;564;653
672;499;565;652
671;497;566;654
668;502;571;655
668;506;572;655
668;517;575;655
710;579;606;704
717;568;602;734
704;552;591;698
688;525;568;659
679;507;559;660
718;621;596;652
717;611;588;651
696;546;570;653
694;539;561;655
675;460;553;661
676;422;532;660
673;436;530;654
687;608;605;628
676;577;597;631
673;527;568;649
657;494;558;655
642;429;542;657
650;422;525;657
652;434;531;656
655;463;544;652
656;472;549;651
658;470;552;649
660;478;557;649
661;484;560;647
662;490;563;646
677;509;564;645
679;520;568;644
680;526;570;644
680;530;570;643
681;532;571;643
683;532;570;643
685;534;570;643
686;536;571;642
691;546;587;650
700;555;596;657
696;550;588;654
694;541;583;653
697;545;591;655
700;556;597;657
700;556;595;658
700;555;595;658
702;556;596;662
703;556;596;664
704;561;598;664
708;567;600;664
711;571;603;665
710;572;602;664
710;573;604;662
710;573;606;663
711;574;608;666
712;577;608;666
714;580;610;666
714;580;609;665
711;578;606;663
710;578;605;663
710;577;607;663
711;579;607;660
711;580;606;658
711;579;605;658
709;575;599;656
710;574;598;655
712;576;598;650
717;583;597;644
719;585;593;642
719;587;592;633
713;584;590;633
711;584;586;639
705;573;585;642
700;559;581;644
691;532;573;645
679;494;569;646
671;482;569;649
673;466;566;651
680;476;565;652
682;476;566;652
683;483;566;652
684;491;566;652
689;535;568;645
717;637;609;645
718;639;618;640
699;590;591;642
687;531;566;643
676;464;556;648
676;476;562;649
678;483;564;652
678;483;566;654
693;554;564;638
735;627;567;630
737;625;566;639
721;598;564;643
721;533;562;647
671;462;565;650
673;480;560;648
676;492;562;650
671;488;564;649
669;487;566;652
668;498;566;652
666;513;567;655
718;572;564;646
719;594;578;655
708;597;578;653
703;590;576;652
670;537;575;650
671;489;569;653
669;468;566;650
667;495;569;648
696;575;597;654
693;603;584;641
685;589;576;643
668;516;569;646
669;489;575;648
671;475;574;649
671;475;574;648
671;481;573;648
663;478;564;649
663;489;570;659
666;485;569;653
651;483;555;651
660;505;565;657
655;508;561;652
657;513;569;653
661;524;575;657
668;538;579;655
671;548;586;660
670;545;583;658
670;547;585;658
670;554;588;659
667;554;585;660
669;557;584;661
670;560;581;661
669;564;579;662
665;567;578;663
665;571;578;664
686;587;587;666
696;596;584;663
719;598;581;671
708;589;572;673
684;550;554;671
646;548;560;666
638;603;555;657
671;658;620;670
667;670;621;650
661;648;599;655
647;599;570;658
617;521;517;654
632;518;520;659
637;518;533;662
643;540;551;664
647;543;555;666
643;536;551;666
641;523;544;666
648;530;547;671
651;528;547;676
658;543;573;681
664;544;568;678
667;559;564;671
672;569;570;669
682;581;559;667
686;575;550;665
687;572;549;666
686;563;535;668
676;534;524;667
672;523;537;669
673;521;538;668
678;521;531;668
685;526;521;667
734;609;543;667
741;630;521;658
706;577;522;663
694;555;521;663
677;496;519;665
680;504;524;664
682;511;532;665
682;510;531;665
683;506;524;665
684;507;525;666
683;514;531;665
686;532;541;664
690;558;554;661
701;644;563;621
703;640;590;659
690;627;594;665
669;579;581;662
669;550;559;661
653;492;516;656
661;510;547;662
663;505;544;666
668;510;537;666
670;511;521;666
667;520;522;667
694;589;573;671
714;585;563;671
720;602;576;682
706;594;574;678
689;559;564;674
671;511;536;671
652;419;463;668
653;419;481;671
658;455;500;672
657;471;515;671
657;481;531;671
656;496;539;671
655;521;544;669
657;535;546;668
659;537;547;669
659;535;547;669
703;586;564;669
715;625;575;664
702;631;566;663
671;613;561;655
696;642;603;662
698;643;580;653
693;591;569;668
678;504;523;674
676;504;532;675
662;493;534;674
660;491;519;673
657;492;514;672
654;499;503;672
656;504;503;672
703;558;516;673
712;577;522;672
737;614;533;667
740;615;520;671
720;591;521;672
689;538;520;672
666;505;500;668
658;509;510;673
652;509;514;673
657;519;503;675
657;526;501;676
664;569;494;675
768;676;470;666
755;684;550;674
741;670;544;674
699;629;518;669
674;607;492;666
665;575;466;670
658;553;477;672
644;524;487;675
635;509;499;676
617;536;511;668
640;581;558;663
683;660;627;677
665;643;601;662
640;612;587;666
568;535;559;671
580;504;522;672
620;415;536;677
602;463;481;659
613;432;494;663
625;462;515;663
628;479;529;663
632;481;532;664
634;469;528;665
636;463;527;665
640;482;530;664
647;490;533;664
655;500;534;664
660;508;539;664
663;498;534;664
663;502;533;665
666;514;538;664
683;555;566;668
684;562;569;670
680;551;564;671
685;561;570;671
689;574;578;673
692;575;578;674
692;573;578;675
693;572;577;676
694;574;578;676
693;572;578;676
693;571;578;677
693;572;577;677
693;573;577;677
692;575;577;678
691;576;576;677
693;577;576;677
697;579;577;676
694;575;574;675
692;570;573;675
688;546;569;674
694;555;575;673
698;563;574;670
698;565;563;666
699;565;550;667
697;565;553;669
695;565;559;668
692;557;545;669
692;546;540;670
696;558;556;670
700;569;571;671
705;573;569;671
709;575;560;670
711;574;549;669
710;572;549;669
709;569;548;670
706;563;551;671
704;555;550;672
705;554;547;672
706;553;545;672
707;559;549;672
708;567;551;671
708;563;549;670
709;562;543;668
711;560;536;667
780;657;529;637
775;643;524;645
743;599;521;653
718;582;538;659
706;576;546;657
699;567;546;657
698;560;547;656
697;562;549;656
726;590;584;661
741;609;584;678
739;600;575;682
706;545;549;676
691;481;500;656
692;491;515;665
692;508;519;663
692;529;536;662
762;615;595;695
764;642;627;693
752;617;609;688
712;544;553;675
691;494;527;671
674;419;508;670
668;430;512;671
677;468;521;671
686;470;501;671
697;483;479;671
724;596;530;666
738;648;588;672
722;619;538;665
701;541;482;665
695;511;462;667
678;399;450;672
682;408;464;675
684;440;467;674
682;417;460;676
680;377;451;676
679;390;453;677
682;409;457;677
682;436;469;676
682;496;506;671
741;651;619;687
740;627;600;690
711;551;553;684
686;489;498;682
693;462;460;674
688;411;447;680
693;451;462;678
697;486;482;676
751;632;624;705
744;639;621;697
728;603;592;689
709;562;557;666
707;573;559;661
674;492;514;662
657;462;513;665
646;465;532;665
657;489;542;663
661;482;542;661
663;486;544;661
662;486;542;660
662;485;541;661
663;490;541;661
734;575;581;671
741;603;607;672
739;625;621;662
711;613;615;650
665;539;556;646
658;480;529;653
664;483;532;656
665;494;543;659
666;506;550;660
666;507;549;660
665;502;544;659
665;501;543;659
665;503;543;660
666;506;545;662
667;513;549;661
666;513;548;661
666;511;546;661
666;510;545;661
666;511;546;661
667;513;547;661
667;514;547;661
666;513;547;661
666;513;547;661
666;513;547;661
666;515;549;661
666;515;547;662
669;517;547;663
669;519;546;661
668;525;546;661
668;532;548;660
668;538;549;661
669;543;550;661
669;544;550;661
669;544;550;661
668;544;550;661
629;660;569;630
685;665;610;655
683;644;597;653
668;595;578;659
654;513;540;652
660;533;554;658
665;551;570;662
666;561;575;662
665;573;583;660
664;588;595;656
668;590;597;657
669;597;594;657
669;619;590;657
694;643;593;656
651;609;593;663
652;599;599;667
650;598;596;668
655;597;595;669
658;603;598;671
659;607;602;676
659;607;606;677
661;609;606;678
663;612;601;678
666;612;599;679
665;608;592;681
666;606;585;680
668;608;583;677
671;610;576;667
672;603;560;668
669;591;524;670
667;579;520;669
664;564;511;671
663;542;502;672
664;513;469;672
666;540;502;669
663;559;534;662
656;543;534;662
649;536;537;663
651;539;542;664
653;546;545;665
660;556;545;665
663;562;542;664
663;566;542;664
663;567;542;663
664;566;543;664
660;562;544;664
728;673;639;699
728;660;625;698
684;585;571;680
675;570;558;674
644;520;530;655
654;519;522;658
666;536;543;660
675;553;554;661
701;564;553;670
718;589;538;668
729;587;554;682
702;522;516;676
707;542;538;681
696;549;532;672
686;556;526;668
684;556;531;669
709;593;582;675
723;596;568;691
716;566;571;694
696;509;555;680
675;465;540;673
641;314;454;673
653;319;485;676
665;444;525;674
665;467;529;673
657;469;527;672
653;460;521;670
648;440;511;669
648;448;517;670
648;440;511;671
646;431;509;671
648;420;507;672
650;419;506;672
696;501;539;678
696;527;568;679
680;469;543;681
662;451;532;675
657;429;508;674
626;268;395;669
657;520;529;667
655;496;532;670
648;459;510;671
613;363;450;670
624;406;485;674
634;441;512;674
637;414;490;676
640;378;473;678
685;523;583;679
675;476;547;677
664;439;460;671
663;494;541;678
656;497;548;683
650;455;514;674
660;411;532;684
645;339;453;675
640;340;451;675
637;348;456;675
636;381;473;675
723;551;609;698
723;491;560;707
691;349;483;697
675;335;469;689
636;289;415;690
626;241;379;691
624;241;370;690
630;272;378;687
675;487;416;646
664;491;461;673
664;521;487;680
648;525;505;677
623;508;494;676
616;486;451;662
620;484;432;671
685;545;429;665
702;563;459;670
689;554;488;667
675;547;500;666
670;547;500;668
632;489;484;670
609;422;488;671
588;403;486;672
585;419;488;671
588;442;493;671
587;450;496;671
592;469;500;671
589;448;502;671
585;424;497;671
599;445;499;669
624;474;498;668
629;485;498;668
634;490;499;668
635;492;493;667
644;494;494;664
668;530;514;663
679;542;517;663
685;548;520;666
686;551;518;667
688;553;514;664
688;554;513;663
689;558;514;663
684;554;516;664
667;522;510;666
640;496;515;668
633;499;518;668
645;511;516;665
644;507;513;668
644;504;510;670
642;496;507;669
642;502;514;668
641;497;517;666
640;500;520;665
728;611;580;685
714;606;575;664
691;568;561;665
632;505;525;661
617;400;449;660
653;611;545;653
675;662;579;651
658;636;552;657
637;551;502;654
634;529;498;656
621;462;480;665
639;500;511;667
643;515;520;668
641;514;519;667
637;502;501;667
637;488;495;668
638;487;497;668
639;493;501;669
639;500;501;669
640;500;491;669
659;502;472;669
656;484;475;669
656;513;500;668
656;523;505;668
660;537;517;664
660;543;514;665
660;537;499;667
660;535;501;667
659;536;503;667
660;545;513;665
661;552;525;664
662;557;538;663
659;554;538;663
659;547;526;664
661;546;515;665
663;546;509;664
663;544;512;664
661;543;512;665
661;546;514;665
660;545;514;665
659;545;515;665
658;546;518;664
673;576;551;664
691;600;585;682
706;613;588;686
676;546;536;666
655;501;519;664
649;483;525;663
656;467;528;666
652;455;520;665
647;455;504;664
644;456;501;661
682;534;557;663
715;534;544;670
708;584;571;671
680;549;549;671
650;537;549;663
643;511;514;663
633;504;489;663
631;544;495;661
709;622;542;677
708;634;546;672
683;587;524;671
652;482;473;670
645;413;471;673
643;429;479;674
697;557;513;679
732;620;541;679
724;623;514;678
686;591;492;669
701;615;538;674
710;646;598;692
711;615;565;689
693;565;536;682
673;525;508;674
676;520;523;680
664;444;480;680
653;409;454;679
693;580;460;656
705;611;448;668
684;571;446;673
664;504;462;678
681;596;551;657
663;578;495;661
658;543;466;666
655;549;487;668
654;569;490;671
665;533;495;682
635;506;416;669
641;508;420;673
648;519;424;675
655;538;437;675
655;547;452;674
654;546;464;675
651;552;469;674
650;562;472;673
650;568;476;672
647;572;481;672
646;576;485;671
648;576;486;671
650;572;481;672
648;558;475;674
642;531;475;674
590;491;484;673
569;488;490;672
588;487;492;671
618;461;484;672
627;422;474;672
631;432;474;673
632;440;477;674
635;450;482;674
638;457;483;674
639;456;485;674
639;465;488;674
664;512;492;671
672;523;494;671
687;552;514;672
691;568;538;672
691;560;516;673
690;562;505;672
693;561;501;672
697;573;515;670
700;580;521;669
702;580;521;667
702;577;508;668
700;573;501;671
689;576;517;669
679;580;538;667
664;552;533;667
655;506;514;671
660;476;514;673
658;482;512;673
654;482;505;671
655;497;506;670
651;500;507;669
652;481;497;671
653;475;493;671
654;473;493;672
653;505;497;670
687;590;536;670
715;631;535;670
715;637;538;664
691;620;532;656
665;584;529;658
647;566;513;659
690;644;562;641
700;604;524;655
672;491;485;661
661;497;496;665
648;452;500;668
648;400;467;671
638;305;427;676
663;449;481;672
652;466;490;672
652;495;504;671
657;469;488;675
656;425;475;676
636;248;371;674
647;297;403;676
656;347;432;678
657;366;440;677
658;398;458;676
656;411;460;674
656;415;459;674
658;422;463;674
659;424;466;675
660;424;467;675
660;430;468;674
661;436;471;674
661;438;478;674
655;432;481;674
653;454;487;672
655;452;486;671
655;453;484;671
655;476;493;671
655;492;502;671
655;505;513;668
655;522;523;667
656;514;521;667
700;513;558;714
682;505;526;693
680;482;508;682
658;511;518;672
652;507;510;671
652;503;503;671
654;508;504;671
656;518;513;670
656;524;521;669
657;516;511;670
655;528;522;668
695;571;572;669
714;620;612;677
717;595;587;687
716;567;569;689
718;574;573;690
710;584;578;680
688;576;569;667
681;535;545;672
658;493;509;675
656;437;468;679
683;534;532;671
707;610;571;674
702;523;526;680
694;456;470;683
702;465;507;689
712;487;538;698
720;519;552;697
714;526;550;692
700;524;545;683
683;506;530;675
687;571;569;669
681;574;538;672
649;605;472;652
680;587;524;676
678;578;533;675
674;542;514;674
670;539;514;673
666;475;493;673
663;477;498;674
662;482;501;674
662;487;502;674
662;492;504;673
662;496;509;673
663;500;512;672
664;501;512;673
663;501;510;673
664;503;510;673
691;533;525;675
701;550;541;678
702;554;545;679
704;558;544;677
708;563;544;677
708;567;541;674
703;565;537;668
699;550;526;660
703;562;527;662
703;557;529;667
705;565;539;670
704;559;526;669
704;564;523;670
701;562;530;669
701;558;529;671
697;560;544;672
688;540;541;673
681;516;539;675
680;528;541;677
683;529;540;679
680;520;530;676
666;470;483;673
668;453;484;676
663;429;466;677
699;511;512;685
727;574;544;676
723;581;536;670
708;567;525;669
727;587;556;690
707;566;541;693
682;524;531;681
663;459;514;673
657;469;515;675
667;487;539;677
662;475;524;676
655;456;492;676
651;447;483;675
651;458;487;674
668;506;506;671
697;558;539;672
717;594;544;659
711;594;550;664
701;575;544;666
682;537;535;665
662;492;509;664
651;489;501;665
650;489;516;667
697;562;523;649
712;601;519;661
686;560;530;661
671;514;521;664
643;465;516;660
731;573;578;674
708;564;580;663
666;527;564;661
650;516;546;664
644;543;544;658
643;575;551;654
649;589;560;655
657;592;568;660
651;549;548;662
651;549;547;665
643;499;543;669
642;501;535;667
641;496;528;668
642;491;527;669
643;490;529;670
645;491;529;669
646;496;534;670
647;497;534;669
646;492;530;669
647;491;528;670
650;501;529;671
650;504;530;671
651;509;532;671
651;515;533;671
650;515;533;671
650;511;532;671
650;508;531;672
648;512;532;672
651;515;534;672
652;515;535;672
652;513;532;673
653;512;532;673
653;514;533;673
654;515;535;673
655;516;535;673
655;522;538;673
656;533;546;674
662;546;554;674
664;556;557;674
664;551;555;674
663;547;554;675
663;550;556;675
661;552;555;675
659;554;557;675
661;557;557;675
663;557;557;677
665;552;556;678
665;546;555;678
665;552;556;678
665;554;557;677
667;552;556;678
668;547;556;679
669;548;557;680
668;539;555;680
668;524;546;679
667;511;538;680
665;468;527;681
657;419;509;682
648;509;548;673
648;523;556;670
654;528;554;671
654;536;554;670
651;548;560;666
654;570;569;666
667;572;562;667
671;562;549;668
668;539;527;669
671;535;523;670
677;543;520;671
684;557;527;670
699;607;553;656
711;634;557;655
723;646;582;663
722;614;552;666
716;567;501;669
700;509;433;663
707;568;512;659
707;594;546;652
761;651;579;681
758;651;590;683
747;613;557;680
720;577;539;670
688;569;537;663
695;566;507;658
750;663;516;640
752;662;552;662
721;618;546;664
709;591;531;666
707;583;527;666
683;508;514;666
668;490;519;670
657;464;519;672
648;456;518;673
661;467;506;673
676;540;516;668
698;603;539;667
721;661;544;667
722;657;549;649
712;636;552;654
709;609;532;659
696;554;512;660
686;528;491;669
689;541;503;669
691;536;499;670
696;540;495;670
700;547;491;669
701;555;493;670
703;551;479;671
707;548;471;672
722;631;572;657
713;606;552;665
704;579;522;667
701;538;483;671
702;539;477;670
705;548;482;671
705;553;486;671
705;560;494;670
705;562;495;670
705;560;493;670
705;539;485;671
705;522;479;672
704;532;484;672
705;563;499;671
704;561;499;671
704;557;498;671
705;562;498;671
706;565;498;671
708;565;495;671
707;556;494;672
705;547;492;672
705;550;494;672
706;554;498;672
708;554;504;672
707;531;503;671
706;522;492;672
706;511;479;674
708;525;493;674
703;544;503;670
702;543;502;669
700;538;509;670
697;536;510;670
698;543;521;670
732;549;542;707
732;589;558;706
727;594;554;691
722;567;520;679
703;548;510;674
702;547;506;673
704;555;497;673
706;562;497;673
710;575;503;671
710;583;514;671
720;591;526;673
751;617;580;691
752;614;584;692
741;603;574;692
726;580;526;683
741;645;560;672
748;678;592;669
746;673;578;661
726;625;525;663
715;578;475;666
694;436;415;673
698;440;424;674
682;551;512;642
713;605;558;660
710;596;535;658
704;572;526;666
704;568;521;667
684;446;396;665
705;544;487;664
708;559;510;663
704;558;513;662
700;558;515;660
699;551;513;660
699;556;515;660
695;553;517;660
690;539;521;661
687;541;525;661
689;554;540;659
693;569;545;660
693;568;544;660
694;566;544;661
695;574;546;660
707;596;567;658
708;600;569;659
706;596;564;659
706;598;566;659
709;603;571;659
714;609;575;660
718;616;578;662
720;617;580;664
716;611;579;662
706;600;575;662
695;589;579;655
698;596;572;660
704;596;559;664
707;588;552;665
707;591;558;666
707;595;559;666
708;591;549;667
712;593;548;667
720;582;511;668
727;596;525;667
737;611;545;670
739;614;545;671
739;604;537;671
741;605;546;670
738;603;553;671
733;587;558;673
726;545;557;678
713;525;554;679
677;507;547;679
672;514;533;671
676;527;523;671
687;537;496;671
699;551;485;670
709;559;457;669
729;573;465;670
757;603;540;676
743;596;528;665
738;593;527;664
721;586;541;666
716;584;546;670
693;562;547;675
656;515;528;675
613;431;469;672
611;438;506;673
613;446;515;674
668;533;567;686
699;584;599;695
690;561;581;692
647;492;540;681
624;450;507;676
616;342;417;673
652;489;518;673
658;539;546;673
667;530;550;682
658;513;550;681
645;486;538;677
639;463;512;676
644;548;537;667
634;562;511;660
635;555;537;670
633;537;540;670
622;448;494;671
625;479;527;672
631;492;534;673
634;499;535;674
642;505;544;678
639;480;523;677
637;464;518;676
644;490;543;677
647;497;547;678
666;527;542;677
682;555;544;677
687;558;548;680
689;553;546;680
691;552;543;679
690;558;545;676
694;562;548;674
700;566;550;673
704;569;546;671
706;570;542;671
708;573;544;671
709;576;549;673
710;576;545;672
717;579;520;668
716;576;504;667
712;570;506;666
706;565;513;670
696;555;521;671
677;540;542;673
658;502;545;676
648;472;547;679
656;494;544;678
657;497;545;678
658;500;547;678
661;505;553;679
662;507;554;682
663;506;553;682
660;503;551;680
658;489;545;680
656;485;545;679
658;493;548;681
659;504;549;680
662;510;552;681
661;509;551;681
661;510;551;682
658;511;550;680
655;513;551;679
650;511;547;678
679;598;579;675
667;577;557;674
653;522;502;674
653;526;499;673
636;477;496;673
633;473;499;673
684;488;517;687
679;522;553;691
659;474;523;684
659;478;535;686
637;426;483;677
635;407;458;679
634;406;458;678
630;400;462;679
623;374;466;680
626;398;464;679
630;425;468;678
676;506;495;677
725;563;483;673
701;509;472;678
666;419;467;681
657;388;474;681
635;376;465;677
635;374;468;679
635;366;467;680
634;391;470;680
670;470;466;677
696;493;462;679
693;485;495;680
676;493;525;684
645;372;508;684
633;306;463;680
639;372;494;684
641;379;483;686
632;380;467;678
628;336;431;680
627;325;421;680
628;304;418;681
629;320;426;681
626;501;468;669
656;608;563;658
643;581;548;672
624;499;488;672
624;473;479;673
620;414;487;674
621;424;491;674
620;432;490;674
620;436;486;674
621;441;490;675
623;450;498;674
623;452;500;673
625;454;500;673
626;466;500;672
627;493;503;672
627;512;508;671
628;520;514;671
641;532;513;671
648;531;513;671
655;540;512;671
664;556;508;670
667;560;513;670
665;548;503;671
658;536;501;672
657;535;505;671
659;545;509;671
663;547;507;670
662;533;499;672
662;521;495;672
666;527;482;672
670;535;480;672
675;539;488;672
674;531;497;674
666;507;496;675
653;481;477;675
652;473;477;675
651;468;477;676
645;465;479;676
636;445;482;676
633;446;481;676
638;449;478;676
650;452;477;677
651;446;479;677
640;423;482;678
631;424;484;678
639;436;481;677
654;467;468;677
703;558;449;674
753;628;479;673
725;591;510;676
693;564;521;675
707;566;528;679
727;596;588;695
724;573;572;697
695;534;554;684
667;511;537;676
662;503;523;676
662;485;492;673
671;494;484;674
730;619;469;649
748;644;524;658
739;628;520;659
720;607;516;662
702;560;508;664
704;557;489;665
683;479;479;672
663;411;478;676
628;330;478;678
640;387;475;675
642;416;483;676
674;566;561;675
697;629;599;692
694;641;571;665
667;621;530;668
649;619;489;667
726;655;483;670
721;611;501;677
710;564;495;679
682;535;492;678
671;524;474;679
638;432;436;679
646;348;424;681
647;347;432;682
668;516;545;673
665;509;523;670
679;571;582;678
670;560;570;672
659;516;545;675
652;461;492;676
671;390;517;683
653;389;440;674
652;392;437;676
649;435;463;675
651;458;484;674
654;475;496;674
655;482;501;674
666;513;497;673
676;545;501;669
684;569;519;663
694;592;526;657
702;611;540;652
708;618;554;659
709;620;558;667
709;615;558;671
707;613;557;669
705;613;558;667
710;618;564;669
717;622;570;672
724;628;576;672
724;629;572;675
719;624;562;674
715;628;559;671
717;628;567;669
717;635;569;668
714;643;570;661
704;648;574;657
687;634;571;650
683;624;569;646
689;621;570;643
687;612;572;642
682;596;572;644
683;586;567;649
684;590;567;651
689;597;566;650
697;610;561;650
703;613;559;651
703;606;556;653
697;573;554;659
687;519;553;662
680;482;555;666
678;487;558;670
674;480;558;672
671;449;557;675
669;460;554;675
653;409;511;676
649;412;491;677
643;446;480;677
708;561;535;683
733;616;549;680
729;613;543;668
711;624;533;655
721;644;523;662
734;676;583;685
723;642;571;686
692;589;550;676
677;604;546;669
674;621;531;665
683;630;548;664
691;626;495;660
697;636;477;658
694;644;492;658
698;651;506;658
750;695;518;641
746;699;552;648
732;678;542;651
715;661;529;653
705;644;505;650
698;628;522;655
692;614;528;657
681;575;525;665
697;616;576;667
688;611;573;667
676;573;562;671
690;522;523;678
683;499;531;675
673;445;527;675
653;278;457;673
658;422;484;669
671;442;501;673
672;442;508;673
685;581;569;664
684;586;578;668
672;575;559;655
671;535;508;662
674;529;542;668
681;531;554;671
673;482;545;670
667;475;536;670
662;476;533;669
661;464;525;671
661;450;520;672
662;449;521;672
662;464;526;672
668;481;532;672
669;476;531;673
669;468;526;673
668;464;523;673
668;466;523;674
668;471;526;673
667;476;529;673
667;476;531;673
665;476;532;672
664;474;532;672
664;475;531;672
665;474;530;672
665;483;532;673
666;496;535;672
667;505;540;672
668;505;539;672
677;514;530;671
684;516;525;672
686;516;526;671
683;519;530;671
682;528;534;671
685;536;534;671
686;532;532;672
685;530;530;672
687;544;534;672
687;548;540;672
685;537;537;672
688;540;543;673
688;540;545;671
690;545;544;670
693;548;542;670
699;552;539;671
701;556;541;670
702;559;544;670
701;557;540;671
701;552;536;672
702;557;534;672
707;572;540;669
713;594;543;668
722;608;540;666
730;619;534;663
735;623;533;662
736;624;533;661
731;618;536;663
725;613;545;664
720;613;548;664
717;620;551;664
717;633;553;663
718;652;558;658
772;714;560;646
775;707;568;656
760;667;555;652
755;641;532;655
723;580;535;669
688;495;534;668
616;492;535;666
683;599;537;660
683;591;530;663
683;569;537;673
669;541;537;673
653;492;546;675
638;474;540;670
635;478;540;670
631;488;547;671
632;503;555;672
653;577;555;645
696;672;607;651
698;673;600;668
667;601;568;662
642;539;546;653
621;428;495;657
686;556;544;650
687;550;558;660
674;546;569;666
662;538;554;666
633;597;572;657
640;620;572;651
641;610;559;655
644;578;556;661
651;580;560;663
644;527;554;666
645;538;553;666
640;525;545;666
638;508;536;667
648;532;552;669
659;583;571;671
660;605;575;669
669;624;575;666
676;629;572;666
681;632;575;667
686;632;578;668
685;632;583;670
683;631;582;671
682;633;582;669
685;637;581;669
687;639;581;670
689;638;582;671
692;640;583;672
699;643;584;672
702;645;584;672
702;642;584;673
701;640;585;674
704;635;582;676
708;637;581;676
709;639;580;676
712;646;582;675
713;648;585;676
715;646;584;678
716;645;584;678
718;646;584;678
718;647;582;677
717;644;579;677
709;637;576;673
712;638;575;671
711;626;561;669
708;614;545;668
704;638;538;662
706;649;563;662
711;654;575;665
718;659;578;665
721;660;576;665
723;661;569;664
726;657;568;664
727;654;571;666
724;649;577;669
714;653;578;669
712;667;577;667
742;702;596;667
759;719;571;668
752;707;571;666
723;670;564;668
697;619;543;669
692;607;535;669
697;625;517;662
744;689;508;652
769;726;520;648
770;725;492;649
758;714;513;643
734;686;533;657
735;675;514;654
712;662;561;660
709;661;573;660
706;659;562;656
704;651;546;658
734;673;492;661
761;702;505;668
763;703;547;667
755;692;552;667
733;677;549;666
715;665;541;663
694;640;534;663
692;621;540;663
688;605;535;664
683;597;534;665
680;606;535;663
680;615;537;662
683;623;539;662
686;629;546;661
687;632;546;660
689;638;545;662
691;642;539;661
694;650;538;660
695;656;539;658
696;660;548;657
696;661;550;657
695;661;553;658
696;658;548;659
695;653;538;660
696;654;538;660
714;682;577;658
711;684;570;647
708;674;562;653
703;667;556;657
696;662;545;656
693;658;518;652
697;664;527;654
699;666;539;654
699;666;548;656
697;669;556;656
695;668;551;656
693;663;550;657
692;662;550;656
693;663;552;657
693;655;554;658
692;637;552;659
691;628;549;660
693;630;543;660
695;639;544;660
694;642;544;660
694;644;544;660
695;639;530;660
698;635;510;660
701;632;495;660
702;638;500;659
702;645;525;656
702;648;533;656
702;652;543;655
700;657;549;654
729;688;606;707
728;676;580;709
715;665;560;674
698;634;553;649
695;648;518;654
701;639;531;662
705;632;517;664
704;614;496;665
696;607;507;661
710;674;609;661
697;641;585;658
683;571;557;666
668;490;549;670
674;569;569;669
665;529;543;670
662;504;516;671
663;499;512;671
664;510;517;671
664;522;520;672
666;543;539;671
694;624;571;663
697;628;577;665
688;606;562;666
665;552;510;670
663;538;520;672
664;542;529;672
663;576;533;670
682;624;533;666
667;606;527;670
667;453;515;674
667;494;516;674
664;496;514;673
666;507;521;674
666;520;526;674
666;533;527;674
665;540;530;674
719;657;599;676
711;667;597;671
711;653;583;678
702;623;562;678
682;555;529;675
667;523;515;673
668;510;508;674
668;508;505;675
666;519;506;674
665;522;509;674
664;511;514;675
665;516;523;675
668;515;521;676
666;511;511;676
666;517;514;675
666;528;524;674
686;640;547;638
700;656;584;667
694;629;574;668
690;609;562;668
679;539;514;667
668;511;526;672
668;514;525;673
667;523;530;673
666;567;537;672
666;613;539;667
719;662;538;665
739;647;546;673
739;614;552;679
736;602;556;677
730;606;555;675
719;608;547;673
767;664;552;665
748;642;568;680
740;596;561;681
716;599;563;678
688;566;549;676
662;493;516;672
666;511;519;676
669;523;535;677
668;523;535;677
667;519;532;678
667;518;533;678
665;524;537;678
664;529;539;677
666;531;541;678
666;531;540;678
666;530;538;678
666;530;537;679
666;532;538;678
666;535;540;678
667;536;539;678
666;533;539;679
664;529;536;679
663;524;531;679
662;520;529;680
661;511;523;681
660;506;512;681
662;505;508;681
663;493;506;681
663;473;503;681
663;485;507;681
662;499;513;681
662;503;513;681
662;496;509;681
663;499;511;681
663;504;514;679
663;511;519;678
663;517;528;678
663;518;527;678
662;504;516;678
662;486;508;679
662;472;496;680
663;441;475;681
665;412;459;682
688;553;556;671
688;625;596;661
680;643;607;663
677;632;596;668
661;598;581;672
656;589;564;669
663;602;573;670
678;576;554;669
681;599;550;667
692;614;545;663
697;619;548;661
699;621;548;663
710;644;549;663
719;658;563;667
733;675;584;669
744;689;596;665
744;683;583;659
743;675;579;659
740;670;575;659
