-16.081887179486
-50.1598871794858
8.78811282051393
-25.2378871794857
47.9281128205139
-64.2978871794856
-123.761887179486
-67.3878871794858
-68.3778871794857
-28.4898871794857
-25.3658871794857
-15.2958871794857
9.75611282051393
-6.52188717948566
-95.0998871794857
13.9921128205139
-2.19988717948567
-52.1718871794858
5.05811282051394
-28.5038871794858
-44.4118871794857
-58.3878871794857
-42.1738871794858
17.7981128205139
-65.6038871794859
-42.8038871794859
-9.23788717948577
-77.2898871794859
17.8621128205139
-39.3798871794856
13.7521128205149
-12.3738871794854
-7.96788717948556
-30.0598871794859
-5.64988717948586
55.2621128205139
26.0901128205139
7.79411282051393
24.2781128205139
-16.8438871794865
45.8061128205139
44.9121128205129
-4.02188717948697
7.55211282051293
60.5501128205129
-14.2818871794869
33.9241128205129
8.91211282051293
-9.47188717948697
-32.8458871794869
10.4721128205129
-58.105887179487
-9.57588717948697
37.7321128205129
61.9921128205129
-0.0518871794869682
-37.071887179487
39.6001128205129
12.2081128205129
-81.9438871794869
-2.31988717948687
-72.9578871794869
-59.4458871794869
-21.9578871794871
-81.8298871794871
-76.3278871794872
-44.2278871794872
30.7981128205129
-50.7278871794873
51.4601128205129
-20.0198871794874
-7.54588717948737
24.5461128205129
-37.5958871794874
-3.67788717948727
23.6481128205129
81.8661128205129
24.1381128205129
3.01811282051254
-10.6938871794875
-4.95388717948757
-59.7338871794876
-14.0878871794876
15.3301128205119
19.0041128205119
52.9181128205119
-48.1658871794876
10.0521128205129
40.2081128205119
-26.9658871794876
46.9061128205129
-3.86588717948746
57.0781128205129
-92.5938871794875
29.7401128205129
-17.1518871794873
12.1721128205129
2.42211282051284
-76.777887179487
52.4161128205129
15.8561128205129
77.9201128205129
6.96411282051294
3.88011282051293
-41.893887179487
4.60811282051293
21.9481128205129
5.73011282051293
6.78211282051294
-19.8138871794873
1.18411282051274
5.17211282051294
-4.77788717948717
19.1221128205129
3.20811282051304
79.9421128205129
-7.58388717948706
-92.7438871794871
-15.5098871794871
-48.6598871794871
-66.5278871794872
-20.3878871794871
17.5041128205129
40.4341128205129
-48.9018871794872
3.34211282051284
13.9221128205129
4.08211282051293
-76.5298871794872
-93.4478871794873
32.3121128205129
51.8621128205129
110.658112820513
1.78011282051284
-26.1978871794872
11.0121128205129
-5.18188717948716
3.23611282051283
3.43611282051293
-23.3218871794872
64.1881128205129
-51.5978871794871
-2.46988717948706
-114.159887179487
-37.6898871794872
26.4081128205129
-70.8858871794871
-30.8598871794871
-18.2658871794871
-19.2858871794872
32.7381128205129
12.9201128205129
-10.6238871794872
-92.1598871794872
-24.0858871794872
-3.32188717948716
-107.203887179487
48.4361128205129
0.138112820512731
71.2581128205129
-8.47788717948727
30.4741128205129
22.2541128205129
-31.9358871794872
54.8921128205129
43.1241128205129
73.9181128205129
-18.4758871794872
-32.2418871794872
50.7201128205129
17.2041128205129
-103.643887179487
0.506112820513138
-14.9118871794873
27.7921128205129
-4.75388717948746
27.1561128205129
15.7821128205129
-21.1378871794873
-8.36188717948737
-130.031887179488
-121.665887179487
-118.135887179487
-0.595887179487463
10.9081128205129
-4.75388717948746
8.69611282051294
-17.6838871794875
-8.18188717948746
13.2141128205129
9.52011282051294
-36.8838871794875
85.5581128205129
-50.7138871794875
-35.3778871794875
-6.51588717948746
3.83611282051294
-33.5358871794873
10.3221128205129
14.8901128205129
-19.5978871794874
-0.459887179487367
84.9441128205129
-60.6898871794873
-88.5718871794872
-6.97788717948687
26.3461128205129
-37.1618871794869
-67.5218871794869
19.9701128205129
-11.263887179487
39.3681128205129
42.1981128205129
4.25411282051293
-20.083887179487
-18.4078871794869
-68.4458871794869
18.0581128205129
-24.7558871794869
-10.6918871794868
-7.06388717948687
-20.4038871794869
13.6321128205129
58.7081128205129
46.0701128205129
80.7821128205129
62.2321128205129
-21.369887179487
19.5261128205129
-58.421887179487
22.4741128205129
19.0241128205129
18.0281128205129
-17.945887179487
-16.915887179487
71.6041128205129
32.9781128205129
3.04011282051313
26.5961128205129
-0.35988717948706
-29.2418871794869
16.6561128205129
-27.441887179487
-36.8178871794869
2.35211282051314
-31.9458871794868
-0.0698871794868694
13.8661128205129
21.1801128205129
19.6501128205129
-19.8278871794868
-20.8458871794868
-79.8238871794868
-37.4818871794868
24.9141128205129
-74.2338871794867
0.228112820513331
4.19211282051293
85.4821128205129
10.6221128205129
32.0601128205129
0.224112820512531
37.4341128205119
-12.0138871794874
-9.30788717948737
-5.72788717948737
-10.9278871794873
-151.493887179487
-33.757887179487
-80.393887179487
-47.919887179487
-11.195887179487
33.1621128205129
6.11011282051294
42.1421128205129
-25.4438871794871
2.59211282051304
-60.245887179487
50.0441128205129
17.1261128205129
17.5641128205129
50.1961128205129
49.4981128205129
22.1861128205129
22.7421128205129
51.3101128205129
92.7921128205129
121.046112820513
28.4181128205129
70.7121128205129
109.040112820513
74.4941128205129
-17.4178871794871
49.3681128205129
70.6301128205129
19.1961128205129
127.640112820513
87.8461128205129
57.8281128205129
11.6441128205129
42.6681128205129
64.1721128205129
18.2981128205129
14.9181128205129
8.46611282051293
45.1481128205129
76.1261128205129
16.9781128205129
37.6641128205129
-10.6258871794868
101.582112820513
-23.4178871794869
47.2701128205129
87.6601128205129
-44.031887179487
1.85011282051303
45.4481128205129
66.8621128205129
-42.287887179487
92.5961128205129
23.0321128205129
104.476112820513
-18.235887179487
95.7841128205129
75.5661128205129
183.420112820513
-36.8618871794871
-21.9358871794871
-1.10388717948696
8.07611282051293
-59.689887179487
-62.179887179487
-13.6038871794871
12.5921128205129
15.9061128205129
15.9061128205129
-95.4878871794871
-95.1558871794871
-102.173887179487
-92.0938871794872
-64.5078871794871
3.56611282051294
-73.2618871794872
-93.8298871794872
-56.3338871794872
1.15211282051284
3.96611282051293
-15.4618871794871
-36.8118871794871
-21.2298871794869
-47.377887179487
46.5061128205129
-20.1118871794869
-46.3418871794869
15.0581128205129
-0.46588717948697
14.4261128205129
20.8441128205129
18.7481128205129
-101.967887179487
-101.967887179487
90.2601128205129
73.6741128205129
-14.8258871794871
18.4561128205129
-2.63388717948706
37.0421128205129
14.9421128205129
-12.7638871794872
-67.1678871794872
-67.9118871794872
-49.0478871794872
2.49011282051293
6.75011282051294
23.4521128205129
25.0901128205129
-42.0898871794872
-21.4218871794871
20.2401128205129
2.56011282051294
0.716112820512933
-42.5618871794872
11.7341128205129
-15.3678871794873
6.55611282051294
8.99611282051293
-50.6798871794873
-15.1978871794872
77.1741128205129
-32.2678871794872
5.72211282051293
42.4081128205129
-1.76988717948717
-1.72188717948717
-35.6418871794872
-29.4118871794872
43.6841128205129
-21.9398871794872
-37.8298871794872
28.5441128205129
15.6081128205129
-38.3718871794872
-68.3758871794871
-1.78788717948717
-43.7798871794871
-13.0698871794871
-86.9298871794871
-89.4358871794872
-62.0478871794872
22.4321128205129
-25.9238871794873
-100.603887179487
-26.2498871794873
-48.6518871794874
-44.4838871794874
21.7001128205129
-2.06188717948727
-79.0438871794872
4.59011282051293
-26.8098871794872
-65.7858871794873
-15.8598871794873
58.0381128205129
71.6961128205129
45.0961128205129
-39.8158871794872
-107.001887179487
16.8461128205129
-48.3038871794873
-100.147887179487
35.8421128205129
71.9021128205129
63.2301128205129
98.0101128205129
56.8601128205129
72.3841128205129
4.62611282051293
-46.2938871794872
46.8921128205129
26.2621128205129
25.7641128205129
27.0601128205129
53.2401128205129
-38.1998871794871
48.8921128205129
69.9441128205129
-93.9618871794871
-87.623887179487
-89.275887179487
33.1381128205129
-66.651887179487
61.7341128205129
60.8441128205129
33.8061128205129
11.7761128205129
19.6621128205129
-48.4998871794871
-31.7158871794872
53.1481128205129
-5.23188717948706
-116.951887179487
62.8261128205129
40.6521128205129
66.2781128205129
22.3841128205129
-4.53188717948666
-28.2918871794868
10.5781128205129
-74.1658871794868
-30.7678871794868
53.2881128205129
-17.1418871794872
-13.9418871794872
10.4161128205129
11.6441128205129
1.67611282051284
-40.5818871794871
33.9901128205129
-17.1138871794872
-30.0738871794872
13.1581128205129
16.7441128205129
-100.215887179487
83.5541128205129
6.06411282051293
26.3241128205129
-30.2178871794872
16.6221128205129
39.5161128205129
-31.3058871794872
-7.78188717948727
86.6561128205129
-16.7258871794874
45.9321128205129
38.9621128205129
29.6821128205119
-6.48188717948767
109.708112820512
-20.6858871794877
34.0921128205119
-54.6238871794876
-87.6998871794878
41.0081128205119
38.2661128205119
-60.9678871794878
22.3201128205119
-43.3838871794876
-2.03188717948747
33.2361128205129
-39.5118871794875
-94.2778871794875
-2.99588717948747
-51.3118871794875
62.0021128205129
11.2621128205129
48.8921128205129
47.8361128205129
-73.3678871794875
-61.6758871794875
30.5621128205129
54.0661128205129
-141.801887179487
26.0341128205129
-102.075887179487
-40.9658871794873
57.8901128205129
-97.241887179487
-51.413887179487
37.3401128205129
19.6761128205129
-88.7378871794869
-30.955887179487
-1.19388717948686
-64.5878871794869
55.7001128205129
-124.245887179487
-52.5898871794868
-4.83588717948676
-49.4858871794868
-20.8618871794869
-13.6878871794869
36.6601128205129
34.4321128205129
41.4501128205129
18.1441128205129
-32.0758871794868
-56.0218871794869
39.7541128205129
2.13811282051303
64.1141128205129
36.9201128205129
44.9481128205129
-55.815887179487
23.1281128205129
74.0441128205129
80.7861128205129
80.4661128205129
20.0901128205129
37.8421128205129
5.22611282051294
79.3181128205129
13.9701128205129
86.1081128205129
18.2761128205129
-49.699887179487
26.9021128205129
-39.9978871794871
-69.379887179487
-66.139887179487
-72.941887179487
-92.761887179487
-93.077887179487
-58.5958871794872
-41.9578871794871
-44.8738871794871
-64.1338871794871
11.1061128205129
48.6101128205129
-40.6218871794871
89.6961128205129
11.8701128205129
5.56211282051294
55.3841128205129
-67.7738871794871
10.5241128205129
50.7821128205129
80.0901128205129
71.9401128205129
22.8541128205129
1.09811282051284
-106.645887179487
2.42811282051284
41.9581128205129
2.23411282051273
-26.7938871794874
-69.4678871794875
1.83411282051273
50.4761128205129
-43.0478871794872
18.4201128205129
58.3521128205129
5.56011282051294
-11.1278871794874
-44.5758871794875
-18.9518871794875
-37.4158871794876
-49.8738871794876
-17.4838871794876
-16.4638871794877
-62.7818871794877
-11.3958871794877
14.1621128205119
-46.4798871794873
-84.9798871794874
43.1041128205129
-65.6078871794873
-78.0378871794874
3.46811282051293
-70.9378871794874
29.8301128205129
59.7861128205129
6.49211282051293
16.8821128205129
31.0141128205129
54.4861128205129
8.50811282051293
3.05211282051283
83.1361128205129
-50.3478871794872
-19.259887179487
17.1081128205129
10.5481128205129
10.5481128205129
39.4181128205129
40.4501128205129
34.3221128205129
-14.3438871794869
46.2701128205129
-75.2298871794869
46.7081128205129
-25.0838871794869
49.6741128205129
74.4661128205129
57.6581128205129
30.1281128205129
-44.4178871794872
-64.2958871794871
-92.1558871794871
-101.461887179487
40.9041128205129
12.9961128205129
36.9861128205129
38.8881128205129
-38.9918871794868
19.2321128205129
-18.095887179487
30.8961128205129
-14.7038871794873
23.7621128205129
74.7101128205129
20.2241128205129
44.2601128205129
59.6221128205129
36.1001128205129
-74.8698871794874
0.878112820512641
42.6041128205129
27.9521128205129
7.84211282051294
-31.5858871794874
70.9481128205129
-1.11188717948737
18.1601128205129
22.7901128205129
-63.9658871794873
-24.6258871794874
-113.089887179487
42.6521128205129
-14.2478871794878
-26.1358871794878
60.1581128205119
-40.5858871794877
41.3841128205119
14.9541128205119
0.290112820512434
-11.3878871794874
-70.5158871794874
-45.3298871794873
-48.0098871794871
-9.35788717948716
-67.6078871794872
61.8441128205129
142.132112820513
27.6641128205129
-12.6178871794873
-43.0798871794873
21.7801128205129
-54.8058871794871
40.3401128205129
16.1681128205129
55.2961128205129
14.6121128205129
-63.525887179487
47.9241128205129
4.46011282051293
9.44211282051293
-47.051887179487
42.9301128205129
77.3101128205129
-95.187887179487
87.9621128205129
-1.14988717948717
24.3781128205129
66.7521128205129
37.3541128205129
44.0561128205129
-23.947887179487
-55.079887179487
9.03811282051294
27.6161128205129
42.3441128205129
-13.1558871794869
3.94611282051294
-12.6898871794869
7.54011282051293
9.20811282051294
72.5061128205129
59.7501128205129
20.9501128205129
-36.499887179487
31.0101128205129
-3.82388717948686
35.8661128205129
-53.1258871794874
-48.6338871794872
-43.4918871794871
-122.097887179487
13.3361128205129
-45.5098871794871
-64.9298871794871
5.99011282051293
5.99011282051293
-21.639887179487
-100.927887179487
-105.283887179487
-10.4258871794871
-65.8258871794871
37.6641128205129
-9.49988717948706
-96.445887179487
-62.567887179487
15.5161128205129
28.1581128205129
-53.8198871794869
-69.0878871794872
-23.9178871794872
60.9101128205129
-33.8518871794872
20.3201128205129
58.4161128205129
20.8861128205129
-1.55188717948727
-63.3998871794873
63.1061128205129
-22.9098871794873
58.3661128205129
-15.2778871794873
-91.7418871794873
49.9741128205129
35.8701128205129
54.3161128205129
-2.74588717948737
-52.1798871794874
-29.3618871794874
52.4861128205129
76.8541128205129
-10.3878871794874
23.7921128205129
-41.7678871794874
26.8701128205129
67.2141128205129
29.0401128205129
54.8701128205129
65.5701128205129
8.31411282051194
32.3781128205129
-26.0558871794876
50.0281128205119
3.51611282051194
-45.0558871794879
-57.7078871794877
-16.9218871794876
34.2701128205129
-8.49988717948756
-48.1178871794876
1.81211282051234
-18.8478871794878
27.4581128205119
-7.39788717948767
12.8901128205119
65.1901128205119
57.9141128205119
-22.8398871794881
-26.1298871794882
43.1201128205119
