6.0454534835218
56.491453483522
-77.9065465164783
-54.5125465164784
20.199453483522
-14.9285465164786
7.23945348352129
53.631453483521
28.539453483521
24.989453483521
-62.8425465164792
-82.4365465164792
-98.2065465164792
13.495453483521
39.565453483521
19.235453483521
-53.4105465164792
55.171453483521
55.425453483521
73.685453483521
0.507453483520791
32.321453483521
14.985453483521
-97.7405465164792
-47.1745465164791
34.287453483521
56.625453483521
39.739453483521
4.17745348352089
42.879453483521
-128.466546516479
-66.3985465164791
57.681453483521
29.663453483521
28.211453483521
-51.3445465164791
-9.40454651647912
50.635453483521
46.611453483521
-17.362546516479
31.557453483521
-79.2125465164791
-42.8525465164791
-59.1705465164791
-2.68654651647911
-50.2445465164791
9.64945348352099
-12.6545465164791
-63.7325465164792
-22.0985465164792
47.163453483521
-2.27254651647931
52.597453483521
48.341453483521
-0.366546516478806
1.90545348352119
20.649453483521
-60.9585465164788
-92.5125465164788
-98.9005465164788
25.767453483521
-88.8165465164787
33.291453483521
41.565453483521
-49.0525465164787
-42.9905465164787
-26.7645465164786
-29.5405465164785
8.01545348352128
-31.5585465164788
-27.8145465164789
-9.03254651647892
-10.000546516479
36.925453483521
0.709453483521088
42.991453483521
4.25545348352129
71.297453483521
45.775453483521
40.625453483521
95.537453483521
-13.6625465164787
5.88145348352118
58.619453483521
48.703453483521
42.047453483521
-8.80454651647921
67.529453483521
39.975453483521
-42.3605465164792
67.583453483521
28.699453483521
-40.2665465164792
8.48545348352069
-36.7665465164793
-34.9745465164793
-17.1865465164793
4.61145348352069
52.361453483521
-9.84054651647931
-31.2745465164794
73.955453483521
73.955453483521
57.489453483521
109.031453483521
-36.2905465164796
-6.14254651647971
-8.5485465164797
42.69345348352
-16.8305465164797
53.21545348352
10.39545348352
-36.1905465164798
37.37745348352
45.37545348352
-25.8925465164796
14.48745348352
-14.2225465164795
-26.7005465164794
-12.5725465164794
4.30945348352058
35.413453483521
-22.1965465164794
45.277453483521
49.365453483521
41.381453483521
-45.2645465164794
-16.5185465164793
30.933453483521
-62.5085465164793
46.671453483521
64.431453483521
41.565453483521
60.317453483521
-6.61254651647931
17.815453483521
90.061453483521
50.157453483521
5.96945348352099
5.61345348352108
-10.6665465164789
-6.9165465164788
23.631453483521
-11.2625465164789
26.367453483521
102.143453483521
21.469453483521
-69.468546516479
23.203453483521
17.507453483521
64.267453483521
-153.746546516479
-41.7345465164791
-107.558546516479
-108.396546516479
2.565453483521
52.577453483521
20.397453483521
7.58145348352099
-23.728546516479
42.933453483521
57.761453483521
95.323453483521
-32.5945465164791
32.993453483521
-47.2505465164792
142.821453483521
30.887453483521
-117.132546516479
36.043453483521
30.411453483521
127.349453483521
-20.1745465164793
85.335453483521
25.667453483521
40.207453483521
101.307453483521
-33.2045465164789
20.427453483521
-47.8265465164789
36.103453483521
97.563453483521
-55.8965465164788
-0.232546516478806
60.789453483521
51.423453483521
29.869453483521
94.759453483521
33.537453483521
55.051453483521
41.429453483521
63.879453483521
114.831453483522
-85.6825465164785
40.799453483521
-93.9005465164786
56.147453483522
71.917453483522
51.641453483523
9.34545348352299
46.765453483522
60.247453483522
-55.7185465164776
42.509453483522
-46.9965465164776
12.137453483522
60.971453483522
42.163453483522
50.079453483522
54.621453483522
50.359453483522
-35.852546516478
-24.832546516478
-17.348546516478
72.895453483522
31.985453483522
-38.288546516478
80.339453483522
30.373453483522
-18.924546516478
36.803453483522
58.245453483522
1.46745348352229
73.547453483522
55.895453483522
59.391453483522
-85.8725465164781
32.687453483522
-44.6925465164783
66.227453483522
43.801453483521
-81.5285465164785
43.115453483521
-43.0865465164786
58.213453483521
21.203453483521
-126.444546516479
57.729453483521
59.709453483521
-114.182546516479
-33.4345465164786
66.227453483521
63.391453483521
-87.1225465164793
-65.0325465164793
-67.6445465164791
53.405453483521
-40.2065465164792
-24.9245465164789
47.859453483521
142.493453483521
-14.0325465164791
53.021453483521
74.049453483521
78.159453483521
72.727453483521
-29.1265465164791
115.063453483521
-45.254546516479
-17.108546516479
-69.0585465164791
37.861453483521
-10.9825465164791
73.701453483521
0.667453483520887
17.823453483521
39.043453483521
17.821453483521
-105.270546516479
20.951453483521
-37.4105465164792
108.193453483521
-61.3205465164792
-33.4785465164793
43.209453483521
-100.692546516479
62.163453483521
4.17345348352089
-21.252546516479
17.515453483521
82.537453483521
65.227453483521
116.851453483521
54.323453483521
21.297453483521
74.831453483521
-13.2745465164793
52.163453483521
69.797453483521
-48.3885465164793
-28.3445465164794
16.467453483521
-42.8025465164794
-36.9665465164794
-23.0205465164793
42.691453483521
-41.7825465164794
39.871453483521
36.499453483521
-5.7325465164793
-39.8945465164794
4.78145348352069
80.825453483521
38.463453483521
0.969453483520795
9.15545348352099
-120.060546516479
70.339453483521
-33.4765465164795
102.16745348352
-66.6205465164795
38.651453483521
-105.440546516479
11.22945348352
22.983453483521
77.857453483521
-86.258546516479
48.407453483521
-91.3465465164789
95.387453483521
-108.212546516479
53.513453483521
21.139453483521
15.809453483521
128.213453483521
123.125453483521
24.187453483521
13.221453483521
-6.08854651647862
30.783453483521
-35.3925465164786
22.145453483521
58.721453483521
11.503453483521
200.881453483521
86.677453483521
9.071453483521
41.081453483522
53.429453483522
-51.6305465164783
-12.9885465164786
-17.8365465164786
-18.4465465164785
31.521453483522
53.387453483522
-38.3965465164784
-19.7505465164782
45.961453483522
-49.6505465164782
27.061453483521
27.187453483521
-37.0565465164786
80.015453483521
63.613453483521
87.847453483521
-81.2725465164786
0.349453483521387
-24.9325465164786
63.745453483521
-8.51854651647871
61.201453483521
20.703453483521
162.973453483521
212.071453483521
-22.1985465164787
-24.0125465164787
40.437453483521
-82.5525465164787
-78.1945465164787
66.339453483521
100.827453483521
100.827453483521
100.827453483521
100.827453483521
-36.6385465164787
-123.310546516479
-117.396546516479
-51.0365465164786
30.331453483521
-23.4945465164788
-48.430546516479
28.063453483521
-33.8685465164791
18.349453483521
23.731453483521
6.09545348352098
18.043453483521
28.793453483521
-78.9585465164793
77.673453483521
29.389453483521
166.667453483521
-36.1285465164792
38.079453483521
62.139453483521
63.301453483521
102.279453483521
-26.6985465164793
86.175453483521
103.885453483521
18.777453483521
-32.7745465164794
37.469453483521
16.783453483521
-3.80654651647941
-130.66454651648
-39.8065465164796
-26.3345465164795
24.537453483521
45.639453483521
80.841453483521
-76.2285465164793
-1.22254651647921
-10.2725465164791
-65.2145465164791
24.011453483521
9.03345348352099
42.237453483521
51.523453483521
4.72745348352079
-60.3205465164792
-25.0985465164792
32.565453483521
50.005453483521
-121.798546516479
-101.614546516479
-25.3545465164792
50.547453483521
27.719453483521
70.093453483521
-96.4025465164792
-72.0725465164792
57.579453483521
-5.87654651647921
69.117453483521
-8.81454651647941
119.523453483521
-32.9165465164794
27.347453483521
54.773453483521
-0.108546516479507
42.28945348352
82.90145348352
-11.1185465164796
0.895453483520384
76.06945348352
-87.5925465164792
-68.5665465164793
-90.4565465164792
-76.510546516479
-86.4665465164792
0.581453483520491
12.197453483521
-54.9785465164791
35.803453483521
23.457453483521
46.589453483521
-35.8725465164792
30.673453483521
38.565453483521
-43.4225465164792
13.323453483521
51.479453483521
39.113453483521
-14.7345465164792
23.167453483521
-33.8825465164792
2.2314534835208
70.701453483521
27.437453483521
107.649453483521
-20.180546516479
-6.00854651647902
38.677453483521
-37.6725465164792
15.603453483521
2.61145348352109
-38.194546516479
11.935453483521
18.157453483521
4.97345348352049
53.817453483521
53.817453483521
38.223453483521
-11.6345465164793
-32.8185465164793
30.219453483521
4.88545348352069
13.667453483521
33.775453483521
52.101453483521
67.963453483521
15.591453483521
126.177453483521
-62.4545465164792
48.221453483521
-45.1045465164793
88.673453483521
75.975453483521
-4.9645465164791
43.085453483521
40.523453483521
60.833453483521
12.039453483521
12.039453483521
58.061453483521
129.361453483521
52.401453483521
21.799453483521
-105.980546516479
-122.052546516479
-116.676546516479
-70.1525465164791
-112.696546516479
-91.3385465164789
-109.452546516479
-109.452546516479
-91.5825465164789
75.699453483521
-124.276546516479
37.833453483521
-34.2605465164788
98.031453483521
37.883453483521
134.953453483521
47.601453483521
47.749453483521
6.36145348352089
-108.570546516479
-96.288546516479
-48.366546516479
3.25745348352099
-116.320546516479
177.103453483521
-195.894546516479
19.905453483521
3.315453483521
-10.842546516479
173.919453483521
-51.594546516479
120.853453483521
-5.42254651647902
-66.268546516479
-93.290546516479
42.103453483521
25.609453483521
-118.656546516478
-94.9745465164781
-66.4805465164781
77.721453483522
-11.7385465164782
-29.1025465164783
-32.4745465164782
-25.6805465164783
12.135453483522
-14.3025465164784
37.745453483522
70.079453483522
64.319453483522
-43.2665465164784
22.739453483522
12.835453483522
31.027453483522
-20.2565465164784
44.215453483521
27.255453483521
24.795453483521
82.747453483521
-25.1945465164788
20.423453483521
-110.524546516479
-59.2025465164787
-17.9605465164788
30.629453483521
-25.4325465164789
27.385453483521
75.283453483521
85.211453483521
-30.9145465164787
-85.8885465164787
-101.358546516479
45.793453483521
0.485453483521397
-4.1245465164786
-96.2365465164786
-15.9905465164786
-62.6705465164785
66.429453483522
20.785453483522
23.009453483522
10.355453483522
-83.5025465164785
-96.0525465164784
-46.9625465164784
29.273453483522
-67.7085465164783
-66.7645465164783
-56.7465465164783
26.895453483522
29.531453483522
-7.44054651647851
-24.0065465164784
-30.8025465164785
30.133453483522
-11.5185465164784
30.087453483522
43.611453483522
-33.9285465164784
135.139453483522
61.523453483522
0.677453483521589
10.091453483522
-46.1005465164789
57.231453483521
-4.38054651647882
64.395453483521
35.985453483521
-13.6545465164789
63.115453483521
-39.080546516479
40.319453483521
45.285453483521
-112.012546516479
75.345453483521
-15.4005465164789
47.861453483521
69.969453483521
28.103453483521
-204.778546516479
36.065453483521
36.585453483521
102.027453483521
2.19745348352119
64.141453483521
150.293453483521
150.293453483521
150.293453483521
150.293453483521
79.367453483521
81.539453483521
42.341453483521
-18.1925465164786
48.191453483521
-42.6645465164786
4.15745348352149
12.763453483521
41.069453483522
-67.7905465164785
-30.2765465164786
-58.4845465164785
22.169453483521
-73.5185465164787
-54.0645465164785
18.793453483521
-44.6245465164785
-41.7225465164784
33.715453483522
-37.0325465164784
37.019453483522
2.25745348352159
-80.3325465164785
145.797453483521
-142.252546516479
124.785453483521
13.797453483521
-11.2825465164791
40.899453483521
-55.948546516479
22.553453483521
31.243453483521
-45.412546516479
48.821453483521
-34.2165465164794
-65.9305465164794
31.587453483521
-41.5685465164793
-80.5185465164792
58.053453483521
17.193453483521
43.359453483521
-20.380546516479
-7.34454651647901
51.567453483521
51.567453483521
62.621453483521
131.729453483521
46.979453483521
-61.5565465164792
-16.748546516479
33.273453483521
73.045453483521
73.045453483521
67.643453483521
34.709453483521
72.797453483521
181.009453483521
95.713453483521
88.243453483521
24.337453483521
55.625453483521
-6.85254651647891
6.1874534835211
23.933453483521
91.823453483521
42.005453483521
-95.7665465164787
14.961453483521
-111.928546516479
91.969453483521
20.023453483521
14.211453483521
50.235453483521
50.235453483521
60.713453483521
-19.7105465164789
33.637453483521
16.851453483521
24.651453483521
62.291453483521
5.12745348352119
-27.5405465164788
42.669453483521
-17.0085465164787
3.16945348352129
26.011453483521
-19.9045465164787
49.903453483521
23.983453483521
37.513453483521
75.145453483521
55.295453483521
19.191453483521
73.699453483521
33.785453483521
8.63345348352129
-14.5405465164786
67.335453483521
32.103453483521
43.149453483521
-35.0325465164786
30.781453483521
-4.45254651647861
-28.6565465164786
19.485453483521
46.075453483521
-41.7905465164785
67.335453483522
3.35545348352139
-17.7665465164785
-66.5025465164785
12.743453483522
1.92145348352159
100.043453483522
21.325453483522
-101.336546516478
-115.804546516478
80.019453483522
-15.0645465164784
32.229453483522
129.359453483522
59.709453483522
2.65945348352169
-28.8605465164783
41.843453483522
-42.5405465164782
26.083453483522
88.641453483522
-52.766546516479
-80.774546516479
46.735453483521
-48.8305465164791
-10.8245465164791
80.771453483521
53.671453483521
-33.5005465164791
54.315453483521
104.923453483521
-75.4845465164793
19.201453483521
5.33145348352069
14.077453483521
11.415453483521
22.419453483521
10.813453483521
-31.6565465164794
62.047453483521
31.837453483521
44.053453483521
78.697453483521
-44.8085465164794
-2.8785465164794
