-42.7154144215531
-36.813414421553
-11.9454144215529
42.3005855784469
26.952585578447
24.5405855784469
24.5405855784469
7.78058557844705
15.2985855784472
17.9965855784472
11.8205855784471
1.15058557844735
1.15058557844735
7.46058557844745
24.8865855784475
12.9245855784473
27.6045855784472
-5.19141442155325
-39.7394144215532
3.67058557844685
-10.6814144215531
6.86458557844695
-53.819414421553
-23.531414421553
-12.3174144215527
-0.867414421552951
-74.6774144215524
-68.3634144215524
-59.2874144215524
-65.3974144215525
-50.7654144215525
-44.8314144215526
-52.7014144215524
-36.6854144215525
-12.0454144215526
21.8605855784474
0.528585578447448
25.5385855784475
14.8445855784479
-6.34141442155215
-2.96541442155225
-22.3814144215523
-40.6794144215523
-38.4354144215523
-24.7414144215523
-27.9434144215521
-11.7994144215522
4.37858557844785
38.4945855784478
11.2565855784477
42.9625855784478
9.31258557844784
-16.3374144215521
5.95058557844785
11.3165855784478
26.1725855784478
-25.5774144215522
4.33458557844775
-16.1734144215522
-18.1554144215521
52.1065855784478
7.47658557844795
-77.6314144215523
9.17858557844765
-45.2914144215524
-0.493414421552551
21.9625855784474
-16.3114144215526
-14.6274144215526
9.77058557844735
21.2365855784474
32.4225855784473
5.14858557844745
10.5285855784475
11.7805855784475
7.59258557844755
2.59058557844745
9.93058557844726
-47.3414144215527
10.4245855784473
9.83258557844724
7.77858557844725
32.6505855784473
7.60058557844735
-12.1854144215526
-26.8954144215524
-9.03141442155245
18.5525855784476
-16.1534144215525
-35.2774144215526
-86.4914144215526
-60.7614144215527
-1.46341442155255
-14.5714144215527
-34.8454144215525
-5.08941442155245
1.07058557844755
8.54658557844735
29.6225855784474
4.33258557844745
9.44258557844736
11.4005855784474
-14.4034144215529
29.2825855784469
-9.21341442155305
0.536585578446953
7.64858557844705
-5.42341442155305
-15.563414421553
-1.95741442155295
21.552585578447
5.30258557844705
-6.61941442155295
20.0485855784469
27.3905855784469
6.71858557844675
0.90458557844665
-17.1494144215534
7.25658557844665
55.2985855784468
-21.1494144215534
21.3385855784466
19.3225855784467
-7.57941442155335
7.83058557844655
-1.37341442155335
23.2565855784467
-19.3394144215534
53.6245855784467
-58.1514144215533
-22.5294144215531
2.17058557844675
-24.395414421553
-13.0374144215527
-51.2474144215529
-4.58941442155275
-6.18541442155275
-10.857414421553
-6.98541442155295
-4.48341442155295
18.2125855784472
9.14258557844715
-30.373414421553
14.5265855784473
1.02458557844735
8.05658557844725
54.0785855784478
18.9425855784472
-1.47341442155285
33.0585855784471
-16.3374144215529
-18.3374144215528
15.8985855784472
45.4245855784467
6.63858557844715
22.5065855784473
32.2925855784473
-0.103414421552849
1.91858557844715
1.90458557844715
35.6865855784471
0.0685855784469496
-47.901414421553
-4.19141442155295
27.8865855784469
21.5405855784468
-75.7574144215532
-10.0174144215531
8.99858557844696
1.46658557844675
-15.0474144215531
-15.6034144215531
33.3205855784468
11.2465855784471
9.03858557844705
-40.453414421553
-8.93141442155315
-12.2654144215532
21.5245855784469
-26.171414421553
-1.86541442155365
0.156585578446553
24.2845855784463
-11.5074144215537
15.9005855784463
17.9325855784464
25.4225855784464
13.3085855784463
42.2525855784464
7.39058557844635
-24.9914144215537
-12.4514144215536
-26.4714144215537
-7.21941442155355
23.2325855784465
30.7365855784463
13.1245855784464
8.93258557844646
58.6745855784467
-21.7294144215545
-23.5094144215545
-18.3874144215548
-8.77741442155475
-32.3734144215546
-34.5054144215545
-35.6194144215546
-11.2774144215544
-20.4614144215545
3.11058557844545
17.7465855784457
-13.7814144215544
-17.6034144215543
55.9185855784458
-4.46541442155435
-13.8874144215543
-3.57141442155445
-22.0614144215545
5.56458557844545
-10.0294144215544
28.8525855784456
-26.6834144215544
1.31858557844565
-60.3634144215543
5.72258557844575
27.5625855784458
12.2465855784458
2.15658557844615
-19.2794144215539
22.5485855784463
-8.80941442155375
5.76258557844635
38.7785855784464
14.9845855784467
-8.95941442155325
3.42258557844665
18.2225855784467
0.360585578446752
-18.1414144215532
-18.1414144215532
22.7985855784469
21.338585578447
-10.5754144215528
-17.1794144215528
-25.1174144215527
72.6585855784477
5.96258557844735
-38.8994144215526
-36.7994144215527
8.75658557844735
2.33258557844735
10.7645855784473
38.3585855784475
19.2765855784473
-16.7794144215528
30.1385855784473
13.4945855784472
27.8465855784472
17.6825855784471
22.800585578447
-15.2814144215529
20.2425855784472
25.2545855784473
8.67458557844675
13.0745855784469
3.52258557844665
10.4825855784467
53.4625855784468
-3.73141442155445
-17.1634144215545
4.28058557844565
20.6705855784456
5.93858557844565
45.1425855784458
9.73058557844565
8.63058557844565
-20.0434144215544
11.3685855784457
-7.33541442155435
-24.9674144215542
5.72258557844585
13.0145855784459
16.8325855784459
-7.45741442155395
-13.9414144215541
-30.2714144215539
3.61858557844595
-26.3554144215543
7.11658557844585
28.7845855784458
39.2125855784457
-0.741414421554246
-30.3234144215542
-7.20141442155415
9.95058557844595
3.18058557844605
-16.3094144215538
-1.85941442155385
-11.4894144215537
3.94658557844625
29.6305855784463
13.3925855784465
3.74658557844665
10.1885855784468
-18.2334144215532
-1.40341442155325
36.0305855784468
-1.39741442155325
-7.59941442155335
3.94658557844665
-20.1434144215533
-3.51141442155325
-5.03341442155335
-24.5494144215533
9.11058557844665
-27.8214144215533
-22.4054144215534
-17.0454144215534
6.42658557844655
12.0145855784465
-19.8634144215535
-23.6194144215534
21.1165855784467
-25.8694144215531
6.40458557844705
7.09058557844715
19.5785855784471
16.7745855784469
18.2785855784469
35.4705855784469
11.7865855784469
-22.0614144215532
0.986585578446849
36.7405855784469
11.8505855784463
-25.9474144215536
5.82058557844635
12.3265855784463
-7.77941442155365
-66.7654144215537
-1.66741442155355
-25.4034144215535
-34.1574144215537
-0.737414421553751
22.1065855784463
22.1065855784463
15.6225855784463
6.11858557844625
48.7345855784467
-66.1354144215538
20.3105855784459
-15.461414421554
-3.86541442155415
26.3425855784459
16.496585578446
9.48458557844595
8.49858557844615
-1.09941442155385
25.6645855784464
17.0165855784461
28.4485855784463
20.9825855784462
19.7825855784464
-3.22941442155355
4.43058557844655
0.942585578446547
24.1605855784466
-16.7954144215535
3.88658557844665
4.94858557844665
27.5945855784467
6.88858557844675
26.2785855784468
0.534585578446553
35.5205855784466
35.5205855784466
-0.731414421553353
-12.5834144215532
-21.0114144215529
23.172585578447
11.4045855784468
49.9085855784468
4.76858557844645
-10.7034144215538
-25.5874144215538
-26.9374144215537
14.7725855784467
0.480585578447148
-4.49941442155285
-65.4734144215529
16.3345855784471
21.6085855784471
24.142585578447
4.36658557844715
4.09858557844705
1.63058557844715
30.9705855784471
-13.0654144215532
18.590585578447
1.44658557844695
2.48458557844695
27.7545855784471
-34.8054144215523
-4.18341442155225
28.3145855784477
4.68258557844755
-0.993414421552352
37.3705855784477
0.740585578448147
-67.551414421552
46.0905855784478
21.466585578448
-20.0094144215522
6.85458557844775
47.8765855784478
-41.7874144215523
-42.6034144215526
-36.3854144215528
-33.6534144215529
-47.8094144215529
-6.12741442155285
25.1225855784472
7.73658557844715
42.2365855784472
16.8885855784471
15.9465855784471
1.27458557844725
-6.37941442155265
38.0485855784474
5.92258557844735
-39.3394144215525
-12.7614144215526
11.5385855784473
-22.8754144215526
17.2745855784473
-1.43541442155265
40.9505855784473
-0.491414421553749
-11.3314144215539
7.67658557844615
-30.7174144215535
-19.395414421554
-32.8394144215537
-27.9854144215536
-65.6874144215536
1.91258557844645
-24.4574144215537
-39.5674144215537
-43.6434144215538
-26.0794144215538
-35.2014144215538
17.1605855784462
-38.435414421554
-3.87541442155385
12.748585578446
1.14458557844615
-14.3414144215538
-16.3754144215538
36.218585578446
-7.96341442155405
3.70258557844595
-11.167414421554
-7.31741442155415
1.75458557844585
42.9705855784459
19.0305855784457
-40.4074144215541
-6.44941442155385
11.6865855784461
19.0145855784464
-1.65941442155375
26.8685855784462
-2.79741442155415
5.38858557844605
-19.6374144215539
11.3825855784459
-21.3274144215539
27.1545855784461
0.156585578446148
-7.33341442155375
22.3785855784463
-6.39141442155375
13.7525855784463
-17.6194144215537
-15.6834144215536
-41.6394144215537
0.464585578446247
-26.0194144215536
22.5405855784464
-7.38141442155365
-1.53541442155365
6.78058557844645
-37.5014144215536
36.9785855784463
17.6625855784464
-15.8934144215536
-47.7854144215535
-45.6694144215535
29.2585855784465
-0.613414421553351
-24.8014144215534
-24.8014144215534
27.9305855784467
23.4005855784464
-15.8994144215535
-28.4654144215536
-11.7814144215534
4.47458557844675
26.8665855784467
2.76058557844665
30.2645855784465
2.95058557844695
10.352585578447
7.19658557844695
1.95458557844695
1.95458557844695
-23.4274144215531
39.2105855784469
24.5645855784469
11.3485855784471
12.124585578447
1.84258557844695
-14.077414421553
-27.6734144215528
6.78258557844705
-0.731414421552849
26.8525855784473
32.7225855784474
-1.27941442155255
14.9925855784475
11.3945855784477
-7.11741442155225
-5.63341442155235
21.7525855784476
-7.56141442155225
-17.5254144215521
-17.5254144215521
-8.80741442155215
-1.25541442155215
28.862585578448
-8.94941442155185
-2.28141442155185
76.0025855784478
14.4325855784475
-10.3554144215526
-20.9054144215524
-12.8534144215523
-25.2394144215523
8.91258557844775
32.1585855784478
25.8105855784472
-24.313414421553
20.754585578447
-32.8414144215533
5.50458557844685
0.352585578446849
25.4125855784468
23.3985855784469
1.27458557844705
-15.3054144215532
-13.8514144215531
-16.2554144215533
-1.92741442155335
20.3765855784467
-41.7534144215533
-59.3294144215533
-71.8894144215534
-6.61141442155345
-26.2034144215536
63.8545855784468
26.6885855784465
-34.4774144215536
25.8065855784463
2.91058557844625
-0.349414421553647
20.4685855784462
-39.2714144215534
18.6345855784465
20.1585855784465
-17.0214144215537
-5.40141442155345
26.4645855784464
-10.8094144215535
-0.313414421553446
-0.801414421553346
17.7285855784467
22.6125855784468
6.53058557844725
6.23658557844725
-9.43341442155275
20.9945855784472
-46.4214144215528
-42.5274144215531
-42.4034144215533
-11.5334144215528
16.8105855784471
38.050585578447
11.7465855784471
-2.41541442155295
-22.8034144215529
8.93858557844715
-15.7374144215529
16.2085855784471
-29.7294144215528
11.7605855784472
35.9525855784471
-16.059414421553
-48.6774144215529
-65.0774144215528
-11.2714144215529
12.716585578447
26.7885855784469
0.290585578446851
28.1925855784469
43.9345855784469
39.9125855784469
29.1725855784466
11.0845855784467
2.47058557844655
14.4885855784469
48.0385855784467
-56.2574144215534
-19.2214144215531
35.8565855784467
-9.68141442155325
37.4705855784469
26.6445855784467
6.11858557844685
-31.9734144215533
-6.13541442155345
53.6825855784468
-1.46141442155335
-42.5994144215533
-22.7574144215533
13.0645855784466
17.374585578447
-31.1954144215531
-31.1954144215531
-3.95941442155305
11.312585578447
-9.21141442155295
-27.169414421553
-11.7254144215529
5.57658557844705
17.138585578447
-0.437414421553051
13.5485855784469
-0.573414421553153
34.1365855784468
-12.1114144215531
-25.2214144215531
14.6785855784468
-34.309414421553
-48.5694144215529
-14.6614144215529
-71.7254144215533
8.81258557844675
15.6385855784468
9.27658557844685
15.0585855784468
3.86858557844685
26.3525855784467
9.83658557844665
5.51058557844665
-26.2714144215533
10.0105855784466
-26.0554144215534
44.2545855784466
19.5265855784468
23.2845855784471
5.15458557844705
0.998585578447049
12.6825855784466
9.49658557844655
11.3065855784466
-7.71941442155345
-26.4514144215535
11.1905855784467
-7.24141442155345
62.3565855784467
-14.3574144215534
15.7065855784466
-12.8054144215534
6.09458557844665
-1.67341442155345
8.94658557844655
14.4365855784465
18.7885855784466
-48.5514144215536
-42.4714144215536
-49.1074144215537
-9.54541442155375
30.6445855784463
-11.329414421554
10.2165855784461
-9.33541442155375
-13.5694144215538
-17.6574144215535
41.0745855784464
-2.95941442155335
-12.3774144215532
4.96658557844665
14.2825855784464
18.3085855784464
-14.9734144215534
-26.7214144215533
15.7785855784468
-6.28541442155325
-2.94541442155335
5.58458557844665
-8.05741442155355
-7.81741442155355
-13.6034144215534
17.7485855784466
27.5945855784469
-8.15341442155295
-21.797414421553
2.15858557844705
-25.2494144215529
11.114585578447
-2.08541442155285
-13.5914144215528
-30.383414421553
1.56258557844705
5.05258557844705
7.30258557844705
25.2305855784471
-0.521414421553253
-16.4834144215533
-0.495414421553349
-4.13941442155355
-39.9654144215534
11.6565855784465
-13.2754144215532
21.446585578447
13.1225855784466
-2.30141442155305
17.116585578447
21.462585578447
10.302585578447
15.6065855784468
15.5345855784472
60.9485855784467
22.9725855784469
5.22858557844695
6.44858557844695
-24.9714144215531
-35.985414421553
17.4485855784469
-21.357414421553
-24.4054144215531
12.732585578447
23.9405855784469
2.78058557844645
-13.1174144215537
7.20058557844625
3.92458557844615
-5.35941442155365
11.6965855784464
10.4825855784466
5.34658557844665
51.8925855784467
11.8625855784463
-2.96541442155375
29.5165855784464
28.6225855784466
34.7805855784467
-0.12541442155365
-6.00541442155355
7.47458557844645
-30.1734144215534
17.3285855784466
20.2245855784463
27.5045855784463
19.0665855784464
17.2105855784468
-3.98341442155315
3.08058557844685
12.2285855784468
3.95058557844695
12.4665855784471
12.4665855784471
-2.35141442155295
-3.83141442155285
3.79258557844725
22.5185855784474
6.00458557844705
5.03058557844705
3.66058557844705
14.460585578447
3.44258557844715
9.52658557844705
13.4365855784471
7.71458557844715
-18.6434144215527
-39.7514144215528
6.01058557844725
17.9205855784472
4.34058557844735
-5.32941442155285
3.47858557844705
-50.4514144215529
-9.87541442155285
-24.375414421553
19.3045855784471
16.3765855784473
-30.7954144215528
-18.5474144215529
21.2705855784472
6.83658557844715
0.122585578447151
28.8525855784473
20.3985855784471
22.1145855784471
19.562585578447
-20.775414421553
47.4365855784467
13.1185855784472
-4.31541442155275
-13.9534144215528
-15.8174144215527
11.814585578447
12.8845855784471
41.2105855784471
-37.6774144215537
3.16258557844635
11.4425855784463
17.3825855784463
-8.60341442155365
-2.45941442155355
47.9345855784468
17.8385855784462
18.8505855784463
13.8685855784463
5.22458557844625
19.2805855784462
17.5345855784463
27.9465855784463
-8.95941442155385
-13.9134144215538
-13.4014144215539
-5.09741442155385
-22.0754144215537
17.8225855784463
25.8605855784464
-9.27341442155365
-2.57941442155375
27.7085855784465
1.65058557844645
17.8845855784465
-2.29741442155355
-9.92941442155365
11.7305855784463
11.7305855784463
3.28858557844635
-2.73741442155365
-14.3514144215537
-28.7294144215538
-4.16141442155395
14.386585578446
12.566585578446
4.79258557844665
1.06858557844665
2.28858557844655
2.87658557844665
-6.60141442155345
8.36858557844665
11.8525855784467
3.45858557844675
-24.8294144215532
-6.57541442155325
40.7185855784468
-22.6514144215533
3.13858557844655
-17.7094144215535
-0.745414421553647
16.4565855784462
-47.6814144215539
-19.009414421554
-23.255414421554
8.04258557844615
-33.767414421554
-1.21941442155395
10.6705855784458
-7.52741442155405
-31.097414421554
-6.28341442155415
-12.0334144215542
0.290585578445949
-23.8994144215539
15.9205855784461
-29.161414421554
-29.1834144215538
1.21458557844615
45.2505855784457
18.1665855784467
-22.7674144215534
-20.7534144215535
18.5925855784466
9.31858557844655
6.46458557844665
7.44058557844665
-27.7874144215534
9.92258557844665
3.69858557844675
-20.9914144215533
-26.8094144215533
-24.9894144215532
-26.0854144215532
29.504585578447
9.56658557844695
-35.3294144215531
17.2745855784471
17.2745855784471
5.03058557844695
-27.881414421553
17.344585578447
