50.4048130333603
91.7828130333603
109.818813033359
26.2868130333598
48.9548130333603
49.7428130333603
68.8768130333603
35.5088130333603
44.2368130333603
36.6848130333603
50.0288130333603
37.9168130333603
18.4028130333602
8.09481303336047
17.2668130333605
-25.8871869666394
-25.9811869666393
11.4888130333607
22.5008130333606
48.9388130333603
-0.715186966640331
-38.2591869666402
-37.7291869666403
-33.0591869666407
-22.5251869666407
-18.7971869666407
7.57281303335917
-24.8711869666408
-47.8231869666409
-26.3251869666413
-38.2831869666413
-9.64718696664134
-46.7151869666413
7.46281303335877
-10.9691869666411
20.5648130333591
-15.3111869666411
-11.3871869666411
-14.099186966641
-12.5291869666413
4.97881303335866
-11.3011869666413
8.52281303335857
-28.1771869666411
-95.5611869666412
-99.3751869666412
-101.957186966641
-127.313186966641
-48.881186966641
-38.2291869666411
-86.2491869666412
-7.61118696664123
-13.1551869666411
-27.0511869666411
-112.335186966641
-175.573186966641
-94.8951869666409
-89.999186966641
-77.3251869666409
-98.8751869666406
-82.7431869666404
-98.9691869666404
-40.0111869666404
-35.2631869666406
-51.4671869666406
-77.7171869666405
-98.6031869666405
-69.3831869666407
-99.1811869666407
-136.247186966641
-8.63118696664063
-8.63118696664063
-47.4571869666406
-30.2251869666408
-8.59118696664083
15.1948130333592
-60.6931869666408
-48.6471869666408
-30.0511869666409
-22.6231869666408
-24.7191869666407
-15.3431869666407
-36.8631869666404
-38.5471869666405
-25.0531869666404
8.96481303335966
-45.4771869666404
55.4028130333593
-17.1251869666405
-22.2131869666406
-8.84118696664063
9.32881303335947
-7.37318696664063
-43.2751869666406
-4.97918696664063
-19.1211869666406
0.498813033359369
18.7748130333593
58.9148130333593
15.7208130333593
24.2128130333593
58.2948130333593
84.4268130333593
78.3608130333593
2.73681303335937
17.5628130333593
38.3228130333593
12.3328130333594
21.6228130333592
18.4328130333591
13.4168130333591
-6.53918696664093
-15.319186966641
40.8628130333593
8.85681303335917
42.7168130333593
-39.9551869666409
-0.297186966640837
-18.3411869666408
-18.3651869666407
-14.9111869666405
-14.1411869666406
-24.3111869666406
13.6128130333594
-5.60918696664064
-58.2471869666407
-35.1871869666407
-66.1691869666407
-53.4391869666407
-5.69518696664063
-0.789186966640727
-8.32518696664074
-52.5911869666405
-29.8811869666404
-38.0151869666404
-72.3251869666403
-22.5951869666404
9.17881303335956
-27.8991869666405
-60.7311869666406
48.0288130333593
89.0068130333593
36.4468130333593
-37.1131869666407
-29.4831869666407
23.7008130333593
22.8808130333593
-14.8651869666407
21.8548130333593
14.1548130333594
-5.01318696664063
13.7108130333594
28.6528130333593
-2.81118696664063
-25.9751869666406
7.88281303335937
-20.9671869666406
-56.5311869666406
4.28681303335937
55.0148130333593
33.5108130333595
42.1048130333593
5.50081303335936
21.5728130333593
12.3048130333592
43.1408130333593
12.1528130333593
24.9788130333591
66.0788130333593
2.30681303335906
-11.003186966641
-2.35318696664103
1.49881303335887
32.0808130333589
-60.9691869666412
-65.6891869666412
-22.8131869666411
-61.8691869666412
-15.0551869666412
-130.079186966641
-77.7991869666411
-116.171186966641
-73.5271869666411
-58.3471869666413
-75.1331869666412
-89.0871869666412
-30.2071869666412
-26.1671869666411
-12.4211869666412
-33.3371869666412
-60.4391869666413
-31.2571869666411
-46.275186966641
-46.275186966641
-31.8271869666409
-37.3771869666408
-52.6611869666409
-24.4091869666409
-0.64718696664093
5.07481303335906
-20.405186966641
-18.801186966641
-10.8951869666411
-15.6971869666411
22.1088130333589
27.4828130333593
-29.8811869666406
-25.9011869666407
-24.8951869666407
-41.1951869666406
17.2768130333594
29.7128130333593
20.1728130333592
2.21081303335907
0.438813033359068
1.40281303335937
1.40281303335937
-16.6471869666406
6.25681303335936
-25.7831869666406
-15.7411869666407
-6.58318696664063
-20.5371869666405
-11.4031869666405
8.82881303335937
-34.8331869666406
-8.77718696664063
4.53481303335937
8.42681303335937
36.8608130333593
13.2108130333594
-25.9891869666406
7.40681303335917
-26.8471869666408
4.51481303335916
8.67281303335946
10.1028130333595
-17.4571869666406
-39.4111869666407
2.42081303335927
-22.4931869666403
-57.1751869666404
-17.4891869666406
-0.765186966640727
22.0608130333593
37.1328130333593
5.37481303335927
12.8788130333594
14.8788130333595
13.2988130333595
26.0228130333597
8.45481303335957
-7.26318696664043
-35.0951869666405
-29.0311869666405
-24.9051869666406
-29.1931869666407
-43.5571869666407
-76.5571869666406
-16.3471869666406
-8.57718696664073
-5.68318696664073
-70.6651869666407
-22.9691869666406
-48.2611869666406
-19.8471869666406
24.2288130333594
2.22881303335917
-55.6431869666409
-2.27318696664094
-23.2611869666409
-42.1331869666409
14.6988130333592
11.5488130333592
-15.7131869666408
33.8188130333591
21.5308130333592
37.8788130333593
36.6868130333593
21.3968130333594
12.8468130333593
28.6988130333594
-13.1311869666407
40.0588130333593
23.2048130333594
65.0268130333593
16.3808130333595
5.14481303335947
-8.73718696664064
-26.0931869666407
-20.1791869666407
9.37081303335937
63.7908130333593
-1.44518696664063
-14.5311869666405
2.01481303335957
-12.5311869666404
80.3468130333593
5.77081303335957
-47.0051869666404
5.34281303335956
-31.4011869666404
10.1848130333596
10.1848130333596
25.0308130333596
-13.3071869666404
-13.3071869666404
-13.3071869666404
14.3268130333596
64.1948130333593
-52.0171869666405
25.3688130333595
17.7708130333596
13.7288130333596
7.83681303335946
7.66281303335947
4.06081303335937
25.8168130333595
-15.7031869666405
-2.93918696664063
1.98881303335946
13.9168130333594
-39.3251869666405
-23.6451869666405
84.9748130333593
20.2988130333595
-13.4651869666405
43.0508130333593
-38.5331869666405
-15.1851869666405
-29.1451869666405
6.11481303335947
1.09881303335946
-2.89918696664054
53.2068130333593
-3.85318696664093
-20.0071869666409
-18.9011869666408
9.36881303335906
-12.159186966641
-28.4411869666411
-45.973186966641
-48.5951869666411
-80.9591869666411
-61.1591869666412
-54.3151869666411
8.16281303335877
-26.189186966641
-15.029186966641
-27.535186966641
-9.27518696664103
-66.0071869666411
-67.3571869666412
-14.003186966641
-38.1151869666409
-20.933186966641
-1.24718696664103
-21.1991869666409
-33.2691869666408
-7.35318696664083
-20.8311869666412
-13.9411869666412
-36.6491869666412
-3.48318696664123
10.4148130333588
-4.36518696664133
-26.5111869666413
7.25281303335866
-38.0371869666412
0.964813033358766
28.8788130333587
15.1208130333588
48.5028130333583
66.3448130333583
20.2228130333589
26.0748130333589
48.3488130333593
-36.6591869666412
32.7728130333589
39.0488130333593
70.9728130333593
-7.05518696664123
10.8968130333588
-17.755186966641
1.70681303335917
-10.5591869666408
13.2308130333592
-7.37318696664083
6.28281303335916
1.22681303335916
-34.3751869666408
-57.6931869666408
-51.0291869666407
-51.2831869666407
23.0628130333593
-0.613186966640626
58.2268130333593
20.3648130333594
-87.7571869666407
28.8528130333594
18.6208130333593
36.2588130333593
40.9608130333593
25.8148130333594
39.3488130333593
53.8308130333593
4.85881303335937
-25.4891869666406
-26.2451869666405
14.0828130333594
46.8648130333593
64.2928130333593
21.8728130333597
31.1648130333595
3.60081303335947
8.14281303335947
2.56881303335946
55.4448130333593
11.8588130333596
22.7228130333595
16.0628130333595
23.3308130333595
49.3268130333593
-0.269186966640532
-4.02118696664053
-42.8911869666406
-39.0191869666405
22.5068130333595
21.2388130333595
25.9688130333595
-14.6071869666403
-7.39318696664044
8.95081303335957
5.10881303335957
9.19681303335956
55.1208130333593
17.1388130333596
11.6228130333595
1.62081303335957
3.54881303335956
4.07081303335967
33.6708130333596
33.3548130333594
-6.17918696664064
41.4808130333593
19.7328130333594
33.8948130333594
13.1508130333594
6.95481303335927
27.2668130333593
9.07681303335927
13.1988130333593
-6.35518696664073
47.4908130333593
28.1388130333594
-10.6331869666407
8.78881303335926
27.3168130333592
-16.3231869666407
11.6908130333593
2.29481303335926
-7.49718696664083
4.32281303335917
18.0028130333591
-3.25518696664093
-7.76318696664093
28.1088130333592
-33.7291869666406
28.1468130333594
-37.8651869666405
-23.3771869666405
-13.3331869666406
-33.6631869666406
1.57481303335936
-19.1791869666406
-31.9291869666406
-50.7451869666406
1.09681303335937
1.44881303335937
15.5728130333594
-29.5071869666407
-23.3691869666408
17.0048130333592
108.252813033359
-4.74918696664074
-35.7691869666408
-12.7771869666409
-14.5731869666409
13.9888130333591
26.6948130333592
13.9268130333593
16.5808130333594
-37.1691869666411
-41.5591869666412
-43.4711869666412
-68.4471869666412
12.6348130333589
-43.741186966641
5.20681303335887
-2.81118696664093
-19.0391869666408
-3.23518696664083
-2.31718696664073
6.86081303335926
-12.8591869666403
-15.0491869666403
-41.0091869666403
-54.5611869666404
-14.1591869666404
-58.7151869666404
-47.3391869666404
-49.9091869666404
-15.1091869666404
29.2288130333596
-26.8011869666403
-40.9131869666403
-31.0031869666404
-71.8591869666402
-9.74718696664014
-66.8311869666402
-20.5951869666401
-47.6691869666401
2.06481303335967
-33.3151869666406
-55.4631869666406
9.49681303335957
-47.9711869666406
-110.655186966641
-6.02918696664053
-37.3431869666406
-55.5271869666409
-82.465186966641
-13.4231869666408
56.0388130333593
18.9728130333589
7.35881303335887
-54.9351869666411
-26.6011869666411
-19.5431869666411
-30.3071869666411
1.84881303335887
-22.3551869666411
-8.16118696664123
11.5728130333589
-29.5891869666411
-18.8871869666411
-17.0471869666411
33.2128130333588
0.362813033358762
8.30881303335887
0.970813033358866
-8.95118696664113
22.0668130333588
-1.66118696664113
24.1588130333588
-61.8611869666414
-0.239186966641228
15.3148130333588
8.98681303335867
22.8288130333588
12.5888130333587
65.6988130333583
-5.75318696664113
-32.969186966641
-21.779186966641
14.288813033359
-4.15918696664103
24.762813033359
8.49881303335897
40.4208130333593
-22.8871869666411
-34.1131869666411
-17.135186966641
0.366813033358966
25.2408130333591
14.7068130333588
-13.4131869666411
17.290813033359
14.7728130333591
11.7048130333592
-32.5791869666408
19.1108130333591
-6.76918696664073
-8.91718696664064
4.20281303335936
11.9308130333597
-116.93918696664
-117.87718696664
-117.87718696664
-32.4631869666404
34.8388130333593
29.4248130333595
1.85281303335947
-10.1391869666405
17.2968130333595
79.3528130333593
1.42281303335967
-1.58318696664023
2.53681303335966
33.4888130333598
-18.3991869666402
30.0068130333598
15.5748130333597
-26.3871869666404
4.48681303335967
20.4048130333597
63.2028130333593
-1.29718696664053
-18.2231869666405
25.5628130333595
19.3048130333595
2.46481303335946
62.6068130333593
52.5348130333593
3.11481303335937
17.4108130333594
10.4708130333594
11.6528130333594
32.4228130333595
64.6608130333593
7.58281303335937
-13.1731869666407
13.9628130333594
30.1448130333593
19.1348130333593
50.7288130333593
-18.8371869666408
-2.75718696664083
-0.101186966640839
10.0328130333591
4.13081303335896
15.1388130333589
-45.857186966641
-13.323186966641
1.08881303335876
-19.8071869666413
1.54481303335876
-1.89918696664123
-0.039186966641239
69.2488130333583
20.8128130333589
-17.903186966641
0.990813033358961
27.066813033359
-31.251186966641
20.348813033359
-5.53718696664103
25.602813033359
6.95281303335886
-32.887186966641
-22.467186966641
46.5688130333593
67.4388130333593
19.8348130333592
0.0268130333589625
4.77281303335907
-21.5571869666406
-4.53118696664053
20.1648130333596
30.1448130333596
-8.71318696664023
7.04281303335986
-23.5471869666402
-27.8451869666402
-14.0011869666402
-4.15118696664023
60.5028130333593
-68.0431869666402
-87.0151869666401
-71.1951869666402
-4.98518696664024
-21.7371869666402
-11.9791869666403
8.09681303335967
-0.931186966640226
-28.5591869666402
12.4968130333598
-130.54318696664
34.77481303336
18.0508130333599
-2.83918696663994
-5.16918696663983
-0.813186966639933
-15.21918696664
46.8248130333603
20.0108130333601
-70.8791869666399
-39.6771869666398
5.30281303335997
-33.82318696664
-33.47318696664
37.7588130333603
-32.6191869666401
29.4608130333599
6.63081303335937
5.09681303335947
8.85281303335957
9.56281303335956
-42.5391869666405
-7.89318696664044
16.4648130333596
14.2988130333596
7.87081303335947
-16.0791869666405
-1.02118696664043
-70.2771869666406
-66.1691869666406
-79.5071869666408
8.18481303335936
5.61281303335917
20.5168130333591
15.4168130333591
-3.29518696664093
13.9668130333589
20.4048130333592
25.9808130333592
9.69081303335916
9.69081303335916
9.69081303335916
29.7928130333591
-1.95318696664063
1.10881303335937
-31.2871869666405
-3.22718696664053
55.0168130333593
23.5868130333595
6.34281303335946
-17.7831869666406
8.54081303335927
10.7228130333595
2.47081303335936
1.69081303335936
10.8548130333594
15.2608130333594
7.73081303335887
-20.0051869666414
-12.4231869666412
-0.533186966641438
9.54481303335857
-0.117186966641526
30.9648130333585
27.7928130333585
14.2768130333582
45.2168130333583
26.8148130333582
9.53681303335827
-59.7231869666416
-93.3291869666416
-69.0411869666416
-60.6451869666415
-19.9551869666413
-24.0371869666413
-32.5871869666414
-25.7451869666415
-38.6231869666414
-40.4711869666413
-27.4191869666411
-52.247186966641
-53.131186966641
-46.8251869666411
-1.57118696664124
-35.6611869666411
-65.6391869666412
-77.9631869666412
-84.1111869666413
6.04881303335877
-13.0971869666414
-34.0531869666415
-95.5551869666415
-59.5391869666415
-38.8351869666413
-29.1871869666412
-101.493186966641
-90.2251869666413
-96.3231869666413
-99.8651869666413
-79.7651869666413
-74.1171869666412
-56.7631869666412
-55.4811869666412
-38.6151869666412
-34.901186966641
-73.325186966641
-51.3471869666411
-32.2011869666411
-7.33318696664113
-36.9991869666411
-20.991186966641
-20.6431869666412
-8.28918696664133
-11.1411869666412
12.248813033359
0.776813033358962
-20.3891869666411
5.84681303335887
8.26681303335887
-14.167186966641
-2.49518696664114
-9.75318696664113
-17.9511869666411
50.9588130333593
3.88881303335897
-29.2411869666413
-17.6211869666413
-38.8111869666412
14.7588130333587
49.0728130333583
-12.6171869666414
-13.8731869666414
-40.0171869666413
-37.1751869666413
-64.0291869666412
-15.385186966641
62.3948130333593
-3.46518696664103
-5.86118696664104
-3.94918696664114
-12.241186966641
16.660813033359
81.9568130333593
-5.83118696664103
1.86081303335916
2.69481303335917
15.3248130333593
-10.4051869666408
-39.9311869666407
-39.9311869666407
1.04681303335917
9.54081303335897
9.13081303335886
19.0468130333589
-108.497186966641
-108.497186966641
-108.497186966641
-108.497186966641
-123.261186966641
-123.261186966641
-123.261186966641
43.9868130333593
-51.0431869666414
20.3588130333585
-6.41518696664154
-36.2891869666416
-22.1071869666417
18.9008130333585
17.8288130333584
30.9288130333585
27.8868130333584
-37.8311869666415
-3.21518696664153
45.7948130333583
-46.4431869666415
-35.0971869666415
-40.4511869666414
-28.2791869666414
-2.09118696664123
-13.0071869666411
-15.4671869666411
15.2708130333588
-14.5191869666411
-23.6391869666411
36.7388130333593
-14.1671869666411
43.4548130333593
-9.52918696664123
4.84881303335877
-5.72718696664133
2.05281303335877
10.2548130333587
-50.0471869666412
-26.3111869666411
16.7488130333589
51.5988130333593
26.7008130333591
15.9268130333591
41.8348130333593
35.2468130333593
-58.7471869666408
-36.0491869666408
8.07281303335927
7.42481303335917
-25.6731869666407
-15.6851869666407
47.0668130333593
7.14481303335967
-37.3151869666403
22.5448130333598
-19.7271869666402
-16.9231869666401
-11.6191869666402
-3.84518696664043
-35.4851869666404
0.118813033359373
23.5028130333597
41.3808130333593
-15.3251869666404
-4.78918696664054
-32.0071869666405
6.83681303335946
5.53881303335946
0.0548130333594656
-26.8551869666404
12.5828130333597
-28.1791869666403
-16.4191869666403
-17.6311869666403
-77.1851869666403
