43.7269913194427
65.3189913194427
108.420991319443
-17.0830086805572
96.6069913194427
-11.693008680556
12.3069913194442
-20.323008680556
-36.4010086805557
25.8729913194444
48.9549913194447
19.4109913194443
9.47499131944512
-10.3190086805547
36.7969913194457
-45.1350086805551
18.4729913194449
-89.8270086805552
15.1769913194448
-4.52900868055518
1.16699131944483
28.6389913194448
19.9789913194449
-16.6810086805551
4.16899131944493
51.3889913194447
68.1849913194447
7.37499131944493
4.62099131944512
-12.991008680555
-44.8510086805551
-89.0490086805551
-25.5870086805551
2.62699131944483
-24.6710086805552
31.6489913194447
14.9609913194449
-52.1190086805552
84.0509913194447
-8.82500868055497
10.2829913194449
4.56499131944493
-22.5330086805552
-7.57700868055527
7.26499131944473
28.4909913194446
11.8589913194445
-14.4110086805555
14.3509913194445
-14.1830086805555
5.53299131944462
3.04299131944452
-27.4490086805554
-33.4850086805554
-10.0690086805554
7.19099131944462
24.6369913194446
34.5809913194447
-38.0910086805555
-12.6950086805554
28.1769913194446
1.50299131944473
51.7049913194447
9.82699131944473
-17.5550086805552
12.1649913194448
12.1649913194448
-18.0590086805553
49.1009913194447
26.120991319445
16.8609913194449
41.3109913194447
55.8309913194447
75.1829913194447
-33.9090086805552
-10.0470086805552
-42.7870086805551
-73.869008680555
-55.7870086805549
-40.665008680555
-55.2190086805549
-41.055008680555
-7.48100868055487
7.45499131944503
43.2769913194447
-29.613008680555
46.9149913194447
-28.5190086805552
-45.7790086805552
-53.9710086805552
13.0389913194448
-35.7670086805552
21.4269913194447
29.6709913194447
-38.4810086805555
-18.7290086805557
-4.89300868055578
-24.0250086805557
13.1249913194445
36.6609913194447
35.1089913194447
54.3389913194447
20.7489913194444
-46.8130086805555
40.3929913194447
1.70299131944452
10.2589913194444
8.81299131944442
19.4549913194444
-58.6450086805556
38.0589913194447
11.1409913194444
-13.2590086805555
-3.71100868055538
37.1969913194447
23.5409913194446
15.3029913194446
-23.8790086805553
-27.8050086805553
41.5949913194447
43.9969913194447
-25.8910086805552
-51.4450086805553
-21.3750086805553
-97.0350086805551
1.64099131944482
-17.0770086805552
-77.9970086805554
-70.3010086805555
-52.6790086805557
-4.79500868055567
18.0209913194443
-26.7130086805557
128.790991319445
9.31099131944443
-46.0230086805556
-53.9350086805556
0.212991319444427
-21.0450086805556
13.0629913194444
-17.8050086805556
82.9429913194447
7.21899131944443
-34.9790086805556
48.2369913194447
-1.99700868055568
18.9309913194443
45.3869913194447
24.0229913194443
-57.0970086805557
114.950991319445
35.2489913194437
-41.2330086805556
50.2209913194447
25.3269913194446
-21.5810086805554
23.1149913194445
-32.2610086805555
41.4069913194447
44.7509913194447
-69.8610086805553
-44.7250086805553
-33.5530086805555
22.5609913194446
97.7089913194447
34.4049913194447
46.2589913194447
22.6749913194443
31.4289913194447
-5.03500868055578
-33.0530086805557
72.0709913194447
45.5389913194437
50.0909913194437
0.824991319444123
-25.8270086805559
-31.1310086805559
4.82499131944412
-136.589008680556
34.9009913194437
-11.027008680556
-38.7770086805561
-93.645008680556
-80.701008680556
-51.0050086805556
18.0509913194444
52.0509913194447
-1.81700868055538
-10.6670086805554
54.1429913194447
34.6869913194447
-23.4090086805554
96.3529913194447
3.03299131944473
7.83699131944462
24.4209913194447
14.1329913194447
65.4649913194447
-37.1670086805553
-10.9370086805552
-3.46700868055517
16.3689913194447
44.4769913194447
51.6609913194447
-11.7390086805548
-9.30900868055478
47.3889913194447
3.58099131944523
-12.6350086805548
66.8289913194447
23.0369913194451
-37.7630086805549
-29.8150086805549
23.4089913194451
4.08299131944503
54.3289913194447
-49.1370086805552
12.1709913194448
-17.8810086805553
10.7869913194447
-24.3230086805553
43.4029913194447
23.1529913194444
3.71899131944453
-1.85100868055548
12.2529913194445
74.2229913194447
-21.4750086805555
-22.2150086805555
-50.8830086805556
-15.2950086805555
-10.7110086805555
-2.98100868055558
96.2609913194447
-5.70700868055557
39.2189913194447
-20.3690086805557
-14.5770086805557
36.9609913194447
63.5649913194447
45.5449913194447
-37.8910086805557
43.2029913194437
7.49099131944422
47.3409913194447
12.0589913194444
40.5149913194447
19.6549913194445
32.9749913194447
42.5149913194447
64.2089913194447
2.98099131944413
0.102991319444129
12.9069913194441
6.34499131944412
8.13499131944413
31.8549913194437
33.1069913194437
-51.0850086805558
-15.5310086805559
6.42499131944413
61.9089913194437
7.81899131944402
85.0689913194437
18.600991319444
55.0189913194437
69.8409913194437
-60.3330086805559
7.84299131944402
-19.6670086805559
-40.4670086805558
-16.9410086805558
-13.0430086805558
-39.2050086805557
39.7029913194437
-31.3450086805558
18.9569913194441
1.38699131944412
3.19499131944423
8.92299131944422
3.51099131944433
-23.6030086805555
-36.3970086805557
4.24299131944433
-14.2610086805557
4.86299131944433
17.1189913194443
65.3209913194447
29.4609913194442
39.3929913194447
-13.9070086805557
-18.4010086805558
61.2409913194437
35.4709913194437
66.0669913194437
48.7249913194437
-0.67900868055618
55.7649913194437
80.4749913194437
55.0249913194437
-55.6510086805565
-72.0850086805564
-69.0990086805565
2.36699131944373
52.9569913194437
-52.6210086805561
29.2789913194439
52.9669913194447
14.7389913194443
-39.6950086805557
31.2469913194447
30.8029913194447
-29.1110086805557
48.0129913194447
19.4229913194446
-9.96900868055548
37.2609913194447
-29.3870086805555
-47.9730086805555
6.18099131944453
-59.9310086805554
6.19899131944453
35.5469913194447
-97.7450086805554
1.67899131944462
15.0209913194449
34.1289913194447
-51.8170086805548
34.7709913194447
-52.6650086805547
3.69299131944533
-51.4950086805547
97.4169913194447
-1.52300868055538
2.22899131944453
-12.6690086805554
-35.8870086805554
16.8469913194447
54.7289913194447
-0.0110086805551788
-9.85300868055517
-3.72700868055517
-41.7670086805552
1.91499131944482
-25.1050086805552
26.7529913194449
13.2749913194449
18.7649913194449
45.0209913194447
19.7509913194449
21.4489913194449
27.9669913194449
-19.3950086805552
-1.92500868055518
25.4529913194449
33.6329913194447
108.642991319445
18.2169913194444
44.7309913194447
48.7649913194447
27.8389913194444
79.5489913194447
-42.4830086805559
-27.1470086805559
-41.6950086805559
2.35899131944413
-48.2490086805558
-29.1410086805558
19.2029913194442
0.480991319444129
-9.33700868055598
7.83499131944403
-13.219008680556
14.252991319444
21.720991319444
-29.3490086805561
42.4129913194437
37.8809913194437
-16.0030086805561
49.7589913194437
32.5669913194447
34.6349913194447
31.2829913194447
31.2829913194447
57.0249913194447
22.4129913194443
-28.8670086805558
13.2429913194442
1.78499131944433
10.6529913194443
3.13699131944442
54.5229913194447
3.10299131944483
-18.3790086805551
47.5389913194447
28.0649913194448
33.0369913194447
86.5489913194447
30.4609913194447
15.7829913194448
-16.4790086805551
53.0209913194447
68.1269913194447
20.2989913194448
75.1469913194447
22.7489913194447
-4.01100868055528
-20.0270086805552
-7.15500868055528
83.6589913194447
-33.2010086805553
-35.4510086805554
-57.2730086805555
-21.2570086805554
17.5409913194446
-40.4370086805554
-21.5570086805554
31.0709913194447
13.0489913194445
42.2089913194447
-29.0990086805553
47.2409913194447
-25.8630086805553
-34.869008680555
-38.4210086805549
15.0129913194448
66.6129913194447
18.9969913194448
0.410991319444832
-21.3970086805553
11.0829913194446
-48.2190086805552
-14.4410086805552
94.8469913194447
42.6429913194447
26.1609913194449
-34.9170086805551
68.9209913194447
28.4329913194448
-0.403008680555175
71.9809913194447
-8.89900868055528
75.5169913194447
16.6929913194448
-10.4910086805552
39.7249913194447
39.7249913194447
60.6949913194447
-19.7550086805555
30.5209913194447
37.3889913194447
21.2729913194444
31.9389913194447
-33.8570086805557
9.77499131944433
30.7829913194447
65.3769913194447
-28.6710086805559
-37.2230086805559
10.3429913194441
28.4329913194441
22.5489913194441
-21.289008680556
27.476991319444
0.964991319444025
-1.22100868055597
58.8949913194437
12.8089913194441
20.4069913194442
-13.5730086805558
-35.0810086805558
26.6449913194442
15.2709913194443
30.3749913194447
-34.1370086805558
-32.2910086805559
-11.9510086805559
42.0749913194437
23.7189913194439
2.11899131944392
-28.459008680556
14.938991319444
55.0309913194437
23.826991319444
-14.715008680556
-5.27900868055588
-28.9730086805559
48.5969913194437
8.73699131944413
32.9569913194437
12.5309913194442
-28.8930086805558
26.5109913194442
-5.19700868055587
75.5509913194437
-38.0310086805558
23.5349913194442
-0.453008680555769
11.7169913194441
74.4509913194437
34.3669913194447
16.3649913194443
45.9989913194447
-2.68700868055578
4.55499131944423
64.3969913194437
48.5069913194447
11.0669913194446
23.2969913194446
8.50299131944453
72.8989913194447
-16.9670086805551
35.4129913194447
-34.2930086805552
27.3009913194448
4.15699131944493
59.6909913194447
-5.75900868055547
-20.9650086805554
15.3269913194446
6.98699131944463
46.9629913194447
52.4989913194447
15.8589913194446
-24.8670086805554
53.2709913194447
8.88899131944473
43.7789913194447
21.7469913194447
-26.0410086805553
22.2769913194447
50.6709913194447
-45.8210086805554
49.6169913194447
23.3869913194445
-60.4790086805556
65.4669913194447
9.29299131944433
-1.33300868055568
-39.6390086805555
-2.73700868055548
33.7829913194447
87.4649913194447
37.4609913194447
-27.5550086805555
52.5509913194447
-21.0050086805556
27.4789913194444
-60.6910086805556
24.7769913194444
27.3009913194445
29.7229913194447
1.71299131944463
59.1909913194447
19.9249913194447
6.89099131944472
-36.5570086805553
-34.7290086805553
-33.1330086805553
61.6609913194447
34.7749913194447
-16.8650086805554
41.9809913194447
21.8669913194446
-22.5370086805554
0.150991319444728
-20.9930086805555
45.8589913194447
-36.7930086805554
-10.9990086805555
-21.2790086805555
21.1749913194445
39.1709913194447
21.1769913194444
11.9469913194443
32.4269913194447
-35.8170086805559
12.932991319444
40.8369913194437
-10.1990086805559
44.4889913194437
3.75699131944423
90.3369913194437
34.6249913194437
33.4849913194447
46.2589913194437
24.4049913194443
-50.8170086805558
5.33499131944413
-15.447008680556
-23.417008680556
5.27499131944393
-17.819008680556
-36.719008680556
4.49099131944412
-30.7070086805559
9.20099131944423
68.1789913194437
30.9429913194437
-21.649008680556
39.7569913194437
-24.6810086805558
26.7649913194444
-31.2890086805555
17.0749913194445
54.8729913194447
13.4769913194446
8.63299131944453
15.1549913194447
-42.2950086805563
-27.3990086805562
-25.9850086805562
-0.105008680555969
-52.2730086805561
-52.2730086805561
40.7529913194437
-24.363008680556
-19.431008680556
27.400991319444
45.1369913194437
1.87499131944412
7.94499131944423
33.2189913194437
-13.855008680556
0.600991319443921
43.8409913194437
22.082991319444
52.4449913194437
13.5149913194439
-50.1510086805561
-4.12900868055607
9.89299131944392
-3.83500868055607
30.1929913194437
-3.73700868055607
68.6289913194437
18.720991319444
-7.48300868055588
16.7889913194445
-25.6430086805554
22.4709913194446
2.99499131944462
-15.9010086805555
54.1249913194447
-21.4010086805552
-15.6450086805554
22.1789913194447
10.2609913194446
22.5769913194446
-13.5590086805554
-6.82500868055548
-16.2270086805555
3.00699131944452
71.4029913194447
-10.2990086805553
-10.8590086805552
-32.5590086805554
-29.1850086805554
29.5309913194447
8.50099131944452
-34.8250086805552
-15.6290086805551
17.5669913194449
42.3449913194447
70.1969913194447
-3.41900868055518
31.4589913194447
13.5129913194449
11.0769913194448
23.3589913194447
29.6469913194447
39.2289913194447
-33.2190086805556
12.9829913194443
13.7849913194442
-65.013008680556
11.8409913194441
-1.38900868055588
-3.71700868055598
78.7629913194437
-20.3910086805562
-9.21300868055617
1.98099131944383
24.5809913194439
-39.3630086805561
31.6269913194437
40.4349913194437
-35.0850086805562
-23.0990086805562
3.42099131944383
13.4669913194438
-29.4550086805562
52.0269913194437
-3.68300868055617
-24.7170086805562
-20.9710086805562
26.8169913194438
16.6809913194437
68.3229913194437
3.50699131944343
16.1249913194435
23.1689913194433
-9.96100868055667
-19.6010086805567
3.58299131944332
41.3089913194437
-14.0550086805567
-6.01300868055678
-20.3390086805567
38.8689913194437
10.5569913194432
-29.3950086805566
42.0569913194437
-55.8870086805567
-52.7030086805567
-46.7230086805567
-60.5070086805567
-13.1070086805566
-65.5270086805566
-9.98500868055658
-25.4730086805566
38.6069913194437
-0.251008680556581
4.34299131944333
18.0769913194432
4.62899131944323
-24.8330086805567
12.3809913194433
-10.1190086805567
49.5469913194437
-31.3430086805553
-21.2150086805553
6.62899131944472
46.0029913194447
-24.8290086805554
5.96099131944473
38.0529913194447
-16.0690086805554
52.5409913194447
10.4009913194447
55.1229913194447
-24.647008680555
-21.2170086805549
-9.84300868055497
-25.031008680555
-33.985008680555
-28.0870086805551
100.726991319445
-32.2070086805552
22.2589913194448
-43.2910086805553
-56.0490086805553
-40.8630086805554
-16.7710086805554
6.79699131944453
-44.2050086805554
-17.0570086805555
26.0689913194445
81.3929913194447
29.6709913194447
-4.77900868055548
43.4089913194447
53.3169913194447
-8.98100868055558
75.0249913194447
-12.4070086805556
-33.7090086805556
20.1289913194444
15.8609913194444
19.4989913194444
110.992991319445
16.0189913194445
2.40699131944443
-8.06100868055557
-37.9730086805555
2.95899131944442
