-16.1951202321719
-12.285120232172
12.2508797678281
-36.9691202321719
19.8428797678281
-6.86912023217191
-23.5931202321719
7.16087976782819
-55.8271202321718
-13.0551202321718
-39.9971202321718
-11.1091202321719
-129.215120232172
24.2728797678282
-0.635120232171602
26.4388797678286
-55.2591202321714
0.1808797678285
13.9788797678284
-17.4031202321716
19.7388797678284
10.9868797678281
27.540879767828
69.0248797678276
-45.7851202321724
-36.1831202321724
-62.8211202321725
-60.5371202321725
-24.6331202321724
5.1768797678276
58.9688797678276
0.768879767827798
-17.6911202321723
3.9648797678278
9.0988797678278
62.7928797678276
-10.2971202321723
-26.0191202321723
-33.0151202321723
20.2788797678278
58.1628797678276
49.7188797678276
30.5348797678279
33.2868797678276
3.99087976782779
45.8568797678276
38.1508797678276
-30.7591202321723
-16.8011202321723
12.6668797678277
35.1808797678276
21.6648797678278
96.9368797678276
21.6888797678278
-29.3951202321722
49.2888797678276
41.8908797678276
-2.29912023217241
17.7808797678274
-6.66712023217251
16.1048797678276
11.2868797678277
105.500879767828
17.1168797678274
9.31087976782739
-8.26112023217261
13.6388797678274
-21.8871202321725
-26.7451202321725
7.50287976782749
40.5488797678276
31.7828797678275
14.9828797678275
-38.5251202321724
-24.9571202321724
18.3548797678275
-36.4891202321724
-1.15512023217231
27.3628797678277
-28.6071202321723
-7.03712023217221
19.2908797678277
-15.0451202321723
-11.5611202321723
24.1248797678277
18.4008797678276
21.710879767828
-17.309120232172
-26.139120232172
14.906879767828
31.952879767828
22.462879767828
52.9288797678276
25.6288797678282
59.3168797678286
-30.4871202321718
11.8288797678282
26.2088797678282
20.4628797678282
60.1748797678286
-11.7711202321718
-0.701120232171803
38.0848797678286
88.2508797678286
-14.2631202321719
2.11287976782809
19.252879767828
-4.45912023217191
37.1008797678276
-9.0511202321719
43.0848797678276
5.34087976782759
-28.5431202321725
-11.5891202321725
8.0388797678275
-11.5611202321725
30.5308797678274
-18.3091202321726
-44.6111202321724
-23.9551202321727
9.29687976782709
-14.3791202321729
21.5808797678269
38.5988797678266
45.5188797678266
-54.4611202321732
-38.1491202321731
-80.1491202321731
-1.3011202321731
-46.7251202321732
33.1968797678266
73.7068797678266
-2.95112023217301
-56.3531202321729
9.27887976782709
-27.7671202321728
2.5128797678272
3.7088797678272
-27.4051202321728
2.26087976782719
4.7448797678271
7.2268797678271
2.7688797678272
26.8288797678272
-54.1731202321727
-15.5231202321727
12.9568797678273
40.9588797678276
-28.6711202321727
-4.8451202321727
46.2828797678276
6.0008797678272
7.33887976782719
-18.4491202321728
-8.69312023217281
21.8128797678272
68.2548797678276
-24.4411202321727
20.1168797678273
16.2568797678273
-12.4931202321727
33.0688797678276
69.4888797678276
35.9028797678276
-51.5551202321726
-64.7911202321726
36.5848797678276
9.0388797678274
24.3528797678274
24.3428797678274
1.04687976782739
9.90887976782729
0.3788797678273
86.5148797678276
21.4668797678273
-0.101120232172704
34.5048797678276
30.3608797678274
11.4028797678272
52.3508797678276
23.9468797678273
-20.0611202321727
22.0328797678274
61.2508797678276
13.9148797678276
52.1608797678276
11.6708797678275
1.31687976782739
-17.4011202321726
-47.9291202321725
-63.1371202321726
9.85887976782749
40.0248797678276
-9.73112023217251
-10.5451202321725
-12.1831202321725
-2.63512023217251
48.4008797678276
-33.7711202321726
-8.63712023217261
-15.1531202321725
19.8008797678275
54.6508797678276
-25.9091202321724
7.16287976782769
38.1828797678276
8.2868797678277
48.5108797678276
28.4248797678281
-27.965120232172
26.5348797678279
13.6768797678278
14.3168797678279
-42.3131202321721
0.0168797678278878
17.8748797678279
56.5148797678276
6.74887976782789
21.7028797678279
4.1208797678281
-20.725120232172
-28.993120232172
30.108879767828
35.9188797678276
9.486879767828
-25.2191202321721
16.2428797678279
48.1668797678276
-0.5431202321721
-6.39712023217211
37.8348797678276
-4.32912023217211
50.9028797678276
-4.21312023217231
19.4408797678277
26.8648797678277
11.3428797678277
41.7988797678276
-12.0971202321723
44.8568797678276
44.6328797678276
65.4068797678276
19.9408797678276
-36.2371202321725
-1.64712023217251
-1.64712023217251
50.7928797678276
28.4948797678271
6.99887976782709
-38.3811202321729
-34.6971202321728
35.2468797678276
-18.5591202321728
-1.71312023217281
3.92087976782719
60.4408797678276
49.1968797678276
48.1388797678276
-10.3111202321728
1.8548797678272
25.6108797678273
33.9828797678276
-31.9251202321726
28.9008797678272
-17.3271202321728
21.6468797678272
49.9548797678276
-35.8311202321728
-8.77712023217281
24.3848797678271
26.5168797678271
-6.0191202321728
17.3228797678271
88.1348797678276
19.4348797678272
59.0608797678276
41.1468797678276
-34.5071202321727
-16.1751202321727
7.0068797678273
17.3188797678271
7.70687976782699
-12.9371202321729
-36.6091202321729
21.330879767827
-26.3311202321729
19.7428797678271
22.6648797678272
-25.3371202321729
0.832879767827095
4.39487976782709
-43.0611202321729
19.0308797678272
20.5568797678272
30.1108797678272
2.87087976782719
33.6128797678276
-1.80712023217291
-6.12112023217281
17.2448797678273
-6.0071202321726
-18.1431202321725
9.37687976782739
35.3168797678276
-31.9351202321725
26.1368797678275
-1.00312023217251
35.3088797678276
29.4328797678276
-6.70312023217241
2.21087976782759
-5.06312023217231
-9.19312023217221
-12.4691202321722
-17.2671202321722
28.1328797678277
30.9328797678277
-3.36312023217221
-9.35912023217221
40.3708797678276
-2.35112023217231
-11.5991202321723
-1.39912023217231
-2.6931202321723
44.8188797678276
15.5708797678275
-10.8391202321725
28.3688797678275
17.1868797678275
-15.1431202321725
-19.3151202321725
-25.2771202321725
36.1448797678276
12.4828797678274
1.7688797678274
-23.4351202321725
-31.6111202321725
50.3288797678276
17.6968797678275
2.87087976782769
-22.9271202321723
-56.7551202321723
-17.0711202321723
-19.3391202321723
6.9168797678276
6.9168797678276
64.3808797678276
-4.8031202321723
-29.4451202321723
23.5888797678276
-51.5671202321724
-51.5671202321724
-8.8091202321724
37.9568797678276
25.9668797678277
6.8168797678277
68.2908797678276
-19.7991202321724
-17.8051202321724
15.4028797678276
29.7608797678276
72.2048797678276
41.8048797678276
49.1788797678276
53.0468797678276
13.7228797678276
32.6528797678275
39.5168797678276
-11.7531202321727
-40.2671202321728
-54.8671202321728
-17.1071202321727
-45.9591202321726
16.5848797678274
33.6828797678276
20.6928797678273
19.9988797678272
16.0728797678273
-41.2091202321727
36.1228797678276
26.6668797678273
24.6548797678274
27.8048797678274
45.2248797678276
10.5848797678274
7.17487976782739
4.1908797678273
18.1428797678272
36.1328797678276
-5.0431202321727
-59.3811202321728
-18.3891202321727
13.3648797678272
6.71887976782729
2.08287976782729
15.8588797678272
27.3568797678273
-1.9191202321728
53.9208797678276
1.78687976782719
18.3348797678272
-10.7111202321726
-33.7971202321727
-53.6971202321727
-46.3531202321726
38.7088797678276
13.2148797678275
14.2628797678273
27.5368797678276
-9.87112023217261
-9.2331202321725
34.3568797678276
-2.3771202321728
-4.45912023217271
13.1908797678272
8.52887976782719
-5.8811202321728
36.5028797678276
14.7368797678273
-19.7631202321727
-39.2911202321727
-20.7191202321727
10.3488797678272
23.2268797678273
13.4428797678273
26.6148797678273
13.1628797678272
7.9888797678272
-0.209120232172708
-1.29912023217281
21.3008797678272
25.7248797678272
-6.26712023217291
4.43887976782719
38.1268797678276
18.488879767827
23.3028797678271
18.2368797678271
40.3708797678266
22.210879767827
25.228879767827
-17.0191202321729
20.6388797678271
-37.479120232173
-22.1651202321728
5.6188797678272
-29.5931202321728
-23.5371202321726
5.3008797678275
-11.5371202321725
19.7728797678275
16.6728797678274
16.9688797678275
26.5148797678275
38.5888797678276
46.4648797678276
-20.1891202321725
-1.02512023217251
9.8728797678276
7.59687976782759
-25.1911202321724
-3.65912023217231
35.3768797678276
18.9108797678278
-73.8571202321722
12.1668797678278
11.2308797678279
39.1988797678276
20.6548797678279
-6.51312023217211
-0.717120232172007
-22.4591202321719
-30.377120232172
-30.377120232172
46.2928797678286
-99.3451202321718
-22.4511202321719
26.242879767828
56.9148797678276
35.7448797678276
51.3708797678276
-35.5291202321725
18.3268797678275
36.8788797678276
-14.2291202321725
17.8248797678276
-16.9791202321724
-13.0211202321724
19.6328797678275
13.6248797678275
33.6928797678276
43.2608797678276
44.3508797678276
21.6088797678276
34.6548797678276
33.9168797678276
-5.7811202321725
28.3008797678275
43.6428797678276
17.8448797678273
39.3248797678276
22.5248797678275
-8.92912023217251
5.29087976782749
13.9248797678275
7.86887976782749
15.1568797678275
13.5308797678274
29.9608797678273
5.8968797678273
38.0968797678266
24.8568797678273
21.6928797678274
-14.7771202321726
20.8828797678275
20.3768797678274
-47.4631202321726
20.1508797678274
12.0788797678274
1.1608797678274
22.0208797678274
-17.5011202321728
5.58887976782729
-13.9571202321726
36.7188797678276
23.0128797678271
27.7708797678272
33.2768797678276
38.1908797678276
27.5048797678273
-21.1971202321728
6.68287976782719
21.6628797678273
40.2428797678276
-56.1791202321727
-39.3831202321727
-26.2711202321726
-47.0831202321727
-12.1311202321727
-45.1311202321725
-1.14112023217261
31.1788797678273
22.7868797678275
31.8268797678275
22.0408797678275
-45.9871202321727
11.4188797678273
2.45687976782729
16.4628797678273
32.2888797678273
3.93287976782719
51.6308797678276
4.79287976782719
-6.09912023217281
-18.9371202321728
-1.64312023217281
45.6588797678276
38.7728797678276
-20.8231202321729
-47.9131202321729
10.6968797678271
46.2048797678276
30.3988797678272
41.6988797678276
28.0588797678273
-29.0711202321727
45.6888797678276
15.2048797678274
25.7688797678274
33.9808797678276
28.7908797678273
25.2728797678276
-16.0951202321725
-24.9371202321725
-8.83912023217221
-17.0831202321722
-56.5191202321721
-52.2871202321722
-21.6931202321722
19.2648797678278
-0.0391202321722091
20.7288797678279
27.1308797678279
24.2728797678278
-40.1471202321722
3.4268797678278
19.6288797678278
19.4268797678277
-47.5911202321722
14.2188797678277
0.5668797678277
-0.69112023217231
8.9028797678276
-14.9251202321724
11.2968797678277
7.22287976782769
25.8588797678277
7.05687976782789
-8.93112023217221
9.9208797678278
28.1288797678279
35.5768797678276
-35.5211202321721
-20.5851202321722
46.8448797678276
-41.3651202321722
36.2328797678276
4.32087976782779
-39.2791202321722
23.9828797678278
47.1188797678276
33.1228797678276
2.88887976782769
-33.5591202321723
49.6368797678276
12.5588797678277
13.9828797678277
47.8528797678276
37.9108797678276
26.6448797678278
-13.4431202321723
-32.6091202321723
-12.5491202321723
12.2328797678277
39.7048797678276
31.3808797678274
39.5328797678276
-33.7511202321727
7.58887976782739
22.2488797678273
26.0188797678273
43.0608797678276
78.2068797678276
19.4268797678273
36.5108797678276
16.2728797678272
80.7288797678276
6.49287976782739
-0.847120232172699
-20.1751202321725
-28.5651202321726
-53.7531202321726
-20.1491202321726
-0.655120232172507
-0.655120232172507
25.4848797678274
1.0688797678275
66.8568797678276
-6.40112023217251
47.8168797678276
7.0608797678276
-46.4711202321725
-7.6111202321726
-18.5071202321726
5.4888797678277
-0.205120232172405
-3.8431202321724
-0.377120232172501
13.5368797678275
-27.9811202321726
18.4448797678275
-29.9571202321727
-24.5651202321725
-7.09312023217251
2.85287976782749
37.6668797678276
5.99287976782739
38.7828797678276
13.3888797678273
-25.1191202321726
37.6628797678276
-26.6391202321726
14.5308797678274
14.5308797678274
12.4408797678273
-35.5971202321728
11.5868797678273
24.2288797678274
24.2288797678274
-11.3291202321726
-13.9471202321727
9.3728797678275
8.07887976782759
34.3468797678276
61.2148797678276
10.1188797678273
-18.3431202321726
-36.7771202321727
-53.5771202321727
9.0808797678273
-13.2451202321727
31.4588797678274
-10.8871202321726
13.9628797678269
24.562879767827
15.758879767827
26.456879767827
3.17687976782699
-10.1151202321729
-26.569120232173
20.1408797678271
-3.38912023217291
8.20687976782709
-48.897120232173
-36.945120232173
20.7168797678271
31.7368797678271
80.4848797678276
41.9548797678276
-22.1391202321728
32.9028797678276
22.6668797678272
40.6768797678276
25.4848797678276
18.3288797678275
25.1148797678274
48.6388797678276
47.9828797678276
-53.5851202321724
-50.5851202321724
-29.0811202321722
-55.0591202321723
-45.6911202321723
28.0648797678277
-11.8871202321724
7.51087976782759
19.6448797678276
29.2928797678277
9.6888797678276
47.5208797678276
35.2828797678276
12.7768797678277
90.6228797678276
-13.0791202321723
28.4688797678277
29.4848797678277
4.5988797678277
-4.57912023217231
22.3728797678276
48.9148797678276
14.3068797678277
3.24687976782759
-43.2051202321724
-7.8331202321724
23.2648797678275
13.6528797678276
51.9528797678276
19.2488797678275
-25.3211202321724
19.1888797678276
-5.24512023217221
-25.9851202321721
-12.8471202321721
36.9168797678276
-26.0251202321721
-65.1071202321721
-55.3851202321719
-33.7731202321718
-4.9691202321717
-7.40912023217181
55.4028797678286
22.4208797678282
-16.8331202321717
21.1168797678282
56.6368797678286
64.5848797678286
64.4328797678286
19.4728797678282
60.8008797678276
73.2808797678276
47.5428797678286
-9.50912023217191
-7.21312023217201
72.0208797678276
21.2748797678277
-12.6251202321721
14.1288797678278
3.23687976782769
6.9208797678276
-3.00912023217251
-15.8591202321726
31.1508797678275
31.1508797678275
22.2928797678275
-60.5931202321723
1.88887976782759
-18.5731202321724
-34.4871202321725
-12.0331202321725
26.8048797678274
52.2548797678276
-16.4211202321728
31.0368797678271
32.5528797678274
-34.3531202321725
0.462879767827488
14.7988797678274
0.478879767827493
-25.5011202321727
5.73487976782729
-5.63712023217261
8.90087976782739
-26.8251202321725
-17.6031202321725
-11.2031202321725
34.7308797678276
15.8228797678276
7.49087976782759
11.1128797678276
21.9648797678275
-2.09912023217251
38.9308797678276
2.74887976782769
-16.1091202321725
-8.7851202321725
32.6628797678274
20.1868797678273
13.5528797678272
6.77887976782719
-19.8271202321727
6.44487976782739
-17.6291202321726
60.1088797678276
35.7548797678276
-24.5271202321727
-63.3451202321729
-53.8151202321732
6.60887976782679
-2.0771202321733
35.3048797678266
17.4568797678269
32.9508797678266
-21.8731202321732
-32.4611202321732
-50.9131202321731
-48.6491202321733
-95.4331202321732
-53.3431202321731
-28.9891202321731
-25.4551202321731
-61.115120232173
-53.729120232173
-73.4571202321729
-14.3071202321729
4.092879767827
0.494879767827101
