33.6411014717264
33.6411014717264
-9.13089852827361
72.1471014717264
84.0231014717264
84.0231014717264
54.3251014717263
85.1191014717264
102.041101471726
103.557101471726
97.2611014717264
66.9871014717264
89.7051014717264
96.4711014717264
72.4091014717264
82.1371014717264
45.7491014717271
47.1951014717271
110.335101471727
83.0551014717274
42.477101471727
68.5271014717274
112.969101471727
90.7391014717274
114.767101471727
31.8511014717273
63.4211014717274
71.6251014717274
50.6331014717274
73.8551014717274
73.8551014717274
82.2731014717274
79.4551014717274
70.1791014717274
-12.6588985282726
72.6471014717274
19.007101471727
14.647101471727
58.219101471727
43.9911014717269
54.5971014717267
54.5971014717267
40.6991014717267
35.1331014717266
0.45310147172659
74.6971014717264
93.0591014717264
71.7671014717264
80.2791014717264
55.3951014717265
37.6851014717268
-27.6068985282733
83.5011014717264
50.2371014717268
-4.91689852827311
-2.68689852827271
-27.5328985282729
64.1411014717274
23.0231014717272
2.20710147172709
30.495101471727
85.4331014717274
85.4331014717274
44.0071014717271
45.039101471727
9.58310147172699
-10.1968985282731
18.3091014717269
38.5411014717269
75.7491014717264
77.7431014717264
-18.1208985282733
-2.46889852827321
29.9571014717268
34.7011014717267
60.4931014717266
60.4931014717266
2.60710147172679
87.4731014717264
1.12710147172679
-18.4228985282732
-34.0788985282732
4.49710147172689
26.4331014717269
63.4191014717274
15.865101471727
-18.8468985282727
-39.4648985282725
86.3471014717274
87.9611014717274
-19.5528985282724
-71.9548985282723
-43.1788985282724
-1.54889852827241
-10.1468985282722
-6.59889852827221
-115.974898528272
-34.7648985282718
-97.4928985282715
-78.5808985282716
-99.3468985282714
29.0911014717286
56.3131014717286
21.8311014717285
-4.98089852827151
22.6111014717286
22.6111014717286
12.2151014717287
19.0611014717287
60.8051014717287
20.7611014717285
13.8071014717284
42.6591014717285
12.7631014717284
12.7631014717284
35.7511014717285
29.7391014717284
24.5691014717285
24.5691014717285
-17.5808985282715
-17.4248985282716
-98.3008985282716
41.6951014717285
83.6571014717284
83.6571014717284
43.9851014717283
4.98310147172839
86.9491014717284
92.6711014717284
-1.53489852827161
1.03110147172839
-39.3488985282715
43.2051014717283
-1.34889852827161
16.6391014717284
25.2831014717284
-9.88689852827151
70.8891014717284
-5.69689852827171
29.4651014717283
-2.67489852827181
-4.82089852827171
32.0471014717282
53.3651014717282
58.2431014717281
-15.6348985282719
-46.7768985282719
-17.1208985282721
24.3791014717277
29.5391014717277
-0.636898528272212
5.65910147172769
-36.7088985282724
16.9571014717276
5.01110147172759
4.71710147172759
-12.5828985282724
-12.5828985282724
-5.01689852827241
-11.0068985282725
-44.8748985282724
-83.5028985282724
-88.3588985282724
-36.4908985282724
-98.4268985282724
-29.6248985282724
42.1811014717276
14.0751014717277
-29.0088985282723
-55.0728985282723
-15.9748985282722
0.495101471727693
-12.5328985282722
-35.2188985282722
-34.7908985282722
-1.82889852827221
19.5711014717276
-16.5088985282724
-40.6348985282724
24.7951014717277
-41.0168985282723
-21.9308985282724
17.8651014717276
-0.738898528272308
-8.82089852827231
-18.6528985282723
14.1471014717278
30.6151014717278
11.1611014717278
11.1611014717278
-30.9888985282722
-20.3888985282723
70.4671014717274
21.0351014717277
7.66310147172759
7.66310147172759
-10.8968985282723
-6.72089852827231
29.0591014717278
9.00910147172759
43.6151014717277
15.1311014717276
28.1971014717276
71.0431014717274
65.7191014717274
1.45910147172769
33.4991014717276
41.9531014717277
67.3991014717274
67.3991014717274
2.80310147172779
-14.1788985282721
36.7551014717278
9.71910147172779
70.5851014717274
72.4051014717284
34.7911014717279
47.9731014717279
19.7531014717279
22.3191014717279
65.7291014717284
35.1551014717279
32.763101471728
13.695101471728
15.547101471728
27.7931014717281
30.1871014717281
3.12910147172809
33.9991014717281
51.637101471728
39.4411014717281
47.9411014717281
-4.17889852827191
29.789101471728
40.7311014717281
-26.2308985282719
-39.740898528272
1.13110147172789
-16.9028985282721
53.2731014717279
19.7171014717279
-18.8488985282723
-11.7948985282724
6.82510147172779
33.7791014717277
-20.8468985282723
-23.8168985282723
-47.9868985282724
-74.5088985282723
75.5671014717274
61.5351014717274
-24.7488985282723
-54.8888985282723
-35.9288985282723
30.0151014717277
30.0151014717277
38.5171014717278
43.4271014717277
4.21110147172769
-9.42689852827231
-31.5728985282723
37.9251014717277
-19.1408985282724
-27.2468985282724
-19.2428985282723
18.1471014717277
18.1471014717277
33.0611014717276
-8.90489852827231
-58.6668985282723
6.07310147172769
-39.3748985282724
26.3311014717276
55.9111014717277
-44.1948985282723
-16.2428985282723
-18.2788985282723
42.1991014717278
40.0171014717278
33.1911014717276
41.3351014717276
27.0731014717277
2.93510147172769
-51.1488985282724
2.77710147172769
-45.2288985282725
-26.2828985282725
-26.2828985282725
8.63310147172749
27.5971014717275
-34.9508985282725
4.01310147172739
12.1291014717274
56.7811014717274
-8.25689852827251
-16.9228985282725
-15.6928985282725
-35.4248985282725
-3.60289852827271
26.5331014717273
28.1751014717273
54.6251014717273
14.0711014717268
21.8011014717269
38.5831014717269
33.5171014717269
-5.38289852827321
-0.942898528273311
46.0091014717267
35.3131014717268
44.3011014717269
-41.6728985282732
29.7351014717269
-55.010898528273
-10.884898528273
-51.7528985282732
19.8911014717268
42.4211014717271
42.4211014717271
8.06510147172699
-33.094898528273
3.97710147172699
33.963101471727
25.857101471727
-20.5188985282726
-20.5188985282726
-33.6088985282727
-48.9368985282728
16.4891014717272
-41.4848985282728
1.27710147172719
41.9331014717273
45.9651014717272
-7.20089852827281
12.9691014717272
19.3951014717272
19.3951014717272
15.5391014717273
26.4851014717273
12.1571014717273
-34.4908985282727
-31.0928985282727
10.9631014717272
10.9631014717272
-63.6248985282726
-12.6008985282727
-39.2468985282727
18.5871014717273
-12.5048985282727
69.0171014717274
17.2611014717272
35.7131014717272
15.5011014717272
46.3031014717273
46.3031014717273
18.7651014717273
62.1231014717274
53.8951014717274
20.9711014717273
-20.1828985282727
24.5131014717272
22.3971014717271
-27.3828985282729
31.5391014717271
-6.47089852827291
-5.06289852827281
20.7731014717272
30.5391014717271
5.80910147172719
-69.3128985282728
57.9711014717272
19.3591014717272
19.3591014717272
27.5771014717272
-12.7388985282729
30.843101471727
-13.3928985282731
-10.1028985282731
-16.2468985282731
0.755101471726789
-43.5248985282732
27.9951014717267
-26.3468985282733
7.44910147172679
70.2871014717264
70.2871014717264
14.9291014717268
7.84510147172679
38.6751014717269
36.6191014717268
52.3551014717268
-46.6568985282731
-17.904898528273
-17.904898528273
5.95510147172699
-9.17889852827301
25.3811014717269
27.1731014717268
35.1591014717269
83.7751014717274
83.7751014717274
-82.0928985282732
-48.9468985282731
-28.6388985282731
-67.450898528273
-67.450898528273
-57.4568985282731
-7.69889852827301
25.713101471727
25.713101471727
18.5031014717271
-18.9088985282727
-18.9088985282727
12.6411014717273
44.1831014717274
21.1071014717274
14.9831014717272
-43.0568985282728
-24.0548985282727
-11.1808985282728
39.4911014717273
1.41310147172749
7.34510147172739
49.0171014717274
51.1811014717274
43.4951014717275
18.0471014717275
1.72910147172749
-33.5848985282724
-24.6948985282724
-34.6708985282725
-33.5928985282725
29.0831014717276
52.3151014717275
-102.534898528273
-51.7728985282725
-31.8168985282724
-37.4088985282725
-37.4088985282725
-52.2808985282725
34.9671014717275
13.1351014717275
-16.8548985282725
8.30310147172749
-3.81489852827261
17.4731014717274
-12.8628985282724
-12.8628985282724
9.51310147172739
-53.9248985282725
-76.9348985282725
-36.0708985282725
2.71710147172749
2.71710147172749
39.4591014717276
44.9311014717275
53.0271014717275
-19.6268985282725
-63.5548985282725
-44.4388985282725
27.3711014717276
57.4031014717275
57.4031014717275
-29.2088985282725
-8.93289852827251
-27.5768985282724
16.2731014717276
-78.0928985282725
-78.0928985282725
-4.76289852827241
7.44910147172759
-14.8208985282725
-89.6508985282725
19.0931014717276
17.5291014717275
22.3291014717276
-40.7928985282725
30.1671014717275
8.54510147172769
51.5611014717278
26.4491014717277
32.6711014717277
45.6751014717277
44.6671014717276
-0.714898528272307
47.3571014717276
47.3571014717276
-29.8068985282724
63.4711014717274
67.4371014717274
53.7891014717276
-17.2328985282723
64.7991014717274
1.92910147172769
50.7171014717277
35.0871014717277
10.9271014717276
2.11510147172769
8.95710147172769
26.9351014717276
26.9351014717276
-17.7868985282729
-74.3468985282729
13.9271014717272
12.8191014717271
34.7651014717273
40.8451014717271
40.8451014717271
8.30910147172699
3.38710147172689
3.87110147172679
3.87110147172679
-45.050898528273
6.96910147172699
35.761101471727
34.2431014717269
67.6371014717264
67.6371014717264
60.715101471727
-58.6848985282731
3.85310147172689
-37.3028985282731
48.1891014717269
-0.378898528273012
-0.378898528273012
42.993101471727
31.845101471727
17.525101471727
6.29310147172689
56.0251014717269
22.4551014717269
21.489101471727
38.1791014717269
24.7211014717269
-41.8988985282731
-6.89489852827311
-20.512898528273
-8.08889852827301
-3.84489852827321
39.2191014717267
39.2191014717267
-30.1008985282731
9.84310147172689
46.2071014717269
18.095101471727
2.10710147172699
4.84910147172699
63.6871014717274
-11.710898528273
24.945101471727
7.60310147172699
47.823101471727
48.311101471727
46.099101471727
29.9631014717269
-35.4968985282732
-42.6708985282731
-35.7268985282732
23.8331014717269
29.6851014717269
29.1311014717268
-9.30289852827331
-32.0728985282732
-85.4008985282731
-60.0588985282732
28.1531014717268
35.1371014717269
28.3091014717269
-53.3568985282732
-35.2148985282732
-51.2108985282732
54.4331014717268
-31.8828985282732
-106.484898528273
-76.4468985282731
-93.1828985282732
-44.3808985282731
-15.664898528273
-15.664898528273
-3.14489852827291
7.98710147172699
15.0571014717269
5.97110147172689
5.97110147172689
-59.4848985282727
20.2391014717271
19.043101471727
-5.30689852827291
-40.396898528273
-43.3568985282731
-31.7668985282731
17.531101471727
-34.936898528273
-34.936898528273
-55.0608985282729
-79.0708985282728
-11.570898528273
-49.886898528273
-68.3008985282731
-14.472898528273
6.92310147172689
-65.2688985282731
-90.8768985282731
-61.1528985282732
-28.0348985282732
2.10510147172679
26.7031014717268
35.3851014717268
29.2931014717268
-39.1308985282732
5.54110147172689
4.62510147172679
34.2511014717268
34.2511014717268
17.8751014717268
34.0351014717269
28.5611014717267
25.4631014717268
29.6451014717268
83.2871014717264
78.6631014717264
78.6631014717264
-35.558898528273
18.797101471727
28.7831014717269
-34.2108985282731
24.545101471727
68.8911014717274
65.6171014717274
58.997101471727
30.1771014717271
30.1771014717271
-25.9728985282729
10.227101471727
10.189101471727
3.14910147172699
70.0351014717274
70.0351014717274
1.60710147172699
82.3071014717274
77.1051014717274
73.3511014717274
6.05310147172699
46.8491014717271
9.27710147172709
14.9571014717271
66.8391014717274
-18.140898528273
-59.2148985282731
24.5291014717268
-14.0628985282732
-19.7028985282733
25.2531014717267
-56.2688985282733
21.5451014717267
-12.5688985282733
41.3791014717267
27.8991014717268
56.0471014717267
25.0311014717266
7.09710147172669
46.8811014717267
-5.59089852827331
29.0011014717267
17.5531014717267
17.5531014717267
-7.84289852827331
36.2991014717268
42.4551014717267
42.8411014717268
0.717101471726792
-10.5848985282731
-12.642898528273
-12.2988985282729
-12.2988985282729
-14.492898528273
-9.42489852827301
3.11110147172699
21.8311014717271
53.1051014717271
53.1051014717271
-12.0088985282729
49.721101471727
65.0191014717274
-1.49089852827271
20.7451014717273
13.6151014717273
20.2231014717274
59.8971014717274
65.1811014717274
2.91110147172709
5.76110147172709
45.1251014717272
22.7811014717271
-85.4968985282727
71.4071014717274
38.5431014717273
-67.1328985282725
8.32110147172739
50.5491014717276
34.0971014717276
19.5871014717275
-66.4728985282726
26.4371014717274
-20.4728985282726
30.1571014717275
36.5271014717275
21.7891014717276
30.1571014717275
59.8111014717275
54.7211014717276
16.0471014717276
-8.78489852827251
-23.0228985282724
28.2831014717276
55.6851014717276
55.6851014717276
44.5031014717275
38.2031014717276
46.3651014717275
46.3651014717275
-28.7408985282725
54.0271014717275
-31.0908985282725
18.4031014717275
30.2011014717275
-75.4968985282725
-44.2448985282725
-13.7788985282725
-77.4628985282725
-5.76289852827251
24.2311014717275
8.98910147172749
24.2931014717276
2.72310147172769
41.9671014717277
23.6531014717276
-46.3928985282723
88.9951014717274
76.4851014717274
-104.018898528272
-50.9908985282722
11.6211014717279
-87.5088985282723
9.33710147172769
5.93310147172779
-5.04889852827211
15.3511014717279
11.129101471728
-34.9648985282719
15.0831014717281
-62.7648985282719
-9.65289852827201
-78.5808985282721
65.2491014717284
61.7511014717284
-1.62889852827211
-33.794898528272
-42.784898528272
-21.8968985282721
-5.37889852827211
10.161101471728
17.8611014717281
15.6571014717281
-1.98089852827181
-48.7828985282719
-83.3028985282718
-7.81489852827181
-7.81489852827181
-41.8628985282718
-46.9628985282718
49.6751014717281
27.6091014717282
-4.38889852827171
9.59110147172819
31.1151014717281
3.97310147172799
32.663101471728
3.41510147172789
39.283101471728
-58.3508985282724
41.9611014717276
23.2451014717276
42.9131014717276
72.9051014717274
72.9051014717274
3.00510147172769
-31.0948985282723
28.7451014717277
29.1571014717276
38.4111014717277
33.4411014717276
9.55110147172769
12.4991014717276
44.4451014717277
44.4451014717277
-6.48889852827241
-9.43289852827241
-14.6468985282723
-19.4988985282724
-37.7328985282722
28.0411014717277
-5.01489852827231
-5.01489852827231
12.4331014717276
35.8931014717276
40.7931014717276
2.50310147172759
15.0511014717275
15.0511014717275
49.8411014717275
49.8411014717275
-3.62689852827261
3.97310147172739
3.97310147172739
-11.5828985282726
20.9871014717275
44.0211014717275
-14.7268985282726
-20.5648985282726
6.01710147172739
6.01710147172739
27.4651014717275
18.2991014717275
47.1171014717275
32.8831014717274
18.2231014717273
45.7051014717274
20.6451014717275
-55.1808985282725
-39.2168985282725
17.4111014717276
6.75910147172749
18.5431014717275
27.8871014717276
19.7431014717275
19.7431014717275
-51.8548985282724
19.0891014717275
24.8711014717276
27.8271014717275
26.5871014717275
26.5871014717275
50.0251014717275
17.0831014717276
17.0831014717276
-22.5568985282724
11.1471014717275
-4.40689852827241
-13.6948985282724
41.3991014717276
0.697101471727592
53.3171014717276
23.6991014717276
25.8911014717276
25.8911014717276
26.8271014717275
16.7311014717275
21.4931014717274
21.4931014717274
23.2971014717274
-11.0788985282727
-43.8968985282728
37.6331014717272
24.4031014717272
36.2511014717271
45.183101471727
45.183101471727
42.9651014717268
55.5271014717269
34.3351014717268
-8.09689852827331
-41.0028985282732
10.1991014717269
10.8791014717269
6.69110147172709
-34.926898528273
26.381101471727
26.381101471727
2.93510147172709
10.7091014717271
35.549101471727
-39.1408985282732
-75.7428985282732
17.5651014717268
-7.88289852827321
-45.0548985282733
-4.51489852827321
-17.5308985282733
7.16510147172679
9.18710147172679
13.1451014717268
0.41310147172679
9.61110147172679
-32.1228985282731
4.46910147172689
11.1751014717269
39.6211014717268
39.6211014717268
-71.3088985282733
34.6171014717268
34.6171014717268
41.7611014717268
1.45110147172669
14.3211014717267
-103.824898528273
0.489101471726791
1.16110147172679
18.6011014717268
-103.222898528273
-9.32689852827321
3.43310147172689
-54.4828985282731
60.2111014717269
-10.640898528273
-10.640898528273
31.4951014717268
-46.5008985282732
-32.9928985282733
35.5491014717268
50.0031014717267
-54.7768985282732
-54.7768985282732
11.3431014717268
34.1371014717268
34.0191014717268
18.5331014717268
37.5811014717268
53.4171014717268
53.4171014717268
14.9051014717268
5.84510147172669
16.4131014717267
-22.5728985282733
27.6491014717267
32.4811014717267
13.5431014717267
6.58910147172659
-18.1168985282733
-18.1168985282733
-47.7548985282733
35.4811014717267
35.4811014717267
68.9391014717264
70.7751014717264
59.6991014717267
43.5311014717266
64.2931014717264
64.2931014717264
9.74510147172669
3.02110147172669
-18.0708985282733
11.9651014717268
8.03310147172679
55.4731014717268
