764;655;662;580
759;641;654;581
771;700;663;565
807;695;654;590
785;665;659;605
777;639;658;616
825;720;664;609
822;709;666;612
775;730;690;578
775;730;690;578
761;750;693;579
801;777;674;564
806;796;693;574
797;790;697;560
786;763;691;563
795;753;677;576
803;773;707;633
790;774;706;592
777;671;662;609
785;672;673;611
785;686;674;594
800;724;687;597
835;764;695;603
831;760;699;612
803;702;681;605
782;754;695;554
784;702;663;593
802;717;689;620
797;713;663;594
797;619;656;633
777;581;653;628
773;594;653;616
767;615;656;608
760;591;649;610
774;610;655;623
766;584;642;638
770;575;623;598
787;591;642;652
767;635;656;582
760;616;649;583
771;617;643;594
758;593;641;591
768;586;642;600
753;552;633;60
767;598;651;586
795;639;647;592
813;712;653;565
794;760;702;574
762;689;673;579
819;735;686;604
820;724;673;591
791;734;668;574
786;722;679;583
800;751;696;591
805;759;690;590
791;757;693;587
768;640;654;603
768;640;654;603
813;715;657;615
820;683;663;656
792;666;659;620
807;710;685;644
780;645;653;614
778;662;661;607
788;685;669;609
785;668;663;610
834;770;672;591
830;755;674;588
816;705;667;614
835;753;670;598
834;780;697;578
820;772;693;507
824;771;704;566
817;777;706;550
783;715;669;531
760;724;695;572
767;716;688;577
816;775;681;582
826;764;679;632
812;705;687;656
758;593;643;580
778;605;623;575
777;615;636;585
751;594;645;587
770;610;644;578
782;622;643;601
812;705;663;589
798;684;671;618
762;570;637;606
760;568;638;605
781;704;683;580
780;707;681;577
779;599;651;617
767;602;649;606
808;732;694;622
815;732;701;662
797;667;668;632
823;713;667;603
784;639;655;602
782;625;654;610
5;793;680;575
833;761;675;582
828;743;665;590
796;747;697;589
780;735;697;594
808;745;660;599
787;665;651;604
787;665;651;604
778;678;660;593
799;633;647;642
777;601;655;624
762;589;644;610
769;548;623;627
774;504;631;644
787;662;674;606
787;662;674;606
787;673;662;612
805;671;687;654
774;603;653;613
765;663;645;593
765;638;653;604
751;548;617;606
789;652;656;608
773;650;663;601
746;673;679;592
746;614;661;613
777;685;672;609
749;631;658;605
813;720;679;608
822;736;670;603
814;713;668;603
815;762;663;614
824;802;675;575
827;742;685;614
823;745;692;632
806;738;691;614
772;682;677;581
783;595;642;696
767;580;656;649
743;628;656;586
756;634;660;598
757;619;657;602
812;711;687;627
784;718;686;596
788;657;673;640
791;655;677;642
793;636;668;651
818;671;673;664
779;644;666;610
781;672;669;604
799;736;687;581
794;725;687;587
787;757;704;584
753;763;705;579
767;679;670;604
762;628;642;594
802;577;640;667
802;577;640;667
759;593;657;617
791;655;656;622
827;751;663;590
824;729;667;607
810;698;671;610
803;728;701;642
791;735;706;624
781;740;705;609
783;741;708;628
800;681;692;676
807;699;682;662
804;747;667;601
811;741;665;623
815;715;654;630
772;630;652;614
781;635;654;626
796;676;670;626
796;676;670;626
836;770;685;606
831;746;679;613
791;711;678;591
794;752;677;574
792;770;708;594
763;779;708;579
759;638;655;610
758;625;651;614
772;636;654;620
759;598;650;624
799;660;650;618
817;748;665;607
803;689;674;642
801;671;680;657
807;689;668;609
823;732;670;602
822;713;656;598
838;756;669;603
818;747;679;605
797;754;700;607
775;634;662;623
789;631;661;639
795;699;684;625
793;709;684;606
802;707;691;638
802;721;708;644
780;672;672;608
776;662;663;605
820;764;686;614
814;720;682;640
810;748;698;622
793;752;697;574
767;647;652;598
800;636;655;690
784;633;649;645
799;646;656;683
789;663;663;645
802;678;672;691
778;641;659;641
789;648;668;677
772;611;660;654
777;616;663;669
766;587;656;653
772;596;660;659
764;582;643;62
774;670;662;602
772;644;658;615
794;626;659;641
803;664;671;643
803;647;658;646
797;641;667;650
807;718;700;656
788;663;659;627
785;657;655;619
815;730;673;631
813;715;682;648
806;739;695;618
787;756;704;512
786;742;690;537
792;721;677;549
779;646;658;570
776;673;669;583
764;621;658;589
790;693;667;593
784;671;663;597
761;601;644;594
797;642;674;641
759;611;650;598
823;776;663;619
788;682;668;612
806;685;672;595
806;685;672;595
824;716;669;593
836;757;677;588
832;755;680;594
789;760;707;579
761;688;676;580
772;695;693;599
790;751;705;588
816;782;686;577
813;770;668;579
824;758;683;591
821;718;679;605
831;745;665;589
847;787;686;594
830;735;669;609
830;735;669;609
824;695;677;660
798;730;657;605
798;730;657;605
819;779;680;596
794;732;692;602
792;748;694;597
777;759;701;559
779;657;665;618
793;646;675;651
785;682;669;585
800;705;671;588
818;715;672;623
819;734;686;634
785;661;662;615
791;675;663;617
802;714;673;611
802;714;673;611
804;653;660;631
808;767;682;591
797;752;673;588
773;612;654;613
824;748;675;593
805;737;689;607
802;676;678;633
819;687;676;644
794;683;665;615
784;737;696;583
784;730;683;586
819;704;680;656
815;708;678;629
814;713;680;606
816;708;680;608
783;744;691;589
777;760;710;589
790;739;700;603
795;731;701;616
801;712;689;627
791;714;693;613
804;737;707;620
796;694;685;550
816;710;667;559
816;739;683;558
779;751;698;558
792;739;702;628
813;719;701;667
814;730;706;6
811;711;695;649
819;727;696;653
813;715;696;633
800;732;691;541
778;762;708;497
796;766;707;516
805;724;680;537
794;736;689;536
782;769;710;518
771;695;676;562
802;643;681;667
800;666;687;649
810;775;674;536
817;790;665;545
821;749;674;569
794;671;661;575
766;598;648;584
804;716;678;584
788;717;680;573
784;738;698;580
829;778;686;573
840;787;685;576
842;767;680;584
837;780;700;584
817;775;704;539
823;775;706;577
823;775;706;577
812;773;710;583
788;762;703;560
791;725;694;595
791;725;694;595
785;661;664;600
798;660;666;611
831;749;679;604
836;761;692;615
831;749;688;617
817;728;688;604
798;711;688;596
777;732;696;566
759;741;702;560
820;749;700;602
822;759;706;605
789;707;680;589
791;619;650;625
799;620;666;637
797;629;667;639
820;652;662;650
761;624;660;589
792;692;669;592
774;648;659;592
775;652;659;593
818;778;684;587
796;767;693;569
798;762;692;567
820;767;683;582
784;671;664;595
804;736;674;592
791;727;680;593
791;727;680;593
778;674;670;594
763;589;650;606
826;726;661;588
810;661;659;617
785;637;657;599
751;565;631;597
781;642;661;611
771;620;656;606
801;716;695;614
782;738;698;594
774;748;704;576
800;739;686;590
804;749;702;601
816;722;698;657
778;626;667;612
789;642;663;590
790;652;655;596
761;619;658;602
772;671;666;594
806;714;694;631
807;695;674;629
798;757;699;576
786;708;675;581
809;705;660;599
815;694;666;625
813;689;678;640
791;710;686;617
775;758;704;570
783;757;698;578
820;783;697;600
815;731;678;638
813;732;695;651
802;727;699;635
796;768;715;595
804;756;702;588
830;765;683;601
836;763;684;617
829;741;676;618
836;761;687;615
800;745;694;573
764;680;680;567
759;686;692;572
783;723;704;577
716;758;706;477
726;764;707;478
761;769;712;517
769;758;711;524
746;734;696;517
744;706;681;530
768;732;686;531
801;754;695;540
805;764;701;517
811;774;698;513
812;800;699;509
817;802;697;505
815;754;687;532
768;674;664;539
770;684;663;537
775;671;667;550
755;656;671;544
759;665;675;550
759;650;670;555
769;668;670;553
778;713;659;544
778;739;672;537
778;739;672;537
785;782;695;523
775;756;702;543
769;764;706;533
750;754;706;526
794;746;692;548
802;758;659;523
770;668;663;550
755;626;657;552
771;656;667;553
756;635;665;554
822;755;705;576
802;738;702;572
772;719;695;554
767;750;699;516
798;786;709;513
804;762;690;542
775;655;656;553
794;704;666;552
788;751;675;542
788;751;675;542
789;743;681;548
765;636;663;559
816;739;674;551
794;780;707;526
751;702;676;547
778;764;677;529
801;773;691;546
803;720;692;598
793;668;674;600
815;700;684;611
746;622;668;546
786;641;662;557
784;652;668;564
796;701;671;560
817;786;682;541
835;777;689;559
819;758;685;546
793;763;708;548
781;672;670;576
799;666;679;581
779;732;695;549
772;754;703;523
789;787;697;501
803;764;677;544
768;646;649;552
766;648;659;556
834;789;688;548
839;799;700;555
835;795;697;543
783;759;704;550
772;678;676;565
820;722;677;580
844;802;703;573
832;789;702;549
839;795;702;554
834;783;698;555
838;782;695;562
828;751;689;551
833;763;684;567
835;752;671;568
836;776;686;557
789;729;683;571
770;695;669;571
801;688;694;615
785;676;687;595
784;650;671;588
815;736;709;610
818;752;711;608
794;759;706;525
770;780;718;504
766;778;713;469
768;723;694;510
758;705;688;521
753;698;688;526
737;710;689;524
804;764;675;546
802;762;676;545
781;726;678;551
781;684;669;567
782;639;662;573
806;685;680;605
811;685;687;639
767;659;689;568
730;764;718;467
728;630;652;545
785;740;685;558
760;690;673;559
806;734;683;618
794;717;689;586
781;769;713;555
749;751;701;531
748;769;712;519
738;732;689;532
809;789;678;543
814;759;657;555
811;706;674;581
763;656;656;566
769;596;654;595
758;583;643;589
747;581;645;583
784;691;671;571
784;691;671;571
793;717;664;561
764;695;672;556
762;725;689;559
818;715;679;567
784;684;669;569
762;635;662;570
772;628;649;569
772;628;649;569
815;752;683;530
794;758;699;546
793;773;709;547
767;752;703;544
766;689;669;554
808;741;696;576
813;741;687;557
821;754;678;564
823;755;683;573
826;798;670;548
808;778;669;552
810;777;695;571
794;750;682;562
760;764;702;536
760;764;702;536
724;783;714;499
717;656;665;544
736;686;694;597
779;714;684;584
769;609;632;597
750;538;633;591
785;657;679;609
755;613;658;580
795;725;709;614
777;727;699;582
762;759;709;537
783;771;705;544
796;761;672;555
805;760;669;573
791;738;700;623
741;608;658;557
741;608;658;557
765;668;654;570
773;734;670;559
769;719;671;568
749;615;657;581
790;693;666;577
766;700;668;545
758;666;675;557
790;758;696;569
809;768;707;588
792;708;684;583
799;706;688;604
795;670;675;619
796;681;675;608
803;738;712;625
763;624;658;586
752;605;652;585
783;645;660;585
761;661;672;582
752;697;689;539
818;739;679;563
799;680;659;571
830;778;665;520
777;655;657;578
778;695;654;545
793;745;687;561
791;732;670;543
748;757;703;517
709;785;719;501
749;633;658;589
745;602;650;591
756;663;661;584
751;616;654;589
744;625;649;578
736;578;634;588
747;558;622;593
792;540;605;621
791;622;658;582
814;671;658;584
806;718;675;569
776;741;684;540
750;605;648;579
768;669;649;550
782;739;650;529
782;686;673;595
768;600;661;596
733;494;606;581
776;556;649;604
762;552;643;589
808;742;643;554
833;760;669;582
830;758;672;580
793;747;699;570
759;624;661;582
759;582;652;593
782;709;664;555
764;612;643;565
768;619;647;566
778;614;665;600
803;668;659;583
804;666;659;582
801;669;654;576
783;666;661;579
771;632;656;575
774;657;663;581
728;647;665;539
738;634;659;551
737;635;656;557
727;622;653;563
775;742;662;549
770;716;679;575
760;660;671;572
795;701;675;586
781;717;682;564
766;731;697;563
779;730;679;559
784;714;651;578
779;691;667;588
781;682;669;589
813;742;677;577
820;735;683;583
757;627;660;578
740;647;662;580
769;737;704;595
785;685;689;634
796;733;686;607
799;770;668;539
816;789;665;559
793;751;672;566
791;691;662;589
824;732;649;577
817;737;670;592
774;747;689;565
774;718;691;598
788;699;689;631
772;692;682;605
790;708;669;576
773;636;641;598
770;645;666;606
797;651;668;639
795;647;671;648
757;650;672;562
766;660;678;577
751;615;658;574
751;615;658;574
809;734;672;572
775;740;683;569
765;648;662;593
765;648;662;593
787;714;674;569
816;747;675;579
810;728;674;588
809;731;691;618
799;677;679;651
795;609;677;647
775;684;691;586
763;686;687;576
777;743;692;563
808;775;680;565
808;766;670;572
827;758;664;584
804;705;664;586
807;769;658;579
780;720;663;582
780;720;663;582
756;658;663;590
755;625;655;595
805;707;673;597
793;708;685;606
793;760;711;597
752;690;671;543
770;740;700;551
817;764;697;545
812;773;704;542
783;730;679;553
760;659;655;571
799;722;690;591
786;684;668;593
804;663;671;642
806;680;686;651
820;670;670;644
807;743;682;595
816;785;687;552
826;797;695;560
829;796;698;552
822;781;691;552
795;791;709;560
764;640;658;592
771;686;643;559
781;689;670;602
760;622;655;597
787;646;651;596
05;734;689;599
753;676;670;577
778;701;689;596
795;728;696;602
714;745;698;492
639;690;684;512
704;624;648;576
718;632;641;575
