701;501;640;596
740;627;638;593
735;649;644;596
718;628;641;587
701;582;635;575
760;695;669;588
759;657;646;589
710;548;635;587
697;616;656;584
730;679;671;584
727;607;653;612
726;582;641;605
696;523;637;602
706;513;636;611
740;652;651;585
719;601;646;590
725;617;638;592
712;593;639;587
722;592;650;600
722;573;640;601
711;591;639;591
712;658;663;568
689;498;632;590
728;646;653;599
695;517;634;591
719;581;646;605
700;564;639;580
693;513;631;586
703;547;637;590
696;490;615;591
703;526;636;590
742;592;637;596
742;592;637;596
735;598;637;586
694;602;649;581
700;603;644;584
720;571;637;611
726;594;648;623
727;537;607;585
723;571;634;591
720;553;630;591
712;530;639;612
691;489;623;587
699;568;632;586
702;547;634;591
719;589;647;603
714;583;641;597
719;575;633;587
709;558;635;589
700;609;648;573
717;672;675;585
701;565;630;578
736;624;643;608
716;578;637;595
723;597;643;609
722;598;646;619
693;493;618;585
712;540;634;602
702;516;624;590
702;640;661;576
695;531;637;585
712;654;662;580
691;501;632;594
724;542;641;617
714;556;628;590
721;519;623;583
722;562;636;584
727;570;640;577
709;531;650;586
717;557;655;592
693;574;642;544
705;600;647;558
728;619;666;598
710;534;648;585
733;586;643;588
732;586;648;585
725;628;647;579
712;553;641;573
709;561;640;577
720;602;638;564
720;657;664;567
696;532;644;556
710;639;663;541
730;661;647;562
730;661;647;562
713;583;637;573
704;529;638;577
710;565;644;582
706;514;634;569
719;644;677;570
726;666;684;571
730;664;655;533
731;651;649;552
740;667;645;566
745;614;649;603
733;596;642;591
733;596;642;591
759;652;660;604
751;649;658;593
723;613;650;566
710;609;655;568
729;687;685;580
684;716;680;470
705;633;657;560
720;687;673;559
719;677;678;558
732;652;669;555
729;628;666;584
751;628;657;592
728;581;641;577
699;651;651;518
708;616;641;552
727;646;659;568
713;580;639;5
716;557;634;570
716;563;639;575
721;591;653;578
733;662;664;567
734;682;671;570
720;668;659;564
750;626;656;641
741;619;642;626
742;644;650;625
740;644;645;613
731;632;665;577
715;673;667;581
715;673;667;581
710;655;656;566
721;653;657;572
712;615;645;576
694;481;632;568
714;524;642;586
693;459;622;569
718;520;634;576
745;672;655;566
745;697;670;548
747;670;658;570
730;591;642;579
717;591;627;559
719;598;635;561
706;514;634;571
727;537;631;601
704;488;631;568
717;570;651;581
724;608;627;554
724;609;633;565
709;643;649;559
715;688;650;531
773;675;665;581
751;633;652;581
733;674;678;566
737;686;679;574
723;611;638;574
720;592;639;575
722;600;643;574
755;569;652;620
723;626;657;578
724;647;655;571
708;570;639;570
718;666;671;564
720;661;674;567
706;644;662;551
702;492;634;574
728;570;644;598
710;592;646;573
723;651;664;575
709;605;639;569
695;484;623;558
704;495;634;582
696;551;629;562
700;485;633;579
705;472;628;611
701;490;635;582
702;511;624;569
699;500;634;582
728;571;636;578
730;627;634;567
713;584;640;575
715;611;655;575
731;697;685;552
730;707;686;550
731;678;670;560
708;547;649;592
740;595;651;597
740;595;651;597
704;567;648;576
704;567;648;576
743;637;666;607
736;644;656;581
29;649;666;561
714;600;652;562
737;654;673;573
721;667;678;552
694;657;680;559
703;522;640;573
717;610;664;565
714;628;659;567
769;736;681;567
757;713;664;539
720;633;658;579
749;617;666;605
738;609;657;582
715;642;676;593
717;647;665;571
739;643;687;589
714;594;675;575
722;639;676;553
710;599;657;561
746;628;672;561
723;588;662;559
728;666;677;546
712;685;688;528
709;667;688;530
707;653;684;545
700;616;676;547
739;611;660;568
728;602;672;607
720;558;653;585
730;561;653;613
727;605;670;586
718;590;661;571
717;696;704;534
722;706;712;520
702;595;656;557
711;658;669;559
706;584;648;568
719;586;652;565
764;646;654;565
768;634;650;579
719;563;641;568
758;575;656;615
739;611;656;585
733;686;680;565
707;640;675;566
735;651;661;577
718;601;650;568
731;596;652;578
729;589;652;579
732;595;649;577
732;607;657;576
730;632;657;579
733;638;660;579
721;659;678;563
728;649;676;576
738;584;640;578
719;575;645;561
725;592;652;562
712;588;660;579
731;645;655;553
719;640;659;569
714;656;674;569
732;711;699;581
722;722;706;548
698;639;675;555
700;543;649;557
737;661;680;543
737;661;680;543
735;679;690;562
731;662;693;560
725;598;661;566
720;594;662;567
710;648;674;548
705;617;675;543
720;642;679;554
718;680;677;525
709;643;651;558
731;580;662;605
711;507;641;588
720;599;632;558
722;601;638;563
729;501;639;598
730;569;659;608
735;585;642;566
772;652;643;561
772;654;652;573
734;583;645;568
726;642;669;583
716;651;669;559
719;588;668;581
719;576;659;587
750;615;651;580
721;561;641;569
701;512;633;566
743;661;646;556
761;646;633;540
736;600;650;569
712;612;657;560
739;708;695;554
720;720;702;533
709;652;675;543
707;599;665;540
713;629;666;547
742;630;659;550
716;561;645;562
705;643;675;557
734;694;679;541
740;695;681;554
745;697;687;556
747;676;684;570
747;649;671;582
747;649;671;582
733;645;660;547
756;661;671;563
721;637;675;552
718;666;682;528
705;629;671;542
727;600;637;566
720;617;653;556
732;678;680;565
735;676;674;553
735;676;674;553
724;702;697;536
715;686;692;541
726;706;689;532
727;698;681;540
724;630;646;558
746;590;638;582
717;589;649;568
745;591;648;584
734;595;645;580
735;634;653;572
718;581;644;576
698;482;632;578
719;582;647;575
704;636;651;556
716;656;656;553
728;660;677;561
722;600;641;560
695;512;638;566
728;600;663;589
726;554;647;593
743;627;658;599
743;627;658;599
713;577;640;572
743;688;679;572
746;696;684;580
756;653;671;587
736;622;669;588
729;671;679;584
726;637;674;573
742;621;656;579
762;647;652;576
772;653;635;579
730;576;642;587
703;503;626;564
713;666;678;561
733;653;674;576
730;574;638;569
695;520;641;569
735;630;661;569
725;595;651;561
772;672;643;566
769;660;653;573
740;617;646;567
740;617;646;567
738;611;649;583
751;702;683;587
742;692;670;563
747;686;647;546
744;675;649;560
743;637;650;583
745;590;642;603
734;567;646;602
733;544;636;593
741;649;674;587
733;607;639;564
732;678;653;551
716;642;652;562
729;552;627;568
725;574;640;572
727;631;641;568
758;657;645;575
766;658;650;579
731;578;642;575
722;604;670;599
730;592;656;597
730;592;656;597
731;585;647;578
694;610;655;534
701;598;650;563
735;562;643;583
729;559;644;584
716;527;644;583
713;545;648;584
709;637;655;526
737;709;688;553
725;711;686;508
722;655;661;552
03;548;628;555
717;534;639;569
705;526;636;574
729;538;637;632
732;630;642;574
723;593;634;568
752;647;644;573
743;605;644;575
721;607;639;572
745;655;645;571
741;634;646;572
750;612;642;567
764;638;635;569
734;573;633;571
720;662;675;561
753;697;676;576
737;641;654;585
716;569;646;587
743;607;648;588
731;576;645;586
706;550;632;574
6;609;642;577
744;658;660;589
736;639;655;587
710;662;675;577
705;624;664;572
724;607;644;566
742;612;643;575
753;599;633;578
714;568;643;575
708;631;650;569
722;645;651;566
715;607;641;571
726;624;637;573
718;516;633;589
709;518;633;578
735;639;640;574
748;618;638;579
748;635;653;582
733;593;647;581
725;671;676;571
745;656;670;582
746;664;670;583
732;591;643;574
739;603;655;609
725;569;645;605
723;615;656;580
722;599;647;570
734;573;634;570
724;529;634;580
740;587;642;58
719;569;642;573
702;494;637;578
712;570;646;584
732;561;627;570
768;657;641;575
772;658;649;582
720;572;644;576
722;600;650;589
737;706;675;543
745;686;644;550
767;695;670;603
767;695;670;603
729;644;642;555
729;644;642;555
1;637;656;573
705;582;640;569
718;537;636;572
732;637;638;573
723;613;637;573
713;595;640;575
736;594;653;602
733;647;658;568
725;681;672;548
711;657;654;533
709;628;654;563
717;629;643;570
720;656;652;567
730;618;642;575
731;623;638;570
709;518;638;577
742;597;641;566
756;623;637;563
717;572;642;577
721;598;644;579
719;590;648;577
721;535;643;579
721;551;646;598
730;614;662;588
725;597;648;581
737;641;665;591
743;654;667;587
731;618;639;575
753;659;658;582
736;643;640;575
736;691;668;555
735;669;656;562
743;630;643;575
744;677;663;566
716;591;646;576
729;617;639;571
719;581;639;573
750;571;665;687
719;486;636;620
731;604;639;575
720;575;638;574
732;514;637;605
726;566;650;603
728;594;630;567
725;592;634;567
712;584;635;562
711;578;645;577
753;707;684;554
749;700;678;565
709;533;639;587
732;558;645;602
697;487;634;572
755;686;647;564
732;635;643;572
742;599;654;599
730;625;647;574
721;614;639;569
716;579;650;584
730;603;664;602
730;596;654;589
727;567;644;582
735;540;635;587
735;600;649;580
750;704;680;572
755;718;685;578
738;694;653;566
757;713;677;596
743;678;655;576
747;640;645;591
754;646;645;585
736;610;638;586
734;637;651;583
732;642;651;569
733;579;634;577
725;595;644;567
740;619;647;573
745;627;647;575
715;576;640;577
754;655;662;594
719;662;662;555
741;689;674;581
735;674;676;582
728;654;666;575
725;611;639;576
740;602;654;645
738;646;637;570
736;679;675;575
736;679;675;575
732;656;651;573
736;661;650;575
720;676;675;549
720;676;675;549
698;591;649;561
690;469;607;560
740;571;645;591
748;601;638;576
732;586;641;571
752;620;651;573
724;573;643;584
697;591;639;558
721;650;650;569
739;644;649;579
730;613;639;568
736;592;655;604
730;582;650;605
722;596;666;588
718;591;662;597
731;600;656;585
720;578;652;586
704;489;634;576
750;604;603;543
750;604;603;543
724;558;627;568
737;683;675;575
732;656;675;589
711;507;639;578
727;591;640;571
727;632;653;576
707;573;645;578
722;605;629;562
719;653;660;561
716;633;666;570
713;624;656;565
723;615;636;560
722;593;641;578
703;510;639;578
733;575;648;609
711;515;636;586
719;585;641;578
723;603;642;571
718;564;637;572
697;479;629;574
751;614;636;565
781;690;670;578
757;633;636;566
750;614;640;578
722;563;639;580
716;627;663;568
736;624;651;581
741;590;629;567
719;560;637;576
715;636;664;578
741;677;679;593
734;649;659;592
730;616;643;574
727;509;638;613
750;588;644;600
754;600;644;591
731;567;638;578
711;563;649;598
712;576;653;588
715;574;653;584
729;642;663;594
709;675;642;518
703;615;651;573
743;645;670;598
697;495;629;574
692;477;627;574
733;558;648;614
731;578;639;579
722;565;638;572
716;590;637;574
753;681;654;571
771;681;649;572
726;585;645;584
758;715;684;582
23;638;664;585
716;585;637;577
722;614;638;573
708;606;641;566
723;626;651;572
733;584;666;660
721;555;645;614
720;589;641;579
711;579;635;573
707;527;637;582
726;570;651;610
708;598;640;566
711;599;647;571
706;593;640;568
729;597;646;582
722;660;675;581
725;669;673;581
745;659;678;613
728;617;669;599
748;644;677;606
741;637;669;598
729;610;662;599
745;652;664;590
741;676;664;588
759;702;667;580
759;654;673;605
732;590;654;595
716;651;674;577
724;641;660;580
742;617;647;589
731;591;643;580
723;616;653;579
712;578;646;586
732;593;651;606
740;617;668;615
763;659;677;622
733;604;655;590
725;602;645;577
723;604;650;577
716;572;643;571
719;662;671;570
719;662;671;570
708;660;664;562
726;685;667;556
730;629;653;582
737;615;660;602
721;547;646;597
731;584;640;575
739;591;638;575
732;582;639;575
733;568;640;580
740;585;646;586
737;590;645;580
723;599;661;587
727;601;668;593
739;453;632;688
713;495;639;622
724;505;643;636
715;516;644;607
711;477;624;575
718;575;661;593
709;641;661;562
717;620;661;581
713;515;641;613
725;511;643;646
708;528;639;580
738;554;653;671
739;635;678;606
722;646;672;580
722;646;672;580
700;604;646;566
703;604;650;576
709;511;640;580
715;563;606;563
721;582;637;574
696;482;629;576
723;530;633;576
721;534;634;577
730;567;643;577
740;607;657;602
741;594;644;582
741;602;649;591
742;596;645;584
722;577;646;585
736;674;681;599
729;666;679;595
727;661;672;580
745;684;657;577
709;578;645;585
696;481;624;573
731;559;638;579
732;619;652;586
740;642;656;579
719;546;644;593
747;599;651;594
747;599;651;594
759;648;659;580
771;652;649;574
749;669;676;557
725;665;665;520
706;632;667;560
736;678;676;579
715;625;640;568
723;613;643;576
741;651;657;587
746;671;681;599
732;615;653;580
715;565;638;576
722;594;659;588
732;603;637;570
734;648;667;569
757;646;674;607
735;674;679;553
735;674;679;553
737;685;680;562
742;680;680;580
743;654;660;577
736;680;683;562
704;594;656;558
723;643;653;567
724;627;661;565
719;656;689;528
718;618;668;566
733;660;665;570
723;613;637;566
713;593;641;571
745;606;673;623
727;590;657;573
733;593;646;570
705;640;676;558
713;635;670;561
726;667;688;592
735;674;660;561
735;674;660;561
710;578;638;571
738;631;649;580
725;580;647;571
737;608;644;575
765;653;644;572
772;671;660;571
727;626;674;559
734;638;683;58
725;582;658;589
737;662;670;569
733;650;657;556
725;606;670;587
725;606;670;587
726;716;703;527
705;607;651;547
729;627;676;602
721;567;648;585
706;528;621;559
732;604;645;575
707;561;642;572
735;594;646;584
745;682;679;563
723;614;656;565
711;584;658;569
734;634;663;580
727;650;663;558
715;616;656;564
742;609;652;581
733;598;650;577
714;660;677;563
706;606;656;560
749;668;684;579
746;663;675;567
731;689;684;552
715;656;674;556
725;648;674;542
739;652;679;573
743;640;667;569
721;662;676;554
706;651;672;553
716;667;677;556
726;692;686;568
721;681;692;548
747;685;700;590
727;666;688;555
746;616;646;566
733;573;635;569
726;586;652;581
728;603;654;586
759;591;647;666
739;587;638;602
745;609;653;649
738;605;640;592
741;616;647;581
757;669;680;606
770;674;658;574
726;609;646;537
726;609;646;537
702;614;657;558
740;629;674;614
741;621;654;611
737;620;648;588
736;642;663;600
744;655;667;597
739;642;656;584
758;669;670;599
738;654;676;578
44;692;682;562
750;698;683;572
736;596;647;564
738;614;644;576
737;700;685;573
704;588;649;571
727;543;648;613
738;639;648;593
738;639;648;593
727;618;642;575
736;585;639;576
743;610;659;577
734;623;657;575
736;680;679;553
722;654;674;557
731;662;664;559
731;662;664;559
744;626;647;567
749;657;656;570
748;637;652;567
721;660;675;579
710;627;659;572
744;648;669;572
734;683;682;567
723;679;683;563
704;643;675;549
718;671;676;569
714;588;644;569
737;603;639;565
753;643;646;575
766;653;638;574
732;588;642;582
740;589;649;591
747;676;676;582
704;711;695;542
699;610;647;560
723;529;624;594
744;682;678;548
744;682;678;548
719;601;653;574
696;537;629;536
740;607;671;614
775;694;690;646
719;574;650;564
734;646;643;560
722;592;636;563
729;631;642;5
720;587;639;574
717;622;655;563
709;579;648;563
720;611;649;563
745;692;667;570
759;704;659;560
720;571;635;5
747;714;682;566
733;679;678;582
708;522;641;580
742;607;638;579
721;568;639;579
722;534;637;594
700;488;630;571
711;567;644;583
721;600;665;586
721;597;654;580
718;603;659;587
709;632;659;564
712;582;646;565
718;578;640;576
687;477;620;562
719;564;650;597
729;582;639;574
732;626;652;559
727;665;675;550
710;670;682;551
764;694;694;619
747;601;652;603
741;698;683;545
732;678;677;577
701;561;639;544
745;652;665;583
734;620;655;576
731;678;688;568
717;694;699;540
703;658;683;541
726;666;671;557
741;635;655;581
733;624;670;592
747;663;680;605
743;702;700;569
735;658;674;550
740;664;675;553
731;595;643;567
731;626;659;566
728;660;681;552
731;687;692;547
724;672;689;550
727;684;701;544
735;701;697;546
735;701;697;546
736;687;683;553
737;679;681;548
730;642;664;564
719;664;680;559
703;619;655;561
714;594;649;570
738;652;668;581
739;617;655;580
745;647;645;569
734;648;634;561
768;710;679;562
759;666;656;556
731;610;656;570
713;649;678;560
723;698;686;554
723;698;686;554
724;669;662;559
64;671;668;670
749;667;648;603
752;662;657;627
759;672;656;621
753;676;654;586
729;690;677;552
706;652;672;550
704;626;660;566
708;570;645;569
709;626;652;565
723;632;636;565
709;574;636;573
701;548;651;574
710;619;647;569
702;526;643;572
728;686;687;572
712;702;685;491
705;667;680;539
694;562;654;557
729;643;655;577
733;609;643;574
711;534;632;576
717;586;657;590
730;683;688;593
728;703;692;564
703;583;651;565
747;664;649;631
742;630;646;616
734;556;640;632
727;528;645;630
729;564;637;577
724;572;642;577
704;514;637;578
718;569;652;602
718;569;652;602
695;667;673;544
723;600;641;578
743;673;645;569
744;677;639;563
716;613;641;572
717;652;648;568
765;711;674;564
767;685;673;578
735;625;662;586
723;687;684;573
720;685;683;569
736;670;671;583
736;667;654;574
749;629;668;665
737;633;660;613
725;662;652;576
725;666;644;554
755;689;678;612
759;665;685;600
759;665;685;600
723;629;672;574
746;670;682;557
718;572;645;572
721;616;642;576
765;700;655;560
756;659;644;562
724;663;678;560
701;664;679;554
702;648;680;563
704;643;686;566
735;687;692;555
732;697;694;561
718;662;685;549
732;671;684;558
719;602;649;565
728;598;646;570
765;651;643;570
773;678;665;577
721;683;687;549
688;714;698;488
731;683;679;551
731;683;679;551
753;702;696;542
753;702;696;542
715;634;675;561
717;634;680;560
756;673;664;557
755;667;677;569
780;699;681;554
779;698;681;547
721;663;680;555
721;663;680;555
723;672;690;597
729;652;682;603
720;639;661;563
740;642;668;566
733;613;659;602
724;552;664;657
731;613;656;608
749;690;683;585
757;660;658;603
721;635;668;561
737;623;652;583
709;591;644;559
739;648;655;577
739;593;639;569
725;606;652;564
752;718;688;567
734;678;654;558
734;654;627;551
737;648;648;572
745;667;656;575
714;591;634;574
740;652;654;583
738;659;667;565
722;617;649;555
734;695;693;570
709;700;688;502
720;668;665;548
727;645;659;552
741;700;689;555
756;710;699;572
746;676;677;578
736;706;695;558
729;709;688;537
717;694;687;555
703;638;661;551
726;627;639;568
726;616;641;565
752;631;662;584
736;629;665;573
727;608;660;579
725;607;660;585
735;618;664;598
744;674;677;573
747;678;673;563
735;652;658;562
738;609;663;634
746;606;656;632
742;654;648;555
742;634;637;567
726;585;636;569
704;632;659;563
736;601;661;582
729;586;656;565
720;674;679;560
706;570;654;560
748;618;659;557
729;636;675;563
727;662;683;567
715;631;663;567
709;657;679;557
718;671;666;559
709;541;649;573
714;598;658;580
714;598;658;580
737;625;659;567
722;646;656;565
713;592;635;570
719;669;657;562
734;624;653;582
735;588;651;592
721;586;648;584
696;642;665;560
706;676;679;564
716;665;679;536
713;623;659;565
740;639;670;600
730;606;645;588
751;669;671;609
747;670;657;594
759;702;681;601
745;673;657;585
728;653;669;568
739;673;684;571
738;659;664;582
726;626;639;573
741;616;643;607
739;635;644;591
702;513;637;583
711;516;641;605
733;557;658;620
728;584;636;590
741;624;638;580
725;610;636;568
723;654;671;570
753;723;685;557
778;710;677;574
749;630;656;585
731;673;683;585
744;703;687;580
748;702;676;550
744;672;650;577
766;695;673;607
753;679;664;585
733;681;677;558
756;691;678;594
718;591;643;567
740;666;661;573
736;651;644;567
727;603;637;570
753;615;669;676
753;638;655;615
750;621;646;589
742;653;664;574
717;671;676;549
707;629;657;560
711;555;635;562
741;611;644;569
721;618;645;571
727;657;658;548
729;683;662;549
720;642;667;560
730;662;680;568
731;708;690;558
690;699;683;487
710;688;681;552
719;681;678;535
703;631;674;554
732;617;662;562
728;565;639;576
712;598;666;588
709;560;647;581
736;607;676;598
731;568;648;567
745;607;650;564
727;647;678;549
727;647;678;549
703;619;677;551
721;677;669;556
736;689;681;576
734;675;680;581
717;581;655;580
718;615;658;574
753;692;679;578
755;699;668;545
729;603;649;565
742;614;655;570
723;584;655;569
735;715;690;559
743;709;686;571
756;723;689;580
748;705;687;576
737;661;676;577
744;633;660;581
704;533;642;570
724;576;653;591
740;622;660;578
731;590;640;575
718;605;647;573
712;596;650;563
699;656;678;547
701;645;682;546
733;600;647;552
740;612;651;563
722;640;649;567
737;682;686;582
737;682;686;582
731;614;673;594
742;611;656;577
744;666;678;565
728;669;680;549
706;657;676;554
720;658;675;560
722;648;671;550
741;671;683;552
724;651;682;555
744;674;685;568
740;663;684;562
703;662;684;539
700;646;679;558
754;682;677;596
729;586;660;610
725;615;643;569
720;590;643;571
723;603;646;568
764;670;657;573
770;678;647;557
721;673;679;557
721;673;679;557
732;715;705;585
741;646;680;627
754;634;659;607
741;623;662;606
740;608;640;583
728;583;642;583
737;603;675;618
726;534;652;614
720;537;648;594
720;591;664;577
720;574;653;576
738;613;658;583
740;672;670;564
729;662;667;563
704;641;678;554
705;599;675;549
720;619;671;559
734;639;672;556
734;591;640;576
731;632;679;604
713;559;648;597
696;473;619;575
710;513;637;584
696;626;641;558
697;579;640;567
719;620;643;571
715;582;644;573
715;582;644;573
733;611;653;572
703;559;650;570
713;616;658;566
704;658;679;552
714;676;685;555
754;661;674;590
754;685;688;600
754;685;688;600
729;675;692;569
707;602;663;565
744;684;682;562
749;674;675;562
738;647;658;567
716;676;681;562
704;663;680;566
736;687;689;556
718;613;655;569
730;654;681;583
759;654;673;650
761;660;678;617
715;572;652;581
728;664;670;570
752;665;662;565
752;665;662;565
732;665;676;552
667;698;681;467
702;657;681;538
712;660;688;523
715;686;692;553
737;675;684;529
721;593;654;568
704;580;655;565
717;625;655;574
736;647;672;587
741;632;671;596
699;578;666;547
733;678;677;561
741;649;669;589
717;589;642;574
