114.567999999999
80.1739999999993
69.3099999999994
147.723999999999
104.271999999999
94.2439999999995
160.572
88.5839999999997
83.8059999999998
120.402
3.98599999999965
120.958
42.2119999999995
80.1699999999996
74.0079999999996
169.022
-35.6340000000003
41.7659999999997
-49.1500000000003
139.098
135.808
47.8619999999999
61.0139999999999
46.2239999999998
215.372
23.7979999999998
80.4459999999999
36.1539999999999
101.47
9.87999999999977
194.322
120.87
146.612
49.7779999999998
145.862
101.572
168.29
162.194
133.548
-14.4860000000002
-14.4860000000002
-14.4860000000002
-6.32800000000015
195.364
181.34
97.064
128.8
148.132
188.94
102.594
102.594
110.53
104.972
153.908
23.8660000000005
10.8060000000005
25.5340000000006
102.834
267.672
15.2960000000003
74.1100000000002
56.3539999999996
90.9559999999995
119.742
44.7539999999995
92.8079999999995
184.545999999999
32.8859999999995
28.2079999999996
108.736
161.7
156.86
206.542
149.074
44.0579999999997
230.564
127.328
151.102
257.666
17.4619999999995
138.434
136.184
188.75
204.324
122.88
192.084
87.3860000000001
3.37800000000004
54.51
72.8840000000001
99.8240000000001
64.148
80.8539999999997
73.3319999999996
154.88
105.492
127.212
34.0519999999997
88.5099999999997
110.844
166.186
73.7139999999998
105.97
2.05799999999959
202.636
185.428
232.304
140.724
74.1279999999997
128.296
69.8619999999997
140.08
153.788
58.6059999999997
144.818
153.876
172.032
174.084
66.6779999999999
121.902
196.462
196.462
181.802
161.348
135.456
138.71
86.408
59.9799999999999
21.6159999999999
147.694
66.0339999999999
-0.660000000000139
156.656
13.8120000000001
199.706
44.026
129.822
58.7999999999999
14.1599999999999
65.0159999999999
140.526
125.972
-14.976
-14.976
7.99000000000001
-6.36999999999995
102.178
-23.248
11.1800000000002
44.8900000000003
15.3940000000003
168.55
111.514000000001
75.1180000000006
90.1540000000006
59.1500000000004
54.0480000000003
94.1500000000003
207.902
87.2800000000003
49.7560000000003
9.98000000000025
143.416
62.8040000000003
114.654
28.8700000000003
100.776
127.544
59.0640000000003
132.712
85.0240000000003
100.724
227.45
63.9360000000001
196.118
-0.332000000000107
83.1119999999999
50.9279999999998
114.648
68.3099999999999
125.888
110.072
-11.9680000000001
111.854
57.18
95.056
31.6200000000001
30.218
99.272
59.3340000000001
125.998
126.756
21.308
17.13
52.196
104.23
70.294
89.6
71.4039999999999
73.206
144.81
72.9959999999999
101.024
176.512
223.67
82.5420000000001
123.284
85.5220000000002
80.9160000000002
150.724
92.5020000000001
199.836
119.382
31.4040000000002
109.046
88.4720000000003
56.9520000000003
34.2260000000003
174.788
137.522
130.292
173.184
127.432
72.1280000000004
126.888
16.1360000000004
145.826
117.552
75.1140000000005
122.2
3.67800000000045
172.85
19.9780000000005
119.154000000001
141.772000000001
70.6560000000005
96.7540000000006
66.4640000000005
168.058000000001
41.0380000000003
96.0040000000004
29.9580000000004
157.608
129.162
143.134
195.394
108.918
80.7260000000003
67.3780000000003
85.9400000000003
45.6660000000003
194.12
99.7400000000003
-17.2399999999997
16.7560000000003
19.3960000000003
60.6300000000002
50.4260000000002
125.148
130.862
113.122
106.102
4.99200000000019
5.24600000000021
28.5840000000002
5.52800000000019
44.0040000000002
43.0200000000002
112.85
112.85
185.118
141.83
118.012
119.698
81.1600000000003
33.7260000000003
110.252
27.9480000000003
162.33
103.664
-22.2859999999997
129.826
42.6700000000003
111.178
-4.16799999999967
-27.3559999999997
41.5200000000003
150.638
92.8860000000003
88.4560000000002
122.692
-19.4239999999998
27.2300000000003
89.9920000000002
75.7920000000003
49.1160000000003
66.7640000000002
64.6400000000002
201.506
126.894
126.894
55.8160000000003
29.4140000000001
41.7880000000001
58.9879999999999
218.932
115.614
-0.866000000000042
-15.3800000000001
50.5019999999999
-27.0280000000001
-38.9100000000001
-38.9100000000001
157.5
118.386
102.942
116.022
157.618
178.272
123.74
66.5280000000001
124.378
36.6000000000001
210.99
69.9100000000002
122.742
22.2600000000002
131.378
111.562
9.79800000000006
45.6700000000001
162.95
101.042
117.062
-18.2439999999998
8.82600000000019
241.52
50.25
109.464
130.446
35.658
132.392
99.1679999999999
127.432
51.7779999999999
49.8779999999999
90.3039999999999
36.4599999999999
130.626
113.374
145.408
213.026
47.0079999999998
175.814
53.4679999999997
19.5579999999996
148.662
105.186
19.4219999999993
19.4219999999993
19.4219999999993
158.117999999999
158.117999999999
158.117999999999
158.117999999999
158.117999999999
158.117999999999
-25.7240000000004
161.97
64.7699999999998
7.80999999999977
97.3799999999998
156.992
156.992
-14.1300000000002
87.8759999999998
154.71
43.4899999999999
179.322
115.976
43.4279999999999
102.792
-4.36800000000017
132.27
90.4439999999998
173.126
122.608
73.9819999999998
114.808
55.3759999999997
68.0399999999998
55.3719999999998
77.8739999999998
96.3779999999998
207.492
115.806
62.612
162.394
31.4959999999998
106.65
21.3299999999997
116.2
125.628
33.3519999999997
55.1959999999997
198.086
51.0239999999997
135.682
66.4639999999998
103.986
149.758
168.55
213.12
132.226
23.8939999999998
46.2999999999997
86.1279999999998
15.2519999999997
127.176
147.58
105.35
115.902
139.572
97.336
92.296
143.676
128.64
58.714
146.77
32.7640000000001
173.008
35.4280000000002
-12.2079999999998
98.8040000000004
53.9020000000003
114.81
124.026
107.504
225.36
121.064
127.772
110.098
25.9700000000004
176.324
107.812
144.018
115.14
94.2000000000003
138.93
143.504
65.5960000000003
157.028
151.504
116.534
58.9840000000005
88.8100000000005
90.0620000000005
108.126
208.628
86.2980000000002
114.606
15.8360000000002
128.256
115.208
137.732
128.986
112.668
93.6520000000002
190.028
93.6300000000002
75.4020000000002
31.8820000000002
15.7680000000002
73.4640000000002
103.936
95.8720000000002
31.5020000000002
76.9000000000001
153.212
11.6700000000002
126.42
64.2980000000002
179.124
101.676
55.3900000000002
34.4460000000001
57.35
185.168
12.5360000000001
87.4320000000001
127.29
95.4980000000001
185.188
76.8500000000002
-40.3919999999998
77.4920000000002
36.0000000000002
119.8
-16.7899999999997
65.3320000000002
160.528
158.766
6.65400000000045
151.992000000001
60.0480000000005
49.7700000000006
-34.3379999999995
19.9280000000005
170.786000000001
13.3580000000005
6.89200000000051
32.7860000000005
115.984
171.856
94.1740000000004
100.272
29.4400000000003
142.448
66.5700000000002
28.0980000000002
193.87
104.992
47.6760000000001
83.6120000000001
157.304
108.602
218.334
144.72
153.192
151.228
58.9940000000001
159.54
239.47
120.274
97.754
173.982
-2.84000000000032
110.782
118.208
95.1679999999998
80.1039999999999
116.432
102.194
4.94199999999984
157.048
207.076
50.1259999999998
-4.69600000000014
122.974
122.974
104.206
141.24
69.99
-76.234
-11.6960000000001
24.456
129.89
42.0920000000002
143.924
146.992
75.4160000000002
77.0420000000001
170.834
121.008
69.814
114.24
117.478
67.4119999999998
57.9499999999999
64.7159999999999
-24.7560000000001
101.858
12.8220000000002
19.9260000000002
142.48
92.7660000000001
57.7880000000002
28.0180000000002
44.8080000000002
42.9100000000003
87.1540000000002
147.102
56.5140000000002
104.374
2.73400000000026
64.7240000000002
-8.72199999999981
178.966
58.1699999999999
22.6879999999999
56.7559999999999
9.3499999999998
24.0839999999997
116.446
61.8879999999996
42.7559999999997
142.172
13.2519999999998
35.6819999999998
71.4459999999998
133.678
163.106
107.46
56.7519999999996
0.99399999999963
100.908
148.264
129.179999999999
71.4019999999995
81.1139999999995
94.3599999999995
118.493999999999
137.122
44.8559999999995
193.531999999999
22.6879999999995
77.6299999999995
49.3939999999996
75.8479999999995
115.154
115.154
63.0119999999995
-3.74200000000047
90.9019999999995
2.40599999999949
140.47
86.1499999999998
-8.40800000000024
72.2579999999998
-15.4280000000002
59.3679999999998
39.0719999999997
201.172
86.6479999999995
113.127999999999
43.6399999999995
143.879999999999
148.231999999999
65.6839999999997
120.482
8.39799999999974
68.3099999999998
135.594
147.06
94.9299999999998
69.9499999999998
-3.10000000000019
89.9339999999998
-11.7220000000002
44.7019999999998
106.57
59.2219999999999
92.7999999999999
128.968
78.1559999999998
-54.6840000000001
39.5579999999999
86.0599999999999
12.6359999999998
112.828
39.5039999999998
91.9679999999999
88.5679999999999
95.1419999999999
187.95
162.778
149.688
145.332
27.9060000000001
97.0500000000001
89.724
209.69
134.774
134.774
20.1800000000001
106.048
69.1360000000001
154.83
123.67
110.732
128.25
160.94
184.652
77.376
41.6960000000001
77.3740000000001
168.468
90.7640000000002
94.3280000000001
52.1440000000002
10.3040000000001
14.8160000000003
40.2100000000003
55.4120000000004
138.934
191.436
89.9840000000003
39.3740000000003
56.6360000000003
101.884
-1.82799999999969
109.904
158.59
123.916
28.4420000000002
122.252
64.7480000000002
78.1560000000002
160.642
38.0700000000002
79.1020000000001
-45.2639999999997
78.0200000000003
50.5220000000003
41.8380000000003
106.556
154.944
109.96
25.2920000000002
68.9460000000003
140.046
48.6920000000001
111.322
122.858
34.1500000000002
80.8940000000001
40.408
152.454
1.16199999999998
3.9439999999999
64.2379999999999
200.632
41.99
-73.3159999999999
55.188
80.5340000000001
-47.5459999999999
201.268
-49.532
-42.026
-38.956
-38.956
-4.35199999999992
64.3080000000001
102.468
88.9720000000002
143.244
-37.9519999999998
78.7220000000002
165.06
62.0840000000001
43.7
89.1860000000001
75.6780000000001
58.0880000000001
84.9900000000002
72.2180000000001
3.37200000000007
-4.81799999999981
-35.1839999999999
45.6440000000002
81.8680000000003
105.084
125.812
90.0120000000002
140.932
138.448
