-1.39999999999452
-32.5559999999947
17.5920000000052
14.400000000005
21.7760000000048
-67.9639999999957
-89.9219999999959
2.57200000000387
69.7180000000036
17.4300000000034
-10.8079999999966
-5.53599999999676
128.368000000003
102.024000000001
91.9620000000014
108.294000000001
-36.6899999999993
146.094000000001
65.9620000000003
88.1040000000003
169.062
45.1500000000003
102.29
158.58
158.58
155.602
61.9380000000002
3.56800000000027
-23.1219999999997
0.556000000000324
75.7720000000003
130.878
113.376
62.7820000000002
16.8580000000002
102.056
86.594
163.466
84.514
30.776
105.098
100.114
42.532
136.064
28.2460000000001
66.9260000000001
101.144
114.534
183.668
4.35400000000033
32.7740000000002
150.592
140.676
-98.3359999999998
125.616
152.272
279.782
116.872
15.1600000000001
127.706
104.012
135.366
120.652
42.816
111.052
129.976
19.2920000000001
132.344
46.1160000000001
161.132
84.7580000000001
-21.7159999999999
72.6200000000001
154.36
154.36
89.8040000000003
244.73
115.348
72.1280000000003
43.4920000000004
121.792
99.1340000000004
14.5960000000003
12.6600000000002
58.9160000000001
108.968
14.6220000000001
143.784
80.058
-30.684
129.694
31.884
121.638
95.134
61.974
110.06
-42.112
99.606
49.396
17.7699999999999
95.5399999999999
32.6059999999999
130.934
158.126
112.004
98.5459999999998
169.004
59.1579999999999
22.5379999999998
106.834
57.5059999999999
127.208
23.5699999999999
94.5659999999999
75.276
109.994
138.588
116.76
68.5799999999999
72.6399999999999
138.696
236.8
105.67
110.66
102.894
124.816
68.594
79.76
147.452
86.096
47.1780000000001
72.3860000000001
107.798
172.61
62.9640000000003
15.8040000000002
63.8700000000002
43.1360000000002
-41.3999999999999
112.74
124.624
-25.6459999999997
137.75
142.114
171.168
129.868
66.6020000000005
-2.4079999999995
97.1300000000005
77.4980000000005
139.47
109.608
19.4980000000004
162.852
95.1820000000003
135.846
81.3120000000002
49.6520000000002
116.214
39.1980000000002
160.72
27.0260000000002
100.878
126.84
70.3340000000002
112.646
66.4900000000002
124.034
71.2140000000001
183.532
101.03
109.938
167.53
22.5400000000002
167.37
95.0680000000001
114.594
87.8300000000002
156.234
120.238
62.2640000000001
131.016
-14.3920000000001
126.776
-45.72
-32.586
72.084
153.466
102.45
102.45
-16.8579999999999
-19.766
40.4540000000001
103.046
45.8340000000001
80.1620000000001
93.2900000000001
58.8140000000002
54.5900000000002
118.486
157.808
23.3600000000001
39.6200000000001
7.82400000000007
147.704
151.452
161.438
116.33
264.388
106.726
97.9640000000001
125.478
35.8340000000001
234.02
118.084
214.934
153.376
207.146
125.952
46.616
46.616
65.5079999999999
-7.09000000000009
9.12399999999991
16.8659999999999
63.7879999999998
-4.65800000000019
87.7739999999998
3.71599999999984
101.892
160.88
85.8239999999998
-18.9160000000002
77.4019999999996
55.8879999999996
0.575999999999624
59.3759999999996
-10.3580000000003
110.658
61.3719999999994
32.0399999999995
132.722
68.3859999999996
-14.9680000000005
97.5939999999995
184.884
258.382
145.618
104.548
-10.6780000000003
91.2639999999997
77.4319999999997
141.014
160.138
52.3139999999997
111.494
74.2739999999997
-16.2260000000003
110.36
58.6719999999997
175.348
97.2239999999996
6.26999999999964
85.9919999999997
128.602
2.87999999999965
41.9199999999998
22.7779999999998
92.942
78.192
195.674
69.4800000000001
50.34
108.964
87.052
216.828
260.714
165.436
-4.04600000000033
44.6539999999996
104.556
24.9399999999995
34.6339999999994
106.289999999999
125.685999999999
18.4559999999996
60.5839999999997
112.346
25.4059999999997
110.566
1.23999999999967
11.9079999999996
51.6259999999996
47.5759999999996
105.326
149.369999999999
150.563999999999
17.3859999999993
22.1359999999996
136.61
52.8419999999998
101.174
146.988
12.13
65.098
114.752
83.724
122.244
63.8800000000001
131.738
118.66
119.656
97.5540000000001
41.1900000000001
27.6380000000001
62.6840000000001
128.724
87.4380000000002
125.18
-2.08799999999991
2.3660000000001
108.02
88.5840000000001
147.822
62.5339999999999
-7.90000000000038
111.634
85.2139999999997
31.3379999999997
103.868
60.3459999999996
119.682
151.728
113.864
189.962
48.4819999999995
123.851999999999
152.083999999999
142.331999999999
139.405999999999
13.4219999999992
67.8579999999993
-12.7160000000007
39.6339999999992
80.6179999999993
143.219999999999
101.955999999999
81.7519999999993
0.3919999999992
146.105999999999
132.001999999999
103.829999999999
59.0019999999992
23.2779999999993
130.769999999999
199.27
190.496
230.364
210.774
56.9819999999999
47.1939999999998
20.2819999999999
77.1299999999999
106.896
-9.65800000000013
105.632
-10.1679999999999
94.6200000000001
-22.4719999999999
-3.8359999999999
-37.3979999999998
94.8040000000003
66.8100000000003
86.8480000000004
16.4400000000004
28.0620000000004
110.326
2.06600000000049
-19.6459999999996
73.1460000000004
14.9000000000004
127.886
80.7560000000004
61.4080000000004
103.258
103.88
160.882
86.4480000000003
37.1140000000002
52.1860000000002
-9.73799999999977
-7.04399999999976
4.95400000000029
152.084
108.254
19.4700000000001
86.3860000000001
47.2440000000001
107.656
98.7140000000001
104.682
35.7080000000001
-0.587999999999965
-0.587999999999965
-0.587999999999965
141.06
104.388
136.304
173.942
69.8559999999998
40.9959999999997
46.6039999999996
122.928
36.8619999999997
-38.0200000000003
-13.6440000000003
-7.74000000000024
130.088
130.996
130.794
85.7879999999998
57.7579999999998
31.6479999999998
45.7799999999999
81.712
6.54599999999994
129.616
18.4999999999999
98.3539999999999
114.366
9.23399999999992
131.11
61.422
190.532
55.312
48.2139999999999
89.9419999999998
75.7539999999999
-33.472
25.4279999999999
128.818
32.4320000000002
149.476
166.26
117.942
58.8680000000001
13.6260000000001
114.75
94.1680000000001
78.6920000000001
145.968
83.6420000000002
60.6140000000002
60.6140000000002
139.346
64.3360000000002
45.8960000000002
68.0900000000003
141.444
98.6120000000003
14.0180000000002
14.5480000000002
154.55
86.8400000000001
74.5860000000001
33.2720000000001
24.2460000000001
24.4880000000002
28.4080000000002
29.3840000000002
167.618
114.282
79.6200000000001
-26.3360000000001
101.806
51.814
9.44999999999982
3.35399999999981
13.3019999999997
20.2999999999997
-125.54
-72.9740000000002
-150.434
-21.1460000000002
-5.14400000000018
59.1379999999997
27.8899999999997
-12.9140000000003
-62.5600000000003
30.3739999999997
-1.48800000000034
46.9439999999997
20.8319999999997
114.23
57.7839999999995
122.869999999999
125.645999999999
55.6639999999994
41.7599999999994
41.8739999999995
153.982
130.278
51.4059999999997
68.8219999999998
258.612
85.9139999999998
74.5239999999998
149.148
242.388
177.062
41.9579999999999
150.336
116.37
119.996
48.9019999999999
129.088
197.606
176.344
147.812
55.3159999999999
34.1019999999999
66.2419999999999
39.666
147.842
129.44
121.43
145.504
20.8160000000004
89.2820000000004
115.308
81.0140000000004
13.1500000000004
143.238
143.238
133.676
12.4880000000002
85.3760000000001
19.3419999999999
17.8579999999998
25.4959999999998
31.3899999999998
113.93
128.754
176.48
51.6019999999999
90.7759999999999
25.174
42.162
35.512
148.478
13.7220000000001
16.8080000000001
9.88200000000001
117.542
139.032
48.512
197.048
-43.6680000000001
113.072
137.894
128.15
224.73
89.0679999999998
69.7199999999997
114.3
127.402
30.5079999999997
152.772
213.966
30.5659999999998
131.298
146.192
84.7119999999996
59.4799999999996
57.1059999999995
49.2819999999995
63.9859999999994
93.2279999999994
31.7539999999995
-2.96600000000058
113.963999999999
137.321999999999
67.5779999999993
63.3439999999993
71.9759999999994
99.8479999999995
71.9899999999994
161.134
48.8699999999997
68.1819999999997
130.538
26.4479999999997
135.676
57.7879999999997
107.036
82.8259999999997
103.528
89.1059999999995
131.902
117.388
64.1919999999996
13.3139999999997
101.75
178.268
9.49799999999971
55.5419999999996
2.99599999999987
52.2159999999999
93.8040000000004
20.9100000000005
38.5180000000006
86.8780000000007
178.262000000001
192.198000000001
-4.01399999999927
146.678000000001
-2.14399999999927
59.7480000000007
73.5500000000007
209.672000000001
265.518000000001
134.786000000001
115.742000000001
140.736000000001
171.484000000001
77.7700000000006
124.798000000001
155.944
99.1640000000007
170.070000000001
104.952000000001
127.876000000001
-7.13199999999961
129.428
45.3080000000004
-7.37599999999969
114.66
-35.3380000000001
-37.8440000000001
69.0319999999999
-5.02800000000008
160.394
51.9839999999999
157.938
121.432
152.514
95.24
114.564
105.342
40.928
32.004
110.11
201.08
201.08
37.03
49.7239999999999
84.5159999999998
86.7099999999999
71.7299999999998
131.846
184.426
119.416
161.006
6.18599999999992
-23.048
81.0220000000002
68.4840000000002
-23.8899999999998
28.7180000000002
79.8380000000003
3.75000000000034
86.0380000000004
68.5480000000002
156.856
93.8680000000002
43.2420000000001
107.334
128.814
173.152
70.1260000000002
168.282
68.9060000000002
117.668
93.9660000000002
102.65
108.484
216.182
93.5300000000003
126.296
45.1700000000004
165.926
80.0640000000003
114.892
55.8780000000001
36.3459999999999
107.646
195.762
127.216
67.4299999999994
83.4639999999996
133.81
133.228
163.306
82.8999999999999
-57.1500000000001
-57.1500000000001
45.6799999999999
-36.0700000000001
-36.0700000000001
147.718
33.8199999999998
112.174
63.6199999999999
106.824
-10.2000000000002
6.24599999999975
150.89
183.914
154.732
154.732
-36.1660000000003
96.1979999999996
35.5099999999997
73.8359999999996
12.7839999999996
137.366
93.9359999999997
25.7339999999997
-1.5660000000002
54.9679999999997
22.8259999999998
1.54399999999964
-13.5180000000004
78.5699999999996
91.1019999999996
92.2279999999997
145.762
27.4639999999993
83.2519999999993
94.9399999999993
54.7739999999993
88.1639999999993
132.215999999999
41.9899999999993
46.3479999999993
46.9399999999993
49.4259999999993
136.703999999999
93.1019999999993
197.695999999999
201.047999999999
162.015999999999
187.327999999999
130.533999999999
116.445999999999
27.6879999999995
63.0999999999996
119.917999999999
203.39
185.726
123.489999999999
157.257999999999
113.035999999999
79.3619999999995
55.7899999999995
101.459999999999
99.6799999999995
42.0299999999994
74.2399999999994
133.485999999999
90.2099999999995
-12.4140000000004
12.2919999999996
41.5659999999997
138.28
120.946
-36.4640000000004
37.3219999999997
102.828
38.0799999999997
74.8039999999997
19.7039999999997
1.52199999999971
14.7399999999997
