700
692
756
719
689
699
690
687
682
672
686
746
689
680
681
708
691
685
686
696
697
692
698
691
681
719
687
690
690
685
684
705
691
705
695
695
696
747
695
709
727
762
745
695
690
708
740
703
711
721
745
745
681
689
726
693
735
748
695
675
705
731
704
702
714
734
762
763
690
700
699
683
687
772
700
714
721
689
740
762
743
692
681
698
707
696
737
693
721
699
702
695
719
711
685
697
726
715
681
740
765
723
689
748
674
722
689
695
757
685
692
721
735
704
685
750
713
659
698
726
764
724
689
747
712
680
686
706
689
684
684
698
735
721
746
717
699
730
702
707
719
725
692
684
687
740
687
677
708
756
717
684
727
694
686
719
694
748
767
718
686
747
685
726
715
726
741
729
688
718
718
728
756
694
718
685
683
741
694
692
720
742
693
688
732
711
702
714
687
709
701
725
728
709
677
689
726
709
695
695
751
736
695
694
706
729
742
764
732
750
714
755
706
712
704
731
696
721
695
730
700
723
698
706
739
742
690
745
696
730
762
682
683
698
692
684
725
747
726
724
743
749
704
694
727
758
688
708
719
686
776
755
709
710
704
692
743
693
704
690
684
693
687
744
721
704
725
776
687
699
693
713
737
682
717
702
685
714
696
692
713
720
766
725
690
751
686
752
723
687
690
695
