713
722
741
709
725
712
698
733
713
759
723
720
715
722
716
720
730
718
721
715
721
709
717
718
717
762
711
727
716
713
743
757
711
722
708
746
718
708
711
722
716
743
710
712
760
711
715
744
796
713
737
714
718
716
720
725
703
740
718
720
710
717
709
716
718
705
711
707
744
773
713
720
704
704
710
712
707
730
732
775
783
739
727
705
705
709
726
767
708
706
705
725
712
753
709
718
725
735
705
706
714
717
710
718
712
713
717
717
714
710
720
760
703
725
733
706
721
735
730
741
740
723
738
733
774
714
719
721
729
805
798
721
743
717
732
740
708
737
737
713
706
699
700
711
715
702
740
720
772
709
752
704
711
713
724
712
687
704
714
715
708
715
750
708
707
714
705
725
707
716
709
711
701
739
713
709
793
708
716
703
706
738
707
711
705
711
709
708
707
765
710
705
704
710
701
720
705
723
723
715
709
784
709
715
734
714
712
709
706
706
717
713
717
775
714
701
712
710
726
715
720
720
723
747
748
716
709
712
709
703
719
717
711
710
741
710
724
709
738
713
703
702
700
699
720
753
706
715
709
714
704
714
714
712
715
719
699
703
713
702
708
712
717
709
705
721
692
698
712
718
699
711
719
695
705
709
707
709
707
714
717
743
711
704
717
713
713
729
708
722
710
756
717
699
710
725
710
708
709
714
763
737
716
710
769
716
707
698
709
741
781
717
712
718
720
715
708
710
