711
694
688
700
652
655
649
652
647
681
681
686
655
654
690
659
718
647
664
638
700
700
691
685
712
706
670
679
631
680
649
711
638
671
637
639
678
638
652
654
641
635
645
640
690
723
662
640
662
642
679
676
743
660
655
653
673
652
642
675
703
719
657
647
666
654
691
688
645
646
730
759
640
667
686
691
642
723
649
666
641
658
716
699
671
688
647
678
670
656
679
663
653
690
662
663
656
694
649
725
687
660
649
675
652
658
698
733
657
682
703
717
695
687
662
731
711
702
669
709
666
714
680
670
697
658
653
692
689
697
704
650
740
686
672
705
673
665
707
702
667
666
655
671
724
735
712
661
658
665
675
671
705
698
693
659
699
745
704
662
663
687
665
667
660
693
685
661
683
689
740
660
688
708
677
701
683
667
697
673
696
684
724
711
668
722
686
670
708
738
709
664
711
673
700
671
715
680
694
715
705
709
714
700
685
707
732
675
677
693
672
668
693
694
696
686
724
705
713
726
706
707
690
770
692
680
690
720
670
710
708
705
719
751
728
682
698
697
720
672
664
658
692
680
712
703
687
672
780
679
691
665
685
696
690
720
661
702
709
672
671
691
705
668
697
675
670
682
657
660
665
666
680
671
675
681
689
680
719
699
