692
712
690
745
677
695
692
715
710
693
689
684
699
690
690
707
702
693
688
718
691
698
716
704
696
702
717
702
704
708
730
753
708
713
754
723
711
719
737
727
727
720
731
735
775
784
719
715
712
716
714
718
715
723
711
774
720
707
711
696
722
700
706
696
735
702
718
706
702
724
757
715
720
706
722
712
723
716
721
726
748
734
710
731
720
731
714
730
715
752
725
713
714
729
722
729
717
712
734
743
745
746
734
738
724
721
726
745
708
723
727
762
710
704
709
735
746
721
728
755
709
711
708
711
709
723
757
722
723
711
720
731
729
715
743
695
706
702
709
731
715
773
722
713
723
728
712
710
702
707
713
710
732
741
717
713
718
736
728
758
720
729
754
732
758
722
714
736
745
709
717
730
721
746
726
713
717
717
715
724
716
703
727
711
717
713
715
717
716
707
708
712
711
713
721
714
736
754
739
792
726
739
719
762
724
731
722
722
707
737
718
718
714
727
732
732
715
751
663
674
687
686
700
717
692
705
700
692
704
727
689
686
703
715
729
707
734
706
690
680
683
724
689
688
691
714
710
698
698
697
706
718
726
752
707
696
695
703
693
710
716
700
726
735
726
717
716
726
704
703
705
709
701
698
727
755
696
721
704
711
701
749
707
700
