716
718
765
780
715
690
720
687
745
714
702
733
718
698
717
703
690
699
699
701
715
680
719
679
727
719
678
723
710
694
689
741
718
711
687
748
743
680
692
715
702
702
722
682
755
764
714
689
727
745
721
719
737
729
685
712
725
707
687
710
750
743
739
707
724
748
758
690
688
710
757
771
755
732
716
743
723
695
702
686
687
737
701
729
728
700
726
712
716
709
723
706
749
717
701
735
726
713
727
743
728
687
699
705
700
712
721
730
746
700
687
729
773
755
693
733
764
748
687
710
695
701
691
715
734
709
710
696
710
713
741
720
712
719
714
706
713
712
702
714
705
709
724
698
713
710
736
714
713
752
768
722
714
709
715
696
704
721
748
743
717
762
731
719
697
735
688
705
701
681
717
730
745
687
672
691
723
718
710
676
706
725
731
658
716
720
673
712
685
701
714
707
727
711
661
682
703
701
703
706
707
669
669
690
696
697
705
750
722
704
732
730
688
706
721
712
707
696
706
692
737
748
706
719
721
692
682
683
689
733
681
681
746
696
677
724
731
700
729
708
676
748
705
763
722
730
715
689
682
688
732
687
719
742
713
705
730
746
770
748
670
660
715
685
717
700
687
708
688
752
744
693
714
690
750
759
720
702
731
722
693
687
703
693
689
752
690
716
744
765
712
728
726
712
764
746
713
