701
733
754
721
714
736
729
724
733
722
734
745
747
742
741
727
785
729
717
733
763
721
742
733
753
732
730
771
730
734
732
749
764
718
726
734
738
753
750
730
751
736
733
756
739
759
732
730
750
769
753
741
741
738
744
726
776
741
741
779
791
741
785
747
775
756
775
733
744
760
766
749
789
730
754
741
741
768
772
732
739
775
753
806
755
779
741
745
748
760
779
775
758
767
755
741
772
758
746
774
797
760
769
756
779
752
766
780
795
727
770
764
748
791
747
790
753
751
744
769
752
749
772
758
744
760
749
746
788
767
771
749
746
748
754
796
779
749
751
796
779
751
754
776
780
756
756
783
758
748
757
761
765
750
751
746
813
743
737
751
746
740
783
763
771
751
751
750
754
752
743
789
733
754
758
752
765
753
752
760
746
755
746
769
760
746
775
749
736
756
752
760
771
813
747
764
787
741
770
791
791
782
792
755
798
800
767
760
749
752
753
770
755
753
781
748
748
767
777
752
784
741
771
770
787
748
788
745
782
753
792
784
771
754
748
752
783
783
763
811
747
744
747
755
761
747
757
746
773
744
762
747
753
791
741
748
765
751
744
781
779
746
747
746
743
770
805
765
754
753
747
749
768
750
748
777
762
792
762
749
785
748
802
