699
696
701
698
688
703
708
699
681
688
704
704
708
720
695
707
687
683
684
699
694
705
686
704
691
686
685
695
690
693
692
759
688
693
720
697
723
693
694
702
725
716
717
724
696
718
759
694
698
727
760
726
706
711
698
695
693
696
693
708
696
682
716
746
690
692
705
713
694
690
710
770
694
700
693
719
694
693
697
698
700
696
701
690
723
718
687
701
693
708
692
693
694
726
695
724
693
694
731
741
705
701
698
752
697
717
720
706
716
713
726
735
729
713
718
766
787
707
717
751
697
709
701
698
738
699
690
700
700
702
716
727
698
718
694
703
707
720
700
696
701
700
697
699
739
771
714
701
701
725
711
699
695
753
703
711
701
785
707
711
696
716
702
703
699
699
698
723
781
699
700
718
703
713
692
695
698
699
697
697
692
699
712
696
696
719
697
700
718
687
694
711
748
726
696
698
697
696
730
745
704
729
733
780
723
702
708
765
705
702
699
704
700
702
702
716
706
704
703
731
705
699
700
699
700
705
702
732
704
701
701
702
699
747
718
740
704
706
710
728
765
731
698
713
737
705
704
723
707
737
701
709
688
704
722
727
702
728
699
702
701
723
715
716
758
701
729
702
703
703
702
704
703
702
698
698
730
774
698
743
699
700
727
784
697
697
