734
742
730
750
730
726
728
732
730
733
732
747
758
734
718
730
740
740
732
736
737
742
741
736
783
743
737
744
743
772
743
745
754
748
761
765
743
746
756
745
766
770
743
745
742
747
745
745
764
752
744
762
749
744
745
764
763
736
744
779
753
750
738
749
749
748
748
748
746
757
774
746
756
754
749
749
762
741
760
768
752
748
748
740
751
752
763
753
763
744
792
778
748
757
777
766
778
756
780
751
750
750
755
750
765
766
750
750
766
750
748
747
754
748
756
753
751
751
752
777
752
763
757
763
784
752
752
764
754
740
773
767
759
771
762
779
780
759
753
753
753
764
761
770
770
755
769
753
754
764
752
754
764
761
751
763
752
750
786
753
751
767
781
753
776
756
752
755
752
764
752
769
759
758
764
771
775
765
765
756
757
754
752
775
769
756
752
756
773
757
757
766
775
753
789
753
761
759
749
750
754
755
759
760
765
790
754
753
756
757
770
768
756
753
757
783
784
752
772
792
802
769
769
757
778
757
760
760
753
755
756
773
768
754
759
755
756
768
760
755
758
753
758
757
756
788
748
756
755
751
773
758
758
771
772
752
756
754
754
768
757
751
783
754
757
758
763
781
798
759
758
761
746
760
757
758
758
760
764
760
758
759
756
756
755
758
760
757
752
753
753
749
753
775
794
747
762
753
753
760
763
758
754
751
756
