28.6479999999985
30.5119999999987
40.6319999999989
27.5659999999991
52.5779999999993
48.2839999999994
21.1619999999995
19.4199999999996
21.4540000000002
14.2340000000003
42.3320000000004
21.2900000000004
30.5020000000005
12.6900000000005
66.9060000000009
12.0640000000006
9.03600000000063
29.1400000000002
21.9540000000002
26.8300000000002
55.7760000000001
55.7760000000001
30.6400000000001
59.2160000000001
41.1380000000003
41.1380000000003
36.8860000000002
42.2780000000001
67.8260000000001
46.0900000000001
53.8360000000001
49.3140000000001
58.3620000000002
60.1440000000002
52.2180000000003
38.5820000000001
49.4420000000002
35.4140000000001
34.6500000000001
51.83
36.532
45.3480000000001
51.0000000000001
51.8100000000001
42.0119999999999
-1.49599999999998
35.756
30.7539999999998
41.6459999999998
43.7419999999998
56.0379999999997
50.8819999999997
20.5739999999998
35.1279999999998
21.7599999999998
58.4479999999998
40.0679999999996
10.8199999999996
34.7179999999995
40.4179999999994
5.60799999999949
29.4419999999996
42.4259999999997
38.2779999999998
10.3779999999997
13.9859999999996
35.6739999999998
39.9599999999997
66.2359999999996
66.1019999999996
44.2559999999996
47.5819999999998
31.5419999999997
28.4939999999999
44.0679999999999
31.7119999999999
50.6
41.1880000000002
59.6740000000002
23.2020000000001
69.2480000000002
57.6200000000001
55.4200000000001
55.9580000000001
5.98199999999986
0.365999999999872
-6.34199999999987
70.558
23.4180000000002
27.4280000000002
30.1620000000003
13.0480000000003
53.2820000000003
40.2840000000002
81.8900000000003
112.756
-22.5099999999998
-12.6359999999999
-4.17999999999984
-44.8159999999997
7.10600000000022
-26.8139999999997
-20.5079999999998
17.6940000000002
-1.2559999999998
-15.5919999999998
34.7500000000002
28.4800000000001
15.7520000000001
0.412000000000148
47.2720000000001
28.974
12.04
-2.83800000000002
44.038
-9.59800000000007
-0.46200000000016
26.5079999999999
59.6139999999999
7.92199999999991
71.7139999999998
59.6599999999996
35.2999999999995
77.2839999999995
59.4419999999991
41.0819999999992
62.5819999999993
57.4959999999992
63.7859999999993
9.90599999999932
43.3759999999993
41.2299999999993
61.1219999999993
23.4779999999993
15.8319999999993
-2.70000000000073
-1.87800000000072
-2.81600000000066
-13.9480000000007
42.0219999999993
-1.90400000000068
26.4139999999994
24.1939999999993
32.4139999999994
30.3999999999994
40.4179999999991
30.3979999999992
37.2879999999992
53.0779999999992
37.9519999999993
36.3219999999994
58.1279999999994
43.2539999999993
15.3579999999995
35.6339999999996
70.2439999999997
56.8159999999995
44.4139999999995
57.4379999999996
38.1879999999996
78.7519999999997
99.9039999999995
60.7559999999995
75.5239999999995
79.5459999999995
75.9119999999995
70.1879999999995
57.9299999999995
77.8219999999995
61.8439999999996
73.0699999999996
79.7959999999997
116.658
63.2059999999997
29.4619999999997
62.8179999999997
26.7479999999998
60.094
48.2100000000001
48.6780000000002
50.664
72.3360000000001
61.0200000000001
52.0180000000005
67.7300000000003
44.3520000000004
81.2500000000003
1.93400000000008
53.1080000000002
33.0380000000002
-0.741999999999791
67.4400000000002
35.8780000000002
27.5840000000002
28.4740000000002
50.2940000000002
20.9580000000002
39.1480000000002
47.9660000000002
60.5840000000002
84.5560000000002
69.7940000000002
72.5620000000001
81.9300000000001
57.4360000000001
13.1080000000001
59.5960000000001
49.8160000000001
32.3400000000001
61.468
61.468
77.026
58.352
65.6959999999999
63.6599999999999
14.6619999999998
43.3079999999999
50.9719999999999
69.9319999999998
34.0759999999997
51.2219999999997
53.4279999999997
44.5919999999996
29.0379999999996
50.0659999999996
70.0039999999996
36.2219999999996
58.2379999999997
71.6639999999996
108.684
109.494
72.2119999999996
54.1119999999997
73.2559999999996
55.8839999999997
68.6179999999997
33.5359999999997
23.7639999999997
33.8879999999996
62.2959999999997
49.3939999999997
41.6319999999997
106.706
47.7899999999998
80.8299999999998
78.7059999999998
12.6879999999998
56.9139999999998
73.9439999999997
64.2339999999999
49.2219999999999
73.8139999999999
75.074
52.4559999999999
95.0299999999999
66.688
67.234
55.1600000000003
5.34200000000027
22.3440000000003
-5.97999999999968
15.3000000000004
34.3200000000003
37.2180000000003
52.8060000000003
57.7460000000003
38.6740000000003
64.5360000000003
61.3280000000003
76.7800000000003
28.3220000000003
84.1480000000003
35.5220000000003
60.9440000000002
39.5840000000002
62.1820000000002
51.5180000000003
71.2980000000003
70.3860000000003
43.1660000000006
78.5980000000006
40.4300000000005
91.9120000000004
37.3440000000004
60.1640000000003
32.7140000000003
74.8840000000003
57.8700000000002
26.6240000000003
48.3500000000003
44.1160000000003
43.0380000000003
74.5620000000002
82.8760000000002
40.9800000000002
51.0700000000002
55.0860000000002
51.3320000000002
49.8020000000001
101.722
47.0900000000002
71.5260000000002
41.4240000000002
64.3900000000002
73.6040000000003
77.3140000000002
43.2900000000002
48.2180000000002
69.9880000000003
79.7620000000003
28.8680000000002
69.7660000000002
39.2200000000001
25.5260000000001
41.6340000000001
37.4380000000001
78.4620000000001
65.9019999999999
41.4619999999999
26.2239999999997
74.7439999999997
16.6279999999998
38.4459999999999
76.6519999999999
61.4279999999998
44.8319999999998
61.4639999999997
62.1059999999997
77.3059999999997
55.7379999999995
58.5419999999995
54.2939999999996
65.9099999999996
59.4859999999995
70.3479999999995
35.0679999999995
54.0979999999995
41.2339999999995
18.0959999999995
49.5259999999995
32.0459999999995
65.2699999999995
35.0779999999995
49.9339999999995
33.8059999999994
28.9999999999994
55.7719999999994
58.8539999999994
61.5859999999993
48.3499999999993
73.5799999999993
45.7259999999994
51.7799999999993
49.5239999999994
78.2819999999998
78.2819999999998
92.3599999999997
58.226
56.7180000000001
25.4500000000001
58.0820000000002
63.0940000000002
34.9160000000002
44.4920000000002
38.2320000000001
37.0480000000002
76.2840000000002
47.9020000000002
47.7620000000002
72.1380000000003
72.4140000000002
57.0620000000002
61.9920000000003
59.4480000000003
28.5920000000004
21.2160000000005
78.7680000000004
65.6100000000005
52.0680000000004
47.6220000000004
42.8580000000004
75.0960000000005
55.9760000000003
71.0540000000004
77.2280000000004
60.0480000000005
87.0600000000004
-21.1839999999994
48.3640000000005
23.9800000000004
30.3780000000004
40.1420000000003
35.6860000000001
11.4660000000001
48.0100000000002
3.84400000000016
-2.95199999999988
-2.49599999999975
-0.323999999999728
-0.459999999999809
-2.39399999999989
38.4019999999998
86.8759999999999
17.324
28.6579999999998
19.7579999999999
41.7839999999999
-4.28600000000006
-21.2140000000001
7.0419999999998
55.2979999999998
8.53199999999981
55.5219999999998
59.8299999999998
25.4839999999998
14.6319999999998
40.8339999999998
40.8339999999998
22.4839999999998
70.0299999999997
76.5939999999997
66.5659999999997
-16.0300000000003
-15.6840000000001
43.3839999999998
33.6239999999999
35.3579999999998
27.8239999999998
-0.378000000000213
-19.3840000000004
-5.81000000000034
-7.48200000000037
59.0979999999996
23.8099999999997
22.3979999999996
64.6439999999997
-6.23400000000032
44.0039999999996
16.9539999999996
41.6599999999996
78.0779999999996
95.8079999999997
137.582
59.7039999999996
68.1899999999997
50.5639999999996
59.5239999999997
63.2799999999996
58.6599999999996
72.9619999999996
42.3299999999996
55.7879999999996
101.756
89.5439999999996
92.9739999999996
85.7139999999996
41.7879999999995
99.5119999999995
98.4459999999995
105.116
112.374
41.0619999999994
40.9139999999995
41.5999999999995
75.5059999999996
75.5059999999996
116.682
90.0679999999996
66.6719999999995
68.7119999999996
106.142
39.8259999999994
97.8879999999994
74.9499999999994
13.7839999999994
37.8619999999996
51.1939999999996
74.2339999999995
109.381999999999
67.6459999999994
63.8819999999995
61.9299999999995
67.4839999999995
97.5639999999994
6.68799999999942
5.0019999999995
22.7959999999995
-26.9540000000005
40.7159999999995
42.4699999999995
42.4699999999995
0.46799999999962
65.0019999999996
72.4559999999996
55.3979999999996
24.0299999999995
33.4199999999996
-20.9000000000003
-25.3060000000002
26.3079999999997
42.0579999999996
46.5979999999997
76.5079999999996
64.7059999999996
52.266
62.664
41.5280000000001
85.0400000000001
81.8880000000001
90.2680000000001
62.5240000000001
76.1080000000002
75.9500000000002
77.8720000000001
96.7100000000002
55.8000000000001
66.5980000000001
60.318
90.1880000000001
31.2979999999999
25.7819999999999
93.4279999999999
70.85
41.0919999999999
21.3899999999999
30.652
77.5540000000001
71.2980000000002
62.3380000000001
46.3220000000002
110.068
32.3820000000004
12.1400000000005
17.0560000000004
20.8780000000003
60.8560000000002
53.2540000000001
44.5920000000002
48.9460000000003
45.9800000000001
38.1340000000001
37.104
71.672
56.9620000000001
48.0500000000001
71.112
49.5600000000001
56.168
55.1419999999999
58.936
41.2900000000001
63.6880000000001
-6.31999999999994
50.4000000000001
19.1560000000001
33.0400000000001
41.7700000000001
50.7600000000001
65.6740000000001
64.9380000000001
6.12000000000012
57.1700000000001
31.9180000000001
82.5220000000002
61.6800000000001
15.9680000000001
-0.843999999999937
11.5839999999998
53.0019999999998
53.0019999999998
85.3999999999999
69.982
62.5740000000001
62.2560000000001
48.522
58.1440000000001
-7.09599999999989
27.9220000000001
74.3260000000001
90.6280000000002
64.3680000000002
26.4680000000001
49.7400000000001
68.1160000000001
49.2880000000001
30.0720000000001
60.8120000000001
61.1380000000001
17.1600000000002
19.8820000000002
5.20800000000031
59.7160000000003
61.7460000000003
0.306000000000267
39.0680000000003
23.5580000000003
91.1460000000003
58.6880000000001
66.7220000000003
46.9740000000004
52.1400000000003
67.0120000000003
47.8200000000002
82.816
74.968
74.968
98.0300000000001
43.9960000000002
60.0120000000002
70.8000000000002
18.9560000000001
2.47800000000029
64.6660000000002
81.4460000000003
57.4900000000002
60.7280000000002
33.7480000000002
62.9880000000002
33.0160000000001
65.2180000000002
40.4700000000003
72.4380000000002
75.2060000000002
63.4300000000002
64.6840000000002
82.0560000000003
75.2540000000002
29.1380000000003
25.5740000000003
47.0280000000001
60.5200000000003
69.2220000000002
47.39
22.6299999999997
71.3
52.2539999999999
37.568
33.396
52.5799999999999
32.274
59.598
52.36
34.4259999999999
63.3900000000001
79.53
88.3439999999999
58.516
36.552
53.4
40.848
42.7299999999999
50.3659999999999
37.3439999999998
69.5099999999998
86.3719999999998
43.7919999999999
77.0479999999998
59.7399999999996
16.7819999999995
47.4479999999996
52.1499999999998
54.4179999999997
37.3459999999998
36.2139999999998
36.2139999999998
36.2139999999998
43.8699999999999
87.346
111.552
49.3
63.796
78.756
79.8819999999998
113.436
80.5999999999998
47.4619999999998
43.8119999999998
37.8699999999997
46.0939999999997
58.3479999999997
96.5759999999997
70.1139999999996
64.4479999999996
56.4379999999996
73.9939999999997
57.9439999999997
54.2079999999996
29.5939999999997
-12.2900000000004
-8.12000000000035
42.4479999999996
81.9319999999997
5.94199999999967
31.0579999999997
90.8419999999998
29.1559999999997
26.3099999999997
0.561999999999898
17.0679999999998
39.7839999999998
22.7899999999995
59.5199999999996
63.4239999999995
59.3659999999994
65.7799999999995
42.1299999999994
46.7259999999994
56.6839999999995
76.0479999999995
44.8299999999994
55.3259999999994
25.0839999999994
27.9679999999994
32.8899999999995
67.7579999999996
68.0979999999995
45.9419999999995
18.5339999999995
70.0519999999995
63.4339999999995
93.7779999999994
82.3319999999994
104.259999999999
45.8019999999994
23.5999999999993
51.4939999999993
51.4379999999992
47.1979999999992
66.9699999999993
88.6659999999994
88.6659999999994
75.2199999999994
50.0159999999994
60.7219999999995
52.7899999999996
39.0879999999996
57.8759999999996
41.2559999999997
73.8079999999997
81.7059999999998
65.6239999999996
33.6819999999996
73.2539999999996
128.592
114.994
110.358
75.5139999999994
58.4439999999994
56.6199999999994
58.0819999999995
71.9539999999994
16.6419999999995
31.5159999999994
23.7519999999994
36.3499999999995
60.9999999999994
87.5679999999994
77.7299999999995
43.2639999999994
53.0799999999994
