68.8920000000057
69.7040000000057
58.3000000000059
85.9280000000059
68.4980000000061
81.3300000000062
86.5840000000063
78.9460000000065
61.8140000000066
86.9800000000067
86.9800000000067
79.1320000000068
44.6960000000066
23.5140000000063
33.3560000000061
71.016000000006
82.5020000000056
82.5020000000056
88.5820000000052
39.9860000000051
72.562000000005
72.562000000005
51.8940000000048
59.7540000000048
79.9700000000047
79.9700000000047
31.8240000000046
-3.59199999999566
-3.59199999999566
-3.31799999999589
38.520000000004
46.3520000000038
35.2600000000039
74.9500000000038
48.7880000000038
38.2740000000036
-4.49599999999657
55.3000000000034
12.1980000000032
-24.8039999999969
50.084000000003
44.970000000003
46.6740000000029
37.574000000003
30.442000000003
22.286000000003
1.23000000000297
69.926000000003
69.926000000003
-42.211999999997
-4.09599999999693
5.94800000000305
71.7980000000031
55.306000000003
-71.5379999999969
65.166000000003
41.0560000000029
29.9600000000029
30.7980000000028
48.4840000000029
-26.9979999999972
22.9600000000028
43.7360000000027
41.6240000000028
6.84000000000265
-1.23799999999744
-33.6479999999974
4.84000000000253
0.770000000002483
15.0160000000025
-21.0079999999975
25.1100000000024
28.9040000000024
4.92400000000237
33.0380000000023
26.8600000000023
26.7800000000022
-4.44799999999782
13.4880000000022
13.2760000000022
7.18000000000222
12.0920000000023
48.7740000000022
37.6680000000022
6.70000000000209
45.9700000000018
32.7700000000018
22.6420000000018
28.3340000000017
-0.511999999998466
-14.7939999999986
52.2960000000011
31.9660000000008
19.7920000000007
61.5080000000006
61.5080000000006
16.2500000000005
17.0540000000004
-19.8259999999997
27.0440000000003
32.7420000000002
-11.2639999999999
21.6320000000002
50.3000000000002
50.3000000000002
19.9120000000004
37.7800000000004
60.4540000000004
10.4400000000004
20.7500000000003
19.9720000000003
6.83600000000035
25.8300000000003
24.7760000000004
24.7760000000004
36.2500000000003
40.4040000000003
40.4040000000003
-18.6759999999997
16.3240000000003
-37.2619999999996
39.7780000000004
39.7780000000004
22.1720000000001
22.1720000000001
27.9160000000002
46.8420000000001
22.658
41.2920000000003
41.2920000000003
20.2980000000005
30.7200000000004
66.5120000000003
66.5120000000003
27.4100000000002
42.5540000000002
57.5600000000003
34.6420000000002
39.8640000000001
39.8640000000001
32.3820000000001
47.2400000000001
44.8860000000001
44.8860000000001
44.12
61.5300000000001
43.4480000000001
24.4260000000002
18.784
36.9399999999999
58.968
30.654
44.2659999999998
44.2659999999998
-11.558
-37.526
-30.6660000000001
-30.6660000000001
-33.09
-49.0939999999999
-49.0939999999999
-19.6759999999999
54.3660000000001
29.4480000000001
5.28400000000011
-18.5639999999999
-8.4319999999999
10.7260000000001
24.8000000000001
-15.678
-27.4919999999998
29.9900000000001
-53.842
-29.8739999999999
-46.5319999999998
-30.0459999999998
25.6880000000003
28.6640000000003
-51.3239999999997
-26.6639999999998
-69.9599999999997
-49.8579999999996
-15.6579999999997
-21.0899999999996
-28.3619999999996
3.0120000000004
-37.6319999999997
-5.60599999999965
4.3240000000003
32.4320000000004
39.4420000000003
18.7440000000004
23.4860000000003
59.4220000000003
76.4000000000003
25.2460000000003
11.0640000000003
11.0640000000003
-31.1599999999997
50.9800000000002
18.9820000000002
31.4480000000003
82.2480000000003
26.8420000000001
26.8420000000001
17.9940000000001
70.582
85.146
87.9879999999999
80.4059999999999
36.5640000000001
44.676
-2.20399999999995
52.7880000000001
42.7180000000001
47.0360000000001
42.0120000000001
51.0060000000001
51.0060000000001
39.6239999999999
53.7619999999999
53.7619999999999
38.7199999999999
55.0600000000001
55.0600000000001
71.3680000000001
67.5380000000001
93.5280000000001
62.306
-31.6859999999999
42.4180000000001
37.0520000000001
47.83
51.542
83.4660000000001
78.426
16.5380000000001
24.116
15.046
30.8720000000004
65.0540000000003
52.8820000000004
46.8840000000004
85.1160000000003
81.0280000000004
64.8060000000003
18.8820000000003
68.9560000000001
49.918
61.864
67.6199999999999
60.6219999999998
21.85
19.7560000000001
66.648
66.648
54.2460000000001
19.296
62.5959999999999
65.6239999999999
63.5079999999999
61.5459999999998
21.3439999999998
59.7459999999998
75.7379999999997
11.9019999999998
38.9459999999998
40.0019999999997
57.2259999999998
57.2259999999998
51.2439999999998
57.0559999999998
69.6699999999998
21.1899999999998
43.7979999999999
37.5359999999998
87.5379999999999
69.2819999999999
32.0859999999998
-2.55200000000013
13.6159999999999
23.5539999999999
5.17999999999984
-4.34800000000018
0.939999999999827
1.54799999999977
1.40999999999974
-2.33600000000035
15.1479999999997
38.5179999999997
38.5179999999997
-42.8120000000002
-38.1560000000003
-18.6700000000003
4.93399999999974
30.1859999999997
5.58399999999972
-15.1440000000002
-39.1100000000002
-3.47600000000011
31.1979999999999
42.7259999999999
35.5559999999999
-32.4179999999999
17.8480000000001
17.8480000000001
4.33600000000013
-23.9979999999997
-5.30799999999977
-4.7139999999996
24.5860000000004
44.9400000000004
32.9640000000004
44.8520000000004
73.6820000000004
68.4680000000003
10.2160000000003
-25.7919999999996
-8.70199999999966
-34.0519999999998
26.5800000000003
18.7820000000003
14.1180000000003
71.7420000000003
71.6320000000003
45.4220000000001
17.2060000000001
15.4220000000001
1.77800000000013
26.7200000000001
22.0120000000002
82.3600000000004
-25.6959999999996
3.29400000000044
75.3560000000006
57.3480000000006
50.2340000000007
30.8000000000009
30.8000000000009
40.7240000000007
68.1100000000007
49.0920000000007
20.2820000000006
41.5580000000007
7.16200000000083
-3.65799999999922
0.492000000000758
-15.8059999999991
38.7380000000007
15.0780000000008
52.0740000000008
57.2800000000008
49.3300000000008
51.2680000000008
57.1280000000008
47.7900000000008
62.6420000000008
32.4620000000008
57.1760000000008
51.0920000000008
56.7120000000008
54.6160000000008
51.5420000000008
48.4420000000008
11.3540000000008
52.3680000000008
55.2500000000009
57.8640000000009
85.498000000001
42.8420000000009
11.5940000000008
60.0940000000008
75.8220000000009
67.5700000000008
-0.295999999999367
75.2480000000006
76.3240000000006
52.0420000000007
41.9840000000006
72.7420000000005
84.2620000000005
93.9660000000003
48.3520000000004
11.3680000000004
42.0440000000004
48.8360000000004
79.3060000000004
39.0540000000003
95.7000000000003
89.5020000000002
50.8399999999999
25.6039999999999
57.2219999999999
62.8539999999998
74.4419999999998
94.4939999999998
106.074
47.1679999999999
63.2419999999998
72.9199999999998
11.6779999999999
34.0940000000001
80.4960000000001
48.998
46.8460000000001
-24.0839999999998
4.03200000000027
-1.6719999999998
19.2540000000005
-11.4459999999996
7.59600000000046
74.3240000000005
63.1980000000004
55.6240000000005
55.3500000000004
55.3500000000004
20.2920000000003
80.9940000000001
59.5820000000001
59.5820000000001
56.6379999999999
30.5859999999999
30.5859999999999
40.4399999999997
40.4399999999997
25.9079999999997
66.9479999999998
68.8059999999997
77.8119999999998
21.1699999999998
7.08799999999974
24.8799999999998
63.2859999999998
50.5259999999997
58.3839999999997
29.5699999999997
29.5699999999997
36.0679999999998
41.4519999999997
41.4519999999997
57.6919999999997
57.6919999999997
21.0019999999996
15.7099999999997
46.5839999999997
-30.6280000000004
71.9919999999996
71.9919999999996
48.7719999999996
44.5879999999996
58.9139999999998
58.9139999999998
30.4299999999997
32.1019999999997
2.11799999999971
73.0899999999998
59.9679999999997
39.5319999999998
8.41999999999973
19.4259999999998
49.3179999999998
41.2319999999997
5.46799999999973
41.1979999999998
39.9419999999998
27.8959999999997
20.7859999999997
67.8619999999997
45.2839999999997
45.2839999999997
63.8439999999997
63.5919999999998
60.9959999999998
46.8399999999997
0.431999999999789
0.431999999999789
26.1019999999997
38.6779999999998
-5.5540000000002
-16.6320000000002
31.9199999999997
-28.3120000000002
51.3579999999998
13.5639999999999
25.3
-10.072
10.3060000000002
31.6240000000001
37.7780000000001
-3.26599999999985
3.09000000000026
39.6920000000003
-4.17399999999941
-4.57999999999947
2.31000000000063
6.26800000000071
4.06400000000076
11.5100000000008
10.1220000000008
32.4300000000006
20.7080000000007
20.7080000000007
32.9600000000005
32.9600000000005
40.5960000000003
11.2960000000004
-19.8779999999997
18.8819999999998
5.89200000000005
-7.476
67.404
75.9680000000001
75.9680000000001
50.3860000000001
25.7360000000001
33.6360000000001
57.1840000000001
60.0720000000001
82.9420000000001
70.8880000000001
36.032
52.0980000000001
25.9040000000001
66.7180000000001
32.6360000000001
54.39
67.2380000000001
58.092
52.59
14.74
47.616
40.482
43.256
50.256
67.032
10.908
-58.748
8
1.41399999999999
13.8199999999999
28.866
9.03599999999994
55.9
56.404
48.366
32.014
39.766
39.766
56.3639999999999
33.314
46.2639999999999
46.9859999999999
60.9019999999999
50.5499999999998
50.5499999999998
69.2139999999998
69.2139999999998
71.5579999999998
42.0079999999997
42.0079999999997
42.7279999999996
63.3019999999996
82.9919999999995
84.7919999999996
57.3579999999996
12.2699999999996
12.2699999999996
10.5919999999995
50.2939999999994
48.0899999999994
-4.2300000000007
-14.3420000000007
11.4039999999993
25.1519999999991
11.8719999999992
28.6059999999991
55.7459999999991
36.639999999999
39.2819999999989
36.1199999999989
26.875999999999
65.6759999999989
33.4599999999989
18.3959999999988
42.2879999999989
73.8359999999989
86.3819999999989
86.3819999999989
57.8959999999989
34.725999999999
56.6979999999991
56.6979999999991
54.3059999999991
28.0399999999991
29.6939999999991
58.295999999999
58.295999999999
28.8039999999991
57.5299999999992
65.3259999999992
51.3999999999993
40.2099999999994
28.4379999999995
30.1819999999994
11.8699999999995
56.7019999999995
53.4939999999995
48.5539999999994
18.4640000000002
32.2720000000002
-1.46799999999985
24.3540000000002
59.9160000000002
33.2740000000001
26.1800000000002
37.7460000000002
71.6560000000002
71.6560000000002
55.4440000000002
27.2000000000002
41.2240000000002
41.2240000000002
35.5160000000001
-7.75599999999986
18.2760000000001
52.0500000000001
11.3440000000002
48.1640000000001
13.0920000000001
1.02400000000011
58.7740000000001
8.0100000000001
3.64600000000019
-4.76599999999985
23.4160000000001
50.1760000000002
-33.6519999999998
51.9340000000001
72.7900000000001
28.4160000000002
50.7100000000002
50.7100000000002
61.8920000000001
41.7780000000001
-7.00399999999991
31.1640000000001
32.3000000000002
12.3920000000002
-9.49999999999989
-25.3039999999999
-12.8259999999997
-1.55999999999972
-5.99199999999973
2.24200000000019
-16.7999999999997
0.232000000000312
-0.943999999999733
42.8320000000002
21.6840000000003
-1.41999999999962
-22.4259999999995
13.6900000000005
1.09800000000052
5.91000000000054
23.6980000000005
40.5940000000005
14.9560000000006
36.1960000000005
39.6020000000005
22.6940000000004
69.3960000000004
54.0580000000003
12.3540000000005
39.0760000000007
26.650000000001
13.2120000000009
63.7340000000008
41.8920000000004
58.7620000000004
58.7620000000004
9.51000000000045
54.3420000000004
88.8920000000004
41.3380000000004
88.2160000000003
88.2160000000003
84.6660000000004
73.6660000000004
78.8320000000004
78.8320000000004
12.5540000000004
103.414
17.6920000000005
36.4220000000005
37.3240000000005
66.9760000000006
32.2760000000005
79.1720000000005
50.0920000000006
75.6940000000005
63.3480000000005
48.4000000000005
26.5500000000005
83.2140000000005
51.7520000000006
62.3960000000006
49.2420000000006
63.8140000000006
61.0500000000006
56.8200000000007
32.3880000000007
38.7420000000008
64.9680000000008
39.0440000000008
74.8160000000007
-2.75399999999922
-14.8039999999992
40.7380000000009
49.2920000000008
49.2920000000008
46.6400000000008
21.4540000000007
49.1540000000008
27.0080000000007
54.7260000000008
54.7260000000008
4.30000000000086
0.0440000000008922
3.94400000000098
31.736000000001
40.3500000000009
40.3500000000009
66.770000000001
66.770000000001
57.7400000000009
30.2480000000008
62.8680000000008
50.5800000000008
9.81600000000094
57.7780000000009
41.106000000001
62.7440000000011
20.3100000000011
-25.841999999999
65.6160000000009
65.6160000000009
17.1120000000008
13.8640000000008
21.4680000000008
52.7980000000008
52.7980000000008
74.1980000000008
78.0200000000008
77.3580000000007
51.9540000000007
36.8840000000007
11.6940000000005
38.7340000000005
28.3860000000004
28.3860000000004
36.0100000000003
24.7400000000002
24.5460000000004
34.2780000000004
59.1940000000004
57.0780000000004
45.4740000000005
39.8500000000005
36.7580000000005
23.4580000000007
37.5280000000007
37.5280000000007
69.8540000000006
65.6220000000006
51.2340000000006
63.5440000000006
45.4360000000005
-31.1099999999997
20.9280000000002
40.8380000000001
27.7900000000001
34.1120000000001
31.1060000000002
-11.5719999999998
-10.6259999999999
24.342
38.2140000000001
36.778
-33.146
51.8720000000001
-9.91199999999992
37.272
26.84
26.84
24.0540000000001
46.5480000000001
8.45400000000018
-50.2599999999999
74.5140000000001
10.864
-23.5579999999999
31.9960000000001
31.9960000000001
11.3160000000001
49.2120000000001
12.2180000000001
7.59000000000015
39.6860000000001
27.744
22.5920000000001
57.4100000000001
36.028
23.7860000000001
19.182
56.092
44.008
55.014
6.774
78.3960000000001
56.9680000000001
-11.2139999999999
29.8020000000001
38.7220000000001
36.5240000000001
72.1820000000001
42.9980000000002
24.6300000000001
31.5660000000001
27.0940000000001
67.41
-9.74399999999991
24.5020000000001
-4.02199999999993
47.8500000000001
70.6560000000002
36.6280000000002
59.9560000000001
59.9560000000001
49.2520000000001
62.8440000000002
63.3520000000001
64.1160000000001
41.168
0.187999999999988
5.30000000000007
25.384
62.218
-21.23
-14.4879999999999
24.5040000000001
35.77
35.704
29.7560000000001
43.7180000000002
30.1160000000003
30.1160000000003
60.7940000000004
40.3960000000005
35.3140000000004
-50.0259999999995
52.1340000000005
