84.0979999999961
28.1699999999962
83.8079999999962
126.957999999996
170.677999999996
110.803999999996
134.347999999996
43.6139999999963
50.2819999999963
65.0699999999964
151.957999999996
117.381999999996
69.8219999999964
60.3519999999964
72.8959999999965
109.199999999997
138.065999999997
138.065999999997
107.839999999997
140.685999999997
146.473999999997
109.215999999997
140.659999999997
140.659999999997
126.061999999997
138.739999999997
90.033999999997
162.479999999997
141.147999999997
116.391999999997
118.199999999997
126.589999999997
-13.5400000000026
176.779999999997
171.445999999998
-37.0820000000015
1.80399999999855
0.737999999998578
-45.2360000000014
-45.2360000000014
38.5779999999987
50.437999999999
-3.71000000000095
70.2739999999992
70.2739999999992
153.469999999999
141.117999999999
107.606
166.096
154.158
153.738
172.884
62.0860000000003
36.5500000000004
87.3060000000003
93.3440000000003
124.34
8.02200000000033
-6.07599999999968
120.364
13.9720000000003
21.5840000000003
157.8
-49.0119999999997
-88.4259999999996
-32.4539999999997
14.2680000000004
-38.7339999999996
-73.7619999999995
-0.801999999999509
57.2620000000005
40.1560000000005
71.5900000000004
-31.4659999999996
71.6100000000004
106.262
72.8400000000003
115.962
111.262
-70.0379999999997
-70.0379999999997
-70.0379999999997
113.868
96.7540000000004
102.734
8.02800000000019
-24.1579999999998
91.1860000000001
78.4640000000002
8.77600000000018
2.77800000000013
44.6680000000002
-2.99999999999983
69.8540000000002
27.5720000000002
97.4820000000002
84.4420000000002
53.5600000000002
19.8280000000002
57.0980000000002
85.3140000000001
75.5620000000001
57.5660000000001
16.7340000000001
16.7340000000001
98.7600000000002
105.638
32.1540000000002
19.1940000000001
126.92
-27.384
57.66
113.058
113.058
43.1279999999999
-18.8520000000001
98.1619999999999
154.966
135.298
51.836
42.2699999999999
5.31799999999987
5.31799999999987
80.042
9.92800000000005
2.7940000000001
91.8420000000001
75.5820000000001
76.9040000000001
83.6320000000001
43.8360000000001
150.436
158.498
189.438
189.438
15.404
91.418
96.452
55.502
104.452
154.722
151.62
65.264
100.97
59.5119999999999
62.486
149.632
6.20800000000003
6.20800000000003
6.20800000000003
6.20800000000003
6.20800000000003
6.20800000000003
44.224
8.52800000000002
13.2179999999999
53.7039999999999
6.29799999999995
-0.37400000000008
48.0759999999999
1.6939999999999
56.612
106.632
-12.6260000000001
100.502
111.33
84.184
40.696
58.2380000000001
11.686
35.4300000000001
-13.1859999999999
100.556
123.566
-31.9800000000001
16.1979999999999
51.7059999999999
98.6919999999999
114.458
58.1619999999999
154.356
4.02400000000011
64.2960000000002
87.7180000000002
-33.2679999999998
27.2760000000002
19.6480000000002
92.1920000000001
52.2580000000001
110.692
39.438
45.0980000000001
75.472
96.73
59.5580000000001
34.7120000000001
106.638
106.638
132.206
133.754
133.754
80.854
80.854
80.854
80.854
80.854
93.794
136.276
157.674
121.332
121.332
175.558
110.916
87.4499999999998
87.4499999999998
87.4499999999998
87.4499999999998
33.1639999999998
61.1639999999998
156.56
156.56
111.238
146.66
50.0219999999999
102.874
73.5779999999999
116.504
77.5979999999999
46.2459999999999
-26.8560000000001
45.1659999999999
99.7339999999999
108.438
8.43799999999993
51.2739999999999
62.7579999999999
76.2499999999999
147.658
136.594
126.83
75.0719999999999
88.0779999999999
137.592
123.16
50.3799999999999
109.884
109.884
94.264
72.6659999999999
120.218
61.468
74.8440000000001
104.406
105.984
105.984
107.33
-83.1339999999997
11.5920000000003
63.8860000000003
-11.7279999999997
-84.6459999999997
-45.2939999999998
-42.6319999999997
-38.9519999999997
-16.6839999999997
-47.2319999999997
107.442
102.25
-61.7899999999996
30.2160000000003
113.68
-26.6679999999996
47.1020000000005
134.796000000001
106.196000000001
77.7600000000006
87.3120000000006
7.28200000000072
-12.9099999999993
57.1480000000007
24.8480000000008
92.5540000000008
9.86600000000078
104.806000000001
51.1220000000006
133.482000000001
95.0180000000006
61.8240000000005
71.7420000000005
73.7620000000005
93.8220000000006
93.8220000000006
3.42600000000061
66.9720000000007
105.442000000001
105.442000000001
-12.2359999999991
-110.697999999999
107.774000000001
89.6040000000008
19.7160000000009
27.2180000000009
-58.6679999999991
80.0060000000009
129.072000000001
129.072000000001
117.480000000001
49.2160000000008
-38.9739999999991
-119.479999999999
0.282000000000949
49.794000000001
78.406000000001
-83.3559999999991
-5.61399999999912
140.376000000001
-20.5399999999992
-76.0379999999993
-70.3119999999994
79.0280000000005
165.846000000001
40.6080000000005
114.212000000001
26.1700000000004
26.1700000000004
26.1700000000004
26.1700000000004
26.1700000000004
26.1700000000004
26.1700000000004
111.342
-22.6979999999997
-13.1359999999997
83.9480000000004
98.4720000000004
31.3320000000004
-9.59599999999949
-51.5919999999996
91.7200000000004
159.876
3.41400000000039
101.554
118.982
11.9300000000005
32.8460000000003
84.2740000000004
151.834
77.0320000000003
113.912
124.766
46.3600000000005
46.4300000000006
96.5500000000006
-40.4939999999995
149.074000000001
58.4420000000005
34.5960000000005
-62.9379999999994
-62.9379999999994
-58.7459999999995
155.362000000001
77.2960000000004
-5.55199999999951
51.5100000000005
51.5100000000005
-30.6219999999993
119.788000000001
82.8760000000008
40.3760000000007
-33.7759999999993
118.168000000001
102.314000000001
128.620000000001
123.460000000001
120.112000000001
99.7460000000005
61.9440000000005
127.730000000001
-36.8559999999994
89.8740000000006
89.8740000000006
-34.9179999999994
107.134000000001
83.8340000000006
62.0820000000006
117.558000000001
117.558000000001
80.1020000000006
104.510000000001
135.990000000001
141.500000000001
130.152000000001
130.152000000001
130.152000000001
130.152000000001
130.152000000001
74.1720000000007
73.0460000000006
72.4340000000007
72.4340000000007
141.124000000001
139.702000000001
37.7620000000007
43.9340000000007
69.1660000000007
64.6320000000007
133.768000000001
131.368000000001
100.424000000001
100.424000000001
117.056000000001
146.970000000001
111.176
48.2780000000004
-5.03399999999965
86.0720000000003
86.0720000000003
86.0720000000003
113.76
96.2640000000004
99.4080000000002
109.546
104.478
65.1700000000003
106.708
90.3340000000003
87.9920000000004
-85.2919999999996
-85.2919999999996
-32.4739999999996
75.5460000000004
-13.1039999999996
-13.1039999999996
-13.1039999999996
-13.1039999999996
-13.1039999999996
-13.1039999999996
-13.1039999999996
41.9400000000004
41.9400000000004
96.9180000000005
157.532
127.112000000001
1.05400000000043
1.05400000000043
1.05400000000043
1.05400000000043
89.9320000000005
36.7040000000004
18.5060000000004
18.5060000000004
149.51
70.0180000000004
78.4720000000003
94.9640000000004
127.752
116.462
30.2340000000004
109.806
109.806
79.7640000000004
84.4360000000003
82.3900000000002
56.0980000000003
64.5660000000003
106.192
40.0940000000003
-91.3899999999998
-91.3899999999998
19.3400000000001
-3.83199999999988
71.9239999999999
103.202
4.79399999999987
90.486
90.486
101.246
106.002
89.7400000000001
-15.8859999999999
81.2380000000002
81.2380000000002
-35.3879999999998
111.11
72.5200000000001
120.682
73.5940000000002
31.2880000000001
-24.7579999999999
100.082
100.082
84.4400000000001
84.4400000000001
-1.8599999999999
27.2820000000002
61.1160000000001
101.66
91.446
38.9680000000001
33.7340000000002
33.7340000000002
45.5880000000002
127.18
50.4140000000001
121.588
40.9080000000001
0.744000000000142
-17.6339999999999
-57.9339999999999
17.8340000000001
17.8340000000001
62.2280000000001
90.9060000000001
82.8560000000001
107.518
88.5100000000001
17.4080000000001
-5.4799999999999
89.0040000000001
92.8500000000001
47.6800000000002
8.88400000000024
76.3560000000002
60.3100000000002
50.6160000000002
119.442
-47.6899999999997
42.9660000000005
133.254
110.826
55.6300000000003
82.7580000000003
19.8180000000002
94.7800000000001
25.1400000000001
116.938
-25.8279999999999
8.02400000000023
17.5940000000003
103.138
103.138
-7.6999999999997
-51.8559999999997
13.3460000000003
27.9200000000003
-16.2119999999996
23.2460000000003
55.3080000000003
80.8080000000003
-11.6859999999997
18.4160000000003
112.032
104.43
104.43
24.0760000000001
34.474
-76.418
113.666
-20.7719999999999
19.124
41.808
10.7280000000001
-5.92599999999993
20.84
102.538
102.538
91.268
73.348
53.124
48.1619999999999
70.5119999999999
56.4699999999999
108.514
-18.5060000000001
31.7879999999999
31.9499999999999
75.7179999999998
136.466
136.466
122.118
8.58599999999979
56.1259999999999
117.24
44.0299999999999
113.156
64.8399999999998
64.8399999999998
81.2059999999998
161.956
165.416
155.112
82.3079999999999
122.226
94.0079999999999
67.8279999999999
124.786
15.5539999999999
34.8179999999998
80.7119999999998
108.772
70.9579999999999
70.9579999999999
171.744
108.39
108.39
108.39
76.0019999999998
114.278
99.5679999999999
99.5679999999999
127.904
127.904
127.904
133.086
-38.3340000000001
115.062
80.832
116.314
116.314
132.48
132.48
132.48
151.2
38.2739999999998
79.2079999999999
109.856
102.65
55.3259999999999
55.3259999999999
99.1299999999999
99.1299999999999
99.1299999999999
153.596
134.162
80.2419999999997
80.2419999999997
90.6659999999998
118.56
54.9459999999999
-95.7400000000001
-12.5960000000001
91.8279999999999
86.4819999999999
113.794
60.1019999999999
111.182
14.7779999999999
3.35399999999993
83.5639999999999
89.452
49.4979999999999
49.4979999999999
28.448
56.792
61.6700000000001
33.4060000000001
61.1139999999999
38.4939999999999
58.2299999999999
-37.1520000000002
65.6399999999999
38.9359999999998
-89.2540000000001
-120.714
37.2099999999998
-17.7820000000002
72.9839999999998
110.004
111.85
-44.8920000000001
28.5159999999998
20.3999999999999
2.1239999999998
12.0919999999999
87.7139999999998
-10.4620000000001
-25.5060000000001
71.5359999999999
65.5579999999999
49.6279999999999
44.4059999999999
44.4059999999999
9.17999999999984
21.6839999999999
37.1299999999999
-13.3180000000002
58.2019999999999
36.1179999999999
31.328
65.4339999999999
6.56399999999985
6.76599999999985
164.368
131.208
118.154
102.27
118.43
118.43
-41.8280000000001
95.0119999999999
135.768
135.768
0.0599999999998317
125.112
14.336
60.7
15.0939999999999
102.024
134.602
87.6519999999998
0.829999999999814
16.7999999999998
-64.784
135.268
129.716
31.8659999999999
69.846
69.846
-51.2760000000001
-25.8640000000001
-39.3140000000002
-39.3140000000002
78.2439999999999
73.1079999999998
144.07
144.07
45.0339999999999
99.7239999999998
38.7779999999998
-0.422000000000139
104.48
130.012
9.69199999999978
-57.3060000000002
147.948
63.0239999999999
45.4719999999999
78.8579999999998
83.4439999999998
84.5839999999999
116.292
-82.8580000000001
179.944
141.018
18.9599999999999
4.35399999999993
114.282
96.9599999999999
102.274
102.274
70.3959999999998
3.84399999999982
59.5819999999999
1.48799999999983
66.5959999999999
66.5959999999999
112.668
109.6
13.3679999999998
56.4139999999999
97.6619999999998
79.7559999999999
79.7559999999999
147.994
147.994
119.804
47.1300000000002
-36.4699999999997
90.6180000000002
-47.7459999999999
21.1320000000002
-16.6639999999999
-30.2859999999998
-4.17399999999986
61.668
165.55
187.406
180.21
96.7560000000001
120.166
119.102
12.8080000000001
-16.2359999999999
118.818
107.896
95.052
95.052
36.4360000000001
109.098
107.536
151.216
144.872
65.0200000000002
96.7960000000003
116.86
132.454
78.3120000000002
97.1380000000001
31.2940000000002
105.966
121.546
91.0000000000002
39.7920000000001
18.412
151.904
77.5240000000002
68.2400000000001
68.2400000000001
68.2400000000001
132.268
112.152
132.508
132.508
44.2040000000001
44.2040000000001
44.2040000000001
101.634
114.228
120.088
120.088
129.716
129.716
166.904
163.018
163.018
163.018
177.454
118.102
99.5740000000001
99.5740000000001
111.186
59.1640000000001
-14.4359999999998
-15.2199999999999
106.684
105.32
105.32
105.32
105.32
-76.0779999999999
-76.0779999999999
-72.6259999999999
-77.0059999999999
78.0100000000001
54.4440000000001
54.4440000000001
65.6820000000001
-28.4579999999999
-64.2499999999999
71.9880000000002
111.182
35.4160000000002
66.9960000000002
82.4400000000002
60.4940000000001
34.3480000000002
-86.5479999999998
132.172
121.798
6.83800000000019
23.9100000000002
5.84200000000021
56.9560000000002
64.7140000000002
81.9000000000002
110.172
73.8299999999999
48.1900000000002
47.0620000000001
79.4940000000001
79.3040000000002
101.69
101.69
103.58
103.764
107.414
88.5060000000001
65.4800000000001
65.4800000000001
100.344
96.6080000000002
75.5180000000001
-70.074
111.878
124.67
120.584
71.7520000000002
79.6560000000002
78.6040000000002
-1.75399999999979
-1.75399999999979
87.7060000000002
123.364
105.952
75.4020000000004
61.1460000000003
61.1460000000003
61.1460000000003
61.1460000000003
61.1460000000003
90.4820000000004
152.408
151.040000000001
82.3620000000005
82.3620000000005
38.3100000000004
44.5400000000004
4.14400000000046
4.14400000000046
41.3620000000005
132.212000000001
29.7660000000005
31.1420000000005
90.4700000000005
62.7160000000005
-27.9239999999994
61.6000000000006
108.010000000001
30.7580000000005
104.828000000001
11.1440000000006
70.6620000000005
63.4600000000005
-36.8819999999995
92.8000000000005
167.38
-10.7199999999996
-5.56199999999956
24.7400000000004
48.2100000000004
11.1100000000005
2.13800000000037
-40.9399999999997
-0.0399999999997362
-15.1059999999997
54.1760000000002
-82.9399999999998
-0.0679999999998699
-26.4379999999999
-24.5099999999999
-37.3419999999999
-37.3419999999999
-37.3419999999999
-37.3419999999999
-31.1939999999998
111.66
59.312
59.312
59.312
59.312
59.312
-5.10599999999999
69.8839999999999
69.8839999999999
69.8839999999999
69.8839999999999
23.996
104.964
90.0019999999998
69.8779999999999
49.336
68.6879999999999
78.7399999999998
77.9739999999998
43.0979999999998
41.5419999999998
25.6839999999996
61.5479999999994
70.7539999999996
53.9559999999994
38.4359999999995
24.1859999999995
32.1399999999995
20.8439999999995
57.0179999999996
60.5999999999995
79.5519999999996
76.9959999999996
72.1119999999996
50.5539999999996
