28.8120000000019
9.64000000000192
-21.409999999998
37.472000000002
-5.39399999999796
19.4320000000021
33.1820000000021
27.0620000000021
110.306000000002
110.306000000002
69.2940000000021
75.0760000000021
-56.1939999999979
95.4560000000021
87.212000000002
75.5180000000021
45.9340000000021
43.4700000000022
45.9980000000022
56.5700000000021
27.1140000000021
29.9900000000022
41.8300000000022
33.5820000000022
60.9100000000019
60.3860000000019
57.8700000000016
18.5840000000014
38.3140000000012
57.968000000001
57.968000000001
46.4020000000008
63.4240000000007
63.4240000000007
68.4380000000004
80.1920000000003
43.5100000000001
31.2400000000001
67.996
67.996
65.4920000000001
25.2800000000001
-45.5699999999999
0.466000000000008
19.6179999999999
56.204
86.948
38.886
-45.6660000000001
8.77199999999993
68.502
-13.252
27.878
45.338
43.448
16.356
76.0020000000001
76.0020000000001
56.7860000000001
84.554
72.6220000000001
-33.4379999999999
-0.961999999999875
34.104
42.3200000000001
-35.6959999999999
-53.9719999999999
-38.6459999999998
-1.45799999999986
-1.45799999999986
-34.2359999999999
-40.2379999999998
-26.8739999999999
-1.94799999999998
65.778
-20.6320000000001
30.2099999999999
21.0179999999999
48.1039999999999
55.7259999999999
51.804
2.31200000000001
2.31200000000001
62.5880000000001
62.5880000000001
61.7180000000001
63.628
46.5860000000002
52.5460000000002
66.3020000000001
52.3100000000002
58.2080000000001
26.2300000000001
-3.47200000000009
-4.08400000000017
49.1779999999999
53.0899999999999
-4.58800000000008
54.2639999999999
30.2459999999999
59.4419999999999
52.9719999999998
75.8619999999997
16.8719999999997
-14.1060000000002
36.9099999999997
36.9099999999997
-45.6620000000003
23.3059999999998
25.2839999999995
128.954
68.4439999999997
22.2239999999996
22.2239999999996
72.4419999999997
-3.86000000000035
47.1919999999996
57.1099999999997
49.0579999999997
92.1159999999996
84.5299999999997
94.3079999999998
54.1339999999999
64.0519999999998
77.5719999999999
77.5719999999999
52.9900000000001
55.6180000000002
10.3740000000001
52.3120000000001
58.3760000000001
-19.2639999999998
80.5640000000002
77.6760000000003
36.0180000000003
36.0180000000003
42.7360000000002
60.6440000000002
45.9200000000003
38.1060000000003
60.0400000000003
103.72
101.454
70.8340000000002
78.2520000000002
84.5220000000002
28.9260000000002
-27.2479999999998
24.5880000000001
71.8320000000001
71.8320000000001
-18.814
39.0400000000001
39.0400000000001
48.6840000000002
84.4360000000001
14.9120000000001
29.4580000000002
28.5960000000002
-41.5039999999998
6.67600000000027
61.6160000000002
61.6160000000002
64.6880000000002
53.4220000000001
23.5560000000002
56.8900000000001
26.9600000000002
48.1300000000001
107.664
107.664
97.5200000000001
82.3099999999999
80.096
59.15
107.652
107.652
87.9
98.918
98.918
-0.800000000000182
-3.34800000000018
21.9679999999997
4.5319999999997
15.4959999999998
-23.0540000000001
56.0939999999998
79.1139999999999
70.9019999999999
70.2359999999998
79.9379999999998
76.7419999999997
29.7399999999998
55.5919999999998
-9.33000000000015
76.8439999999997
18.1059999999999
62.5379999999998
62.5379999999998
51.8499999999998
57.5339999999999
87.4319999999998
69.7699999999998
45.9179999999998
92.7979999999998
47.3359999999999
22.5500000000001
19.3340000000001
55.2819999999999
46.0719999999999
41.3979999999999
74.3019999999999
59.4160000000002
59.4160000000002
32.7960000000002
59.3480000000003
1.55000000000007
47.986
57.894
79.252
79.252
63.4580000000001
63.4580000000001
48.6020000000002
52.13
52.13
63.056
63.056
-38.622
69.7140000000001
54.48
35.23
43.644
56.318
18.7040000000001
18.7040000000001
63.1319999999999
63.1319999999999
34.684
70.7180000000001
36.432
41.4680000000001
47.9420000000001
52.5580000000001
41.2140000000001
33.792
41.21
90.0119999999999
83.862
83.862
57.4400000000001
28.162
59.674
70.12
47.98
8.50999999999999
45.0999999999999
45.0999999999999
35.136
70.3299999999999
51.0879999999999
-56.0180000000001
22.0239999999999
40.7219999999999
40.2499999999999
44.8079999999999
-45.688
-48.9440000000001
2.87199999999996
-17.296
3.67199999999991
27.2699999999999
83.2859999999999
61.4900000000001
48.9660000000001
19.4540000000002
35.1440000000002
96.4620000000002
74.1860000000003
33.9080000000002
18.3800000000002
-16.2939999999996
82.2780000000004
82.2780000000004
81.5820000000002
-63.3559999999998
107.566
107.566
82.9880000000003
83.6780000000002
83.6780000000002
62.6540000000001
62.6540000000001
36.6440000000001
64.5360000000002
-11.3799999999999
8.76200000000006
33.1480000000001
34.0040000000001
42.9300000000002
47.6180000000003
69.4920000000003
15.0520000000002
58.0480000000002
58.0480000000002
52.7660000000002
74.2
36.7380000000001
64.2820000000002
62.9240000000002
62.9240000000002
59.614
4.31599999999992
40.072
54.1
54.1
28.18
65.4540000000001
65.4540000000001
64.2239999999999
27.4979999999999
34.364
-2.86399999999981
-12.4799999999999
44.0520000000001
57.9540000000002
75.7280000000001
-42.5740000000001
-20.1560000000001
6.53399999999999
19.6659999999999
44.586
24.852
47.414
47.414
45.328
67.49
50.3819999999999
33.4059999999999
39.1120000000001
44.946
-6.14400000000001
77.3180000000001
69.0500000000001
17.4720000000001
-37.1079999999999
-57.146
46.6260000000001
55.7800000000001
-3.26200000000006
-87.048
-122.748
-50.0839999999999
-50.0839999999999
-54.7619999999999
-38.1659999999999
-149.592
6.46799999999996
53.266
24.23
-30.9380000000001
12.1759999999999
60.8799999999999
43.5219999999999
56.3339999999999
79.8919999999999
58.832
27.5339999999999
27.5339999999999
91.4119999999999
89.4659999999999
89.4659999999999
33.228
33.228
11.1479999999999
52.1759999999999
60.396
43.414
-35.026
41.6440000000001
38.4640000000001
21.6360000000002
34.1840000000003
-4.05199999999968
6.65600000000018
8.77200000000016
-4.72799999999995
52.296
18.9160000000001
18.9160000000001
28.2540000000001
-21.6479999999998
-11.924
1.42999999999995
-23.1499999999998
20.7340000000002
22.2340000000002
30.3720000000001
81.6000000000003
81.6000000000003
66.5720000000002
84.6840000000002
79.7140000000003
54.0500000000002
82.3360000000001
90.3080000000001
90.3080000000001
80.0420000000001
47.0980000000001
34.244
-27.2919999999999
106.314
61.1180000000002
28.4320000000001
67.4660000000002
67.4660000000002
19.1980000000002
-4.44999999999982
37.7780000000004
93.8120000000001
1.10400000000027
12.6780000000002
26.9120000000001
3.43200000000002
39.8320000000001
64.7640000000001
97.9720000000001
97.9720000000001
56.6780000000002
58.5600000000001
58.5600000000001
65.8080000000001
44.7600000000001
-6.12199999999984
64.95
91.8940000000001
91.8940000000001
49.6240000000001
44.1780000000001
44.1780000000001
37.1220000000001
-23.978
94.474
94.474
85.7420000000001
85.7420000000001
64.7160000000001
117.426
20.1100000000001
103.42
46.2620000000001
72.3360000000001
72.3360000000001
110.472
124.096
114.65
32.828
57.8480000000001
117.762
121.37
66.2180000000002
77.3020000000001
87.0140000000001
79.8100000000001
49.6160000000001
49.6160000000001
25.8240000000001
85.3440000000002
71.3660000000001
39.2680000000001
45.6180000000002
54.2580000000002
81.3120000000002
46.3200000000002
91.1120000000002
90.272
-20.038
-1.74199999999996
31.636
6.75199999999995
4.33800000000008
57.9460000000001
64.874
82.748
55.442
34.452
37.436
80.088
28.396
-1.27600000000007
-43.7020000000001
-32.4900000000001
1.58799999999985
39.6239999999999
55.0539999999999
55.0539999999999
-36.7520000000001
83.802
83.8259999999999
89.1839999999999
55.4699999999999
57.3439999999999
128.67
105.192
95.502
73.442
73.442
40.63
40.63
66.2420000000001
58.104
102.212
102.212
81.672
49.6600000000001
-21.0899999999999
9.97000000000014
52.7900000000002
68.6320000000002
75.4680000000002
76.3580000000002
-6.41799999999978
-6.41799999999978
41.4920000000002
-148.428
-126.64
84.7720000000002
36.5420000000001
36.5420000000001
-23.3119999999998
-37.2499999999999
-54.4279999999998
3.46600000000035
-9.39199999999948
-36.3359999999994
66.2040000000004
66.2040000000004
66.6000000000004
54.1440000000003
39.0240000000003
69.5280000000002
69.5280000000002
86.8260000000004
88.2200000000005
82.7080000000004
96.9460000000005
-63.8939999999994
0.3100000000004
-70.0159999999995
-6.48799999999937
-41.7579999999995
10.5580000000004
52.7640000000005
51.8140000000004
81.7460000000004
5.65800000000047
-88.7399999999994
22.6460000000005
31.2440000000006
20.1600000000005
-5.90599999999949
90.9720000000005
101.012000000001
-66.5259999999993
92.7000000000007
59.4700000000007
73.6500000000007
52.7580000000008
49.7980000000008
118.200000000001
118.200000000001
61.1660000000008
59.7680000000008
86.7780000000008
73.8760000000009
61.8460000000009
113.022000000001
111.918000000001
-20.667999999999
-69.405999999999
-64.763999999999
-64.971999999999
-32.2859999999989
83.9880000000011
99.6520000000012
24.7280000000012
-3.24399999999878
6.69600000000128
-16.6299999999987
103.252000000001
87.7860000000012
87.7860000000012
33.7820000000013
151.162000000001
73.0020000000013
66.1040000000013
64.9560000000013
64.9560000000013
97.8380000000012
119.032000000001
101.020000000001
27.6360000000012
62.8540000000013
70.6760000000013
78.5160000000013
39.2620000000012
36.6520000000014
25.8540000000014
76.6200000000011
122.424000000001
102.500000000001
102.500000000001
128.790000000001
51.2920000000012
149.302000000001
149.302000000001
83.6280000000012
58.9600000000011
58.9600000000011
84.2480000000011
110.000000000001
110.000000000001
101.264000000001
101.264000000001
96.4860000000008
53.3740000000006
40.3940000000006
47.9360000000007
69.3940000000007
33.2920000000007
63.5160000000008
67.1500000000007
97.1220000000005
44.7660000000004
71.4840000000006
36.3020000000008
73.7080000000008
90.6220000000008
82.5840000000007
73.7880000000007
14.0580000000007
79.4980000000005
99.6300000000005
66.7280000000004
107.476
123.592
123.592
-28.7279999999998
11.4280000000001
64.0440000000001
19.2880000000002
100.732
49.2720000000003
29.3280000000002
-1.83799999999974
18.2940000000002
98.9100000000002
105.098
94.7960000000002
57.5560000000003
32.4680000000002
29.3600000000002
-23.8319999999998
-18.5539999999997
7.24400000000026
7.24400000000026
-54.2779999999998
44.8360000000002
40.9760000000002
-25.2219999999998
-13.6119999999999
54.0620000000002
68.5260000000003
-1.93199999999979
87.0620000000002
74.7520000000002
66.7540000000001
78.4680000000002
94.4360000000001
94.4360000000001
66.4540000000002
66.4540000000002
85.6980000000002
85.4680000000002
76.5360000000001
68.1020000000001
68.1020000000001
15.9920000000001
-52.0839999999999
50.2320000000001
34.9340000000001
-0.867999999999938
111.3
69.3480000000001
100.41
90.598
-85.342
21.9300000000001
-36.274
90.97
90.97
-44.1560000000002
0.783999999999764
-15.7840000000002
-33.7760000000003
-51.6200000000003
94.0839999999995
67.9359999999995
88.4979999999995
29.8579999999995
33.3539999999994
32.1479999999995
70.2979999999993
57.2359999999993
74.8239999999993
74.8239999999993
48.8179999999992
48.8179999999992
39.1679999999993
52.0839999999993
56.9559999999993
56.9559999999993
88.9279999999993
87.7239999999994
-23.2160000000008
82.0219999999993
80.0179999999992
65.2739999999992
38.4959999999993
50.4659999999993
-30.4860000000007
-13.3180000000007
78.7279999999993
78.7279999999993
45.9179999999994
96.9119999999995
51.9199999999996
25.9399999999996
20.1739999999998
59.9559999999997
24.4359999999997
26.1159999999995
66.7979999999995
88.5279999999995
70.4759999999995
54.7199999999996
-2.87600000000054
64.0459999999994
-13.3900000000006
62.8559999999994
62.8559999999994
-16.7400000000007
71.9799999999995
53.9899999999994
28.3599999999993
70.4479999999994
69.7259999999994
38.8839999999994
22.2339999999994
59.7819999999994
56.6179999999994
63.8659999999993
63.8659999999993
24.1099999999993
37.0299999999993
68.2019999999993
72.6379999999994
72.6379999999994
15.6639999999993
28.7879999999993
-38.7180000000006
