778;657;660;621
748;596;648;620
801;751;660;596
826;747;672;639
811;713;670;621
794;699;669;583
799;724;679;589
826;744;671;590
826;744;671;590
829;766;691;587
813;749;682;601
791;738;688;606
772;701;680;613
813;765;669;604
804;740;657;607
794;747;691;601
780;706;684;602
826;745;676;612
825;725;656;615
824;738;671;609
814;705;664;618
814;656;647;644
780;586;647;638
780;586;647;638
1;701;650;600
763;613;628;611
810;745;643;603
781;720;671;594
768;659;661;610
764;643;646;615
777;724;659;588
790;611;650;646
768;597;643;632
771;602;646;631
768;615;644;618
766;591;624;616
800;657;649;611
812;684;659;615
777;637;643;606
748;568;631;620
756;625;638;607
744;554;623;618
797;669;657;611
785;719;689;623
759;609;651;618
787;651;663;622
797;654;654;620
781;515;585;675
767;568;638;590
799;630;641;595
769;583;633;596
754;587;637;591
800;665;654;590
810;682;653;579
773;592;639;600
786;630;651;599
782;633;652;601
791;712;686;603
758;611;655;597
802;601;654;647
777;616;652;616
777;616;652;616
802;712;666;607
800;697;679;632
774;629;657;609
760;600;640;603
794;710;640;583
785;713;643;571
810;766;685;582
810;766;685;582
800;737;674;595
786;743;691;592
762;607;647;605
762;607;647;605
770;609;638;611
793;511;626;691
771;585;646;623
785;636;648;622
764;600;630;610
784;615;642;667
763;594;650;649
769;582;636;651
765;575;636;615
784;632;652;669
766;571;640;648
759;611;638;613
778;640;653;610
799;678;662;617
831;743;673;619
821;713;666;617
783;689;665;609
781;702;685;624
751;589;639;606
800;707;623;572
806;715;649;623
798;632;645;650
798;632;645;650
807;541;647;647
768;555;636;614
748;543;635;611
803;689;648;582
792;686;669;596
769;710;682;582
737;736;687;548
780;742;696;611
775;735;694;588
791;719;675;585
806;745;656;580
794;711;647;602
822;660;643;652
778;741;682;578
771;749;685;571
750;711;677;587
785;724;676;587
757;604;639;597
787;658;646;605
782;729;686;573
769;728;682;549
748;625;652;589
758;671;667;594
764;636;659;613
762;605;647;617
785;681;664;614
774;638;657;618
807;692;663;620
745;604;642;612
799;758;664;581
825;774;667;584
786;710;675;603
763;739;691;574
753;586;637;608
759;592;645;611
770;609;651;621
791;650;653;625
764;605;636;600
765;633;641;605
793;707;656;601
791;722;687;619
764;645;658;606
816;701;668;641
809;698;663;624
806;715;675;622
792;704;668;620
817;784;672;594
817;784;667;596
817;745;673;597
805;750;688;584
779;749;694;593
798;709;672;603
805;669;622;603
793;647;656;634
793;647;656;634
776;593;644;630
753;575;630;619
775;625;640;607
772;620;648;627
769;625;655;619
805;714;630;574
773;627;645;613
754;641;652;590
760;687;665;582
756;556;632;618
777;597;634;622
777;597;634;622
769;576;641;627
749;614;604;570
767;641;649;599
743;550;626;613
825;724;660;598
830;728;666;611
799;703;679;616
794;742;682;566
754;594;630;611
767;622;656;609
771;607;644;614
791;641;647;618
831;762;683;600
817;752;673;582
820;748;680;605
820;748;680;605
784;645;653;607
767;648;653;601
768;630;659;609
779;694;687;613
769;671;670;594
763;720;669;586
808;751;638;589
792;718;675;612
809;706;665;597
815;714;665;609
811;719;664;599
783;730;679;588
770;681;670;605
769;643;657;613
806;736;659;607
809;748;678;608
816;708;682;667
812;704;672;658
800;649;653;626
810;674;648;604
777;631;650;621
762;600;649;622
795;705;677;613
795;705;677;613
771;655;661;610
796;664;654;612
788;641;653;623
776;616;651;631
789;643;650;620
827;721;669;623
791;757;679;538
779;769;698;581
775;744;692;591
782;739;702;611
768;614;649;611
791;618;656;634
792;664;659;609
791;755;700;590
783;649;659;627
771;607;642;624
800;664;666;641
818;707;676;643
814;680;650;624
825;726;658;598
817;694;655;612
818;760;664;578
819;775;678;601
787;744;695;602
756;690;674;593
820;759;670;629
820;759;670;629
826;728;679;667
825;688;675;665
823;669;676;667
770;610;646;615
770;610;646;615
801;678;659;604
790;722;686;585
755;730;689;571
736;752;700;557
780;721;670;605
797;738;666;592
804;663;658;656
799;644;654;639
782;654;663;610
824;725;663;596
770;599;626;610
755;599;645;615
771;633;658;625
752;572;633;617
769;683;670;599
744;714;671;559
757;615;654;607
770;670;673;598
770;704;669;602
818;704;678;655
787;632;650;622
802;687;685;649
785;663;674;630
766;622;654;604
774;612;650;625
785;648;643;596
796;632;649;632
784;607;645;622
796;674;671;625
787;746;697;581
763;678;666;585
808;731;674;611
765;633;643;611
751;644;654;602
752;680;659;588
754;586;646;625
800;684;667;621
799;679;665;619
788;657;654;619
791;688;654;611
779;674;650;617
776;673;670;616
774;698;666;606
810;684;671;642
770;638;640;614
736;736;686;545
748;759;698;555
766;726;680;586
764;661;658;604
804;690;679;645
785;615;655;639
809;691;672;652
794;685;656;608
811;713;675;638
783;685;666;595
811;725;678;602
780;715;683;590
780;715;683;590
754;648;655;601
772;627;642;617
791;688;678;620
779;647;660;613
758;609;645;617
776;585;640;638
765;610;650;626
735;569;618;598
816;745;673;587
768;712;676;572
780;754;697;593
765;756;702;585
769;734;697;601
791;693;687;637
790;673;678;640
812;671;680;664
813;687;666;642
818;763;675;606
827;769;684;616
817;702;665;620
818;741;684;617
792;742;688;602
792;682;681;630
798;685;669;628
791;707;662;604
814;770;671;593
800;756;670;592
777;745;684;579
776;725;682;592
802;746;675;595
786;745;680;594
776;722;681;598
756;661;663;602
780;665;653;614
819;724;654;602
796;694;661;615
813;720;668;612
804;696;659;604
795;666;660;612
792;684;675;624
772;627;657;620
783;659;653;618
780;646;645;609
767;645;662;622
753;633;657;602
748;572;633;614
767;617;637;612
771;625;641;613
774;640;640;608
752;575;636;624
789;724;669;594
775;748;685;585
781;743;703;619
777;688;657;611
790;715;682;619
821;761;681;647
817;745;677;654
798;726;687;623
768;696;685;588
1;708;689;590
772;672;667;626
769;696;663;627
800;695;656;628
803;666;653;638
809;669;664;647
822;704;685;678
777;598;638;636
763;656;647;598
761;664;652;602
763;615;651;621
777;642;663;629
777;642;663;629
777;628;659;627
769;604;647;631
801;690;663;621
739;736;660;538
760;681;671;588
760;583;641;624
778;705;660;602
773;613;643;618
822;719;661;612
828;726;668;618
788;629;653;622
796;648;663;636
778;598;634;621
796;704;628;599
798;673;649;631
812;692;677;662
804;700;681;638
790;747;698;584
774;646;647;610
760;623;650;614
749;631;653;595
791;699;668;625
777;640;644;614
777;640;644;614
785;643;659;618
786;677;655;624
806;753;659;595
825;740;672;623
805;678;668;616
834;752;677;609
799;689;660;596
780;716;683;591
766;618;653;615
757;573;633;615
799;709;650;609
804;729;685;610
785;661;662;616
809;690;683;669
804;652;663;648
819;721;665;599
813;749;683;595
749;708;669;568
756;651;658;601
790;667;648;601
817;729;647;602
828;734;652;615
814;701;652;614
781;628;643;617
768;592;641;632
767;581;642;621
792;703;690;629
773;735;689;595
758;638;652;602
800;685;656;613
808;696;668;616
828;729;664;609
799;669;661;616
806;738;659;584
792;663;649;618
815;749;659;599
801;752;673;590
792;767;698;590
792;764;702;604
799;731;698;637
777;596;642;623
756;573;635;623
792;626;664;646
820;695;655;613
817;689;630;603
788;745;682;588
776;666;661;613
784;664;650;608
788;669;659;613
766;583;632;624
805;676;658;615
777;599;626;624
822;678;673;674
831;714;688;680
831;714;688;680
808;667;677;667
764;619;664;547
722;646;668;527
781;719;663;556
812;772;686;571
808;735;665;587
811;716;676;599
787;655;661;596
795;642;662;616
789;627;656;607
765;600;644;604
818;740;672;598
810;708;674;599
781;711;689;575
723;701;691;548
692;639;667;552
719;595;647;590
737;631;649;583
751;630;621;583
762;649;661;604
760;634;660;608
784;664;674;642
787;661;666;629
783;661;672;636
781;665;682;646
735;619;665;573
722;664;674;557
736;665;669;574
770;649;651;587
800;709;656;598
766;699;671;592
774;696;675;594
800;713;668;590
752;646;665;589
737;610;645;597
768;655;660;594
779;672;666;596
798;746;684;576
765;735;684;562
751;667;671;591
749;648;666;597
753;632;653;596
741;612;652;600
766;660;662;597
740;605;651;603
742;635;643;594
734;604;648;600
742;587;648;608
760;636;644;598
753;626;643;593
730;560;633;604
760;627;648;601
735;579;644;607
774;716;676;585
767;726;691;597
759;674;672;601
805;708;661;597
799;682;647;604
769;633;643;607
800;766;656;577
814;730;673;608
767;627;653;603
779;689;671;620
759;644;650;603
762;567;639;657
744;591;643;598
732;594;644;594
750;648;646;591
767;674;664;599
760;646;661;588
749;754;699;572
753;655;666;601
753;658;669;607
770;628;650;609
787;630;655;628
775;625;656;616
745;583;630;605
776;570;625;642
790;629;634;596
803;661;643;590
803;670;654;600
787;720;679;571
722;754;696;511
711;649;670;570
787;655;649;596
792;696;649;580
776;704;657;597
754;646;655;599
740;588;629;594
792;703;663;586
803;738;653;562
802;751;669;578
759;731;685;580
749;595;645;610
778;619;653;620
791;612;658;631
797;608;660;651
795;649;679;656
806;683;677;635
761;605;649;582
758;650;662;580
759;636;654;587
775;652;654;593
773;635;656;600
785;679;674;660
777;668;669;641
763;647;661;613
723;674;671;577
773;699;660;578
764;696;650;590
785;744;651;566
728;682;667;598
722;613;657;606
733;670;668;598
732;627;656;605
773;690;661;597
790;749;667;582
790;748;678;593
761;723;687;602
749;609;654;615
9;585;644;622
781;581;649;628
780;538;623;647
791;665;684;659
813;696;684;665
754;629;646;596
728;590;642;601
738;613;647;600
764;669;663;593
758;674;661;593
758;674;661;593
701;566;631;596
701;566;631;596
723;641;649;588
759;580;652;653
725;576;646;611
740;677;652;592
737;679;659;595
725;669;673;603
727;673;673;596
780;693;660;597
762;621;651;617
749;591;650;619
748;634;654;607
804;706;644;590
757;624;642;610
727;546;626;616
745;595;651;625
730;549;629;618
744;558;630;580
744;546;616;595
779;654;657;610
781;666;658;610
748;610;648;600
745;611;649;601
767;680;659;590
767;680;659;590
723;600;643;601
740;615;638;607
766;701;673;586
818;753;682;610
770;643;640;603
788;713;651;595
786;727;658;617
784;757;665;587
770;718;665;611
800;715;672;629
785;658;633;620
751;757;688;520
761;650;655;624
777;675;675;637
771;614;651;643
785;728;692;660
753;654;648;605
769;634;643;609
795;671;643;599
810;700;666;627
774;643;650;616
757;658;656;613
745;636;663;608
727;544;623;625
743;544;623;587
745;544;627;606
757;699;655;578
761;670;643;579
746;607;652;595
728;541;624;602
760;629;640;573
744;590;621;584
745;563;617;576
720;609;634;579
740;630;649;600
743;663;644;594
765;743;665;582
790;717;686;643
778;697;659;599
797;738;610;563
797;752;646;591
803;737;652;603
759;621;630;609
731;549;623;615
806;780;675;584
772;754;698;604
766;678;660;611
785;712;672;630
791;717;657;598
804;702;672;653
771;628;650;624
773;724;659;581
800;755;659;591
799;750;687;594
793;734;678;594
723;769;703;546
724;675;662;570
766;618;659;615
780;706;687;599
816;753;686;592
804;719;673;601
809;773;667;591
783;669;648;618
775;674;673;626
794;738;684;607
795;705;672;600
748;666;676;572
701;694;685;551
693;632;665;575
703;527;614;591
779;658;652;598
781;628;656;647
749;569;641;630
724;518;616;606
777;671;674;621
788;733;701;619
780;705;688;629
746;737;692;581
735;611;643;603
729;558;628;608
738;617;636;602
729;564;629;611
799;699;649;604
806;746;681;596
773;701;672;573
794;689;671;626
803;723;688;638
776;751;695;577
762;779;710;57
740;761;703;579
745;763;706;587
782;738;659;593
800;751;669;608
790;637;668;656
804;731;699;655
758;765;702;538
755;751;693;564
797;744;666;570
792;747;674;578
749;748;690;575
752;694;661;592
812;753;678;616
797;709;671;627
812;685;675;657
760;628;650;612
746;618;649;607
757;742;689;583
738;761;706;572
760;754;705;614
777;720;699;649
774;708;686;553
778;702;684;557
784;740;683;531
809;793;686;511
800;789;684;502
733;746;696;507
737;705;676;520
799;721;658;534
808;730;659;542
789;771;701;542
747;665;661;565
784;707;672;580
786;690;669;589
786;690;669;589
767;642;657;590
752;639;640;581
785;696;664;578
787;709;681;591
769;698;679;584
750;713;677;565
748;636;655;582
767;657;643;580
766;649;654;588
787;744;645;565
765;679;648;585
759;643;640;588
758;650;643;585
742;618;643;588
792;726;674;573
772;756;695;568
770;758;695;561
777;756;691;566
783;724;678;589
760;624;643;597
770;629;645;596
760;663;661;578
788;727;679;554
815;742;672;580
826;755;664;578
816;708;655;581
820;774;635;560
820;774;635;560
814;775;664;587
783;715;686;605
772;720;681;581
770;749;701;575
759;667;662;592
785;641;650;607
791;706;643;585
791;706;643;585
805;785;680;566
790;751;696;587
790;751;696;587
785;694;672;606
736;637;665;564
