618;526;549;585
638;556;575;615
629;558;540;590
669;592;603;624
669;592;603;624
620;500;528;595
660;542;541;597
631;527;540;592
620;590;604;593
607;557;554;591
605;520;534;597
639;559;551;601
653;626;615;602
615;570;564;595
614;569;557;595
647;592;564;595
647;592;564;595
611;570;576;596
642;604;537;588
635;599;543;581
635;599;543;581
626;578;571;595
616;540;549;603
643;546;552;613
659;588;569;606
644;558;534;603
622;544;547;606
664;613;586;606
702;623;566;600
713;633;575;605
693;606;566;608
644;586;571;606
620;619;606;596
620;577;563;600
626;542;550;606
672;609;580;608
672;609;580;608
653;569;529;602
638;575;574;610
670;607;595;619
670;607;595;619
646;563;563;616
646;563;563;616
719;622;565;609
716;651;600;603
702;639;587;605
655;618;596;610
624;557;557;608
631;584;565;603
648;625;601;603
705;632;551;597
715;646;551;598
717;665;577;604
717;665;577;604
709;631;566;608
679;618;573;609
679;618;573;609
632;617;599;602
657;623;579;608
645;572;553;606
652;555;562;617
642;562;567;621
628;549;550;618
647;526;547;628
628;526;537;612
654;550;542;607
699;621;624;654
649;529;546;619
628;509;528;607
661;573;567;610
681;588;569;619
651;557;561;617
675;634;612;608
620;592;568;592
666;609;582;616
653;577;531;599
676;609;589;620
651;555;563;612
644;524;531;603
665;581;571;604
655;553;558;604
691;636;579;606
654;568;550;603
672;585;566;605
630;605;587;602
631;557;559;601
647;606;575;604
650;613;578;602
635;546;558;606
662;580;574;615
643;515;528;603
696;600;570;614
731;642;590;615
661;548;546;605
638;540;558;608
661;594;568;606
666;639;616;610
642;607;595;598
58;613;586;607
682;629;583;612
674;618;601;614
684;638;632;610
677;644;628;599
650;585;584;600
673;585;588;630
664;578;575;612
626;487;517;606
709;643;621;626
721;643;584;614
674;553;507;604
660;575;568;615
707;618;574;614
737;648;592;618
696;604;571;614
640;547;557;613
634;590;584;599
632;523;540;601
689;640;579;602
669;613;574;604
662;552;557;608
640;556;567;605
654;607;585;608
644;571;557;607
712;685;655;615
637;662;626;587
633;578;577;604
637;540;557;604
675;617;589;613
677;635;576;606
672;614;557;601
665;619;573;600
655;594;579;605
636;518;546;604
644;560;565;608
640;542;542;601
687;622;566;609
694;652;573;601
684;625;538;589
706;650;591;603
656;602;576;608
645;581;568;607
681;594;568;610
681;638;620;611
639;612;593;596
639;543;556;606
689;669;589;593
694;650;541;584
686;644;622;618
670;641;577;570
650;563;575;608
635;529;538;598
652;605;585;608
664;570;568;620
667;563;558;609
708;611;571;622
665;586;568;606
663;572;559;606
645;589;583;610
648;568;566;608
679;623;616;622
677;568;559;609
697;638;565;601
640;555;561;609
657;584;557;606
682;619;580;616
680;584;552;600
626;489;532;605
666;644;615;607
658;606;563;607
645;583;575;611
666;621;610;610
650;603;588;607
650;603;588;607
661;565;551;610
640;548;559;611
671;583;567;609
641;547;561;611
666;642;613;607
666;642;613;607
643;593;585;609
641;556;559;611
679;592;568;611
662;612;560;607
666;645;567;599
672;656;610;602
653;594;559;600
694;634;576;607
675;602;571;611
651;586;569;611
663;599;564;606
646;549;565;608
633;560;564;606
681;642;586;609
664;610;563;605
642;552;563;610
694;621;602;616
683;615;603;618
691;629;612;633
684;591;588;618
684;591;588;618
659;616;593;610
677;624;556;592
677;624;556;592
681;656;639;611
645;654;642;597
641;585;573;607
635;521;535;606
663;599;574;608
698;600;504;609
670;594;570;611
653;561;546;603
663;587;575;617
663;587;575;617
671;585;564;611
671;585;564;611
644;591;573;609
640;541;551;608
665;580;565;613
666;579;570;617
715;632;609;642
725;628;595;641
669;591;588;613
658;594;601;612
691;602;576;613
648;561;565;610
645;616;598;608
644;570;566;611
664;613;574;609
666;615;577;611
736;673;640;640
710;641;607;627
709;649;635;634
722;672;661;645
662;557;562;619
694;631;594;619
704;642;605;621
712;607;550;621
663;571;571;616
645;553;569;615
676;658;629;604
638;520;537;609
683;612;583;617
669;655;606;602
642;626;594;601
648;561;566;613
712;632;587;623
721;666;622;609
665;596;582;614
684;592;577;625
705;643;593;625
711;664;591;615
683;614;567;612
649;557;564;614
665;614;581;605
665;614;581;605
649;599;584;609
671;648;579;595
687;629;605;623
687;629;605;623
694;631;614;636
674;620;608;621
702;635;596;612
682;601;559;609
673;595;571;616
647;565;564;616
641;607;592;611
678;628;576;609
689;637;577;608
692;647;621;621
710;653;628;628
717;646;628;641
668;576;579;618
674;583;571;616
679;582;568;615
646;553;564;613
684;605;576;610
667;590;574;613
645;589;575;615
643;556;560;615
679;599;569;615
696;643;571;610
687;632;573;610
668;644;564;590
655;597;585;612
688;619;590;615
693;618;582;614
698;603;546;607
681;605;578;615
653;578;570;614
648;595;582;616
676;639;580;606
664;588;563;615
699;616;568;614
709;626;567;613
730;686;587;610
684;635;571;611
661;637;586;610
654;620;601;616
642;529;548;613
659;611;592;616
649;569;570;615
670;597;583;624
669;628;585;613
661;604;579;614
682;592;567;615
670;584;560;611
642;564;568;613
642;574;571;614
677;629;575;617
671;601;569;613
647;565;570;617
671;594;588;632
676;585;580;634
664;566;566;619
667;631;610;613
657;656;628;606
674;678;655;616
666;657;606;590
641;553;559;610
680;619;596;622
680;619;596;622
662;568;564;613
657;535;531;609
676;592;571;613
649;561;569;614
652;610;591;612
696;642;580;611
668;602;569;611
646;557;565;615
674;593;572;619
669;615;601;620
656;603;585;616
678;600;574;618
673;593;570;617
699;622;582;616
698;651;615;620
694;661;610;601
648;579;569;611
668;635;576;609
717;639;574;611
717;639;574;611
687;623;580;615
668;640;609;614
645;611;587;612
655;586;558;613
673;620;579;614
688;587;556;615
713;650;588;615
718;689;589;597
678;623;570;612
644;562;565;615
666;579;565;617
644;568;567;619
665;631;584;606
652;575;571;616
672;580;552;606
712;665;641;622
657;586;579;614
658;580;583;622
716;645;629;647
721;634;611;644
673;598;603;623
646;554;564;617
639;548;549;610
639;565;552;612
655;581;570;611
685;627;599;618
673;613;583;610
673;613;583;610
645;590;577;614
659;583;565;613
660;586;576;616
681;635;577;614
670;609;573;615
650;562;563;618
685;598;595;645
658;567;576;624
699;610;610;656
626;509;520;604
673;590;577;616
646;559;560;611
656;612;589;612
680;605;581;617
676;589;572;619
678;629;583;616
655;562;539;609
610;639;593;595
639;600;586;604
643;563;567;609
674;589;578;616
645;544;559;608
671;592;570;608
671;592;570;608
631;522;544;603
649;566;571;614
658;552;554;612
648;563;568;610
665;590;586;627
701;620;595;624
678;589;573;617
62;639;625;623
623;633;608;609
640;554;560;614
693;644;588;623
708;664;570;603
662;589;564;611
642;558;563;613
682;597;579;619
676;581;562;616
672;594;571;614
641;537;556;612
726;652;554;613
748;674;624;634
672;573;557;613
643;544;572;615
646;578;575;610
665;605;574;612
630;594;581;600
644;597;578;603
672;661;605;607
692;678;582;602
658;595;561;610
640;559;563;613
663;596;549;610
637;553;553;614
653;637;585;600
653;637;585;600
646;611;586;614
645;573;568;613
660;630;587;614
671;629;613;622
652;562;567;6
678;637;574;615
686;612;571;619
690;635;615;625
665;596;582;619
661;626;548;601
658;609;580;614
662;567;567;640
659;577;573;632
646;566;564;619
657;560;568;635
644;557;562;614
652;600;570;609
677;620;578;611
660;593;579;617
648;573;575;618
677;647;581;612
676;607;590;625
665;599;572;613
637;555;555;612
656;557;565;622
644;564;571;613
657;623;582;610
657;623;582;610
670;641;634;623
645;680;650;597
682;656;600;614
643;562;563;615
678;615;585;618
663;600;582;617
670;631;603;618
665;594;580;627
714;648;613;648
716;636;580;636
687;616;582;623
656;590;569;616
673;623;584;614
642;550;554;615
673;631;589;616
659;561;556;613
670;584;551;613
656;646;636;623
640;601;579;612
640;560;559;613
687;619;579;613
716;641;598;626
743;687;595;612
750;700;605;613
741;674;603;616
721;638;575;607
678;654;626;612
669;662;650;624
643;606;579;606
692;651;604;615
666;605;577;615
687;615;578;623
680;610;583;620
661;630;576;605
685;666;634;614
647;563;564;614
667;673;636;603
677;620;589;616
702;656;579;608
714;690;580;606
659;595;559;614
646;561;569;618
671;593;574;612
694;620;570;612
747;679;596;613
740;672;606;616
685;582;575;616
660;588;565;613
659;614;587;615
670;608;579;615
682;604;589;636
701;605;593;682
659;564;557;636
693;609;591;672
667;596;572;602
656;571;568;618
652;582;578;615
652;582;578;615
732;651;593;622
720;636;592;621
672;582;580;618
649;555;569;618
639;598;578;607
675;617;577;615
671;608;569;609
671;608;569;609
655;618;593;617
692;634;606;622
748;676;600;616
721;652;592;615
667;588;577;615
643;552;563;615
673;546;541;628
662;634;575;606
697;684;602;604
725;695;590;612
664;618;567;614
644;579;565;615
650;617;584;611
654;598;561;607
661;615;581;614
641;551;557;612
659;550;556;619
680;605;578;618
682;591;574;617
655;569;564;614
716;629;578;614
695;605;576;615
681;597;572;616
648;553;564;615
676;659;600;613
644;551;559;615
651;594;576;596
651;594;576;596
637;583;566;608
650;588;578;618
672;598;569;614
664;595;576;618
758;676;613;633
763;676;601;628
728;634;566;620
643;564;565;620
712;623;576;625
644;561;565;622
645;626;597;617
640;562;563;619
719;632;610;654
681;597;580;631
696;655;576;613
644;577;571;621
658;584;570;617
667;632;517;598
675;623;569;612
675;623;569;612
651;600;579;612
654;607;586;616
654;589;560;612
654;589;560;612
651;649;622;617
663;605;544;606
683;632;592;620
728;665;606;625
677;603;569;615
643;563;571;619
700;664;628;607
646;669;607;568
641;604;583;615
697;667;603;627
707;696;601;609
722;660;624;652
740;667;639;666
718;633;607;647
673;601;585;623
642;527;545;616
683;599;572;611
696;645;616;626
659;593;584;619
653;573;583;626
645;608;584;616
643;541;554;618
660;628;602;617
670;633;577;611
666;609;570;617
645;559;563;618
705;621;587;633
650;695;665;617
647;586;580;621
650;570;572;618
690;593;562;615
749;668;599;624
739;652;569;612
694;676;627;613
657;631;589;615
644;598;577;613
623;609;586;621
681;654;609;622
672;637;586;618
692;614;577;623
684;651;581;618
672;646;576;620
661;613;566;617
697;612;574;620
692;661;618;616
670;622;592;617
649;597;581;620
639;513;530;616
669;596;581;631
700;620;592;635
708;636;593;630
723;685;571;601
680;632;581;624
645;549;562;623
650;621;588;619
645;561;562;623
676;609;576;616
689;637;592;618
682;631;590;622
708;703;595;618
692;648;572;613
697;646;598;626
670;648;596;606
661;663;613;593
647;608;583;616
678;627;589;622
658;588;564;616
658;588;564;616
657;551;556;625
646;542;546;618
677;602;575;622
652;565;572;621
685;639;577;611
685;639;577;611
653;581;546;615
652;633;602;613
648;615;585;616
648;576;562;620
653;593;574;617
644;569;567;620
675;605;591;631
670;637;578;617
665;631;588;620
642;534;539;619
4;659;581;618
761;677;601;637
700;624;574;616
644;560;565;623
639;519;533;619
662;635;615;622
654;611;586;621
654;611;586;621
687;618;575;621
676;606;573;621
651;493;519;617
722;636;597;641
664;581;557;616
643;544;554;619
649;617;588;618
644;558;566;620
656;619;596;625
686;647;612;628
668;619;570;620
681;623;593;628
649;559;553;619
679;591;535;614
691;625;584;626
653;583;571;623
645;593;570;612
666;587;538;615
670;609;560;615
649;574;564;618
689;636;614;637
720;665;662;654
694;606;581;644
734;652;561;616
707;621;576;621
648;565;569;623
663;646;611;607
645;671;650;608
652;637;608;617
643;540;553;617
679;599;583;625
671;608;599;652
655;574;575;634
698;622;563;617
719;648;609;635
740;650;609;647
672;595;586;624
651;562;572;622
667;571;558;615
650;564;573;621
611;586;565;618
653;616;571;619
669;659;606;619
658;618;575;622
681;637;586;631
671;635;578;620
651;618;584;622
650;599;569;620
657;597;585;626
637;563;564;623
691;609;573;622
730;648;590;631
697;631;579;624
639;563;567;623
678;635;573;616
638;564;568;624
634;637;605;610
637;560;567;619
722;692;597;610
724;663;625;654
724;663;625;654
706;626;599;641
669;587;575;621
641;575;575;622
668;591;572;617
715;663;629;630
667;619;585;623
647;630;595;610
641;634;606;614
659;624;579;616
658;603;561;616
644;569;569;621
673;596;591;637
673;596;591;637
693;605;572;619
637;547;561;619
698;613;564;622
641;577;570;623
656;576;576;637
638;568;564;623
664;621;591;629
647;591;554;619
678;642;609;628
660;608;571;621
665;650;598;620
662;603;573;621
679;660;598;622
665;618;569;621
726;662;605;643
730;657;615;653
723;652;619;649
723;682;677;651
663;586;577;624
658;590;564;618
681;623;576;616
663;592;566;617
669;579;569;627
675;643;622;624
644;569;539;615
673;621;570;614
698;681;609;592
691;715;663;616
659;648;595;617
642;564;556;616
691;644;606;625
740;670;580;616
752;711;597;614
734;703;597;615
670;638;575;619
644;551;562;623
651;596;568;618
644;567;567;624
718;642;591;634
676;621;576;622
674;642;585;620
700;673;622;615
685;645;594;623
730;667;616;647
697;637;587;631
672;613;571;622
685;640;590;621
649;564;555;622
664;605;580;622
657;587;572;622
667;592;570;620
662;694;647;592
669;643;595;620
646;579;567;622
671;609;592;630
637;530;536;618
654;611;590;625
639;540;548;622
676;589;586;641
664;586;582;633
687;606;570;619
697;661;609;618
651;584;568;617
5;592;569;600
655;642;616;621
643;545;557;622
689;634;619;636
650;571;574;624
676;584;576;635
719;681;583;600
663;594;572;622
643;553;563;621
698;620;576;618
658;657;616;612
652;614;589;624
685;629;602;626
667;618;595;625
667;618;595;625
662;650;574;607
699;678;675;655
638;572;550;611
668;603;520;607
687;642;596;624
687;642;596;624
652;625;596;627
675;576;537;617
673;598;571;622
716;564;500;648
671;601;589;632
653;535;544;621
683;608;582;625
644;546;555;620
667;591;589;631
677;634;615;636
663;591;568;624
646;559;559;620
647;611;589;625
683;649;580;619
662;601;570;624
653;586;568;624
651;574;570;622
729;685;636;631
651;571;540;616
650;633;602;615
649;604;588;628
641;555;563;621
688;665;617;625
675;674;594;623
697;640;595;640
707;626;615;657
659;579;576;631
653;640;614;620
639;626;594;611
672;626;579;622
697;625;587;664
677;636;579;622
688;635;586;635
678;627;581;624
690;640;586;630
673;617;574;625
645;610;579;619
708;657;588;630
682;605;573;625
702;605;589;643
725;641;604;651
746;664;632;664
674;590;579;631
673;649;621;625
657;621;570;622
658;592;563;624
662;591;576;629
698;661;630;634
681;633;589;627
705;645;581;627
702;646;581;620
678;624;579;624
655;619;581;621
682;657;594;605
670;629;586;621
659;598;587;630
738;672;603;629
715;646;605;637
676;611;594;632
672;619;604;635
698;641;587;623
730;693;587;616
689;639;581;624
716;645;598;642
675;601;583;632
681;661;629;625
676;690;660;622
665;699;667;613
672;638;585;620
687;654;573;623
664;606;573;624
644;561;562;623
714;639;588;635
739;708;592;619
698;650;563;619
670;617;565;622
710;636;588;633
710;624;581;636
693;628;587;634
639;530;534;626
651;610;578;626
646;569;572;626
666;608;588;625
714;467;595;716
661;548;562;638
712;677;579;613
698;663;575;611
719;680;625;624
722;661;599;639
728;661;637;662
716;637;601;632
716;637;601;632
680;678;651;621
672;683;655;622
647;584;575;622
695;620;578;624
698;618;574;623
706;625;583;626
682;594;557;618
649;565;573;626
665;601;594;633
673;609;600;637
653;567;575;626
664;649;636;629
651;652;611;615
683;621;592;630
47;676;606;632
753;689;606;630
751;696;608;630
746;727;610;616
689;643;588;624
653;567;574;625
668;600;575;624
655;632;610;620
648;600;579;620
648;569;571;629
642;539;545;620
733;573;505;680
676;592;592;637
708;626;566;622
678;608;579;628
654;644;620;616
643;610;582;619
652;580;573;627
669;630;588;621
656;607;581;627
692;612;573;624
658;589;578;629
694;623;591;636
737;668;642;667
671;580;573;638
672;594;594;660
671;580;587;654
658;552;566;656
669;559;567;654
653;572;572;630
694;619;596;650
730;650;620;662
679;601;582;629
656;576;557;626
679;612;585;635
664;595;575;630
652;631;594;617
678;627;572;622
686;626;586;629
646;555;564;627
686;617;585;622
677;576;568;638
672;609;584;630
672;609;584;630
662;594;565;624
691;641;620;638
667;588;581;628
646;578;578;625
675;649;601;625
675;631;561;617
667;616;591;627
58;582;580;628
667;589;569;622
692;622;594;639
689;621;593;637
679;609;587;637
674;602;589;642
689;542;573;686
659;556;571;646
669;581;580;645
663;580;567;649
688;612;570;646
743;677;649;672
742;673;611;658
700;646;596;632
700;654;620;646
692;625;583;642
661;587;572;630
659;625;581;618
694;618;569;623
719;653;582;626
720;664;585;624
667;607;588;627
700;623;579;627
716;629;555;622
749;669;599;636
746;671;607;636
747;668;604;630
684;591;574;628
650;559;564;629
655;623;593;629
685;638;586;624
674;599;567;624
686;612;593;636
681;608;580;628
676;647;592;627
668;623;565;619
654;575;576;629
711;660;610;626
717;675;605;628
659;569;532;621
652;568;570;627
685;598;567;625
648;555;562;627
681;616;572;625
662;655;635;627
645;607;585;625
650;609;589;627
681;615;579;630
668;610;565;627
677;623;572;628
699;615;567;633
643;547;559;626
664;642;582;623
655;602;568;625
623;454;508;629
640;538;518;617
645;633;599;620
649;634;593;621
688;655;593;623
668;594;532;619
647;569;565;629
680;601;578;631
654;580;575;634
683;609;586;639
651;580;571;635
652;627;584;621
691;606;558;626
673;586;556;629
683;642;573;627
675;616;572;628
659;626;552;618
667;625;590;630
681;617;584;633
679;609;580;632
689;651;584;629
665;604;570;629
651;569;569;632
649;628;593;629
684;639;582;631
705;658;596;628
719;673;615;646
726;676;630;655
717;664;613;646
701;647;593;632
669;615;563;625
671;625;576;624
674;621;579;629
691;653;591;627
691;653;591;627
678;653;592;623
660;590;570;628
662;620;591;630
685;629;606;642
669;581;568;631
703;678;618;616
680;684;642;621
659;683;638;627
651;605;575;624
678;601;542;622
700;637;579;628
714;669;626;636
660;600;571;627
648;572;575;631
697;604;535;623
692;627;594;634
667;581;551;628
664;608;584;636
666;603;586;640
689;650;580;625
689;637;576;625
651;569;568;630
659;647;610;625
681;634;572;618
707;661;613;631
734;682;610;630
753;707;598;624
739;704;594;625
670;654;583;625
659;618;586;629
670;635;590;625
670;635;590;625
689;598;575;635
648;557;565;628
649;627;595;623
647;571;571;628
675;584;573;642
675;584;573;642
658;588;578;629
660;589;572;629
753;683;608;629
736;657;590;632
676;606;580;630
659;601;574;632
674;659;596;621
668;661;574;601
661;613;574;623
647;559;538;617
698;648;591;638
716;685;582;620
672;607;556;624
651;567;567;628
666;604;575;626
651;570;571;628
671;618;580;627
649;557;570;628
650;653;608;614
653;571;570;627
671;615;575;619
705;641;578;633
693;594;565;638
662;546;550;628
695;655;586;625
700;657;605;625
657;582;569;626
665;656;624;624
643;620;588;618
665;603;574;630
668;619;587;628
660;598;588;631
762;718;602;620
747;706;591;626
672;649;582;626
648;573;563;627
660;613;571;620
674;579;540;631
684;609;586;639
646;545;539;627
643;631;600;621
650;566;569;627
686;608;575;625
649;553;560;628
665;584;582;637
680;603;583;641
662;592;571;633
653;572;571;625
663;591;576;627
674;658;628;626
655;627;596;627
652;574;572;627
653;589;571;622
653;589;571;622
693;625;581;627
652;566;569;628
683;628;588;627
652;577;573;629
677;580;569;636
651;533;532;623
666;625;594;628
667;655;625;626
651;612;589;626
650;569;570;627
696;659;593;628
730;667;625;657
690;626;607;646
682;684;636;616
677;670;634;635
665;635;600;630
690;607;554;627
659;649;610;628
647;623;593;630
681;620;609;643
671;597;575;626
669;569;553;627
689;645;611;634
675;653;629;619
643;586;562;626
651;577;571;630
655;621;594;628
653;583;577;632
656;558;555;631
653;582;577;628
695;651;591;634
695;651;591;634
664;594;555;624
679;653;598;606
665;634;599;625
658;627;589;624
680;588;535;620
679;668;628;610
650;605;582;623
654;576;560;628
673;644;614;628
671;626;605;630
713;625;568;635
713;625;568;635
673;610;578;626
669;597;578;633
664;603;583;640
648;600;571;635
662;577;566;654
691;654;620;649
661;602;565;637
651;596;571;636
669;689;638;617
704;677;651;649
719;697;629;630
752;746;640;632
683;665;609;629
674;651;606;628
669;643;603;630
656;604;587;633
681;607;577;623
668;608;583;633
645;655;617;631
674;644;575;627
687;668;601;632
678;648;584;634
692;655;598;640
649;590;569;636
655;618;583;628
693;631;579;636
731;673;583;632
751;678;594;636
668;635;578;631
623;616;554;626
697;717;590;620
720;684;659;657
660;588;580;641
669;645;638;642
648;620;586;629
