686;633;645;667
704;655;664;673
756;706;642;656
705;639;614;662
681;590;616;672
710;647;631;672
754;684;617;670
708;631;624;673
718;666;660;675
697;674;648;668
685;637;619;672
746;686;625;671
722;685;481;633
690;640;622;661
666;544;578;662
724;661;614;661
697;617;606;664
687;643;635;668
687;631;609;666
715;664;610;661
706;584;501;648
707;638;639;669
698;632;620;667
713;653;631;673
709;701;624;671
726;702;638;666
672;667;623;666
682;672;628;664
673;655;617;663
726;683;618;664
767;739;639;665
716;667;629;670
717;704;660;659
683;635;632;671
685;665;623;645
703;670;643;668
679;705;626;662
720;727;636;666
659;605;613;669
695;638;618;664
737;677;669;705
678;659;624;664
734;715;619;651
748;684;635;672
759;705;624;667
742;700;629;669
634;707;616;655
667;634;623;667
670;600;609;668
691;683;652;667
677;673;608;650
694;630;615;668
698;657;624;670
702;658;618;667
669;635;613;668
716;656;630;668
701;640;628;668
667;629;623;661
666;582;605;667
685;617;602;662
661;659;613;663
713;678;636;667
688;650;627;665
686;613;617;678
671;629;624;666
710;650;632;669
685;610;627;673
723;655;638;680
706;687;653;667
678;632;626;669
701;637;627;667
710;635;621;675
710;635;621;675
692;621;619;670
735;661;612;661
708;637;626;671
701;646;624;671
702;638;622;671
672;665;618;666
728;707;640;672
663;720;652;620
678;665;650;670
677;601;617;6
687;635;627;672
676;608;620;674
707;635;633;669
712;650;628;669
689;563;607;664
692;618;632;670
728;625;618;666
676;573;616;669
704;630;626;665
668;544;610;666
682;621;634;661
674;567;613;665
711;684;644;656
731;634;649;696
700;619;641;667
693;600;605;661
720;678;651;665
705;647;631;662
735;684;660;681
77;587;616;667
722;648;658;683
749;713;684;692
709;614;597;665
668;622;612;665
734;673;638;668
718;668;630;663
709;674;630;664
668;635;625;665
685;629;639;667
683;576;617;667
707;624;625;671
718;613;613;681
719;633;650;677
725;686;659;669
731;674;668;678
725;668;636;667
726;691;645;664
722;663;621;668
735;642;595;681
729;661;615;665
730;656;612;677
724;663;616;664
733;668;634;678
730;669;626;673
710;626;595;664
706;637;622;670
674;578;563;643
662;565;590;657
700;627;617;664
638;729;666;526
678;644;640;658
684;588;605;657
697;609;625;664
676;559;592;658
692;614;607;652
691;598;617;663
687;600;585;646
672;577;604;663
716;633;631;668
762;701;702;726
685;541;589;665
667;532;591;665
719;658;623;661
716;651;634;670
698;631;621;667
697;637;638;673
698;645;619;661
673;621;621;667
676;608;620;657
689;631;624;654
688;620;615;664
709;639;617;663
696;627;620;664
705;632;620;669
672;505;541;644
713;616;619;660
705;629;626;657
707;620;613;660
706;595;620;670
708;655;619;662
716;628;620;665
680;577;611;664
699;657;642;655
703;629;618;661
692;621;630;668
763;702;637;673
715;626;619;667
750;690;623;663
703;688;615;652
748;712;620;659
698;632;629;668
720;651;627;665
720;672;633;663
726;682;644;666
720;686;635;657
703;631;623;663
709;634;653;667
668;544;588;659
702;594;591;661
728;646;605;657
708;607;621;665
673;559;607;666
693;593;602;660
668;652;647;626
673;601;616;656
722;648;622;668
734;634;613;662
701;624;609;657
675;561;620;670
677;571;613;667
694;623;624;663
677;589;613;665
703;602;616;665
749;711;625;654
689;597;612;664
657;527;596;662
673;607;619;654
681;576;611;665
704;635;619;659
680;609;616;665
709;627;626;662
683;567;608;662
742;641;645;693
742;641;645;693
713;610;629;680
681;575;611;668
679;608;621;663
670;555;598;659
698;615;609;661
676;573;610;667
680;615;623;663
675;601;607;663
690;601;606;662
673;583;604;664
688;648;625;663
671;580;610;666
683;583;615;665
668;584;602;660
714;629;616;665
690;605;623;669
707;646;631;665
712;639;630;669
702;629;627;666
700;632;624;669
723;667;643;673
733;657;618;682
692;606;622;670
677;601;615;667
731;647;630;664
93;710;682;663
676;602;609;660
714;668;654;674
710;673;648;669
714;651;629;670
726;657;631;673
709;642;627;664
716;642;628;670
696;623;623;666
692;613;630;671
705;644;609;660
743;690;637;664
722;562;570;666
692;566;596;662
679;567;606;664
695;651;631;668
695;651;631;668
702;626;620;668
679;727;660;567
680;671;652;659
682;642;620;668
758;697;642;686
744;707;640;675
682;611;554;664
690;604;617;667
722;605;622;686
692;592;616;673
731;662;617;660
752;680;626;673
714;632;619;667
714;632;619;667
679;614;617;661
674;558;603;664
704;671;629;660
744;634;638;702
701;610;624;671
679;584;616;669
690;635;636;665
668;577;586;662
734;676;623;666
713;710;681;693
678;603;618;666
679;575;610;668
713;646;621;664
744;674;659;675
712;637;634;674
669;537;579;650
693;602;620;671
678;619;618;665
702;612;619;671
682;609;616;671
692;660;619;665
668;621;616;664
680;630;632;668
705;661;636;673
720;646;639;670
705;645;628;667
692;609;615;666
678;571;613;670
693;635;627;668
693;635;627;668
697;590;617;677
704;648;642;674
706;662;619;663
661;707;646;626
688;629;632;667
691;599;614;667
711;621;618;670
683;600;616;670
712;628;623;669
706;625;610;663
708;643;619;666
667;625;617;649
682;613;620;665
700;676;634;648
721;687;646;669
726;652;620;666
677;572;609;670
695;644;638;671
687;610;615;667
679;604;616;669
710;653;621;669
713;661;631;669
682;609;617;668
682;585;616;671
696;602;610;669
680;581;612;672
711;636;641;672
709;618;614;674
700;622;627;675
708;634;618;671
696;628;591;656
704;678;640;656
721;686;631;658
713;646;618;663
706;647;597;661
704;641;616;668
697;619;626;676
673;642;608;665
714;689;628;666
695;648;617;666
676;638;621;659
703;627;614;661
700;613;607;663
682;608;614;669
714;649;625;669
714;658;624;668
694;637;608;663
677;611;603;666
710;679;622;659
707;678;621;662
721;697;624;662
681;573;608;671
679;577;603;668
691;609;618;669
696;640;618;665
676;573;604;670
708;622;623;669
674;664;642;656
676;621;625;663
711;636;625;667
703;639;621;666
679;600;609;671
726;646;628;669
672;577;610;672
694;615;616;667
676;614;615;671
720;646;618;671
686;613;620;672
682;643;638;664
752;690;617;677
698;629;621;671
686;597;615;672
711;651;625;671
709;648;614;664
753;699;669;697
767;707;657;690
703;614;629;681
684;605;620;675
719;627;622;676
768;733;659;694
693;608;608;671
690;671;617;663
702;686;632;667
687;645;615;664
700;641;625;665
692;601;619;670
684;585;603;667
734;679;624;664
696;615;613;666
706;628;642;679
690;604;619;677
706;611;627;686
4;607;623;678
679;636;616;668
708;696;634;668
682;595;616;674
682;612;611;669
674;617;609;663
697;603;600;663
673;576;606;670
699;616;612;668
680;588;614;669
715;664;632;668
735;671;643;685
688;606;627;674
676;666;619;666
699;657;622;671
715;617;625;684
725;661;629;676
732;674;645;685
729;674;641;683
680;595;615;671
702;630;637;679
687;625;623;674
716;675;614;667
674;617;618;669
683;622;625;665
683;584;615;670
731;631;650;699
708;652;641;668
697;635;606;658
683;620;617;667
720;669;629;667
690;657;623;667
740;686;634;673
681;653;624;667
762;699;631;670
744;751;649;676
703;679;633;669
692;618;623;675
718;656;623;670
723;705;664;661
701;661;636;665
682;594;616;669
689;635;636;665
0;691;632;661
699;626;612;667
679;593;616;673
707;623;614;669
681;600;617;673
693;624;620;671
682;599;610;669
686;637;633;666
700;647;640;670
695;619;618;671
674;562;601;670
699;630;641;678
725;665;631;669
690;617;612;667
676;579;609;673
696;647;626;668
673;568;603;671
698;626;635;677
690;608;623;675
699;647;635;671
679;594;615;674
691;613;623;670
680;579;600;668
701;620;638;674
679;556;600;668
688;614;619;668
676;584;614;671
716;638;627;673
719;646;623;669
696;662;644;664
679;608;615;667
697;630;626;669
675;577;614;673
729;673;645;670
743;678;650;688
727;667;642;684
716;662;639;676
710;631;638;684
704;641;624;673
765;711;642;696
759;709;680;693
688;601;615;671
727;657;613;668
706;649;630;671
713;670;643;672
715;686;643;666
703;637;630;673
704;607;628;679
667;575;581;662
693;603;620;670
715;650;611;673
729;685;626;663
748;705;639;684
750;669;638;671
687;701;671;661
696;664;645;668
696;617;624;671
710;647;640;673
717;647;632;674
732;665;638;677
714;644;625;670
728;694;655;669
718;659;630;669
695;661;643;669
685;591;620;670
706;628;629;673
726;668;634;672
702;644;624;665
76;680;623;667
709;720;641;655
689;656;626;669
693;653;622;676
684;632;618;672
726;703;629;665
718;706;626;664
697;638;626;668
644;677;648;646
693;642;642;669
706;623;622;666
704;619;625;667
750;744;707;669
687;621;629;665
678;590;613;667
708;657;627;671
683;671;623;664
710;616;622;676
697;598;618;680
697;559;610;676
702;620;632;670
707;651;640;671
684;577;623;673
699;619;623;664
690;597;624;666
692;614;633;668
686;576;619;673
711;678;642;664
709;579;607;679
696;598;629;674
729;666;628;673
699;634;620;665
716;623;617;671
720;628;629;673
688;603;622;674
704;602;620;673
702;659;620;615
700;651;631;667
680;617;619;668
715;670;632;673
684;575;603;670
710;669;648;669
689;610;622;672
715;664;637;669
689;600;626;673
730;640;630;674
689;593;624;674
711;617;625;671
687;590;621;674
702;612;623;672
699;674;671;670
690;623;631;668
694;588;622;677
705;594;627;680
3;586;626;676
704;605;623;673
687;579;620;674
730;658;635;671
730;658;635;671
2;629;619;668
685;584;615;673
663;544;587;663
702;631;629;674
689;595;607;668
710;669;664;666
691;636;631;666
682;590;618;668
702;640;625;666
677;588;615;669
700;621;617;668
681;627;618;668
703;653;625;667
675;614;625;669
684;661;653;667
684;579;621;667
707;634;619;669
719;634;650;680
722;640;649;684
721;660;639;674
709;625;625;673
690;650;624;668
727;672;633;667
689;600;623;673
715;619;624;671
691;674;653;658
700;648;638;663
689;591;623;671
688;625;645;669
718;659;624;648
707;629;625;668
695;604;627;675
730;658;646;682
714;645;626;670
691;655;649;675
684;634;621;668
720;691;646;667
696;690;635;662
729;706;638;665
692;603;629;673
720;666;648;676
693;649;628;649
707;667;642;666
680;587;622;672
695;620;626;667
720;632;622;672
700;619;629;672
721;646;635;682
713;660;628;668
676;605;620;673
712;628;622;675
686;610;624;676
692;642;636;671
701;623;629;680
729;629;650;688
727;647;611;677
708;615;630;674
710;639;622;655
709;630;626;670
709;630;626;670
695;653;651;672
695;616;629;678
723;639;637;678
723;639;637;678
698;629;640;676
718;650;627;671
703;661;623;667
727;724;629;672
718;704;640;663
706;676;635;667
695;650;642;673
720;636;631;669
706;632;627;669
708;643;630;676
713;639;655;671
679;600;622;669
718;616;616;669
681;579;620;673
677;552;600;667
680;566;611;671
705;624;619;670
679;599;629;658
692;632;638;668
708;629;629;676
704;619;628;673
706;632;625;671
700;609;627;677
701;652;645;668
694;630;623;666
699;604;612;668
765;678;628;672
771;703;655;683
688;599;625;673
715;651;638;673
677;592;610;671
696;614;624;676
693;645;647;675
689;655;642;673
713;690;625;670
683;602;615;677
694;628;634;672
711;609;605;668
752;664;635;681
745;713;699;723
683;582;613;679
692;601;622;673
687;618;630;665
718;652;629;677
711;660;622;666
670;572;612;672
682;572;613;669
754;657;556;647
716;621;615;671
702;611;614;672
688;655;648;673
676;538;591;670
704;621;623;670
699;611;621;671
686;582;610;670
690;590;621;673
709;633;634;685
723;654;628;680
703;602;618;677
686;605;614;677
682;692;641;661
704;717;679;674
695;639;637;675
682;606;615;672
699;619;622;673
691;600;624;682
703;595;621;683
678;581;613;675
705;615;611;672
725;721;654;572
695;645;633;669
719;657;635;673
719;681;650;667
713;647;627;674
733;683;651;672
718;666;632;665
728;688;646;672
719;663;632;675
730;653;636;681
707;629;625;673
714;641;629;672
685;622;627;674
714;622;627;673
713;647;631;676
710;633;627;673
686;583;622;677
690;626;634;675
706;644;627;668
704;625;626;669
684;590;623;677
706;617;646;691
682;566;611;673
715;650;627;667
712;640;622;668
730;675;650;684
712;627;616;669
722;640;645;679
682;599;618;673
704;654;633;674
693;618;632;678
700;608;623;676
684;583;616;673
686;623;631;673
702;628;628;675
695;605;618;671
695;605;618;671
692;606;629;675
693;629;636;677
710;628;626;676
707;644;629;676
720;659;635;682
709;653;637;670
742;710;684;691
731;740;700;693
703;669;636;661
702;628;641;680
703;648;640;676
690;610;633;680
747;676;649;674
716;628;622;672
707;609;623;673
681;571;617;673
704;617;634;683
704;617;634;683
738;687;644;678
765;739;717;713
663;496;560;658
670;537;594;670
689;642;626;670
719;657;637;684
723;657;634;674
671;642;620;653
693;655;648;674
691;599;625;680
706;642;643;683
694;612;625;677
713;624;629;681
713;624;629;681
728;672;633;674
686;600;628;679
710;662;644;674
694;604;628;683
744;664;654;693
700;619;631;678
716;680;647;672
728;660;632;675
738;685;634;676
733;669;627;676
717;628;636;684
688;608;629;680
710;636;636;684
710;636;636;684
709;659;628;680
688;669;623;674
708;688;637;675
708;688;637;675
698;652;642;675
707;648;632;671
738;693;662;687
707;634;623;672
697;630;633;678
697;630;633;678
736;672;628;674
736;672;628;674
714;673;628;672
692;608;623;680
718;742;672;624
718;742;672;624
711;680;644;669
734;686;657;674
720;668;644;677
690;596;623;680
700;592;621;678
704;616;610;665
709;632;626;672
680;688;622;666
721;700;636;668
699;744;685;656
691;648;636;671
695;604;631;682
720;646;619;677
720;646;619;677
710;652;631;676
686;599;627;678
682;615;615;665
681;584;617;674
725;666;624;670
683;691;658;666
692;643;638;675
678;658;624;671
701;705;630;667
679;667;625;670
694;719;637;670
703;717;627;667
707;645;626;674
682;590;620;679
701;625;647;684
687;601;626;676
682;613;623;658
682;613;623;658
686;637;635;670
683;592;621;675
715;664;633;668
684;590;624;675
705;620;627;674
682;588;622;676
706;633;627;675
685;657;648;669
686;621;632;673
691;598;625;677
716;673;629;667
716;673;629;667
701;634;618;672
701;628;625;677
708;647;640;677
710;654;635;677
704;682;650;671
712;653;625;676
706;688;634;675
694;642;633;684
689;575;616;676
718;643;631;677
728;649;630;681
688;601;631;679
705;660;638;674
698;616;627;679
728;671;650;682
717;652;631;677
729;679;654;681
725;663;639;682
746;692;656;688
727;668;638;680
702;660;639;676
690;603;629;682
698;610;638;686
685;602;628;681
703;662;631;677
669;688;632;671
710;659;639;675
733;690;642;680
701;630;634;676
680;604;632;680
700;632;627;676
691;614;630;682
738;684;669;683
727;665;636;674
727;704;665;675
718;725;689;668
684;631;639;672
679;550;611;668
713;635;629;671
688;630;629;675
705;633;635;676
705;633;635;676
704;631;631;672
680;659;630;673
743;709;639;666
773;728;660;685
715;670;634;674
682;605;622;675
693;632;638;677
692;606;632;680
711;639;630;679
706;621;628;68
705;612;643;678
680;548;603;674
695;629;634;680
695;629;634;680
707;684;630;671
682;662;627;670
704;674;649;669
728;686;636;673
743;676;634;676
706;700;636;670
707;657;631;675
728;651;660;687
709;632;643;684
715;640;632;678
728;688;659;682
706;711;684;676
687;618;631;674
700;650;609;662
755;668;639;676
783;711;643;678
736;641;633;682
765;706;618;669
710;649;629;671
679;573;620;676
714;641;625;675
684;575;617;676
701;663;649;673
718;652;629;676
728;660;638;685
691;594;615;675
742;714;643;678
763;695;621;677
710;670;624;672
682;612;621;676
704;671;645;668
722;677;661;684
707;634;635;680
676;637;619;671
706;675;634;675
703;623;632;680
762;697;692;715
768;689;670;702
713;635;631;679
725;671;647;683
693;657;642;672
712;642;631;676
732;667;645;696
744;674;653;698
720;673;655;682
707;647;625;671
680;619;628;672
740;692;659;682
737;688;650;673
716;671;646;677
716;694;643;677
709;664;641;681
716;616;638;685
692;596;631;681
709;621;632;681
708;644;637;680
717;648;627;674
690;742;700;635
692;644;640;654
715;669;665;670
725;674;659;670
689;622;636;667
706;662;629;660
694;628;627;665
712;646;644;677
705;643;637;674
708;636;634;667
697;625;628;663
740;677;663;683
710;670;652;662
678;655;644;655
689;632;634;665
739;669;632;663
693;607;632;671
699;605;628;670
685;600;620;666
722;673;635;665
693;641;633;666
721;677;640;669
692;673;632;662
705;688;635;659
675;677;631;661
692;660;653;660
684;564;607;656
708;621;634;667
692;615;631;666
731;655;638;666
689;598;627;666
697;621;629;666
680;543;597;667
702;610;641;670
729;662;644;668
715;639;636;670
690;614;634;673
720;638;639;671
692;610;637;674
701;618;627;664
646;652;645;657
693;642;643;665
691;606;632;667
709;629;632;665
723;669;634;668
714;648;634;667
712;645;629;669
718;660;643;668
688;604;630;670
706;659;643;668
695;609;630;674
700;618;631;673
690;608;626;670
692;672;660;666
688;582;618;667
711;642;638;666
691;647;634;667
717;654;642;666
726;670;646;674
745;695;657;680
716;663;637;671
686;644;641;663
682;589;618;663
739;655;631;666
714;655;633;666
707;633;633;666
727;692;666;668
705;645;639;668
734;686;630;663
720;647;638;669
691;614;633;671
715;652;631;665
717;694;675;673
698;663;642;665
720;674;636;671
733;690;647;674
731;680;636;671
753;712;663;685
732;694;645;678
742;698;648;679
712;664;628;672
691;660;641;671
674;585;605;673
732;696;637;678
690;705;646;650
686;647;637;665
684;602;625;667
699;654;637;665
715;659;659;673
694;610;624;676
700;728;613;650
697;651;621;666
680;694;668;667
683;639;636;666
680;625;627;671
708;676;632;668
722;667;637;678
704;633;611;675
686;610;621;677
708;650;627;673
685;611;624;676
721;660;633;674
679;602;620;675
681;594;610;674
671;577;597;672
719;657;620;672
703;633;619;672
682;641;637;672
696;622;631;677
685;644;622;678
706;680;638;682
708;641;631;682
676;619;623;676
717;673;631;674
679;607;627;677
696;654;636;672
738;640;609;685
725;653;641;683
688;671;638;656
716;707;661;668
704;633;625;673
691;615;627;675
696;678;648;666
693;639;623;670
677;607;623;672
768;700;631;675
775;711;614;678
703;656;629;673
704;655;628;673
688;625;626;674
680;614;617;672
698;659;634;672
680;598;621;674
685;606;616;673
718;663;608;665
658;584;622;679
674;602;613;675
703;633;619;674
698;634;612;672
702;629;611;673
679;644;620;653
678;641;634;670
677;583;607;671
709;644;629;676
706;642;632;679
685;584;618;674
690;597;626;680
716;657;633;675
693;609;631;681
708;646;643;684
715;659;640;678
683;667;654;671
690;612;631;682
710;670;660;683
736;715;635;671
717;679;638;679
714;695;639;679
723;688;639;677
686;608;633;680
701;646;637;677
698;620;636;684
715;651;634;683
703;643;638;682
677;644;636;671
707;664;610;671
697;660;631;671
716;631;630;687
709;624;633;684
708;629;635;681
715;658;650;683
703;643;628;671
735;699;660;683
697;765;673;584
679;647;636;674
700;653;645;675
702;646;635;677
680;621;622;675
735;665;635;679
687;632;627;679
719;676;640;678
703;627;632;687
746;703;668;688
735;698;646;682
721;753;676;667
747;769;702;667
704;679;643;677
673;583;611;678
710;653;626;677
755;681;636;710
691;596;616;682
672;562;595;677
652;585;568;672
667;640;609;676
702;687;625;678
684;730;672;638
684;641;630;672
734;699;636;682
702;635;631;680
693;618;632;686
701;614;626;681
722;661;636;679
719;671;630;678
704;637;609;671
706;671;635;671
710;658;626;672
703;641;641;677
703;630;640;681
740;694;637;680
746;714;638;675
698;643;625;674
678;598;617;679
666;599;600;666
670;606;611;675
710;652;622;676
673;715;646;664
699;675;653;677
692;653;633;679
709;661;635;676
706;644;621;678
694;592;608;676
680;621;628;675
707;657;631;671
682;603;619;676
94;622;623;678
94;622;623;678
705;679;640;671
684;615;628;680
707;649;637;678
707;649;637;678
710;667;630;676
681;608;622;682
721;729;658;674
678;642;625;678
705;668;637;680
645;685;646;670
696;667;638;675
723;680;637;678
734;721;662;678
724;682;637;681
737;694;648;684
696;639;630;677
680;623;623;670
673;612;611;672
705;694;630;673
727;683;626;679
711;648;634;677
697;636;626;679
713;667;624;676
689;624;624;679
707;646;634;676
699;625;629;677
685;659;646;675
691;620;632;682
717;662;642;674
726;682;625;665
702;644;620;674
676;604;617;677
704;633;635;678
695;626;626;675
698;629;614;675
