695;743;652;702
685;697;624;719
696;706;630;717
672;698;614;688
667;686;625;706
665;654;608;706
661;708;658;702
687;708;681;712
738;764;697;715
757;802;670;691
717;734;665;714
722;733;658;715
712;699;656;723
696;680;645;720
656;672;625;715
670;689;637;703
698;662;613;716
687;641;628;711
677;686;645;707
653;688;685;700
733;714;651;705
755;722;647;712
666;672;646;703
666;672;646;703
671;719;687;699
693;701;628;701
704;711;640;706
701;717;663;703
667;668;629;713
651;606;606;703
749;731;656;716
784;732;660;731
697;671;638;713
689;659;641;718
732;753;700;722
730;789;703;701
703;762;659;686
745;782;644;696
740;787;698;702
679;762;703;691
678;704;677;703
679;704;674;702
672;701;624;693
736;728;697;732
694;655;609;714
694;655;609;714
688;628;599;709
710;687;638;711
764;737;655;708
772;748;647;705
699;673;640;705
709;737;676;703
683;693;648;712
672;672;648;720
715;731;689;719
683;757;697;699
675;704;661;706
675;704;661;706
724;710;656;713
712;709;650;717
712;721;656;718
668;646;614;707
701;677;655;717
699;666;629;713
785;753;645;718
777;750;634;708
705;670;604;707
657;628;612;708
710;723;671;705
685;726;691;706
683;714;675;703
714;714;649;704
718;711;651;709
701;690;636;708
690;693;604;708
656;633;608;709
694;694;666;716
646;603;575;701
723;746;645;697
707;739;630;687
670;705;652;704
674;647;619;710
678;700;641;710
591;740;662;654
678;725;681;704
689;705;660;712
733;747;675;716
768;759;677;705
719;712;664;711
687;765;696;701
712;774;681;703
762;786;691;722
664;657;608;713
671;686;645;702
698;681;639;716
685;675;614;700
723;700;676;746
733;720;675;718
690;682;634;702
669;712;667;702
654;679;632;696
666;634;614;706
691;675;594;705
661;637;612;711
705;686;616;719
687;683;618;708
713;690;625;719
696;728;681;706
714;678;635;707
681;666;616;707
694;709;644;703
720;737;684;721
709;727;665;714
725;753;691;713
673;689;647;714
671;656;631;710
686;684;623;709
666;670;627;711
708;737;703;704
4;737;709;695
675;685;647;707
2;728;682;708
726;719;667;705
726;712;649;710
732;719;651;712
695;694;635;705
682;693;621;720
674;730;689;708
660;701;671;705
684;707;659;704
698;705;638;708
694;698;621;702
718;722;660;714
714;747;668;706
699;727;667;711
677;701;648;708
670;761;709;694
672;696;686;703
708;733;690;696
676;698;690;706
746;740;698;707
759;796;703;684
701;715;691;700
677;699;696;706
715;715;695;701
673;706;698;702
672;726;704;697
677;662;636;700
740;787;656;703
751;798;686;711
670;723;670;698
646;746;700;690
682;711;678;700
690;734;726;724
699;700;686;716
689;688;655;705
724;707;662;725
717;695;629;714
705;691;639;703
667;640;622;708
703;702;641;707
719;713;686;730
735;732;702;735
719;706;625;707
728;724;681;728
706;674;604;708
754;726;650;717
768;786;629;671
715;714;640;697
673;677;634;709
679;722;687;711
702;719;665;712
747;732;664;715
716;699;650;708
722;741;661;708
722;741;661;708
691;673;619;713
691;673;619;713
722;726;669;707
702;733;682;707
697;724;666;716
685;694;632;709
696;695;628;713
684;679;618;708
675;653;623;708
677;629;605;707
690;673;642;718
672;627;599;709
716;670;623;715
677;651;625;710
687;650;620;711
679;657;619;705
708;678;643;725
708;678;643;725
711;676;609;708
711;676;609;708
686;667;627;716
719;708;635;700
698;676;614;708
676;716;672;694
694;715;677;716
713;716;609;708
680;661;610;698
681;669;617;706
707;722;659;716
672;640;620;709
724;760;681;715
772;771;676;710
724;722;650;712
747;756;663;717
714;718;655;714
708;711;625;714
709;726;632;716
688;696;606;704
686;707;650;713
675;685;632;707
714;680;600;709
698;660;602;711
672;694;623;711
697;688;607;710
721;707;637;710
660;693;639;710
667;707;648;705
682;714;653;696
715;751;672;708
723;745;600;703
701;700;626;714
686;671;624;716
677;677;634;721
753;731;617;705
636;593;573;712
644;750;724;730
653;715;668;699
747;801;633;650
671;704;652;705
687;697;641;705
700;720;659;713
710;688;634;723
680;661;622;713
665;677;652;709
689;682;652;714
661;683;640;713
8;792;686;719
696;760;687;721
675;704;658;717
725;738;673;714
723;704;621;715
717;700;646;737
710;693;629;720
734;712;613;708
716;699;617;710
713;717;656;714
706;727;659;716
723;717;636;715
707;684;620;715
646;720;671;702
676;700;644;709
693;725;668;708
677;700;636;709
712;711;646;719
708;726;668;714
691;698;621;714
718;707;642;735
692;692;622;713
708;707;639;718
716;750;685;720
701;704;627;718
695;684;639;718
720;721;642;734
751;730;657;730
755;741;675;718
769;757;658;711
715;703;635;708
665;682;665;711
684;707;680;705
663;726;704;699
664;707;678;706
669;638;625;719
696;695;623;719
681;669;619;716
696;681;630;719
682;665;616;713
691;695;652;716
723;721;644;717
712;690;635;708
676;654;618;711
698;759;709;716
698;759;709;716
639;691;643;704
716;741;617;706
716;705;655;735
716;705;655;735
688;665;633;723
695;663;630;728
711;657;603;715
663;629;607;712
726;686;620;714
698;695;653;718
707;717;674;722
666;734;623;704
667;788;660;700
667;815;675;716
652;699;619;712
682;695;639;714
688;685;609;712
717;714;667;732
689;661;627;722
663;638;616;715
696;636;598;713
687;680;650;719
676;657;617;718
721;719;673;735
694;693;642;723
679;730;696;703
689;712;675;713
690;671;636;724
679;679;625;715
657;635;612;712
682;668;622;723
680;672;637;721
696;705;659;723
704;706;658;725
698;691;634;717
691;689;643;717
689;673;601;718
689;673;601;718
726;719;676;730
738;781;730;727
671;685;629;714
705;706;600;691
689;658;605;714
657;705;671;70
654;689;633;708
665;670;620;711
738;751;682;724
692;692;672;726
692;692;672;726
675;676;668;721
675;676;668;721
681;680;671;721
686;701;682;715
698;711;682;712
693;707;672;712
669;665;615;706
682;688;641;720
666;677;617;711
704;686;637;721
664;639;618;715
699;689;639;718
673;700;637;712
680;759;663;712
759;793;697;739
740;778;701;738
735;776;722;736
707;738;690;721
663;642;623;719
672;676;636;712
682;692;655;716
654;657;604;707
658;638;623;713
679;662;641;717
795;781;624;700
708;669;607;708
661;707;674;703
681;720;672;708
678;673;636;712
703;694;646;721
670;648;615;709
710;703;645;720
710;703;645;720
713;708;622;710
670;671;637;713
690;663;621;713
679;721;687;713
665;694;633;700
668;667;635;707
722;751;669;716
722;751;669;716
678;695;611;707
695;758;683;691
665;678;638;716
655;628;619;712
707;706;650;713
666;653;647;719
687;703;651;717
685;673;639;720
693;670;628;714
685;646;617;720
674;673;634;710
719;689;623;717
717;687;616;710
681;664;615;712
687;679;629;720
674;664;626;714
719;710;628;714
693;682;623;713
657;732;684;695
710;732;576;695
690;698;636;718
706;700;628;716
691;677;620;717
705;703;635;713
751;781;699;721
657;758;681;692
670;724;679;712
680;732;680;709
703;753;707;717
730;735;557;703
710;701;628;718
699;685;631;717
686;655;629;726
680;719;690;711
683;700;653;717
721;696;626;712
737;707;643;720
721;710;659;718
665;642;621;713
716;716;686;725
688;681;644;718
717;746;688;721
680;682;600;711
722;733;694;729
716;715;663;719
716;732;692;752
704;721;673;725
684;685;613;713
702;706;636;718
711;727;673;720
712;706;640;719
694;700;625;715
719;765;674;705
709;769;695;708
709;754;692;710
725;741;706;736
727;774;696;713
776;773;690;726
722;705;662;717
691;691;660;716
727;713;663;717
690;697;662;721
743;750;686;719
756;789;667;686
678;671;633;703
668;684;646;705
697;688;652;717
678;665;621;713
684;695;635;716
671;698;649;710
667;681;644;706
672;652;631;707
687;687;651;712
668;667;650;709
746;721;680;718
728;730;669;707
741;738;675;716
741;738;675;716
765;739;678;719
781;755;627;711
716;709;668;707
698;705;672;710
685;716;682;713
685;716;682;713
697;715;650;708
671;674;647;705
710;729;696;714
658;664;649;707
693;681;658;719
693;681;658;719
705;704;668;706
689;735;713;709
675;714;693;716
676;692;667;718
696;669;618;715
666;637;612;714
718;692;628;714
682;650;618;718
665;628;589;710
698;692;665;719
688;675;641;723
673;643;621;714
667;719;678;697
726;716;671;718
773;746;635;716
785;774;665;714
714;684;617;708
743;746;654;721
729;739;639;707
742;767;628;687
697;700;646;707
667;701;677;708
680;720;686;715
671;640;613;713
678;652;612;720
683;676;625;709
701;680;637;725
661;636;618;712
744;717;639;710
658;636;630;708
687;715;684;712
678;682;656;714
701;690;627;712
676;665;643;717
707;682;632;711
711;690;661;735
726;712;678;738
768;755;684;742
710;741;723;706
679;659;618;708
689;696;664;717
678;710;667;705
681;707;652;715
681;707;652;715
05;704;638;718
691;671;629;721
734;702;648;722
672;656;624;714
686;656;609;701
679;676;631;707
723;689;630;726
728;720;615;697
727;717;641;714
668;634;610;712
683;698;667;711
673;706;672;708
669;684;635;717
702;688;659;726
716;718;671;724
682;680;650;719
708;679;622;715
666;621;596;715
710;705;654;730
705;689;635;724
678;679;650;716
688;636;613;725
691;686;640;720
691;686;640;720
660;734;704;705
703;727;668;701
679;676;642;709
665;677;661;714
753;730;686;727
756;769;667;717
745;764;654;706
746;721;640;708
767;743;681;724
784;771;670;711
704;735;685;702
674;752;707;705
647;696;645;699
763;796;672;718
692;696;626;709
711;726;669;714
683;687;641;717
658;621;599;712
94;672;640;725
94;672;640;725
735;713;636;710
640;616;600;709
697;727;677;715
731;721;653;715
685;680;649;719
676;670;646;720
704;679;624;716
665;642;616;717
683;673;620;718
689;655;588;713
680;673;633;721
671;748;627;708
661;821;633;695
660;822;639;721
641;816;627;703
631;816;638;715
623;812;625;705
628;815;648;724
607;819;628;704
624;818;661;709
603;739;639;710
640;724;610;713
658;826;687;756
620;801;667;714
609;698;612;708
672;709;636;720
664;686;629;723
640;707;619;723
694;654;630;722
655;642;614;715
682;667;625;726
665;657;616;716
681;690;625;713
657;655;608;714
684;691;635;721
656;721;682;695
635;726;707;692
660;665;664;720
665;666;640;713
648;643;632;716
695;683;651;732
695;683;651;732
699;702;672;735
754;760;694;747
675;681;654;716
667;665;614;712
711;697;663;739
672;752;699;698
658;717;692;693
665;650;624;711
685;688;620;706
731;766;685;724
706;731;685;696
729;727;657;707
715;709;672;718
740;728;659;722
750;739;648;719
764;764;665;710
680;694;658;710
688;738;686;708
668;724;683;711
726;774;705;705
736;779;707;715
765;776;691;716
711;724;680;709
675;697;648;710
680;705;642;705
664;671;618;703
695;690;658;725
702;726;655;707
719;762;667;710
757;762;647;716
739;717;623;716
749;775;638;700
670;726;670;691
679;747;691;698
658;697;663;708
656;635;614;707
684;671;622;712
667;663;634;716
708;715;635;714
764;752;685;725
702;695;642;706
682;694;624;706
703;738;669;714
716;744;690;726
669;694;637;714
677;744;697;716
658;741;685;712
697;712;651;713
699;714;636;709
710;707;632;718
684;704;640;703
656;659;620;709
699;697;622;719
649;720;653;710
670;741;694;703
675;656;627;719
726;707;643;721
692;706;647;719
684;695;641;720
674;689;632;718
700;735;677;715
747;746;642;714
708;709;656;714
664;694;649;716
681;689;644;718
664;718;688;715
682;724;677;719
726;744;682;742
696;686;626;729
669;646;617;726
707;714;673;730
752;756;710;745
722;726;684;723
703;735;689;716
682;685;618;716
712;722;642;717
687;684;617;714
698;748;706;727
673;696;638;717
663;665;633;712
656;686;630;715
703;692;628;722
670;651;615;714
695;743;672;706
668;706;660;710
665;667;620;717
673;713;663;703
658;641;614;713
708;682;610;709
661;662;623;718
697;730;668;722
641;664;643;706
713;705;656;725
679;682;650;726
686;688;642;717
670;675;614;712
681;683;643;729
666;653;619;716
686;673;615;719
707;738;696;731
696;720;656;720
697;710;626;721
732;763;649;718
752;766;636;719
736;768;684;734
744;778;669;733
700;706;631;728
666;690;626;715
685;734;661;716
672;681;616;720
683;634;582;732
666;624;580;724
680;697;624;720
696;676;612;725
699;698;646;725
678;696;640;723
674;739;688;723
694;712;651;733
685;678;638;730
698;756;691;714
673;702;659;716
696;700;665;721
772;776;686;715
777;761;683;720
708;755;705;712
710;786;736;727
681;722;687;720
687;701;661;721
679;698;636;712
701;682;625;735
746;790;665;721
742;779;603;705
759;811;618;696
680;687;627;719
680;687;627;719
654;640;615;717
691;699;645;721
678;725;681;715
677;702;659;719
691;692;639;724
707;713;643;711
707;713;643;711
687;681;641;718
687;681;641;718
684;689;624;711
682;684;629;712
700;737;672;733
668;782;716;713
717;786;684;723
680;686;629;715
684;701;649;713
663;640;588;706
747;733;642;720
769;808;666;712
708;744;659;707
682;726;665;707
680;753;680;703
660;743;684;702
657;633;588;709
681;746;700;701
660;713;671;696
711;719;659;720
694;690;646;717
694;690;646;717
668;671;651;714
669;643;592;711
698;693;637;720
683;674;616;713
694;702;646;716
670;736;713;702
679;739;707;707
695;695;664;720
709;711;645;716
691;689;656;720
729;721;666;719
678;676;637;716
707;707;642;711
676;676;653;716
697;694;660;716
692;695;652;712
689;709;635;714
661;786;735;697
682;735;683;707
669;657;626;712
703;702;621;707
707;693;615;713
701;708;654;703
710;700;635;717
685;712;644;713
728;732;651;718
710;692;635;710
661;731;701;707
700;732;695;722
668;686;647;711
737;739;669;718
759;764;698;735
718;757;684;712
738;811;739;719
676;709;665;715
632;777;724;690
667;740;701;714
665;651;622;717
693;682;649;724
660;627;605;707
676;679;646;719
711;712;624;721
691;674;606;714
677;639;602;715
694;738;676;717
669;643;627;715
705;686;634;712
705;686;634;712
661;712;680;696
685;704;679;715
693;685;628;710
661;636;611;710
688;687;656;718
688;687;656;718
700;675;619;710
671;652;614;714
678;676;620;714
681;719;636;715
661;717;652;705
689;699;668;723
709;718;679;727
665;643;618;717
698;662;659;737
713;691;630;720
736;747;648;716
747;776;615;705
682;690;611;717
695;730;615;714
703;738;653;723
670;670;630;716
662;678;621;710
682;732;678;711
675;722;668;706
668;684;615;713
680;717;650;716
740;741;667;729
701;708;653;726
657;645;588;715
684;696;630;716
695;706;647;720
764;734;629;722
785;768;679;733
696;694;643;723
695;705;637;719
681;691;611;716
699;702;673;732
681;739;694;722
681;739;694;722
650;699;644;719
734;730;585;721
759;765;657;724
747;771;625;702
720;728;652;722
723;740;698;736
704;713;670;731
726;728;655;733
697;711;663;726
