-61.9063213981233
-24.3083213981234
-54.4443213981234
-54.4183213981234
12.0896786018765
12.0896786018765
-35.3943213981234
0.607678601876643
3.38967860187664
22.3616786018766
-51.1583213981234
-87.6563213981234
-28.9683213981234
-30.1643213981234
-8.68032139812336
-11.3983213981234
-10.4523213981234
1.88567860187663
-4.16832139812336
19.6396786018765
-13.7883213981235
24.6236786018763
4.37167860187624
-19.5263213981238
-1.35032139812376
42.2616786018757
2.83967860187624
-18.9163213981238
-25.3543213981238
-16.2203213981239
-9.16632139812386
-28.1043213981238
-12.1843213981238
28.2076786018762
22.9836786018763
-33.7303213981237
-4.17832139812366
18.6196786018763
31.6636786018763
31.6636786018763
38.5256786018757
-2.56032139812376
-9.37632139812376
-16.3543213981238
2.03567860187624
32.1356786018762
17.1436786018762
10.3416786018761
-12.500321398124
22.5056786018761
36.467678601876
-14.032321398124
-17.538321398124
3.18367860187614
-25.2303213981239
-25.1523213981239
8.02367860187604
-32.328321398124
28.4836786018759
28.4236786018756
-21.1243213981248
-14.9563213981248
6.31767860187514
26.2516786018751
-3.85432139812496
-24.0303213981251
-49.634321398125
-9.62032139812496
-6.76032139812497
24.5036786018749
-4.89232139812506
4.64167860187504
-25.890321398125
25.849678601875
15.5396786018749
-7.65432139812496
39.4876786018747
-13.7703213981251
-30.6623213981251
8.00967860187504
29.1956786018748
20.4316786018748
10.6436786018748
21.0136786018748
29.3296786018748
16.8816786018749
33.0216786018748
28.4396786018749
-33.8543213981251
-7.37832139812496
-25.3523213981251
-34.6463213981252
-18.9203213981252
-35.2343213981251
-48.2183213981247
25.5396786018754
-28.6303213981247
-14.7723213981247
41.0876786018757
22.0596786018754
-0.44032139812456
-33.6403213981246
-9.10432139812456
-6.82432139812456
6.02767860187544
-16.2623213981246
27.8376786018754
26.8296786018755
-50.5103213981245
30.8436786018754
10.3856786018754
-41.8843213981245
5.78367860187544
-40.4303213981245
-44.6923213981244
-60.2643213981243
-19.3703213981244
-3.74632139812426
-34.2623213981244
-7.50232139812416
2.88367860187574
14.1256786018757
4.38367860187574
-15.0243213981243
-35.2343213981243
39.7876786018757
11.5136786018758
12.5956786018758
-8.91032139812406
23.675678601876
-12.5263213981241
-17.9163213981241
3.76367860187594
28.5776786018757
-9.81832139812426
-24.8043213981243
-52.7143213981244
-37.4043213981244
12.4056786018756
-27.7163213981244
-8.70032139812436
40.9676786018757
19.3516786018756
-16.4083213981244
-54.8543213981244
-38.1183213981244
11.6876786018756
-1.34232139812436
15.8976786018755
-1.34832139812446
-8.89032139812446
-8.89032139812446
18.3296786018755
33.8156786018755
4.21967860187544
4.81167860187534
11.8436786018753
6.37567860187534
2.85367860187534
47.0696786018757
23.8296786018753
46.1216786018747
16.6576786018751
5.47167860187514
-58.4783213981248
15.551678601875
66.1716786018747
12.9216786018749
-36.7343213981252
-33.0663213981251
26.5376786018749
-37.4603213981251
13.8716786018747
-45.9903213981249
-57.9683213981248
-23.2003213981249
-48.2963213981249
28.3416786018751
3.53967860187514
28.2536786018751
-25.2503213981249
26.275678601875
37.3476786018747
-35.9283213981249
-54.9243213981248
26.5636786018751
-16.7923213981249
-3.96232139812486
-65.3063213981249
-41.4123213981248
-34.9903213981248
-79.4043213981247
10.1536786018752
26.2696786018753
-6.32432139812456
24.7136786018754
35.7816786018753
-29.1223213981247
39.2676786018757
-78.6243213981246
40.0956786018757
-48.5623213981242
-62.0983213981242
-60.6743213981242
-14.2263213981242
36.0856786018758
-18.1323213981242
6.51767860187574
3.10967860187594
32.2416786018759
35.3596786018758
44.3876786018757
23.0336786018758
17.8476786018758
-13.6903213981244
-3.12832139812446
27.3936786018754
15.7656786018755
-5.45432139812446
25.6036786018755
-20.6483213981245
-55.3763213981244
10.4916786018756
32.4776786018755
-24.9143213981245
42.8556786018757
-59.7243213981245
-64.6243213981245
-0.374321398124465
25.1496786018753
26.4656786018754
31.2356786018754
-0.846321398124559
17.3616786018754
-16.9603213981246
29.8836786018754
20.6656786018755
20.6656786018755
20.6656786018755
-66.9283213981245
-77.9003213981244
1.94967860187553
7.11567860187513
-38.7463213981248
-50.8963213981248
20.6456786018752
-8.44032139812476
11.1596786018752
-39.0683213981248
-21.1663213981247
35.5416786018753
23.6296786018752
-10.8543213981248
-18.9723213981248
-35.5403213981248
13.9696786018752
-37.8903213981248
-52.5043213981248
1.83967860187524
-18.8283213981247
52.2476786018757
-47.3983213981248
-14.8143213981248
-3.84032139812476
30.3296786018752
34.8276786018752
-42.0063213981248
-12.0703213981248
-28.1683213981249
-40.2143213981248
14.3876786018752
-35.7903213981249
-53.9763213981249
-8.55432139812476
4.55167860187524
-17.818321398125
1.61567860187493
-3.40032139812507
12.7236786018751
20.9036786018752
-22.3443213981247
-43.0223213981247
17.5176786018754
-24.7203213981247
-25.7183213981247
10.4516786018753
-46.6123213981247
-43.6563213981246
13.9396786018754
5.37567860187553
-52.5083213981244
28.3476786018756
-38.4163213981243
5.59567860187573
-51.9203213981244
-35.3803213981243
4.35567860187564
5.11167860187564
5.11167860187564
1.72367860187563
-33.6283213981244
-16.9883213981244
-58.9403213981244
-39.0343213981244
-30.2083213981245
20.8376786018755
-27.6483213981244
4.99767860187563
28.4576786018757
2.60567860187554
-21.4003213981244
28.9216786018755
-11.4683213981245
9.13367860187554
-14.5563213981245
-75.8143213981246
-31.6423213981246
-29.6143213981245
5.17567860187553
-2.49232139812446
-0.62632139812446
3.02567860187554
-53.4223213981245
-32.4903213981245
-41.2743213981244
-21.1843213981243
-9.52232139812426
11.7676786018757
30.3656786018756
-7.86032139812436
13.4536786018755
-26.4543213981244
-56.6663213981243
-27.9503213981245
5.34767860187544
24.0056786018755
9.17967860187544
-58.4123213981246
14.8136786018754
0.955678601875434
4.26167860187543
9.75167860187544
-49.6983213981246
37.9976786018757
37.9976786018757
-35.4523213981246
-60.8443213981246
-18.4743213981246
-30.3243213981246
31.4616786018754
-67.3883213981246
19.1436786018754
-35.2903213981247
-40.2563213981246
-37.3923213981246
-6.64632139812466
31.3656786018754
-18.3343213981247
28.1276786018753
3.33167860187544
-19.4663213981246
-52.7483213981247
-7.73232139812466
29.3656786018754
7.44367860187543
-60.3623213981245
9.10767860187553
-4.05432139812426
-25.9863213981244
33.8316786018756
-42.7583213981244
4.14967860187573
9.42367860187554
-20.8863213981245
16.8796786018755
-16.6863213981244
-27.0863213981244
-31.9703213981243
-52.3723213981243
36.8476786018757
-21.7063213981243
-6.53832139812436
-44.1863213981243
-3.76232139812436
34.0356786018757
-36.6823213981243
6.85767860187573
33.8076786018757
-28.6243213981243
-47.7303213981243
-22.9063213981244
26.5556786018757
-25.5363213981243
30.9896786018757
29.5296786018758
-42.6823213981243
-44.2783213981243
20.0416786018758
19.6476786018761
37.1936786018757
17.775678601876
-14.064321398124
-15.092321398124
-18.4183213981241
27.705678601876
43.3856786018757
-10.1303213981241
40.4856786018757
-17.2343213981242
35.3396786018758
-32.1463213981242
-17.9343213981242
25.1236786018758
21.4496786018758
-37.9323213981245
0.913678601875432
5.44967860187514
-19.6443213981248
-12.0743213981248
-18.2063213981248
1.59167860187524
-30.2283213981248
28.5936786018751
2.09367860187524
12.6396786018753
-51.0063213981247
26.4396786018754
14.0616786018753
-5.10432139812466
-28.6283213981246
20.1616786018755
35.3636786018755
-29.8403213981245
5.42167860187564
41.5476786018757
26.6976786018756
-11.0643213981244
-11.0643213981244
-3.31232139812436
-44.3023213981245
-65.2843213981244
63.1536786018757
10.1816786018756
34.1876786018756
-103.938321398124
-103.938321398124
-49.9243213981244
-106.254321398124
-106.254321398124
35.5816786018756
-11.6223213981244
29.2016786018756
26.3176786018757
-23.7643213981243
-41.8203213981243
0.16567860187574
38.5436786018757
53.8656786018757
17.4036786018758
33.1776786018756
-49.2843213981245
-54.6543213981243
14.5256786018756
-33.1543213981244
-31.3823213981244
23.6956786018756
-44.7463213981245
45.8436786018757
-3.77232139812446
-17.2523213981244
-30.3763213981242
15.5636786018758
-24.5563213981243
-0.874321398124259
20.9816786018757
-18.9223213981243
35.3656786018757
-4.88232139812436
31.4416786018757
-56.5863213981242
-58.5943213981243
-58.5703213981243
-44.0383213981242
-1.51032139812426
53.0276786018757
6.11367860187573
-20.3383213981243
-16.4723213981243
41.3176786018757
10.4016786018757
-9.65032139812426
28.1716786018757
-54.7543213981243
4.60767860187573
-20.3443213981243
4.65567860187574
-7.97632139812426
3.46967860187574
26.7956786018758
-54.0963213981242
-26.6283213981243
-14.7663213981244
-0.0743213981243613
24.2376786018756
-23.9723213981243
-81.5163213981244
-64.1363213981242
-40.6243213981243
-77.4283213981245
-25.4463213981245
21.8656786018756
5.39767860187564
-41.8783213981243
24.7376786018756
14.1416786018756
-22.3523213981244
-13.1043213981244
-44.0343213981244
-11.6823213981244
46.1376786018757
44.3456786018757
-46.2723213981245
-35.0823213981245
14.1856786018755
-16.8743213981246
-15.0843213981246
-43.4083213981246
42.3736786018757
8.21367860187544
41.1376786018757
30.1536786018755
-32.7463213981245
-28.2023213981244
3.25967860187554
14.5556786018755
-17.6643213981245
-6.14232139812446
36.9736786018757
-21.3023213981245
-10.0743213981246
36.2416786018754
-51.2963213981245
-7.63432139812446
-47.7143213981245
-58.9923213981246
-64.9303213981245
17.7116786018754
5.10367860187554
-44.4883213981245
15.7296786018753
-3.67632139812466
-33.8923213981247
-14.1763213981246
15.8996786018754
8.69167860187544
-39.4503213981246
-2.15432139812476
47.5896786018757
34.8476786018754
26.7736786018754
-19.2023213981246
-20.4763213981246
-87.5283213981245
-87.5283213981245
48.4776786018757
-65.3503213981245
-46.5843213981245
-85.7223213981245
26.9276786018755
51.1056786018757
-5.77832139812446
-46.2163213981245
27.5916786018756
28.8596786018756
-35.1083213981245
-17.0623213981245
30.8796786018755
-23.6683213981245
8.20767860187564
-10.5883213981244
-55.5243213981243
22.6716786018758
27.5676786018758
17.5716786018757
-27.0303213981243
42.6436786018757
30.567678601876
-10.8083213981241
35.003678601876
-41.9743213981241
43.5616786018757
42.3476786018757
27.1816786018761
33.241678601876
19.161678601876
41.0116786018757
-69.1723213981239
-8.91032139812396
19.419678601876
-7.95032139812396
-63.198321398124
-0.814321398123965
-24.678321398124
-47.620321398124
19.423678601876
-11.732321398124
27.5496786018759
-7.47632139812406
-38.9163213981241
-43.5403213981241
7.44767860187594
12.4756786018759
13.435678601876
17.8096786018759
25.709678601876
-15.114321398124
0.0656786018759377
5.70167860187604
-26.1783213981241
39.9676786018757
-50.2983213981241
-47.2923213981242
19.5296786018758
-8.80832139812416
-2.97632139812416
12.5736786018758
19.3816786018757
13.0336786018758
-46.4583213981242
-20.5343213981242
21.6376786018757
-38.9383213981242
33.6856786018757
-44.3103213981244
9.26967860187554
-65.5823213981243
-12.9183213981244
-11.1123213981243
-31.1343213981243
24.5056786018757
41.6116786018757
43.7656786018757
-29.2543213981242
-10.0923213981242
-20.2883213981242
36.2256786018758
-41.1903213981242
-2.71432139812416
-19.2123213981242
-39.6303213981242
-6.39832139812416
39.9516786018757
18.2716786018758
-22.5883213981241
36.7916786018757
-22.1943213981241
15.7056786018758
-41.9163213981242
-2.24032139812416
24.2336786018757
24.2336786018757
14.7016786018756
-49.7443213981244
20.9736786018756
-24.7703213981244
-42.1923213981242
26.8136786018757
-11.4403213981244
-28.7903213981244
-14.8223213981245
-60.2663213981244
48.2436786018757
13.6856786018755
-1.44632139812446
21.1776786018755
-21.2123213981244
-2.79032139812436
-21.8183213981243
-28.9123213981242
-5.02632139812426
36.8256786018757
1.84767860187564
35.2836786018755
-19.4523213981244
-37.3563213981245
14.3176786018755
21.9736786018755
3.31367860187564
28.1256786018756
-15.1603213981245
-2.01832139812446
13.9916786018756
-35.1263213981244
-54.2983213981244
10.3836786018755
-19.6583213981244
-33.1723213981245
-30.4243213981245
-9.59832139812436
11.7536786018756
29.1676786018756
-3.24232139812436
-35.7603213981244
31.8496786018756
-103.800321398124
15.6836786018756
-41.8183213981243
-41.5103213981244
7.37367860187564
6.00767860187564
12.2836786018755
13.0716786018755
-19.6383213981246
-38.3203213981246
24.3536786018753
-45.1903213981247
-31.0183213981247
8.21367860187524
2.24967860187523
-76.4043213981249
18.5836786018751
16.8676786018751
-56.8183213981248
22.3976786018752
9.50967860187524
-20.7883213981248
-16.9443213981248
14.7276786018752
26.3056786018752
16.9296786018752
16.9296786018752
-12.9983213981248
-45.2203213981248
9.04167860187523
39.7236786018747
4.88967860187513
-67.5863213981248
41.6716786018747
15.6716786018752
-77.1023213981248
-6.82232139812476
