-12.4970193974424
-89.5870193974424
-65.5770193974424
-50.7430193974423
1.8989806025576
-45.1590193974424
-93.4550193974423
-90.4210193974424
-60.7570193974424
-56.7710193974424
3.67498060255801
-50.961019397442
-21.863019397442
-4.945019397442
-31.0370193974419
66.6609806025579
-4.76301939744189
-14.6450193974418
17.3989806025582
-0.257019397441695
-17.2930193974416
83.5789806025589
5.3969806025588
28.458980602559
-6.9410193974408
22.2769806025593
27.6669806025594
-0.669019397440593
54.9509806025589
22.3329806025592
38.3409806025589
26.3129806025589
8.85098060255891
50.4929806025589
18.7749806025589
48.4789806025589
41.6889806025589
17.7169806025589
86.5949806025589
32.2169806025589
67.1009806025589
81.7669806025589
80.5469806025589
68.7329806025589
18.0569806025589
72.6149806025589
51.2409806025589
-0.0950193974410922
52.5269806025589
27.8369806025588
29.2889806025589
-47.167019397441
-16.0790193974412
-11.3970193974412
-5.81301939744129
39.3349806025589
5.8609806025587
18.4069806025586
-0.667019397441393
-19.3690193974415
-33.9390193974412
8.0989806025587
-1.05901939744129
4.77098060255871
-5.57101939744129
-12.9690193974414
-37.1850193974413
35.2389806025589
17.1589806025587
22.7389806025589
26.7669806025589
2.858980602559
-22.6370193974409
-21.535019397441
27.200980602559
-6.46301939744099
3.27098060255901
-29.5770193974411
24.024980602559
2.70898060255891
6.966980602559
-5.2450193974409
-20.177019397441
-17.9050193974409
-6.5150193974409
-38.3370193974408
-36.5330193974407
11.9229806025592
-23.1210193974409
-8.7890193974409
-14.0910193974404
41.6429806025599
-51.5970193974405
28.7629806025594
-47.3730193974408
10.3069806025592
1.1009806025591
-42.4350193974409
-30.7310193974409
-12.8570193974409
-34.7590193974408
6.70898060255921
-25.5930193974408
-92.4470193974409
-64.5130193974409
-7.96701939744089
-31.9410193974409
14.9469806025591
12.4489806025592
-35.2170193974408
10.9329806025592
-10.4730193974408
-65.5890193974409
2.210980602559
7.62298060255901
-51.8230193974409
-30.2210193974409
14.6169806025591
-36.3930193974409
-55.1250193974409
-37.0770193974409
2.7369806025589
16.5149806025589
-54.7130193974411
-54.7130193974411
-23.8770193974411
19.8289806025589
17.1269806025591
30.0589806025589
2.5849806025591
-31.481019397441
-55.523019397441
-1.4590193974409
-13.591019397441
-27.509019397441
24.114980602559
20.398980602559
-66.659019397441
-80.6970193974409
-1.44901939744099
-0.615019397440889
-49.385019397441
-30.2950193974411
-36.7850193974411
-39.4330193974411
-41.9390193974414
-35.2970193974414
-3.97301939744139
-33.4250193974413
4.8469806025586
-22.9850193974412
21.8909806025588
15.7409806025588
19.8789806025589
15.4009806025591
-2.94901939744109
7.03898060255891
39.6709806025589
-19.6730193974411
39.6089806025589
28.2869806025588
4.1209806025588
-15.9910193974413
-16.1830193974413
41.1789806025589
14.0769806025587
31.5429806025589
34.6949806025589
-21.8750193974413
-3.02901939744119
28.0869806025588
20.2989806025587
22.0449806025587
43.4169806025589
-89.8010193974412
-89.8010193974412
-81.4450193974412
33.6869806025589
34.4489806025589
-17.2730193974412
-67.9650193974411
26.1689806025589
-33.9630193974411
22.0469806025589
38.2609806025589
-30.7670193974409
-39.023019397441
17.220980602559
-37.1550193974411
29.4349806025589
-30.6710193974412
-42.0310193974412
34.0489806025589
-21.1230193974413
-93.1970193974413
38.9749806025589
21.0429806025588
-21.2310193974413
37.9969806025589
1.95298060255871
28.1029806025588
-8.91501939744109
20.4929806025588
26.686980602559
-16.215019397441
34.0949806025589
-14.6830193974409
41.5409806025589
36.3009806025589
11.2689806025591
-0.465019397440997
-45.023019397441
-14.295019397441
31.8209806025589
43.3169806025589
-49.907019397441
-12.771019397441
-49.219019397441
12.084980602559
-53.3010193974409
9.308980602559
-43.183019397441
22.834980602559
9.16698060255901
41.2629806025589
-18.0550193974411
9.21698060255891
22.5529806025589
-37.4810193974412
-75.961019397441
-28.4170193974407
12.0389806025594
-47.9230193974407
64.5589806025589
-11.6530193974405
-4.46301939744049
-11.7730193974403
27.2389806025596
-17.1430193974404
-4.70701939744039
44.5489806025599
48.2789806025599
-12.9110193974404
-15.6190193974404
59.9289806025599
51.5189806025599
-30.7450193974403
36.0649806025599
45.5469806025599
21.3569806025598
20.9569806025597
-8.5210193974404
36.1849806025599
-13.5010193974407
5.7369806025592
39.1329806025589
11.4449806025592
40.7269806025589
3.51898060255921
37.6009806025589
-41.705019397441
34.2769806025589
26.3809806025589
-30.1630193974411
-60.4010193974411
-54.8090193974411
-4.26101939744109
31.2109806025589
33.3469806025589
15.920980602559
1.33698060255901
37.9569806025589
-18.4230193974409
-60.4450193974409
-37.939019397441
-18.295019397441
-44.5730193974409
29.9509806025589
-23.8210193974412
-12.0150193974408
-71.5530193974408
56.2309806025589
17.1649806025592
-8.5790193974408
59.3929806025589
25.5949806025592
-23.7110193974408
34.8789806025589
46.3609806025589
3.66098060255921
9.8689806025593
-17.6190193974407
48.6609806025589
-2.6350193974407
26.5749806025593
9.17898060255931
-5.7510193974407
-1.59701939744079
-2.16901939744089
-6.7970193974409
38.4649806025589
30.6429806025589
-2.71701939744099
6.54498060255901
43.0989806025589
-3.19301939744099
38.9889806025589
11.760980602559
-30.2930193974409
-20.883019397441
-14.275019397441
21.302980602559
26.552980602559
-8.827019397441
-53.9130193974411
-30.133019397441
-23.4230193974411
-31.667019397441
21.258980602559
-21.3530193974411
-16.5650193974411
20.3429806025589
-20.3830193974411
19.3509806025587
-40.969019397441
-53.0730193974411
-70.2110193974411
14.108980602559
-1.77901939744109
-14.0310193974411
25.282980602559
-21.145019397441
-20.8870193974411
-53.1590193974411
2.7849806025589
-14.6890193974411
16.2949806025589
-15.9330193974411
-18.6070193974411
-46.8390193974411
4.63098060255891
-8.2270193974411
28.7749806025589
8.24698060255891
-6.7450193974411
-24.6410193974411
29.3309806025589
-25.133019397441
20.0809806025589
0.1889806025589
-57.7430193974411
19.3169806025588
20.2789806025588
-1.52901939744119
-26.2110193974413
32.6609806025589
-4.4690193974413
19.0309806025588
-15.4830193974412
-21.5490193974413
26.3669806025587
-80.0010193974414
33.1609806025589
56.7549806025589
-46.6010193974416
44.2369806025579
44.6589806025589
21.8369806025584
32.9849806025579
-3.6710193974416
-39.0970193974417
-12.3910193974416
-21.2610193974416
34.6889806025579
-52.5670193974416
9.5689806025584
-51.0150193974416
26.7629806025584
54.0089806025579
-28.9150193974415
29.8549806025585
21.7249806025585
26.8729806025585
-24.3690193974415
0.536980602558501
-4.43701939744149
38.5689806025589
35.7569806025589
-57.7890193974413
-57.7890193974413
-57.7890193974413
-18.1790193974414
-83.645019397441
-81.5310193974411
9.53898060255901
3.040980602559
-85.503019397441
-89.403019397441
1.6589806025591
35.9909806025589
61.8869806025589
51.7749806025589
52.4649806025589
37.4889806025589
42.1889806025589
17.1809806025592
39.7089806025589
48.2089806025589
48.2089806025589
-66.3070193974407
21.0229806025593
60.7629806025589
34.0069806025589
-36.6370193974408
22.8829806025593
-80.7050193974408
44.7329806025589
-72.7870193974409
-92.4570193974409
37.3829806025589
18.290980602559
-89.7950193974411
-25.9430193974412
40.6349806025589
-27.2210193974412
19.3129806025589
-25.0310193974412
67.4789806025589
20.5129806025589
12.3709806025589
-33.3610193974412
54.1529806025589
20.1229806025588
44.0809806025589
5.52098060255861
-0.889019397441302
33.0489806025589
27.0709806025585
-52.6670193974416
-38.4650193974415
-57.2690193974413
-16.7970193974412
-29.9090193974412
25.8969806025589
46.2789806025589
-30.231019397441
-19.699019397441
38.9029806025589
13.224980602559
62.7929806025589
13.1649806025593
-35.3510193974407
46.2469806025589
1.1949806025591
24.5629806025591
35.4949806025589
54.2629806025589
-8.7950193974411
-23.2410193974411
-36.255019397441
-9.4930193974409
30.0889806025589
-30.139019397441
42.8469806025589
15.2709806025592
-25.8370193974408
-40.2650193974408
21.2529806025592
-47.4610193974408
41.4729806025589
55.1309806025589
31.0009806025589
33.1949806025589
39.4669806025589
-21.2350193974408
35.0809806025589
-20.0650193974407
-21.1850193974407
22.7169806025592
46.5309806025589
-40.8770193974409
12.260980602559
47.9929806025589
33.2509806025589
37.1869806025589
18.2169806025589
-65.0430193974411
9.33298060255891
30.9229806025589
-14.8350193974411
24.3609806025588
12.3509806025588
-32.6390193974411
9.50898060255901
21.4789806025591
-21.0970193974409
-28.7470193974409
14.6789806025591
-2.5870193974409
21.2829806025592
-25.0410193974407
-17.1290193974406
-65.9230193974407
-93.0710193974407
10.2729806025593
5.41698060255931
-21.8310193974407
36.3949806025589
19.8389806025592
-23.8350193974408
42.8049806025589
-48.2370193974408
-3.4450193974408
-18.8650193974408
36.3749806025589
7.3229806025592
-10.7290193974408
-5.8250193974408
47.2109806025589
41.3069806025589
-13.819019397441
-98.733019397441
41.8769806025589
17.108980602559
37.2909806025589
-15.4710193974411
-43.859019397441
-42.755019397441
-87.6670193974409
-43.3170193974409
-3.7450193974409
38.2209806025589
30.8949806025589
57.6269806025589
-22.8550193974412
31.7669806025589
-1.2130193974413
14.2029806025587
-13.9490193974412
8.1509806025587
34.4529806025589
31.8529806025589
-5.6890193974414
37.7749806025589
25.7509806025586
-31.5130193974414
-27.8950193974413
40.2209806025589
28.6029806025587
24.7589806025587
-30.5010193974413
-57.1950193974413
-38.9250193974413
32.5609806025589
-38.9410193974412
56.7669806025589
-71.345019397441
41.2429806025589
-32.2530193974412
-55.2810193974411
-45.491019397441
-31.739019397441
-41.279019397441
-54.1730193974409
9.59298060255921
-36.9810193974409
18.2869806025592
20.6049806025592
-26.9110193974411
-19.1850193974412
27.5109806025587
-12.0230193974411
-45.461019397441
47.9389806025589
6.13698060255911
-21.2890193974409
-35.889019397441
15.586980602559
18.2429806025591
64.3269806025589
23.340980602559
30.6569806025589
-17.7110193974411
1.870980602559
42.8789806025589
-5.60701939744109
-42.8470193974411
57.7829806025589
50.5729806025589
-10.7310193974412
-6.05901939744119
45.3689806025589
45.3689806025589
-9.91501939744099
26.048980602559
34.1889806025589
42.7169806025589
-48.3110193974409
-19.397019397441
3.13498060255901
-11.729019397441
49.1389806025589
-43.2550193974411
-17.4890193974411
-20.859019397441
19.6049806025591
54.7589806025589
35.5469806025589
52.5669806025589
36.5009806025589
44.6549806025599
-11.1790193974405
7.39698060255941
24.5649806025594
18.7709806025594
-55.5130193974406
-2.24301939744049
52.2029806025599
20.8349806025594
32.4869806025599
-45.6450193974406
-76.0890193974405
-65.2350193974404
-28.3130193974404
-1.66901939744039
1.21298060255961
-9.35501939744039
24.1349806025596
-18.2070193974405
31.9589806025599
21.7409806025594
31.5689806025599
9.8769806025595
-30.9790193974405
42.6389806025599
18.9189806025593
32.1189806025589
-0.661019397440697
-57.7450193974407
-4.05901939744089
-71.5430193974408
25.810980602559
-38.4690193974409
3.754980602559
3.754980602559
-0.381019397441094
19.0069806025589
19.8709806025589
-72.6010193974412
33.0849806025589
-84.1570193974412
33.8709806025589
-34.2010193974411
-34.0930193974412
15.2449806025588
30.4229806025589
-69.1990193974413
-49.4250193974413
-16.1490193974414
-20.5070193974414
32.4489806025589
-35.0030193974413
30.3229806025589
11.4789806025586
-12.8930193974414
-30.4130193974413
-31.7410193974414
-16.8270193974413
37.1509806025589
-34.2410193974412
28.7109806025589
-68.6110193974411
9.41698060255891
13.5929806025589
13.5929806025589
11.032980602559
33.9749806025589
43.8889806025589
-22.897019397441
-3.13101939744099
31.6929806025589
-30.7750193974411
-19.3690193974411
25.1829806025589
10.6409806025589
-36.7450193974412
31.1109806025589
15.5449806025588
-17.1150193974413
-49.8710193974413
-68.8590193974413
26.5129806025586
-91.1670193974413
-94.7210193974413
-42.1970193974413
42.8709806025589
-11.5850193974414
-47.3270193974413
-37.2290193974413
-32.7830193974412
-40.8010193974412
25.8769806025588
-24.5910193974412
14.8329806025588
-85.3710193974413
-79.1210193974413
21.6989806025587
44.7469806025589
31.8569806025589
24.4249806025588
-11.9670193974412
-41.3450193974412
18.2449806025588
-7.03901939744119
-30.8230193974412
35.3569806025589
-21.3050193974412
-32.9030193974412
-1.0170193974413
26.9589806025587
-78.0230193974412
-70.3270193974412
39.5209806025589
43.3609806025589
-32.949019397441
5.62898060255901
37.8249806025589
-18.823019397441
-51.195019397441
-17.397019397441
28.8869806025591
16.8309806025592
55.2669806025589
43.5789806025589
-57.9650193974411
40.8489806025589
39.7409806025589
-22.019019397441
42.7689806025589
8.2929806025591
-35.7050193974408
18.7509806025593
-2.0150193974407
47.4469806025599
-85.8170193974406
-60.0550193974404
45.7389806025599
45.7389806025599
-26.6330193974406
-62.1770193974408
-24.3930193974407
32.2609806025589
-64.9370193974408
38.1569806025589
-19.1630193974407
-18.6730193974408
2.73898060255911
27.2189806025592
23.1849806025591
36.8969806025589
34.6549806025589
-26.8930193974408
-9.8090193974409
-20.5610193974409
35.7649806025589
20.6889806025591
-30.5050193974409
-16.2310193974408
-28.2490193974409
22.5049806025592
13.5549806025593
31.3749806025589
26.3509806025592
-27.5530193974409
-22.959019397441
3.9749806025589
39.6529806025589
20.3189806025588
17.2169806025588
13.7549806025588
-50.1910193974413
-55.0950193974411
-20.1650193974411
-20.1650193974411
-83.3390193974411
-18.4530193974411
-60.0350193974411
-26.2870193974411
2.46498060255891
-2.5810193974411
-78.9790193974411
-17.4030193974412
29.3209806025589
-5.4450193974412
-47.4890193974411
20.3789806025589
-43.8210193974411
-59.277019397441
-49.4990193974411
7.2969806025589
-13.8230193974411
14.6549806025591
-35.0990193974408
20.0109806025593
18.8029806025592
-15.3370193974408
-22.9010193974407
18.7629806025593
51.0029806025589
-53.3450193974407
11.7449806025592
47.8489806025589
-7.4470193974407
-7.7010193974407
