42.7715865263175
36.7795865263175
175.319586526317
71.6915865263169
120.077586526317
30.5095865263169
29.8715865263167
99.9775865263169
107.613586526316
44.8735865263159
121.277586526316
93.2975865263159
117.663586526316
47.7875865263159
173.295586526316
38.4355865263161
46.8815865263159
89.5115865263159
83.1555865263159
87.8895865263159
126.025586526316
79.6015865263159
144.543586526316
62.8375865263159
68.2935865263159
153.469586526316
94.0515865263159
111.253586526316
71.5955865263159
106.923586526316
140.135586526316
137.789586526316
122.615586526316
134.847586526316
24.051586526316
104.937586526316
42.6755865263158
90.2355865263159
99.4275865263159
59.3055865263159
39.9575865263159
92.6835865263159
41.7015865263159
66.2855865263159
-2.71041347368412
-2.87841347368412
-5.11641347368422
0.845586526315685
83.9215865263159
60.1915865263159
-54.1544134736841
44.7335865263159
50.7375865263159
-14.5484134736844
23.1175865263156
34.7055865263156
-22.3204134736846
36.8115865263155
-25.0984134736845
15.1895865263155
39.0795865263155
3.29558652631548
32.0195865263155
-20.5764134736845
40.8395865263155
13.4395865263155
53.8755865263159
-7.22441347368452
-9.63841347368452
-2.26041347368452
5.23958652631548
50.4715865263159
15.0015865263155
10.2715865263154
-6.92241347368462
33.6715865263154
-11.1584134736846
97.1175865263159
-18.4844134736844
-7.72641347368442
28.7495865263158
37.2595865263158
-43.1824134736843
53.9255865263159
10.5155865263156
44.0375865263159
13.9715865263158
49.9935865263159
53.8535865263159
15.0335865263157
32.1335865263156
47.9935865263159
-14.9744134736843
18.2895865263157
-3.28641347368442
23.8595865263156
-34.9944134736845
-15.4644134736845
51.9915865263159
-19.4324134736845
-43.7564134736845
-36.1964134736845
11.1575865263155
1.87958652631558
73.1395865263159
10.2535865263156
-48.9004134736845
-0.0344134736844168
32.1295865263157
-40.2324134736845
-16.1984134736845
30.7715865263154
45.0395865263159
14.2735865263154
-17.6704134736845
12.1055865263154
-3.49041347368472
4.17358652631538
39.2575865263154
22.8175865263152
46.8515865263159
40.9275865263156
-32.5424134736844
20.6695865263155
-36.3484134736844
56.8075865263159
56.8075865263159
-5.91441347368422
-7.86641347368412
12.3795865263159
65.6315865263159
12.3795865263159
-58.4484134736841
40.2215865263159
3.70158652631598
-18.7684134736841
39.461586526316
18.2555865263159
50.9695865263159
-5.62841347368412
2.26758652631588
-54.9584134736841
-83.2284134736841
-79.3564134736841
1.59758652631588
-24.1644134736841
50.6175865263159
-34.6944134736841
-0.752413473684015
-36.2944134736838
19.8555865263161
28.9535865263161
6.89558652631608
59.2815865263159
-14.7584134736841
54.0175865263159
30.427586526316
-29.292413473684
-25.532413473684
40.2455865263159
20.6115865263159
27.1975865263159
50.2275865263159
-45.1484134736842
-12.4884134736842
-50.0984134736843
60.0515865263159
35.9915865263158
-19.5044134736842
19.2815865263158
-60.3064134736842
30.9275865263158
16.1995865263158
-56.9104134736842
-71.9124134736842
-67.7964134736842
-93.8984134736842
-74.9484134736841
-43.3544134736842
-54.0124134736842
-59.4044134736842
-25.0124134736842
-40.8504134736842
-43.6204134736843
-66.1724134736842
-65.6784134736843
-12.2764134736843
-45.5184134736842
-32.0504134736843
-35.6984134736842
-41.6064134736841
-45.5784134736842
7.55558652631579
-8.28441347368402
14.741586526316
38.349586526316
8.35358652631599
13.6155865263159
8.84758652631589
-1.36841347368412
35.481586526316
-1.19441347368402
39.779586526316
-10.830413473684
43.0255865263159
29.2555865263159
26.891586526316
23.6915865263159
30.4935865263159
-7.08241347368402
-40.9664134736841
3.50558652631588
-32.4664134736839
-15.0984134736838
19.1815865263162
-4.31041347368392
2.69558652631608
9.77958652631599
9.77958652631599
-25.366413473684
-36.142413473684
5.69158652631588
-17.2584134736841
-43.002413473684
-3.50241347368411
21.0035865263159
44.2055865263159
-5.56641347368422
-35.1864134736841
-7.14641347368412
1.56358652631578
25.6415865263159
6.33358652631598
51.2035865263159
-10.7404134736841
-14.244413473684
-17.656413473684
-26.498413473684
24.007586526316
-35.1124134736841
20.809586526316
15.131586526316
-18.218413473684
-6.65841347368402
16.091586526316
11.599586526316
32.4955865263159
40.6175865263159
13.131586526316
-10.274413473684
-6.66241347368402
-57.002413473684
-6.70041347368402
-35.634413473684
-34.688413473684
-2.49041347368401
-14.6944134736841
-37.0464134736841
-10.328413473684
-3.44041347368402
-22.0764134736839
-11.6304134736839
-36.454413473684
20.653586526316
-26.3924134736841
-26.0684134736842
-15.9944134736842
-23.4084134736842
14.8035865263158
-20.6744134736842
51.8115865263159
46.5315865263159
38.7755865263158
-36.5464134736842
43.3635865263159
7.76958652631578
26.2695865263158
-2.31241347368422
32.0635865263158
20.0975865263157
28.2255865263158
33.0455865263158
39.1035865263157
39.5655865263157
-2.74641347368422
35.9675865263158
25.0715865263159
0.00558652631588075
27.0075865263159
26.117586526316
-11.214413473684
35.4995865263161
2.44758652631618
-7.48441347368382
11.455586526316
12.369586526316
-0.454413473684021
-10.4564134736839
7.94158652631618
-3.53441347368402
21.273586526316
-38.3864134736839
27.0095865263161
-31.0644134736839
16.409586526316
-42.762413473684
24.0175865263159
48.9575865263159
-29.7804134736841
-15.3764134736841
-1.42641347368412
-12.7884134736842
-14.5764134736842
-23.8544134736842
11.2295865263158
8.04158652631578
-2.96641347368432
-5.13441347368422
7.64558652631577
-14.6044134736842
-2.18841347368432
10.8995865263157
14.3375865263156
-11.3604134736842
-18.7024134736841
4.40758652631588
-1.54641347368392
4.56558652631628
-35.0484134736836
-12.7124134736836
0.429586526316385
-5.97241347368372
1.38158652631628
-33.9304134736836
27.5095865263164
5.91558652631648
-19.1224134736835
-23.5284134736835
-9.10841347368362
-1.92041347368352
14.2915865263164
-4.87441347368352
-26.3964134736836
19.9295865263165
-5.04641347368362
31.6875865263164
-19.4464134736836
14.0015865263164
-29.5084134736836
-29.6264134736836
2.91158652631648
32.1395865263165
5.69958652631648
-15.5424134736833
-14.6144134736833
-18.7064134736834
5.37358652631658
-2.29241347368352
-40.6764134736835
20.9295865263167
-3.29441347368332
20.9555865263166
30.6495865263165
-1.66641347368362
1.23358652631638
3.03758652631648
16.0915865263164
28.8915865263164
-26.3064134736837
1.19358652631628
-38.1164134736837
13.0135865263163
-4.88641347368382
31.4095865263162
-30.230413473684
-3.36441347368402
-33.242413473684
1.08758652631598
-1.34041347368402
-30.522413473684
-24.9644134736839
11.9535865263161
-0.654413473683917
-2.64441347368392
6.04358652631608
-15.6884134736839
28.4415865263161
-17.2364134736838
27.5795865263162
-22.6384134736837
10.1935865263163
-21.3584134736836
0.301586526316385
-0.478413473683517
-14.7644134736835
-42.4564134736835
-24.7864134736836
11.6575865263164
4.27758652631628
-18.8784134736837
12.6615865263164
-22.1644134736837
-6.90841347368362
-28.2504134736837
7.76758652631629
-32.1044134736838
28.0475865263162
14.4895865263163
-16.4204134736838
-15.1024134736838
-35.3144134736839
-26.170413473684
11.913586526316
-27.7024134736839
0.643586526315978
-21.3364134736839
35.283586526316
-13.728413473684
39.639586526316
-14.306413473684
9.75558652631599
-24.510413473684
20.357586526316
18.459586526316
-31.400413473684
-16.830413473684
10.179586526316
8.16358652631599
6.53958652631598
30.3395865263159
6.70558652631578
0.749586526315781
9.30158652631578
13.5075865263158
-27.6524134736843
-16.7644134736843
4.46958652631578
-1.88041347368422
-12.7184134736843
9.98958652631568
-21.4344134736842
-1.75241347368432
-9.81041347368422
-67.6304134736841
-50.8764134736841
-47.9744134736842
-30.1304134736841
22.8615865263157
0.21358652631568
5.79358652631579
13.9775865263157
-21.4004134736842
-32.6404134736841
-15.2144134736841
37.4135865263159
-13.3084134736839
-23.5264134736839
-32.6364134736839
-14.1984134736838
9.98558652631618
13.1855865263162
18.9975865263161
19.8215865263162
-33.4504134736839
21.5515865263162
0.311586526316084
10.7655865263161
-0.248413473683819
29.2895865263163
19.6315865263163
-25.6744134736838
18.4235865263162
5.87958652631618
-0.934413473683819
-7.79041347368382
-41.5484134736838
-40.1264134736838
-7.65841347368382
-2.22841347368382
20.7215865263162
-1.61441347368382
24.5395865263163
-9.97241347368382
-21.0304134736838
-18.5584134736839
23.7355865263161
10.5955865263161
0.87758652631608
-14.578413473684
23.267586526316
-37.2564134736841
-10.7324134736841
-7.42241347368412
-5.49041347368412
-0.644413473684018
4.14958652631588
-17.616413473684
30.739586526316
11.863586526316
25.5435865263159
20.875586526316
8.84158652631599
24.1155865263159
14.905586526316
-16.164413473684
-7.25841347368402
-17.622413473684
27.367586526316
-2.77041347368402
6.04758652631598
25.1555865263159
-12.1864134736841
6.61958652631589
-8.01841347368422
6.75358652631588
-11.7144134736841
11.3795865263159
-36.9084134736841
-19.0204134736841
18.1975865263159
-21.9744134736841
22.4775865263159
-6.75641347368412
-1.83041347368412
-38.3164134736842
-11.7984134736842
-11.8084134736843
29.5115865263157
9.69958652631568
31.9335865263157
10.0155865263158
-5.26041347368422
-28.0504134736842
-19.2864134736842
-19.8944134736844
31.6715865263155
7.10758652631558
-3.18841347368442
-0.79241347368442
-12.4624134736844
-14.7364134736844
-2.31241347368442
-3.07041347368442
39.1955865263155
-15.0164134736845
30.1775865263155
-21.9044134736845
-14.2264134736845
0.765586526315481
6.93958652631538
-3.06641347368452
-17.9824134736845
30.2495865263155
18.5895865263155
28.6035865263155
-10.7344134736845
52.9415865263159
18.8375865263155
21.9735865263154
-30.9584134736847
-43.7744134736845
26.2195865263153
-22.1244134736846
39.1535865263152
8.33358652631548
-9.55241347368442
-30.4004134736844
-17.5444134736844
2.71358652631558
-30.8764134736845
33.1215865263156
-27.6904134736842
45.0715865263159
24.7735865263159
-29.8184134736842
-21.0524134736842
-20.7044134736842
40.7235865263158
10.6695865263158
47.8615865263159
-27.7724134736841
28.5395865263159
18.0415865263159
7.23758652631579
-24.5324134736841
-10.082413473684
-2.31641347368402
28.3415865263161
12.3875865263161
-22.0004134736839
37.8575865263161
7.55958652631598
1.21958652631598
38.563586526316
2.83358652631608
2.41158652631608
14.8195865263161
34.1235865263161
32.2795865263162
-27.2224134736838
8.99758652631628
36.9315865263164
32.8735865263165
2.89158652631648
32.3955865263164
32.2315865263164
16.7575865263165
6.97758652631638
31.3935865263164
-9.59641347368352
-2.78041347368362
14.0675865263165
-9.83441347368352
-49.8024134736835
-40.6924134736835
-44.1064134736835
-7.40641347368352
-1.64841347368342
-4.31441347368342
50.3855865263169
4.29958652631648
-29.2344134736834
-6.85841347368352
39.5635865263166
-31.7404134736835
4.19958652631648
21.6175865263166
-39.1344134736835
-24.5104134736835
-16.4724134736836
-35.8104134736836
30.1215865263164
6.81958652631638
-21.3004134736837
10.2755865263162
-25.1764134736839
34.1055865263161
-31.3924134736839
-3.08841347368392
-12.500413473684
-11.048413473684
-14.4164134736842
25.0355865263159
27.8575865263159
19.5915865263157
19.3935865263157
42.2195865263158
-30.5004134736842
37.3735865263157
9.43358652631569
-4.42841347368432
19.1075865263156
42.1195865263155
55.9855865263159
12.1655865263154
-16.7044134736846
0.437586526315378
10.5735865263155
14.5035865263154
30.4175865263153
-14.9844134736846
-22.9664134736847
13.0235865263153
16.1595865263153
38.2875865263153
47.9275865263149
15.9695865263153
31.7175865263153
11.7775865263152
-28.6584134736847
24.8955865263153
14.9015865263153
-54.8384134736846
-43.4904134736846
-8.46441347368452
21.6575865263156
-0.468413473684421
-10.0384134736844
14.4595865263157
-12.3544134736842
37.2055865263159
-32.5584134736841
28.3135865263159
28.0075865263159
17.4395865263159
-14.4684134736841
30.999586526316
11.9355865263159
-10.9124134736842
40.245586526316
-24.794413473684
13.491586526316
31.817586526316
13.127586526316
-20.656413473684
8.15558652631598
-7.14041347368402
-9.59241347368402
15.339586526316
-40.118413473684
-34.0544134736841
24.353586526316
23.1455865263161
-35.2304134736839
-45.5144134736839
31.1755865263162
50.8515865263159
1.55558652631628
39.1475865263162
-0.194413473683817
-19.3224134736838
17.7935865263162
-10.3304134736838
-11.7404134736839
21.807586526316
28.733586526316
-6.09241347368392
48.2075865263159
39.4435865263159
-2.03641347368422
23.6335865263159
15.1795865263159
-8.14641347368422
38.6435865263158
3.29158652631578
34.781586526316
-34.7784134736839
13.8155865263161
28.8415865263161
8.53558652631609
28.3255865263161
2.83358652631608
9.07558652631608
-26.6444134736839
22.1635865263161
11.2475865263161
34.1155865263161
-19.342413473684
7.83158652631598
-5.39841347368412
30.3915865263159
-8.42841347368412
-24.9444134736841
-5.40041347368402
9.79758652631609
-9.47241347368402
2.03558652631598
6.97158652631588
-26.4024134736841
-5.17041347368412
-28.0644134736842
32.937586526316
21.1815865263159
3.06958652631588
7.70158652631579
-3.38241347368422
-11.9004134736843
28.3955865263158
14.6235865263158
-25.4404134736843
24.4175865263155
43.8835865263159
-18.4604134736845
-20.2144134736844
6.25158652631558
-1.35241347368452
34.1915865263155
9.79558652631548
-32.9004134736845
20.4155865263156
13.0675865263155
13.0675865263155
10.9735865263156
