-67.7229063394681
-107.760906339468
-60.2969063394681
-21.7769063394681
-21.7729063394681
-93.0989063394681
15.339093660532
-67.9349063394682
36.5210936605318
-56.7389063394682
-27.2989063394682
26.4650936605317
-28.5449063394683
-6.88890633946824
27.2030936605318
38.3270936605318
38.3270936605318
16.4950936605317
58.0150936605318
27.2910936605317
10.8530936605317
6.96309366053157
6.16709366053156
49.0170936605318
48.5370936605318
88.0650936605318
70.0550936605318
88.4790936605318
26.8230936605319
28.9030936605319
12.4930936605319
66.7450936605318
67.7790936605318
90.3250936605318
87.1530936605318
67.1250936605318
81.9450936605318
26.3510936605317
61.6810936605318
31.0830936605318
23.7570936605317
62.8190936605318
59.7950936605318
61.6810936605318
57.8850936605318
57.8850936605318
52.3490936605318
26.2690936605317
52.3590936605318
-10.1209063394681
28.3430936605319
24.2550936605319
-16.1309063394681
26.3570936605319
35.6370936605318
36.1750936605318
-23.7029063394681
-10.7969063394681
24.7930936605319
26.8430936605319
-15.3469063394681
24.415093660532
-93.066906339468
32.011093660532
-48.266906339468
30.6670936605319
-3.54090633946814
-33.9409063394681
20.7550936605318
-38.9509063394682
-21.3369063394683
16.8810936605317
14.5390936605317
-38.0209063394683
-28.1549063394683
12.0170936605317
22.4530936605317
32.4890936605317
8.13109366053166
-31.5449063394683
-2.36890633946824
24.8850936605317
-6.97690633946844
29.6870936605317
29.6870936605317
-38.5989063394684
18.6450936605317
9.55109366053156
-86.4369063394683
-76.4069063394683
26.1370936605318
12.949093660532
29.469093660532
-18.384906339468
-24.164906339468
12.437093660532
55.7310936605318
-8.35090633946803
29.007093660532
-26.216906339468
0.697093660531962
-1.31290633946803
30.789093660532
-51.264906339468
-34.346906339468
-16.540906339468
-4.91290633946803
35.3470936605318
19.123093660532
-30.810906339468
-26.8649063394679
3.87509366053207
36.6410936605318
12.0190936605321
-27.3129063394679
5.07109366053207
-28.3909063394679
13.4130936605321
-28.7329063394679
-30.3649063394678
-77.4949063394678
-73.2249063394677
-74.6669063394678
-97.4469063394678
-32.5929063394677
-44.2049063394677
-48.2629063394676
-7.52490633946763
29.5190936605324
45.0690936605328
-1.35690633946763
-32.2629063394676
24.8410936605323
30.4350936605323
8.25909366053217
11.9570936605322
-54.3769063394678
-15.7249063394678
-20.7229063394678
53.7710936605318
-17.0609063394677
2.93509366053226
-19.1149063394677
39.8270936605318
-16.6109063394677
-6.39890633946784
20.0110936605322
50.6110936605318
33.8950936605318
-15.2549063394677
52.7050936605318
52.9330936605318
-4.75490633946784
-11.9009063394678
-3.34890633946783
36.9910936605318
30.3530936605323
10.9810936605321
28.5150936605321
22.3290936605321
-31.6689063394681
31.343093660532
-9.07890633946803
-19.6869063394679
26.2210936605321
-16.1749063394681
9.41709366053186
-18.7849063394681
-19.8329063394682
-11.5169063394681
14.4690936605319
47.8170936605318
6.34109366053187
-16.0909063394682
-41.5089063394682
-18.1689063394681
15.3850936605318
-41.0549063394681
-5.14690633946813
24.7730936605319
-47.7029063394681
-28.996906339468
-74.5229063394682
-0.318906339468128
17.0770936605319
-3.84890633946824
-20.2589063394682
29.5570936605318
-26.7729063394682
18.3810936605317
-37.1129063394684
-17.5009063394684
18.6470936605316
-41.0269063394684
-36.7729063394685
28.0930936605315
-62.5269063394685
-79.1949063394685
-41.5249063394686
-3.69090633946853
-23.5069063394684
23.7890936605315
0.0730936605314696
-26.0569063394685
-62.2329063394684
-15.4049063394684
-3.78290633946833
-39.5509063394683
21.9290936605317
-6.11090633946834
-83.3649063394683
0.0350936605316718
-4.47690633946844
29.6410936605316
-3.60490633946834
2.40309366053157
-37.4769063394684
6.31709366053157
-58.9909063394683
-55.5249063394682
7.60909366053167
21.8210936605318
-2.62490633946834
-66.2729063394683
-73.2289063394683
-90.6389063394683
-54.2349063394683
33.7550936605318
-39.4029063394684
61.3210936605318
27.615093660532
-28.088906339468
40.9890936605318
35.7910936605318
15.8870936605321
45.5190936605318
33.2130936605318
-5.04290633946793
-2.67690633946793
20.6170936605321
-2.22290633946794
38.7450936605318
41.7730936605318
41.7730936605318
-17.7309063394681
19.4990936605318
35.2190936605318
-35.1369063394681
30.1610936605319
7.40109366053187
35.3210936605318
-29.0669063394682
-57.7629063394682
-39.5789063394681
36.4750936605318
36.4750936605318
-30.422906339468
-6.06890633946804
40.9730936605318
28.5470936605319
-47.422906339468
5.01509366053196
-45.9829063394681
16.123093660532
22.257093660532
-16.028906339468
-34.6569063394681
-4.96090633946803
-100.346906339468
-26.8029063394682
-27.4509063394683
-56.1569063394682
-61.2369063394684
37.8350936605318
-90.7669063394684
-54.3969063394684
15.1290936605315
-62.8029063394686
-64.8169063394685
-13.4809063394685
7.00309366053136
-73.8809063394687
-9.65890633946874
7.80709366053127
5.68109366053126
-12.1069063394687
-42.7529063394688
-27.0329063394687
-39.1429063394686
15.8970936605314
4.84909366053137
-10.9369063394686
-14.1389063394686
-4.43090633946854
-18.0029063394684
11.6530936605316
9.75509366053157
-16.9469063394683
27.2070936605315
31.9450936605317
16.1390936605317
31.4390936605317
18.2970936605316
32.4590936605317
45.3470936605318
48.8470936605318
-18.5529063394682
13.7430936605317
29.5370936605318
27.1690936605318
21.6190936605318
33.2810936605318
21.5830936605317
-18.1549063394683
-17.5669063394682
25.2730936605318
36.2290936605318
-25.8589063394682
23.8370936605317
-10.2949063394683
-10.6149063394683
-14.2949063394683
-3.86490633946833
-31.5469063394683
37.5350936605318
28.4570936605317
-40.7969063394683
-23.9229063394683
-22.2409063394684
-29.8409063394683
49.3470936605318
20.6930936605318
-26.5689063394682
24.7370936605318
8.95309366053176
-16.9929063394683
17.8190936605318
-19.5549063394682
-29.9829063394682
-16.9669063394682
5.29109366053177
16.1670936605318
15.7590936605318
-5.31490633946813
-34.4789063394682
20.0770936605318
-68.1009063394682
3.69109366053166
-48.5609063394682
-14.7029063394682
14.8090936605316
-0.472906339468238
11.0610936605319
-11.0569063394681
9.87509366053186
-12.9269063394681
-37.574906339468
13.621093660532
19.1690936605321
19.8290936605321
20.3850936605322
-14.9209063394677
5.72109366053226
-16.6189063394677
-6.52890633946773
12.8210936605322
18.7010936605321
3.93709366053207
35.5870936605318
43.5530936605318
-6.88890633946773
-19.1209063394676
12.2570936605324
5.92709366053236
-18.0929063394677
-28.3909063394677
7.69909366053237
7.84509366053227
15.6990936605323
-3.65090633946783
-35.1769063394678
-16.9089063394678
-9.07490633946783
-16.3129063394678
2.14909366053206
-10.5609063394679
25.2090936605321
-24.4349063394679
-29.9149063394679
-1.50890633946793
13.0650936605322
-19.3469063394678
-1.55090633946773
-33.2189063394678
22.9870936605322
3.92709366053217
-54.5249063394678
2.23309366053186
6.80109366053166
-54.3249063394683
-31.0429063394683
14.5810936605315
-14.4829063394686
-0.42690633946853
-32.5149063394685
-24.1649063394685
-27.2509063394685
5.17909366053146
-6.50490633946853
14.5430936605315
-21.8889063394685
20.8370936605316
22.3390936605315
-20.2849063394685
-23.5289063394685
38.8830936605318
-51.3169063394684
-1.46490633946843
11.1550936605317
-16.7389063394683
-24.3529063394683
0.577093660531673
1.03509366053157
-5.49090633946853
61.9510936605318
-27.6609063394685
7.72709366053137
12.4050936605315
-1.72690633946853
22.9650936605316
-19.7069063394684
12.7010936605316
18.0290936605316
-39.4609063394686
-0.764906339468538
-34.8669063394686
-57.9189063394686
4.89509366053137
-1.37490633946854
-26.9229063394685
-28.0709063394685
-6.55690633946853
5.60909366053147
-13.6049063394685
-18.5849063394685
-2.64490633946853
4.34709366053147
19.9210936605314
-29.8349063394685
36.6130936605318
11.4290936605315
12.5050936605314
-44.8269063394685
-8.03290633946843
-14.9729063394685
-3.57290633946853
-41.2069063394685
-33.0749063394684
0.969093660531669
17.2570936605317
9.20309366053166
-15.9749063394683
3.17709366053167
-59.8089063394682
-52.7509063394682
-52.9469063394683
-2.70690633946843
-25.2669063394684
-8.83290633946833
-18.7749063394682
-8.13490633946823
-35.9849063394681
7.14309366053176
12.7690936605319
-24.5549063394683
-22.9929063394683
-31.9009063394683
-20.7229063394683
-11.8849063394683
-6.85890633946833
-22.9609063394683
-18.2229063394683
-11.7849063394683
21.3930936605317
-24.3529063394683
-24.2729063394683
12.4150936605316
5.51709366053157
10.3450936605316
-41.7829063394684
-28.4769063394684
-50.0789063394684
-38.5849063394684
-31.8289063394684
-45.0349063394684
8.22109366053157
-16.6569063394685
-14.8909063394685
1.08109366053147
11.6270936605315
-2.84290633946853
-6.21690633946854
-4.82690633946854
-30.2709063394684
0.00509366053157123
9.56709366053157
0.169093660531672
-5.36890633946823
-20.6269063394683
8.09709366053167
-0.692906339468436
7.61309366053146
14.8630936605315
-7.56290633946853
-27.5249063394685
7.50909366053146
-45.0729063394684
-11.5249063394682
-54.7189063394682
-37.2309063394683
-50.5029063394682
-61.2409063394683
-0.440906339468228
-10.4589063394682
-28.4609063394682
-6.78890633946823
-12.0449063394682
-50.1449063394682
-26.3489063394682
-14.5629063394681
-39.1629063394681
1.51109366053187
-27.1169063394681
-14.5889063394681
-5.17890633946823
11.3670936605318
-4.90090633946834
-16.7329063394683
4.31509366053167
-0.41090633946834
1.54909366053167
10.2350936605317
10.2350936605317
-39.9149063394683
-39.2569063394683
-13.5269063394682
-25.6809063394682
6.75309366053176
0.339093660531873
-25.8749063394683
-51.3869063394684
-23.8869063394685
12.2090936605315
-17.8469063394685
-10.8489063394683
2.72909366053176
-14.2929063394681
-42.5149063394681
2.21909366053187
-5.91690633946823
-24.8569063394683
12.7690936605317
1.02909366053177
-45.4709063394683
-15.7069063394683
-27.4969063394682
19.1650936605318
3.77509366053177
-34.8289063394683
-19.2029063394682
11.1630936605317
-54.7409063394682
-15.8229063394682
-52.4089063394682
-3.15290633946823
-19.3209063394682
-1.56490633946824
20.4990936605318
-33.3249063394682
-56.5689063394681
-75.0069063394681
-95.280906339468
11.4370936605319
-17.6609063394681
-14.5009063394681
-12.2489063394682
-40.9349063394681
-8.68290633946803
-3.68090633946813
-4.99490633946824
-4.18090633946824
-42.8729063394681
-53.4449063394681
-77.3729063394681
-5.14490633946824
0.427093660531767
-30.3309063394682
32.053093660532
-42.182906339468
1.75909366053196
16.1390936605319
5.81909366053166
21.8770936605317
-33.2449063394683
3.26509366053166
0.193093660531673
-23.0269063394682
19.2430936605318
8.98309366053186
-19.8889063394682
4.35709366053176
15.6130936605319
24.9490936605319
-33.9569063394681
32.0630936605318
29.9930936605318
3.66509366053177
-44.7949063394682
-46.2869063394682
17.2050936605317
-52.9089063394682
42.3130936605318
32.1610936605318
-13.4749063394683
35.2170936605318
20.6930936605317
30.4190936605317
-3.54490633946833
-29.6929063394682
27.0730936605317
19.8350936605318
30.3370936605318
-3.21090633946844
1.29109366053157
12.3650936605317
-36.3709063394682
-37.0269063394682
-33.2969063394682
-45.7909063394683
-40.0769063394683
-8.53490633946824
13.7270936605317
-31.5069063394684
-23.3669063394684
-72.4649063394685
-80.2189063394685
-27.6209063394684
8.50909366053166
23.0810936605317
4.46509366053166
42.8410936605318
38.6650936605318
27.2370936605317
-19.9509063394683
-38.1829063394683
28.5850936605317
-19.8709063394683
-92.5229063394683
-26.8029063394683
-51.3869063394683
-6.24290633946833
25.3710936605318
-10.4189063394682
29.2310936605319
17.9650936605319
-3.34890633946814
-16.2409063394681
-4.65890633946813
39.7490936605318
28.233093660532
38.6170936605318
20.775093660532
3.60109366053197
28.7510936605319
42.8610936605318
-17.8669063394681
41.5690936605318
17.7610936605318
32.1050936605318
18.6230936605319
-7.13890633946824
-27.2489063394682
10.6090936605318
35.5550936605318
-9.13690633946803
6.30109366053196
-3.58690633946804
-29.182906339468
27.105093660532
-62.498906339468
26.877093660532
-45.340906339468
22.1450936605319
13.469093660532
-2.29490633946813
-28.9669063394681
14.635093660532
37.1350936605318
-22.7389063394681
-17.376906339468
-20.5969063394681
3.13509366053196
37.5790936605318
-30.8909063394681
-2.23690633946813
1.66709366053186
-46.3429063394681
-34.632906339468
7.98709366053197
-37.524906339468
-7.56090633946803
4.40109366053197
7.82509366053196
8.35509366053186
-80.5889063394679
11.9650936605321
2.96109366053207
-3.32890633946803
33.5030936605318
-14.322906339468
-51.500906339468
18.873093660532
-51.880906339468
-45.0629063394679
-56.4109063394679
-39.500906339468
-27.5849063394679
21.5590936605322
18.8410936605321
36.0270936605318
-15.4229063394679
-1.90690633946804
-3.83890633946803
-9.11690633946813
-20.9889063394681
-37.2169063394681
-5.66290633946824
9.89709366053187
-24.8689063394681
16.0590936605319
-0.534906339468037
-45.716906339468
-21.0209063394679
20.4810936605321
-9.62490633946793
0.30309366053207
-5.62090633946804
-53.540906339468
-29.4809063394681
13.091093660532
-34.6589063394682
-16.8809063394682
-54.550906339468
-76.890906339468
1.83909366053187
-24.0389063394681
-13.4069063394681
17.3950936605319
5.67309366053196
15.4430936605319
-15.8969063394681
-34.8449063394681
-40.7689063394681
2.94909366053187
1.65509366053186
-65.3969063394682
-54.6029063394682
-37.5709063394681
9.57309366053187
12.893093660532
8.87709366053197
10.493093660532
-9.80690633946814
-13.3029063394681
-15.2009063394681
13.107093660532
3.04909366053187
19.937093660532
19.1090936605319
-0.532906339468028
-71.8729063394682
15.9070936605317
40.0190936605318
-1.45490633946854
-4.73890633946854
-6.66690633946853
-7.17290633946853
-26.8529063394684
-27.2329063394684
8.42509366053157
-26.5589063394685
-43.2349063394687
-34.3989063394686
-3.34890633946863
-16.7769063394686
-44.9969063394686
-11.2769063394685
-4.86090633946854
-8.13690633946853
-14.2709063394686
14.5310936605315
14.5310936605315
-36.8049063394686
-32.2269063394685
9.77109366053146
-23.5649063394685
1.88709366053146
12.7670936605314
-53.2769063394686
-74.0209063394686
-81.5209063394685
-32.8809063394685
