-9.25160046278562
-19.2076004627856
16.4723995372143
15.2103995372143
16.1903995372142
9.24839953721408
11.1303995372142
-13.9516004627858
-39.7516004627858
-13.7396004627858
-23.7176004627857
-26.7276004627857
-0.651600462785616
-0.591600462785721
19.2663995372143
-64.1856004627856
-30.4096004627854
-27.9636004627853
-52.6716004627853
-3.96360046278522
5.80639953721488
39.0723995372151
16.9063995372151
25.7623995372151
-67.4716004627847
-57.1436004627846
-53.0016004627844
-18.8396004627843
-19.7856004627842
14.6783995372157
9.61639953721588
-29.3716004627841
45.710399537216
15.6683995372158
-19.8896004627843
-4.50360046278452
-40.9636004627843
-4.64160046278442
19.1543995372157
-41.1016004627843
18.9923995372157
2.97239953721558
49.9223995372157
23.8923995372156
-12.4596004627844
-18.3696004627844
13.3323995372157
-14.2796004627845
-26.8096004627845
-8.49560046278452
5.21039953721558
42.7303995372156
10.0503995372157
70.1343995372157
-25.6576004627843
-39.9956004627844
-19.9356004627845
39.7403995372157
50.6983995372157
-30.5456004627844
-62.2456004627844
-26.5836004627842
-7.29760046278412
0.480399537215682
9.02839953721568
19.2823995372157
-47.9596004627843
-49.7536004627843
20.6603995372157
-60.5436004627843
31.6163995372157
31.6163995372157
-6.58360046278432
4.10039953721568
-34.2896004627843
25.2543995372157
33.8223995372157
-37.8616004627844
-17.9596004627843
21.9163995372157
-25.2196004627843
9.34639953721568
-44.9736004627843
2.91439953721568
-65.4176004627842
-53.1776004627842
9.07239953721578
66.2223995372157
-25.9696004627842
-34.8496004627842
0.54839953721568
26.8763995372158
-37.6956004627842
-65.8836004627841
-57.671600462784
26.9003995372159
28.0983995372158
-22.7136004627843
-54.7676004627843
-22.9876004627843
22.8923995372157
-18.3436004627843
73.6723995372157
14.4143995372155
16.3943995372156
43.7103995372156
-67.9436004627844
6.24439953721558
-2.44160046278442
59.1283995372157
-6.18760046278442
11.3103995372156
26.6423995372155
178.482399537216
-7.74160046278432
-16.3716004627844
-15.7616004627844
-42.8556004627844
37.8663995372155
67.2923995372157
61.0663995372157
63.2283995372157
60.1123995372157
22.6503995372155
22.8343995372154
46.9123995372157
-15.1636004627844
-36.6396004627843
-27.9136004627844
19.8023995372156
15.1963995372156
55.1123995372157
63.5943995372157
56.7383995372157
22.3883995372159
24.3363995372159
69.2223995372157
63.1363995372157
26.7043995372158
43.2483995372158
2.05239953721588
64.5303995372157
68.5183995372157
68.6143995372157
19.3183995372159
5.93839953721588
5.99039953721578
36.8863995372159
44.6103995372158
-1.31760046278412
-14.5236004627842
7.22239953721588
45.6603995372159
-24.0456004627842
-16.6736004627842
49.6743995372157
-19.4256004627841
-16.0136004627841
72.2703995372157
6.97839953721598
56.7603995372157
-2.66160046278402
-35.107600462784
33.468399537216
35.628399537216
83.5683995372157
43.2563995372159
31.2023995372159
-7.49360046278412
30.9363995372158
37.8843995372158
46.2743995372157
17.3923995372158
44.5743995372157
38.4663995372157
9.44039953721568
45.5403995372157
-30.2396004627842
-5.16760046278422
1.47239953721568
-45.2616004627845
-10.9776004627845
53.7623995372157
29.8363995372154
19.1323995372155
67.4543995372157
47.6343995372157
-4.26760046278452
48.3643995372157
0.904399537215483
17.8003995372155
30.7623995372155
51.0843995372157
44.6643995372155
9.65639953721538
29.8883995372154
35.4403995372153
-10.2716004627847
7.79639953721528
-14.3896004627848
46.1003995372157
26.3783995372154
29.7483995372153
23.5983995372153
50.3683995372157
-23.0876004627848
-31.9136004627847
24.5923995372153
-18.3596004627847
-3.38960046278472
53.4323995372157
51.3363995372157
12.4583995372152
59.0643995372157
-26.4056004627847
22.7483995372153
60.6303995372157
-21.1436004627847
18.3863995372153
29.3963995372153
-8.88760046278472
3.55839953721538
54.4403995372157
-11.9676004627845
20.3003995372156
-16.3396004627844
-61.5396004627844
-57.6076004627845
-81.3056004627845
-23.9256004627845
-27.6356004627847
16.4643995372153
40.1843995372153
13.4123995372153
-1.78160046278482
24.1983995372152
-6.49960046278482
28.8823995372154
45.2523995372155
-17.2416004627845
-44.3676004627845
25.1923995372156
-26.9996004627845
-35.2116004627844
18.5463995372155
42.1523995372155
36.9583995372155
1.45439953721558
27.7003995372155
15.1183995372155
49.6443995372157
-18.3296004627845
-30.8276004627844
17.1963995372155
37.0983995372155
-31.2256004627845
-35.1956004627845
29.2323995372156
-58.3276004627844
-75.6236004627845
-21.6936004627845
-6.59960046278452
-43.8436004627843
-2.15360046278432
16.5243995372157
7.56439953721568
15.1183995372158
39.4023995372156
-8.28360046278442
60.2863995372157
-9.64760046278442
-33.0796004627845
27.4843995372155
33.6983995372156
32.9583995372155
-1.55760046278442
29.4743995372155
18.9163995372155
27.9143995372155
-23.8876004627845
39.8543995372155
-33.2036004627845
-64.4716004627845
34.1663995372155
-14.1896004627844
24.1603995372156
32.9123995372156
53.9883995372157
-32.5236004627846
37.0423995372154
-15.6756004627845
29.9243995372155
-3.47560046278452
34.7063995372156
49.8783995372157
41.4043995372155
-10.1236004627846
19.3483995372154
10.6983995372155
29.5723995372158
37.1823995372157
16.2083995372157
-59.4236004627843
-62.4796004627843
55.0363995372157
22.6083995372158
4.44239953721588
44.3523995372159
9.17239953721588
-55.4236004627841
45.4943995372159
56.4603995372157
-32.9076004627841
-25.0296004627841
-27.2436004627842
11.5303995372159
11.5303995372159
50.2243995372157
-17.5416004627842
-36.5016004627842
-30.5836004627842
9.73039953721578
19.7983995372158
37.1503995372158
29.9103995372158
-11.6056004627842
17.2343995372158
-4.73560046278422
29.9883995372158
51.1243995372157
10.7143995372157
-8.56560046278442
13.5603995372154
-18.0736004627846
27.2263995372155
-41.2016004627843
-12.6596004627845
8.42639953721538
13.0943995372155
-17.7856004627846
50.3683995372157
19.7343995372154
-18.6216004627846
-56.9416004627846
36.5663995372154
-2.34160046278462
30.7083995372154
28.6723995372154
11.6503995372155
-16.0796004627845
-7.12760046278452
-3.14360046278452
-34.0896004627845
24.1463995372155
27.6263995372155
10.5023995372156
12.8463995372157
-40.4776004627843
-40.4836004627844
-45.4856004627845
-7.97960046278442
-12.8536004627843
45.7483995372158
26.7463995372157
9.81639953721579
-66.2096004627843
-34.3116004627845
53.2263995372157
12.9683995372156
-12.1756004627843
16.1363995372156
-60.3196004627844
0.690399537215683
10.0883995372156
-18.1436004627845
22.7163995372156
-14.8976004627844
-56.1616004627845
18.5783995372155
64.9863995372157
21.0883995372156
36.2103995372156
-37.9116004627843
56.6183995372157
-12.7056004627843
1.74439953721568
37.6043995372158
-5.79760046278432
31.1063995372157
48.3143995372157
19.4903995372156
5.13239953721568
-28.9996004627843
21.4663995372156
19.7923995372155
-0.59160046278442
10.5063995372155
-2.71360046278432
30.4303995372159
6.83039953721588
29.836399537216
8.68439953721598
-1.33960046278402
-21.525600462784
24.384399537216
-54.671600462784
22.722399537216
-16.0336004627839
-23.587600462784
1.84239953721598
13.1063995372159
-33.7396004627841
-4.96560046278412
-23.4876004627842
30.2563995372159
-30.1916004627842
1.97839953721578
-7.31560046278412
15.8643995372157
17.9743995372157
-49.3356004627843
12.0603995372157
-21.0176004627844
-40.6896004627844
-40.0176004627845
-64.9796004627844
-68.2716004627844
-16.2576004627844
-6.81160046278432
25.2503995372156
23.5523995372156
-73.0256004627846
-57.9056004627846
-23.8196004627847
30.8203995372153
49.4363995372157
-22.7936004627847
-49.2736004627847
-2.97760046278472
13.6563995372153
-5.74360046278472
29.8703995372153
36.4583995372152
-27.9636004627849
-16.9276004627849
28.2563995372151
-4.03960046278492
-13.501600462785
26.0883995372151
22.7403995372152
-5.21960046278482
30.8583995372152
22.9083995372152
-48.8316004627846
-29.3576004627846
8.00039953721538
23.8363995372155
-7.32160046278462
-32.5516004627846
30.7263995372154
23.0663995372155
-16.0236004627843
21.5903995372158
-13.7976004627842
9.05639953721578
5.15439953721578
14.4263995372158
-51.0916004627842
-2.64760046278422
-2.64760046278422
-25.875600462784
-29.3096004627839
-38.631600462784
-40.9396004627839
-53.533600462784
-35.6916004627839
57.6183995372157
17.5183995372161
-6.31560046278362
-46.9716004627838
3.41639953721628
-18.3016004627838
50.9643995372157
-24.4856004627839
12.6603995372162
32.9403995372162
-12.5156004627839
24.5743995372161
-14.497600462784
25.412399537216
-12.3076004627841
-3.74360046278412
-22.9656004627842
-8.22760046278422
32.8043995372157
-17.2816004627843
-32.5296004627843
-50.5796004627842
-48.6196004627842
-53.9376004627843
-51.7476004627843
-51.5836004627844
-45.0556004627842
-53.1576004627843
-41.5756004627842
-55.2216004627843
13.1263995372156
-19.8416004627843
14.7163995372156
-9.71360046278442
-16.1536004627843
64.4743995372157
-3.91560046278412
-7.31160046278412
57.4623995372157
38.8863995372159
20.7903995372159
-15.4356004627841
-11.4656004627841
7.55639953721588
-15.7196004627841
35.3203995372158
32.5783995372158
-6.97360046278422
-48.5576004627843
-40.3276004627843
37.0743995372157
29.8963995372157
44.0743995372156
32.9763995372156
39.0603995372156
24.9283995372155
17.7863995372155
28.8383995372157
-15.8896004627843
3.17839953721568
0.316399537215879
-40.245600462784
19.994399537216
24.5923995372161
-0.945600462784022
-18.7036004627841
15.852399537216
-14.135600462784
9.73239953721598
11.0283995372161
-51.649600462784
0.906399537216181
-22.6156004627838
5.24239953721608
6.81639953721608
35.4663995372161
34.8903995372161
16.9743995372161
35.5623995372161
5.33839953721608
66.6683995372157
7.70439953721618
-10.7256004627838
-82.3816004627838
14.7643995372162
-17.8016004627838
24.4263995372162
-55.7836004627839
-15.9916004627839
-56.8936004627839
-65.6296004627838
-13.2676004627839
25.2863995372162
2.96639953721608
-14.3736004627838
-16.7856004627839
20.244399537216
-25.7396004627841
-14.2096004627841
-33.3796004627841
28.8703995372157
-16.8356004627842
8.32639953721568
18.7583995372157
5.13839953721568
-23.1556004627842
-14.6996004627843
18.8683995372157
38.8423995372157
-45.9816004627844
-66.6696004627843
-60.7876004627843
53.8443995372157
-42.1896004627842
76.5943995372157
59.0183995372157
52.2383995372157
16.8043995372158
19.3323995372158
-2.79760046278412
29.1223995372158
-34.9416004627842
44.7043995372158
-25.0736004627842
-3.42960046278422
-43.2316004627842
22.8103995372158
23.3083995372158
-22.6996004627842
-6.99960046278412
-6.82560046278412
15.986399537216
-40.665600462784
-10.259600462784
-22.2276004627841
-15.2336004627841
-20.0076004627843
18.2203995372156
27.5283995372157
9.78239953721558
-0.55760046278462
20.4283995372154
-15.8696004627846
31.2743995372154
23.9723995372154
22.8283995372154
-19.6916004627846
6.59439953721538
-13.7956004627846
-44.7416004627846
-18.1636004627846
50.0163995372157
13.5883995372154
0.720399537215478
21.9403995372154
-28.4416004627846
54.9203995372157
29.0223995372154
52.5703995372157
-2.97360046278462
-2.09360046278462
16.5383995372154
-14.1256004627847
6.79039953721548
3.49839953721538
53.5203995372157
51.1803995372157
18.0123995372157
-1.00960046278422
-38.3496004627842
41.1323995372158
10.0603995372158
34.2663995372159
25.6183995372159
-18.795600462784
36.2823995372159
-21.085600462784
22.846399537216
11.6343995372159
-3.54360046278402
-29.037600462784
-17.831600462784
12.320399537216
13.698399537216
1.92039953721598
15.160399537216
-55.779600462784
42.390399537216
13.294399537216
40.0123995372161
-10.8476004627838
-53.857600462784
12.626399537216
-31.097600462784
-28.377600462784
18.006399537216
-28.557600462784
37.138399537216
38.908399537216
-75.601600462784
-79.189600462784
-54.359600462784
-0.647600462784119
28.5943995372158
49.1323995372157
5.31439953721558
33.1203995372154
34.1403995372155
34.1403995372155
4.51439953721538
-16.5416004627845
33.3683995372152
46.7543995372147
-21.4376004627848
25.1783995372152
-11.3316004627848
2.05439953721518
17.0643995372152
26.7843995372151
-42.4216004627848
30.9843995372152
-5.34160046278492
27.2383995372152
37.7063995372152
-15.0596004627849
-39.3176004627848
25.8023995372151
-30.1136004627848
15.3903995372153
12.0163995372153
11.7703995372154
47.1763995372157
13.3763995372155
26.3343995372153
17.8523995372154
-44.3396004627848
36.1843995372152
-0.239600462784722
53.4643995372157
33.4743995372156
-26.0536004627844
33.1663995372155
-37.3296004627845
-11.4856004627845
9.82639953721548
33.8603995372155
-12.5136004627845
9.53839953721528
1.18039953721538
64.7663995372157
26.0703995372153
23.7283995372153
-43.3936004627847
31.3443995372153
-1.51560046278482
-10.8996004627848
1.99039953721528
40.0723995372156
51.0703995372157
-29.3756004627844
-42.4996004627845
-22.5616004627845
4.90839953721558
24.3623995372154
-36.8296004627846
38.2463995372155
-28.4396004627846
8.51039953721558
59.8883995372157
14.1563995372156
13.9323995372156
-20.9796004627844
39.3863995372156
42.6023995372155
-23.9716004627844
18.3303995372156
-16.7016004627844
-47.8576004627844
31.5283995372156
11.5763995372157
8.58439953721568
56.2123995372157
-25.2596004627844
1.66239953721558
-18.8996004627844
6.11439953721548
26.5183995372156
20.0883995372156
13.0943995372154
25.4323995372154
7.71839953721548
30.0243995372155
-9.27560046278452
18.5543995372154
-6.93960046278472
-46.2496004627847
36.6463995372153
32.9023995372154
48.4503995372157
48.4503995372157
-7.94760046278462
16.9223995372155
20.4783995372154
8.51639953721548
-41.1416004627844
24.6763995372156
33.4363995372155
19.9863995372155
-36.2516004627845
-2.96560046278452
-11.9696004627845
22.4103995372155
-9.71560046278462
-8.65360046278462
-3.28560046278452
-13.5356004627845
4.72439953721548
40.7423995372155
-26.9136004627846
-35.8076004627846
-8.34360046278452
15.5883995372155
21.8203995372155
-22.7036004627845
-15.4736004627845
-15.4736004627845
16.3103995372156
-45.8776004627844
27.4003995372156
-87.6756004627844
-87.6756004627844
-87.6756004627844
26.4343995372156
22.5983995372155
-5.06160046278452
-33.7496004627844
23.4203995372155
2.47239953721558
21.7843995372158
-29.6136004627841
38.520399537216
18.1903995372161
50.1503995372157
-28.551600462784
6.00439953721598
-26.5296004627839
-4.91760046278392
5.66039953721608
4.71439953721608
-44.5176004627839
-46.4936004627839
22.9783995372161
36.840399537216
-4.78960046278402
7.95839953721608
7.03439953721618
12.7803995372161
29.5723995372161
5.91439953721608
20.258399537216
32.4863995372159
6.23039953721588
6.15839953721568
23.3023995372157
-29.3696004627842
11.3143995372156
12.8183995372156
-31.6076004627844
16.6303995372156
3.06039953721558
5.88439953721558
-35.2356004627844
-23.3076004627843
-34.0356004627844
15.4283995372155
-48.8196004627845
14.1883995372156
13.1523995372156
0.54239953721558
27.0083995372156
-10.0076004627844
-14.7196004627844
-20.6816004627844
36.9883995372156
3.88639953721558
27.5323995372156
-21.6536004627844
-16.6516004627844
-19.2016004627845
30.6043995372155
-28.7656004627845
-7.38160046278452
1.00239953721548
1.00239953721548
-41.7856004627845
-8.22760046278462
-43.1696004627845
18.8283995372155
-37.3016004627845
-3.22160046278452
18.5763995372156
22.2403995372155
22.2403995372155
