725;646;722;683
762;717;752;711
762;575;599;634
703;564;616;629
735;621;651;648
729;610;610;633
733;562;640;662
765;593;650;695
770;609;628;635
718;575;622;626
772;629;644;643
710;525;625;631
739;546;628;694
777;700;626;577
730;665;677;651
751;676;614;588
726;632;627;638
730;578;611;634
732;601;632;648
755;625;630;658
725;566;628;643
696;448;560;617
692;600;623;613
750;668;617;618
714;689;676;606
735;628;626;627
735;530;602;666
742;585;646;714
734;513;615;714
746;624;648;710
734;636;613;613
747;544;609;682
728;638;668;652
718;633;648;622
722;639;700;666
749;645;696;650
672;619;589;552
763;628;627;634
735;583;634;662
774;650;656;688
706;529;610;636
753;669;629;596
685;623;633;614
750;660;588;602
753;688;618;620
711;559;606;633
721;660;667;639
725;587;629;621
724;649;635;594
734;593;650;650
778;676;677;677
771;640;627;634
718;726;691;532
727;673;643;608
693;701;649;516
736;656;672;635
768;692;691;674
734;682;637;576
744;590;630;638
764;681;681;659
725;619;664;644
723;651;661;617
723;596;666;651
708;553;656;637
726;659;708;647
725;656;707;645
723;652;706;643
724;653;708;642
724;652;706;641
725;652;704;643
726;654;705;648
727;650;702;649
727;648;699;646
727;646;697;640
727;648;697;635
727;656;702;630
726;660;706;628
727;662;708;622
727;662;709;622
746;684;723;646
763;706;731;664
763;706;731;664
681;621;639;574
737;647;637;630
729;653;627;586
714;650;663;617
742;571;634;691
736;550;627;704
730;636;664;639
736;722;703;618
715;588;582;584
728;547;629;645
731;547;625;632
734;645;655;634
708;518;609;625
721;520;615;637
762;610;613;617
748;657;677;657
762;645;667;669
730;652;639;630
764;695;671;623
703;572;617;619
753;619;653;672
759;686;672;675
699;713;675;532
755;696;632;626
731;674;648;616
751;522;604;682
770;619;629;653
741;606;656;666
730;535;603;641
745;573;648;696
723;567;608;612
755;632;644;642
738;702;617;528
706;516;607;629
716;643;667;633
762;554;614;640
758;638;674;666
745;673;626;623
774;650;660;660
689;711;661;487
736;585;611;618
761;362;599;743
754;589;644;668
740;569;610;632
744;596;615;623
769;645;660;669
765;650;671;668
718;532;623;634
754;580;606;621
710;519;615;633
723;582;629;625
768;595;623;629
707;494;598;630
712;581;622;616
720;624;642;611
732;572;635;638
750;655;669;656
759;686;674;643
713;635;647;621
724;593;610;606
726;557;638;647
762;708;705;675
773;623;599;626
743;723;703;642
718;625;582;590
751;606;656;672
734;613;624;618
782;651;615;636
774;704;601;590
726;653;647;628
767;708;693;678
763;581;644;717
760;651;672;672
765;678;677;671
721;689;677;615
761;623;645;649
718;516;551;600
704;490;594;630
737;677;671;616
761;661;661;662
774;673;662;660
727;546;625;653
746;608;646;649
768;617;654;656
737;673;623;590
736;611;631;644
761;696;698;675
727;537;626;652
776;540;567;656
772;630;654;669
775;589;655;670
804;670;585;615
735;648;676;632
694;703;679;574
728;623;697;666
781;702;727;705
709;501;620;626
766;684;664;616
745;571;644;671
737;678;670;608
729;585;666;661
754;578;637;644
724;632;671;634
754;655;667;652
746;666;666;631
735;574;648;659
779;656;637;637
712;651;623;593
705;616;622;592
743;580;639;653
741;661;597;579
762;681;648;633
739;703;697;636
759;662;620;606
732;609;651;640
739;544;626;662
734;554;637;653
769;607;632;649
728;706;685;572
769;600;623;647
738;598;611;625
776;612;615;616
714;622;655;625
715;599;624;607
739;604;664;661
756;628;658;667
730;557;633;649
752;619;653;656
756;650;664;625
705;657;652;604
734;549;635;654
763;652;674;671
723;629;659;631
770;641;663;651
727;544;638;651
746;566;617;631
731;648;678;663
766;683;652;642
778;656;655;672
737;576;651;670
751;574;629;657
779;626;658;667
751;696;623;526
740;578;644;661
761;681;693;673
728;560;635;644
770;607;669;681
770;621;641;656
794;664;640;648
779;624;599;625
772;710;706;673
742;531;620;669
766;601;622;628
724;680;676;581
762;591;627;645
744;600;638;648
773;638;643;635
703;645;641;589
722;584;629;626
759;618;669;675
771;668;651;620
732;528;618;647
762;657;651;664
729;590;623;614
705;621;642;607
742;614;666;660
753;647;681;654
712;623;645;614
777;644;654;649
760;629;617;647
775;631;600;601
720;635;664;640
748;681;637;565
747;538;629;663
733;673;676;613
774;640;665;676
707;498;606;635
746;638;638;644
750;626;658;652
765;582;634;662
774;608;647;687
751;689;678;630
737;621;624;612
738;629;677;656
739;720;710;573
740;668;718;680
765;650;697;687
697;522;618;588
757;639;628;609
751;541;614;678
758;602;634;653
674;610;611;573
737;557;601;635
763;670;672;651
769;614;641;655
709;702;679;538
737;630;630;624
757;606;658;676
760;651;652;625
740;574;618;640
765;620;617;624
771;687;636;624
742;581;634;646
781;631;640;659
725;690;687;617
739;614;632;623
707;491;603;636
755;518;598;676
761;663;676;668
722;647;670;631
753;641;647;646
740;699;702;653
758;637;668;650
775;617;623;638
750;611;648;656
783;652;674;686
728;543;637;658
719;649;651;613
726;542;615;631
767;638;654;677
727;726;694;573
714;576;663;653
740;658;704;664
773;641;640;612
728;550;622;636
731;638;639;624
733;647;611;626
721;586;617;627
738;545;600;637
733;699;692;611
734;620;615;619
721;607;604;606
721;566;640;644
715;582;618;625
703;473;603;625
706;470;596;627
725;572;652;649
736;558;629;646
625;696;614;510
747;656;630;616
743;596;638;640
740;563;611;621
721;643;655;629
768;639;666;727
752;543;638;726
764;649;674;725
734;598;645;678
774;634;647;670
784;648;646;648
769;625;660;679
710;486;602;636
761;652;631;610
748;708;706;681
764;672;605;539
772;634;656;655
719;657;669;627
759;643;671;661
701;436;567;616
772;644;646;659
767;672;610;584
711;513;620;640
751;651;658;635
773;568;555;629
714;522;604;629
704;607;628;602
720;575;606;618
765;622;631;638
712;624;646;619
709;513;616;634
761;622;626;612
753;650;674;674
758;603;656;685
736;613;637;620
774;561;583;668
713;531;619;631
709;523;616;628
749;718;684;609
728;614;630;632
765;659;565;580
699;675;658;580
712;490;602;642
775;603;615;650
763;522;606;687
726;604;636;631
775;606;637;686
747;617;625;630
791;644;604;654
763;720;701;646
733;619;625;624
711;523;617;646
729;604;626;631
710;518;619;636
751;594;626;651
704;490;607;631
754;679;581;592
773;624;655;658
697;592;614;621
740;646;696;670
768;673;693;673
722;685;677;562
712;548;603;602
750;634;641;633
742;574;615;631
734;607;631;631
785;639;639;660
727;583;615;616
739;647;676;646
762;725;723;700
711;549;658;641
752;715;732;654
780;647;672;677
767;589;595;638
725;702;693;600
727;664;651;592
743;568;625;635
712;524;610;636
740;587;651;663
760;676;662;639
741;588;638;644
759;665;594;607
729;654;674;638
707;489;600;630
707;514;615;634
746;655;621;634
741;570;632;637
721;567;625;627
717;618;649;618
768;650;640;646
762;648;682;671
745;589;623;632
766;580;602;645
709;512;615;639
731;639;621;623
720;564;620;636
727;705;681;607
736;623;660;647
734;546;629;651
736;547;602;625
717;711;689;586
723;495;586;642
769;595;604;634
723;537;620;644
732;623;637;633
771;615;647;676
741;603;625;631
787;656;601;615
757;720;702;636
745;580;620;642
746;669;682;664
736;588;648;659
788;660;659;690
772;682;683;659
717;621;647;622
730;552;614;641
740;583;614;635
731;600;655;653
757;647;672;677
735;622;674;655
715;672;661;642
704;533;665;637
775;662;715;705
706;659;667;645
719;536;619;626
762;684;625;604
739;640;601;617
738;587;653;642
734;647;623;609
717;513;615;626
769;601;650;683
698;669;652;558
713;508;617;636
761;654;672;675
738;638;624;628
707;495;605;639
774;698;681;647
719;623;650;637
771;630;603;612
743;649;662;648
776;655;594;611
733;555;615;641
755;585;615;643
766;596;618;644
765;667;660;656
764;642;656;667
746;692;666;618
757;624;593;633
710;638;639;617
729;592;617;645
767;644;673;684
765;676;659;637
713;530;624;644
762;664;695;687
748;542;608;643
728;707;686;625
756;702;685;633
740;593;628;638
747;727;698;632
759;707;694;620
787;665;659;671
768;680;619;608
792;668;609;611
748;572;632;672
711;514;617;636
700;708;686;528
736;660;627;608
733;656;659;625
773;682;611;636
715;683;661;615
741;568;619;637
759;616;633;643
726;571;602;633
730;466;627;697
775;633;617;640
736;581;654;655
674;672;610;514
712;523;620;638
708;524;615;637
734;672;676;642
716;551;618;639
729;544;630;654
732;538;621;656
722;643;650;627
753;693;704;645
739;574;646;653
731;654;624;622
734;620;610;634
711;620;643;614
731;585;612;632
745;629;662;660
775;616;603;639
734;617;653;653
772;659;638;642
741;698;654;605
778;637;623;624
781;639;613;625
787;707;690;651
723;597;674;653
753;675;705;660
713;510;608;631
718;558;605;619
783;690;658;650
745;608;634;640
774;686;653;631
754;714;700;648
752;605;621;652
779;657;635;641
733;602;646;651
764;640;659;686
726;580;644;643
752;740;715;632
706;581;705;652
739;674;715;669
748;556;609;668
719;558;629;643
749;733;712;610
753;695;636;601
743;548;608;647
741;719;706;651
768;659;642;644
771;675;668;662
760;634;663;677
772;678;583;585
751;715;707;677
747;666;649;634
764;695;641;622
760;650;641;645
732;614;651;642
731;659;688;659
699;549;679;644
769;687;716;692
707;493;603;628
730;623;628;638
725;525;620;656
723;533;608;650
752;705;682;624
776;583;569;639
712;569;627;638
723;564;565;616
711;556;600;629
765;648;675;680
793;666;675;701
761;575;601;645
698;670;654;579
738;559;627;636
743;713;701;664
752;636;634;641
733;576;646;662
785;665;683;690
774;630;640;651
735;617;636;632
732;607;635;639
759;570;593;634
754;621;645;651
781;670;677;676
743;572;632;657
756;633;644;660
742;652;651;642
714;628;634;617
755;610;625;649
772;667;682;685
712;611;639;619
739;632;622;628
771;644;671;686
718;480;591;639
743;666;673;653
773;662;640;603
730;706;671;584
754;668;642;632
765;709;665;621
706;463;597;631
781;646;650;655
778;672;690;696
715;583;619;623
737;593;640;668
811;704;602;622
756;701;708;691
728;614;663;643
740;716;705;636
744;682;648;613
778;648;631;593
744;663;672;644
761;660;624;639
768;604;637;675
744;663;647;633
764;663;654;644
707;590;627;624
697;483;595;623
777;687;671;655
730;585;642;643
774;681;653;622
725;655;666;626
717;550;627;638
756;662;675;652
702;446;576;619
726;612;631;635
710;510;614;636
774;701;631;604
706;460;589;632
712;554;607;615
701;495;604;625
736;616;638;635
734;671;680;638
733;592;627;633
709;527;621;640
781;671;600;607
732;600;642;642
766;638;651;656
705;483;598;639
749;604;620;640
747;568;608;658
737;649;668;653
749;594;562;642
715;675;665;617
771;588;650;745
737;647;663;644
733;719;691;509
731;630;650;639
738;590;620;646
779;643;632;658
727;712;695;635
708;546;661;648
751;660;699;666
749;717;716;707
759;671;662;631
745;606;641;671
756;579;627;654
716;694;675;576
731;646;656;630
737;578;641;661
714;611;637;617
756;673;632;631
735;681;657;559
739;632;567;595
751;593;611;636
783;658;655;662
752;603;633;650
744;716;693;607
750;645;634;635
709;497;605;637
742;709;698;657
769;652;657;671
744;622;663;672
771;691;700;687
752;663;693;671
748;733;718;640
725;612;685;658
744;654;714;637
758;666;682;656
745;669;609;635
776;618;618;649
746;648;647;634
733;577;613;633
744;640;609;615
781;717;641;617
704;629;634;615
779;653;608;605
727;640;642;630
775;643;660;666
743;585;631;644
748;595;633;644
757;691;700;675
784;675;652;621
739;609;652;666
761;619;652;667
726;720;694;589
738;619;633;637
742;574;619;646
768;643;658;667
774;695;630;606
740;569;614;639
710;530;615;642
755;672;650;639
709;528;615;642
744;552;606;654
775;687;682;681
723;621;646;641
741;716;702;646
728;608;607;631
729;581;625;675
723;593;583;630
738;618;615;624
722;641;658;631
756;582;642;716
741;590;641;691
724;596;652;659
753;677;639;640
736;636;655;648
757;683;664;637
734;660;639;625
725;589;628;634
796;675;595;649
780;665;655;653
779;624;593;639
742;628;636;635
778;705;601;570
734;600;600;618
783;662;675;680
714;527;617;643
713;640;663;591
730;734;703;610
694;481;644;625
769;726;713;629
772;642;652;642
702;663;614;533
751;560;623;662
763;678;664;639
780;612;592;622
716;660;646;606
761;636;605;616
736;624;598;600
741;647;663;640
736;621;628;627
699;712;685;580
699;551;683;655
763;654;691;680
711;532;619;636
757;632;640;638
740;579;613;628
728;563;622;642
710;539;628;634
685;436;575;620
724;577;625;635
766;714;614;594
785;731;647;617
724;704;681;586
751;650;659;653
770;488;580;687
757;592;642;651
728;651;664;626
760;595;643;651
771;663;659;661
787;664;586;608
705;644;615;587
722;591;681;657
766;699;712;671
775;641;626;641
749;615;636;649
762;661;679;678
768;663;638;644
779;639;627;642
743;652;616;611
751;656;671;654
709;618;631;612
721;547;626;639
744;655;655;655
756;680;625;603
758;606;625;648
721;633;659;632
751;588;622;639
730;582;633;638
760;612;653;675
730;655;666;635
773;645;638;643
735;636;636;633
781;723;653;619
708;698;677;577
732;623;632;632
765;650;676;671
739;637;657;647
742;441;587;681
777;696;703;705
781;651;665;676
722;606;644;619
737;566;627;647
715;536;625;645
723;548;627;643
738;574;640;657
769;709;698;672
737;583;605;633
736;720;695;621
771;638;648;647
749;569;628;674
716;647;643;604
743;611;664;655
764;628;623;636
730;575;635;654
761;647;667;682
729;658;682;648
745;655;662;649
770;645;658;664
770;624;662;666
723;705;684;627
763;650;618;617
746;656;586;606
778;715;643;584
709;644;624;599
735;675;655;619
753;569;585;655
717;623;633;605
706;454;601;633
787;674;624;612
763;684;643;635
769;721;697;652
724;559;596;624
724;580;654;640
737;743;712;495
712;600;692;642
753;703;720;657
750;640;636;613
754;614;621;625
747;674;675;638
765;660;695;677
769;681;604;586
731;579;630;635
743;720;685;610
707;476;594;631
776;664;631;647
787;665;618;611
763;683;679;649
740;677;631;604
793;681;645;647
729;601;630;634
783;674;654;654
740;698;696;675
745;632;662;660
716;557;602;633
731;720;684;593
715;581;623;630
732;575;632;649
787;667;604;597
716;617;643;636
768;592;641;679
775;726;688;645
768;655;630;653
787;660;620;623
755;666;644;625
767;617;647;642
771;651;674;685
747;603;653;673
733;629;660;641
759;688;641;617
729;655;674;624
717;539;630;643
764;695;597;617
736;660;646;627
725;581;563;602
712;579;618;628
711;611;694;654
776;711;728;702
710;519;610;637
755;657;667;643
745;593;636;656
744;577;619;633
759;660;639;635
766;680;652;639
725;601;637;623
728;713;699;574
736;622;627;627
742;637;676;664
744;689;689;639
734;580;648;656
754;658;652;652
710;537;624;641
685;632;615;558
772;645;653;655
735;593;625;631
713;526;620;639
721;530;619;645
708;485;598;632
735;578;643;658
754;663;668;654
759;653;676;672
733;635;630;634
703;471;608;639
760;642;641;645
780;661;628;629
735;653;653;634
744;623;629;611
769;663;664;656
770;597;651;686
738;564;624;660
743;585;605;626
714;732;702;455
730;591;659;651
761;637;665;664
770;609;659;692
733;629;632;625
795;679;614;610
743;646;640;637
738;634;638;642
708;513;613;641
693;653;619;521
760;691;716;673
748;710;705;655
748;553;617;659
773;651;655;657
705;661;625;600
772;696;626;614
792;734;664;630
729;666;656;628
735;624;633;639
764;659;667;649
745;559;605;644
702;611;634;633
731;625;626;629
748;619;668;677
772;689;633;637
774;605;649;693
708;584;634;606
712;538;622;634
780;701;670;632
766;599;611;634
766;685;657;620
709;534;618;641
780;715;660;626
706;552;606;627
743;676;668;648
712;653;616;617
739;648;592;622
760;555;597;660
729;651;611;602
753;705;669;635
774;689;677;658
647;692;609;526
714;517;612;633
756;660;652;634
737;663;667;630
736;606;635;648
778;626;624;643
765;665;688;681
772;670;689;696
719;551;621;637
710;513;604;638
716;576;663;652
759;667;717;663
750;585;660;707
763;685;619;576
729;606;615;626
750;656;664;647
730;667;645;618
715;571;670;651
754;676;722;680
711;516;612;633
704;491;576;609
733;559;627;662
805;693;703;725
708;507;607;635
744;653;647;643
691;635;613;581
723;608;636;629
734;538;607;654
758;672;653;656
703;592;625;617
738;582;653;673
718;495;589;641
735;530;605;666
724;623;635;633
784;653;663;691
773;659;590;652
744;587;635;656
726;671;644;644
770;582;630;683
777;660;678;681
718;627;654;592
708;675;659;650
719;622;697;670
762;670;704;684
710;529;618;643
725;598;612;643
790;660;599;616
752;637;655;662
753;731;719;634
769;635;636;658
736;622;656;685
732;543;635;690
739;576;625;650
694;618;639;611
772;696;687;684
776;605;582;680
748;634;634;669
790;673;643;659
688;634;601;563
764;690;597;597
777;696;640;644
778;611;631;664
724;655;674;633
743;556;576;629
737;647;632;636
769;711;635;617
714;683;666;575
743;649;621;635
712;535;622;639
764;665;662;671
770;638;671;691
732;651;662;632
784;708;602;589
725;531;578;620
773;636;654;652
765;594;613;639
722;509;597;648
756;705;680;655
750;654;660;649
722;627;640;627
730;580;628;641
748;577;617;647
730;572;643;656
752;658;652;649
733;619;624;637
720;534;605;643
755;674;612;618
772;607;628;659
712;535;625;650
732;603;625;649
705;694;635;528
717;567;628;646
716;546;629;647
781;650;635;647
707;672;639;588
705;471;593;631
714;545;600;631
780;676;677;684
768;707;676;661
734;643;626;615
670;682;621;512
759;687;640;607
734;661;623;608
736;620;670;663
765;658;648;640
728;717;691;583
768;587;606;638
769;606;628;683
698;722;680;537
781;696;626;650
740;573;629;654
739;630;674;672
758;631;673;687
726;662;668;639
722;550;609;646
741;605;650;666
767;621;630;651
782;677;655;642
738;661;692;660
723;664;617;597
732;654;684;652
787;728;734;699
764;706;701;675
739;676;685;649
749;628;610;638
734;576;628;645
706;508;607;636
704;678;655;616
776;658;684;696
735;526;600;633
762;663;649;647
781;653;636;644
782;643;621;646
730;634;652;636
756;641;665;670
736;606;616;638
767;687;648;635
713;514;610;646
751;555;647;738
696;713;674;536
763;581;656;741
745;607;661;703
746;644;669;665
760;678;680;667
731;590;651;656
714;654;651;613
707;542;662;651
746;628;679;673
690;650;656;594
776;651;630;647
768;694;631;618
784;723;653;611
737;694;687;635
733;622;622;641
710;510;584;634
765;684;648;647
754;547;618;684
724;644;648;613
710;538;615;642
735;566;623;655
741;433;604;725
775;615;625;654
798;655;589;695
744;635;633;641
775;642;643;648
790;654;623;645
766;681;645;646
785;600;584;660
737;582;632;647
739;633;640;640
678;678;620;507
752;629;604;633
768;601;637;684
779;606;636;674
738;720;699;607
768;624;652;654
778;691;598;601
731;616;611;628
736;580;642;691
774;618;601;632
739;714;699;636
767;658;694;690
752;658;648;652
710;576;610;629
766;688;673;678
755;722;710;665
734;533;612;653
752;635;637;640
712;595;624;621
741;706;625;571
742;635;679;668
723;604;649;637
731;622;663;651
774;634;648;684
759;671;674;663
762;578;666;733
749;592;633;653
781;650;646;665
773;714;697;661
724;607;641;646
717;547;617;649
723;529;611;684
771;626;676;735
745;588;641;688
768;601;644;655
717;567;623;641
751;615;644;659
749;693;686;650
716;534;617;645
705;579;628;645
801;691;629;640
762;600;638;681
763;606;657;732
727;554;635;684
751;625;654;676
746;587;641;661
753;593;624;653
765;657;678;682
730;659;665;638
758;616;668;669
774;685;681;667
746;602;631;649
703;706;681;608
751;704;737;678
766;699;701;647
756;582;628;634
788;646;636;650
709;517;581;617
768;713;663;627
756;690;693;676
674;694;657;627
766;659;671;661
745;568;644;654
767;673;688;678
796;682;679;697
760;526;628;701
723;685;696;618
678;687;680;552
745;668;726;671
786;714;721;659
715;515;614;611
760;597;635;620
785;651;649;621
716;709;674;522
742;579;653;637
780;708;631;603
776;648;666;660
771;683;646;613
747;598;656;660
737;568;641;653
770;615;644;661
743;728;704;567
759;672;624;602
776;633;639;628
785;668;641;619
713;592;639;612
760;436;619;738
771;652;672;728
751;632;651;686
765;646;670;716
739;590;642;679
736;584;633;673
741;604;643;670
746;585;632;698
730;591;643;647
732;582;644;650
767;615;635;647
730;628;645;601
770;693;642;606
770;625;625;668
726;712;681;533
732;618;642;630
766;606;653;684
771;650;625;630
725;730;688;496
763;689;623;591
751;674;650;611
751;593;617;623
713;534;621;628
773;671;643;668
767;599;620;634
713;518;609;632
763;625;649;649
696;682;643;559
791;633;569;626
725;630;645;623
731;613;597;610
777;664;661;667
721;545;628;645
759;657;618;619
670;668;615;462
728;600;627;628
784;729;652;609
724;703;688;616
787;653;611;640
789;674;681;681
754;636;661;659
757;643;662;635
756;653;681;668
724;550;622;623
716;626;639;614
741;646;629;624
774;699;634;614
709;604;638;613
779;643;649;650
742;591;618;634
761;623;624;619
752;568;597;631
711;608;635;614
719;564;598;622
740;620;663;654
709;492;600;626
790;694;694;687
714;529;618;634
746;632;627;616
751;734;720;635
730;542;615;636
725;536;602;623
711;680;656;597
779;644;616;559
760;604;627;627
750;664;646;617
714;537;625;629
742;655;628;618
742;679;658;621
710;462;589;623
713;665;652;607
783;669;678;655
777;662;692;692
732;661;676;627
736;586;643;640
726;578;633;639
799;684;623;607
750;436;577;684
723;641;660;618
770;657;635;621
737;526;618;657
762;608;621;630
736;574;616;631
743;572;628;644
766;709;687;636
764;671;674;645
698;519;563;591
750;684;633;611
785;665;671;652
740;695;691;638
728;622;622;616
725;697;646;576
773;636;566;629
771;709;643;601
790;736;673;644
750;571;615;628
709;524;617;634
759;544;631;690
772;694;657;634
769;714;693;661
784;659;587;594
728;620;678;647
720;552;621;633
733;645;681;646
769;727;733;651
783;734;737;667
733;661;670;622
764;628;667;728
738;598;650;681
721;604;669;650
760;680;713;676
669;672;612;541
716;549;627;637
755;635;650;647
739;588;632;645
735;626;628;617
712;670;655;613
720;437;598;652
769;582;612;672
728;671;669;620
739;654;613;609
796;674;623;632
757;604;625;646
765;675;665;648
785;638;642;658
731;536;592;629
763;644;658;662
727;614;645;633
764;696;682;643
721;652;644;610
769;689;663;633
784;694;698;696
747;648;653;639
753;653;645;632
724;713;682;575
769;702;630;619
778;716;644;613
728;716;685;586
736;596;596;636
761;579;634;679
738;569;635;665
760;680;682;667
712;649;653;615
739;678;648;625
774;711;640;617
737;689;667;623
722;528;621;646
784;675;699;709
760;655;641;653
742;643;636;631
770;586;646;682
711;517;576;617
737;604;655;655
762;618;589;609
728;669;664;605
732;664;678;613
773;726;594;585
783;733;624;603
755;733;715;660
740;590;653;656
763;620;657;671
724;578;656;658
741;637;614;617
649;722;651;480
715;563;623;633
718;523;594;633
732;663;667;620
752;625;617;658
775;684;694;689
760;711;704;680
701;609;621;607
709;503;598;626
765;618;632;666
713;626;643;622
713;534;622;637
729;551;616;643
735;641;642;635
742;585;646;700
714;541;630;646
745;665;682;650
717;521;616;640
730;580;647;650
768;685;663;629
746;716;699;650
720;558;574;629
750;453;604;735
742;556;604;636
744;642;678;670
733;559;631;654
788;684;691;691
730;581;633;631
759;672;673;644
718;638;654;622
772;647;687;702
758;672;660;663
744;620;635;657
749;605;638;641
787;667;660;648
783;721;626;574
711;583;632;621
739;686;638;609
758;648;661;651
720;709;672;621
742;633;670;653
741;566;627;650
736;729;700;621
759;638;629;629
787;668;657;660
738;632;601;625
785;716;669;653
744;580;636;653
783;694;679;673
709;505;614;637
751;600;647;664
779;656;680;687
724;645;602;571
768;702;710;677
737;658;645;619
736;636;693;656
739;658;702;658
766;700;714;665
735;574;643;680
727;601;674;654
739;689;732;655
754;598;613;612
783;607;617;680
746;615;668;665
765;561;557;624
729;659;666;620
772;638;666;656
749;582;598;646
781;653;636;645
785;641;631;662
736;702;681;609
758;646;645;639
749;595;649;672
779;699;686;678
733;581;661;670
775;627;657;663
712;654;666;594
756;550;639;734
741;586;637;686
743;576;639;698
768;625;673;734
767;637;664;733
774;642;682;743
761;690;641;602
769;599;647;691
773;656;684;691
747;561;637;710
735;627;665;651
759;603;625;644
715;544;627;648
777;673;687;686
770;709;696;651
783;654;636;631
708;498;603;640
730;646;661;632
717;569;637;614
741;607;622;639
714;633;650;594
728;587;635;638
746;602;656;667
783;657;675;684
733;662;674;631
736;645;637;636
759;624;607;624
749;617;637;645
747;650;667;643
706;625;635;596
769;627;642;652
756;636;668;662
734;724;698;552
728;543;623;645
713;508;613;631
758;594;636;646
752;711;710;627
750;672;681;639
739;550;625;645
760;688;687;650
765;598;557;641
728;705;695;619
750;600;643;642
745;615;650;645
744;593;629;640
764;466;560;688
793;650;665;659
787;634;603;649
723;668;675;603
782;617;672;707
763;665;684;644
730;627;669;641
781;556;607;694
767;595;622;631
737;632;693;659
734;636;675;624
731;590;672;668
763;668;723;687
750;591;617;628
736;615;625;637
763;589;617;635
750;716;721;677
740;559;629;666
762;638;663;647
706;593;633;613
740;553;616;641
767;597;678;705
768;619;667;732
741;580;640;692
763;609;664;732
732;616;642;642
739;531;620;665
789;639;649;690
728;508;613;649
731;566;597;609
748;715;712;607
717;527;629;639
739;614;632;634
721;504;620;677
776;689;657;616
786;713;642;616
742;576;658;671
767;662;697;689
738;487;553;625
697;611;611;576
730;638;643;609
751;643;661;652
711;580;635;641
773;687;639;582
720;525;612;638
713;489;609;637
743;575;625;639
717;524;628;643
704;691;670;560
765;691;693;684
774;621;655;669
743;708;702;611
745;567;628;639
742;618;653;640
748;583;624;639
753;660;680;654
739;637;634;626
720;613;626;617
731;605;649;636
757;536;628;675
720;511;612;642
723;596;638;632
775;647;659;658
712;649;635;610
711;457;593;629
746;588;613;640
724;687;687;619
738;617;617;615
766;601;620;658
743;651;682;646
746;565;632;655
762;626;667;684
766;678;655;639
772;613;623;640
776;616;633;667
793;680;689;697
737;610;649;642
715;536;617;638
738;649;658;627
718;444;568;624
752;612;613;625
723;591;609;628
760;635;645;645
