716;685;600;617
764;646;588;625
704;632;612;632
729;602;589;635
683;532;547;627
682;551;571;627
678;583;580;622
673;670;622;590
712;696;586;606
739;734;604;631
675;508;577;630
731;660;570;606
707;619;560;602
713;645;594;621
629;685;580;537
724;667;577;623
717;667;641;653
685;562;592;626
686;552;588;629
711;593;596;618
711;640;604;563
752;657;617;636
701;518;593;608
732;621;604;610
742;599;603;637
745;574;585;654
742;684;648;634
714;623;606;587
693;539;598;608
704;537;595;610
774;692;632;625
762;662;598;623
724;663;636;607
709;591;611;611
702;586;607;613
703;723;625;544
738;619;620;646
767;622;572;608
763;613;596;659
730;709;606;423
735;721;645;601
750;682;674;674
760;523;606;697
769;699;603;635
740;642;629;637
673;672;612;543
758;585;612;664
710;646;575;527
737;695;616;580
708;591;609;618
754;682;576;581
741;582;581;595
738;561;587;633
737;691;618;575
764;730;633;588
712;557;605;616
739;575;618;680
708;539;600;626
732;657;608;618
783;711;661;670
774;642;651;689
755;573;630;635
710;560;631;623
717;586;638;626
740;737;704;631
740;737;704;631
720;595;641;622
753;721;721;687
752;737;737;667
784;714;716;691
790;717;729;726
707;533;598;619
762;648;609;628
793;693;607;628
723;616;591;617
695;526;584;611
702;544;600;624
734;624;622;653
738;721;642;573
707;547;602;621
696;735;634;450
700;535;594;621
710;587;608;627
745;707;661;653
771;706;646;635
788;661;591;630
710;552;594;629
757;680;662;676
776;625;636;685
709;642;616;572
766;692;609;607
747;711;668;645
743;647;625;651
709;663;575;572
727;646;636;649
751;601;631;704
773;566;601;749
748;597;623;699
783;728;618;607
732;638;614;627
723;694;656;648
748;676;660;661
789;652;604;653
706;711;643;526
711;592;615;626
755;648;623;630
727;567;606;642
784;698;669;686
712;572;608;624
756;671;627;643
745;606;637;649
748;638;596;607
693;660;629;595
709;553;599;620
761;751;650;541
724;617;618;630
733;661;627;635
792;696;609;647
738;747;663;529
722;535;605;649
776;644;601;632
746;525;547;661
757;603;620;639
736;386;576;701
750;682;658;661
787;666;570;625
715;626;630;616
709;561;611;631
708;552;607;625
700;511;588;620
737;722;592;588
773;763;683;650
726;708;622;575
796;703;616;616
748;671;618;617
784;739;617;565
698;712;607;475
733;612;605;614
805;726;648;638
781;714;603;617
731;631;614;617
734;624;643;647
762;651;633;659
733;751;660;477
704;556;611;623
775;673;608;630
794;687;618;624
790;690;620;612
769;674;600;643
768;705;626;606
736;623;626;634
803;735;604;560
711;563;612;628
744;692;625;629
770;691;572;605
726;635;607;630
775;750;647;601
745;624;602;625
767;704;641;613
782;655;611;632
730;734;694;677
737;667;647;627
709;562;616;629
707;539;607;627
733;670;629;608
708;552;611;624
716;598;617;621
759;688;667;675
741;655;620;632
708;714;649;573
740;623;659;657
745;575;631;698
735;586;627;678
767;590;630;746
741;581;626;696
746;579;627;705
738;555;615;695
758;466;583;743
761;560;624;739
756;762;705;605
735;753;697;591
739;709;660;617
753;644;678;644
759;542;648;710
764;583;607;665
793;674;620;640
748;624;660;671
772;617;637;651
779;698;654;643
719;701;649;554
746;452;607;726
680;704;646;473
724;609;645;646
781;636;626;689
709;592;601;604
741;578;648;674
753;526;618;737
737;582;639;668
755;641;580;593
741;682;679;676
730;608;653;638
759;677;628;575
715;531;612;628
762;621;628;640
764;674;626;596
717;612;631;616
697;567;606;621
752;669;592;612
743;610;634;651
782;658;659;677
796;676;626;631
730;718;669;517
756;687;688;663
717;547;615;627
728;690;637;533
789;714;621;534
779;624;620;652
771;633;607;614
710;529;612;632
712;527;610;632
717;546;624;633
714;566;621;631
769;658;602;616
706;599;619;611
754;668;656;651
755;686;673;661
756;647;623;610
756;489;599;718
765;546;624;724
755;558;629;697
744;554;627;676
767;588;645;719
752;513;624;706
764;527;635;731
736;604;654;657
744;546;602;629
776;679;648;667
742;669;658;630
733;576;620;641
755;691;658;639
764;669;644;653
715;701;629;516
757;552;601;630
737;558;616;639
714;501;605;639
784;628;632;681
721;514;610;638
743;591;628;645
750;522;631;652
767;567;629;671
735;699;623;532
722;455;607;640
747;647;661;656
767;644;619;649
718;480;609;645
786;566;621;647
741;499;618;657
757;589;614;640
710;590;610;600
748;541;617;720
710;473;591;644
732;534;617;674
738;639;665;657
741;545;591;657
766;675;658;643
705;483;585;617
741;596;600;644
745;501;575;642
741;571;646;660
744;598;632;661
732;613;636;647
787;690;624;626
733;649;635;627
723;509;605;644
759;655;677;674
756;582;579;615
790;584;628;659
758;587;645;661
758;653;609;651
669;724;651;487
760;686;624;581
715;528;615;644
749;592;636;680
791;667;663;693
762;621;600;641
757;663;646;632
770;658;638;645
764;676;659;668
728;469;606;660
748;555;637;658
708;519;614;613
713;526;612;636
746;700;620;607
761;714;616;617
732;674;650;606
783;588;591;602
735;500;587;635
780;701;626;631
721;692;672;576
746;651;596;545
745;591;594;639
776;702;654;621
714;529;615;646
746;563;631;649
692;608;602;590
714;513;611;637
723;466;608;689
743;605;616;649
773;661;653;667
758;685;628;568
790;685;619;614
780;632;591;645
719;399;605;665
714;472;611;652
714;296;572;660
733;635;632;607
716;465;608;652
732;538;617;647
742;584;621;606
739;487;617;652
786;633;674;695
768;599;625;671
755;461;603;674
761;554;643;687
745;606;632;634
741;569;625;667
719;464;608;651
771;627;599;625
768;639;630;646
761;629;648;656
804;693;655;658
760;539;648;746
742;543;622;695
750;601;638;682
815;716;639;674
747;533;632;716
736;517;613;694
774;640;616;635
809;690;633;637
736;661;669;661
788;667;668;669
727;620;588;631
714;549;613;639
755;648;644;650
715;561;622;644
734;653;652;606
735;666;657;664
792;701;624;600
773;696;635;621
744;579;627;669
789;665;656;650
799;686;647;663
708;570;623;635
733;654;649;636
783;656;628;655
725;682;656;648
747;603;616;640
806;701;628;576
771;706;616;538
713;554;625;640
704;560;611;623
712;545;621;627
742;636;638;635
716;554;614;640
799;705;677;692
752;658;625;623
740;631;634;639
783;608;629;660
760;673;636;631
746;700;674;647
732;621;627;622
739;656;628;614
754;650;612;599
744;677;668;670
757;576;633;715
763;592;646;724
748;576;639;700
728;579;636;672
777;650;625;631
802;696;649;635
715;551;628;644
809;696;653;636
705;600;565;576
752;622;620;641
748;720;656;610
739;596;640;667
787;685;681;706
779;702;654;658
794;684;632;641
711;557;625;645
746;677;678;674
745;688;707;691
792;733;663;606
737;664;631;640
768;745;636;620
706;570;624;640
716;556;613;627
713;594;621;638
718;563;627;649
748;571;614;661
740;609;648;650
745;710;604;418
776;683;629;639
743;721;688;676
795;675;630;666
777;681;680;687
757;665;634;609
804;667;589;664
743;699;668;636
743;627;602;612
778;686;680;683
793;649;584;641
696;607;606;621
760;679;645;653
767;456;599;688
821;731;601;671
800;681;674;702
718;525;621;639
718;568;627;634
727;573;621;641
759;627;648;671
769;740;684;617
743;744;686;564
786;678;627;636
739;631;635;644
781;712;643;636
727;718;665;556
767;643;627;648
804;699;650;661
717;545;628;648
777;620;664;703
762;669;678;691
748;682;648;676
802;728;658;608
781;674;639;636
720;562;626;646
782;672;635;685
717;569;634;651
733;659;641;633
778;728;660;619
706;701;653;596
763;734;631;584
777;749;652;650
709;509;601;640
706;624;631;638
730;679;635;609
760;618;655;703
761;673;669;681
778;708;627;623
772;648;635;677
715;558;626;647
771;695;635;634
802;721;643;647
743;678;635;637
813;700;647;672
783;689;616;655
766;687;618;564
773;699;648;637
656;723;624;543
733;675;626;631
766;742;640;613
705;704;654;561
717;557;629;641
780;698;583;623
808;675;633;661
793;722;680;680
751;619;618;647
799;696;650;660
724;736;657;514
720;564;632;644
749;670;616;604
743;679;664;672
711;537;601;643
725;683;647;615
768;656;674;654
807;702;671;712
773;744;702;648
703;706;646;564
747;692;617;607
790;752;655;623
775;719;641;632
757;636;654;676
725;608;636;632
802;744;601;637
716;660;623;611
713;587;594;613
799;703;609;603
726;710;656;590
748;649;621;618
720;564;625;647
774;671;632;642
791;688;634;644
742;678;635;614
789;672;668;683
783;710;690;693
800;733;694;686
729;717;648;583
724;601;630;641
720;572;620;648
739;640;612;610
735;674;637;609
718;550;622;645
793;662;648;663
797;693;642;640
808;683;643;681
781;670;664;692
729;663;631;609
734;601;626;646
738;752;670;544
739;692;646;629
741;637;657;664
703;698;652;555
742;673;633;627
782;752;673;621
804;682;633;658
755;718;647;600
758;687;659;659
716;675;651;585
770;695;594;616
690;716;612;545
756;715;640;626
759;691;664;664
776;666;643;671
775;733;665;593
753;502;655;687
769;585;679;708
766;561;658;716
764;574;660;718
768;591;662;708
765;610;657;687
768;612;644;701
757;584;685;726
753;633;698;715
753;634;698;715
754;637;699;715
755;640;701;716
756;639;700;716
757;637;699;721
759;638;698;726
757;637;697;722
729;631;698;665
808;672;624;667
756;646;682;665
720;719;674;595
766;697;628;594
793;630;623;685
750;563;608;646
722;564;633;651
790;722;652;603
726;703;668;649
750;673;659;654
733;618;633;648
743;722;650;606
753;649;662;664
773;632;647;656
811;698;634;660
718;557;622;650
799;691;682;722
758;731;681;571
755;683;701;684
717;558;626;640
742;735;685;541
719;573;631;644
719;557;627;645
815;696;649;627
731;579;635;654
786;665;660;691
777;700;639;620
781;705;690;688
706;580;613;623
723;579;635;642
802;677;635;670
743;628;653;662
781;675;657;665
798;679;642;660
759;657;631;625
706;620;635;611
752;572;629;683
791;664;667;702
769;685;674;671
758;726;686;621
767;580;631;662
759;747;699;596
775;705;706;704
770;676;636;599
724;575;634;648
751;692;650;597
733;621;635;644
722;559;629;643
795;689;645;649
757;715;685;669
