666;698;661;722
712;760;758;734
719;717;657;725
697;698;608;712
723;712;663;748
757;708;639;762
764;742;647;729
642;652;590;715
668;841;662;410
706;719;647;690
704;731;674;703
688;730;676;698
619;694;643;687
648;737;643;667
508;718;625;677
730;728;664;715
658;710;629;685
701;744;610;691
701;744;610;691
593;638;592;689
679;745;633;697
715;666;669;718
684;709;673;705
687;668;601;684
751;786;677;692
575;754;682;613
592;619;577;689
713;707;674;721
591;748;697;694
649;750;681;697
700;721;696;727
652;704;661;702
688;758;728;740
692;686;614;741
697;708;650;713
665;730;651;682
683;721;606;686
632;707;655;702
718;746;692;723
720;743;636;711
691;705;635;714
634;652;608;705
682;676;597;703
599;678;556;688
694;716;625;703
706;654;633;771
710;701;606;707
641;672;609;705
608;657;591;701
726;724;674;711
718;707;615;704
617;656;605;705
684;698;639;712
746;734;660;710
730;734;655;688
688;717;646;697
746;769;672;704
654;670;631;707
654;719;692;703
681;753;700;694
643;692;712;712
730;757;747;711
721;711;654;707
645;719;658;703
707;718;654;717
725;744;596;703
672;706;588;698
577;729;644;662
668;696;603;695
672;770;643;675
668;709;653;697
702;698;613;698
711;707;644;695
707;705;639;706
691;669;607;721
695;745;657;705
700;724;633;698
635;750;680;675
687;742;639;684
669;710;649;709
641;695;619;701
729;727;683;730
720;696;693;736
627;650;603;708
689;715;640;706
634;755;659;573
706;704;625;721
724;715;637;715
720;707;645;732
651;662;610;703
744;746;680;713
672;718;674;712
699;718;632;711
602;735;679;702
725;755;653;703
698;701;652;719
701;689;607;715
665;702;636;708
693;680;576;698
708;757;654;675
725;699;676;729
551;774;705;571
692;712;622;700
677;706;617;699
653;679;608;700
668;673;620;709
647;681;628;702
722;701;620;718
732;733;594;687
711;705;637;710
739;713;634;721
722;692;615;717
684;697;657;711
572;728;608;663
718;728;627;713
718;736;637;703
632;647;599;698
634;653;598;701
733;754;601;689
589;737;634;656
713;728;583;693
657;692;638;704
697;768;715;713
689;685;636;710
738;751;626;709
762;757;622;698
771;729;547;713
599;696;630;707
704;701;666;722
664;679;622;703
638;630;582;704
704;688;620;747
623;641;545;685
689;775;732;720
635;706;641;688
665;687;581;694
749;771;639;691
614;707;613;684
749;725;650;708
749;742;672;712
719;731;668;711
756;732;619;696
736;721;636;703
714;703;623;717
719;717;638;720
691;708;610;702
706;678;605;705
761;705;623;718
638;642;597;707
675;694;638;694
714;702;630;694
656;717;618;684
718;720;683;719
695;713;657;709
717;717;660;712
690;751;716;733
729;740;649;709
674;676;635;711
723;707;624;717
736;715;663;730
715;709;652;714
615;719;625;695
753;706;602;711
641;654;603;707
732;720;653;743
669;678;623;703
754;729;650;715
677;742;690;701
664;729;653;678
724;708;632;694
788;775;641;702
652;735;691;714
651;697;634;709
700;720;639;717
679;721;671;712
666;711;631;712
654;672;626;713
761;765;683;713
671;709;672;719
753;718;581;707
647;663;623;710
756;733;666;718
657;740;671;704
750;751;688;720
715;707;655;721
625;707;634;707
780;725;561;715
682;683;610;704
721;700;611;706
662;645;577;743
686;690;627;719
688;691;631;731
684;697;631;728
728;710;646;762
733;706;633;769
696;699;626;701
664;677;595;706
688;673;590;712
687;700;623;704
678;756;686;710
756;694;633;732
743;725;659;719
754;728;638;711
657;749;714;728
720;723;637;702
680;670;603;710
744;756;636;705
682;665;624;712
671;731;632;706
679;676;635;715
694;716;639;708
757;724;670;730
738;714;657;724
736;706;657;726
746;754;695;725
728;790;740;733
688;692;600;693
750;735;659;717
718;680;607;702
685;743;677;699
738;694;647;721
684;697;621;709
698;693;637;707
618;650;596;706
685;718;621;704
762;739;646;713
647;711;645;709
714;682;624;718
609;748;656;668
751;723;685;736
741;710;623;705
671;702;629;705
776;777;643;706
711;739;682;713
726;799;736;717
677;704;651;703
688;731;724;732
691;734;727;734
748;751;741;748
748;751;741;748
704;702;630;713
753;716;566;703
714;763;739;746
718;712;642;721
707;698;637;713
734;720;667;726
673;716;660;708
724;736;703;728
762;736;655;715
652;729;617;671
665;747;664;710
690;745;679;703
766;781;704;715
707;732;669;714
740;769;668;701
668;715;665;708
708;717;634;713
687;739;631;683
746;773;686;701
698;771;709;713
762;790;648;696
684;688;623;711
695;701;628;703
695;701;628;703
638;639;601;712
709;726;657;711
704;751;693;714
634;711;642;714
635;648;596;707
726;702;650;740
710;693;626;708
772;739;608;695
716;728;637;709
775;774;663;709
642;638;573;726
660;679;604;704
717;764;667;698
676;700;612;702
704;712;648;709
774;751;669;729
737;747;655;712
714;714;624;700
627;626;586;708
771;754;667;716
785;765;638;707
665;691;632;724
695;718;625;716
656;723;664;712
717;706;611;708
651;684;610;704
750;763;654;693
739;653;703;749
551;723;635;671
698;714;643;697
755;725;610;707
631;655;617;708
637;636;572;710
697;677;582;701
669;703;638;703
598;722;653;701
733;703;624;713
757;738;660;726
713;665;596;717
635;736;645;701
659;701;624;710
675;700;630;714
722;747;624;701
670;688;652;717
724;704;680;738
693;664;622;737
702;630;596;741
729;714;670;726
632;723;668;711
711;671;610;726
714;736;527;642
717;686;641;719
740;708;650;728
745;716;670;736
733;752;694;727
678;735;679;702
706;693;628;710
735;711;641;719
699;680;625;719
710;713;650;715
676;775;721;712
719;741;638;698
683;725;704;727
751;700;680;744
765;722;666;734
744;731;637;707
717;702;645;721
718;741;701;727
742;746;708;739
514;689;583;703
693;685;632;709
781;780;641;710
642;657;602;712
710;700;617;708
698;710;624;706
699;665;607;707
692;756;718;734
739;704;583;706
726;705;651;734
709;743;681;736
701;712;641;705
707;707;634;717
744;730;626;709
561;718;615;680
698;723;671;727
748;739;670;724
708;703;645;719
657;689;647;721
699;634;524;725
728;760;684;731
710;719;646;721
675;764;709;730
686;688;640;718
753;743;697;747
703;674;625;754
720;690;658;760
715;734;683;717
733;705;668;736
732;745;636;701
738;708;653;716
644;662;613;714
729;687;595;715
729;694;624;726
703;736;695;734
714;781;629;668
719;706;665;735
702;723;666;729
695;685;643;724
678;689;653;720
692;701;624;715
699;693;636;723
739;764;694;726
719;764;718;738
773;783;646;705
702;735;675;724
724;727;683;732
760;718;655;735
758;709;598;721
609;736;665;709
688;722;633;712
676;720;679;722
704;709;656;723
717;721;665;720
728;695;605;715
726;745;684;721
723;697;629;723
691;700;610;703
681;739;655;714
721;735;668;727
753;748;694;741
706;712;617;715
732;715;654;764
735;657;638;747
745;712;637;715
757;745;679;723
727;722;672;724
757;755;639;702
722;741;692;720
706;772;704;718
704;718;677;728
723;755;722;722
724;755;721;722
747;766;724;723
747;766;724;723
751;763;723;726
743;748;722;727
732;741;721;726
702;732;718;726
704;733;722;727
704;734;723;727
744;755;726;724
771;774;734;722
739;652;605;776
650;642;583;709
730;749;742;744
691;715;669;718
764;735;577;704
727;717;669;720
750;720;656;734
722;727;655;720
754;799;724;711
747;707;615;698
666;738;665;720
678;672;594;719
694;694;641;723
703;677;608;715
658;748;671;717
745;752;651;714
697;773;719;730
700;680;607;726
736;739;679;731
743;726;654;724
670;677;610;713
729;696;639;721
749;709;636;713
682;694;658;719
745;712;642;719
615;644;587;707
742;748;645;705
741;712;638;719
708;702;649;719
749;727;659;717
677;700;580;702
692;714;599;709
791;784;637;710
724;741;678;723
707;740;691;721
709;783;714;715
762;723;644;728
741;766;670;718
657;667;620;722
704;701;643;721
695;754;663;691
710;690;642;731
697;723;538;683
704;722;667;719
659;685;645;719
720;722;674;722
677;729;655;714
697;742;699;716
759;776;693;693
642;680;643;715
718;770;668;711
732;728;660;735
618;614;573;709
774;782;655;712
703;757;743;754
739;711;653;727
746;738;676;736
769;767;698;731
680;729;682;727
648;685;629;718
725;763;675;727
716;684;622;731
728;711;655;732
669;662;586;720
684;707;580;710
762;729;640;749
754;780;723;726
732;657;488;720
699;710;599;703
645;661;601;718
744;732;662;710
739;745;685;716
719;707;626;709
772;747;676;725
680;772;713;725
696;691;643;723
719;716;675;723
667;688;606;712
758;731;647;709
786;758;661;708
768;784;580;682
710;647;554;725
737;757;727;743
694;716;646;719
683;759;674;700
708;744;658;723
708;728;600;701
684;753;714;728
741;732;639;707
711;638;617;770
696;687;644;731
760;726;639;712
658;750;670;716
681;686;619;714
778;740;663;728
765;730;652;721
754;730;651;713
732;801;749;734
699;710;635;699
731;766;699;715
714;719;644;714
725;711;642;713
691;711;666;721
760;750;689;733
662;827;686;478
768;759;687;741
710;735;652;693
736;741;642;698
750;773;666;706
598;657;616;709
698;689;626;714
706;733;655;709
709;802;728;719
710;730;643;721
716;759;674;717
661;686;599;715
607;740;642;713
741;740;662;755
726;735;666;743
718;718;652;733
737;703;656;765
729;719;665;765
688;680;586;713
679;724;662;713
725;720;666;764
688;714;650;716
707;800;750;720
671;695;655;720
705;740;718;732
700;732;713;730
699;727;707;728
708;739;710;729
708;736;709;729
708;736;709;729
707;734;702;727
708;738;704;727
715;742;709;730
752;768;749;747
752;768;749;747
649;674;638;709
750;700;656;730
587;802;736;656
684;691;633;716
602;800;676;683
689;729;647;708
629;682;626;710
703;754;703;724
665;672;607;715
640;645;608;709
697;748;685;710
684;798;736;705
774;740;641;730
705;705;646;713
776;766;604;700
605;667;613;713
678;690;648;725
736;701;651;725
736;715;617;704
724;753;623;704
686;686;646;720
695;753;670;692
695;719;628;709
661;705;627;707
755;791;666;733
756;724;653;740
738;714;650;737
694;692;619;718
739;763;572;710
702;693;625;723
716;735;681;725
664;667;619;714
692;709;603;699
706;693;607;713
684;705;622;716
674;703;636;718
734;730;689;738
747;726;672;734
753;723;647;731
545;705;604;711
769;736;661;732
764;747;672;736
751;723;625;713
605;761;704;706
787;779;679;715
723;787;713;717
768;786;677;711
703;746;698;717
648;678;600;711
609;753;687;713
769;714;617;735
726;735;672;725
744;720;641;720
644;682;625;721
772;785;671;702
701;724;662;721
719;746;608;705
752;733;670;747
658;699;604;705
693;683;602;725
688;698;617;715
774;736;672;734
702;637;502;721
763;750;708;742
696;764;703;707
646;711;598;708
696;699;651;727
668;678;613;713
731;751;611;687
665;698;634;713
655;690;621;713
724;712;643;714
753;775;669;715
646;689;626;712
725;778;743;742
706;731;661;726
754;758;663;730
752;693;668;735
669;721;683;728
767;734;667;728
761;781;695;728
761;781;695;728
790;757;674;728
675;719;663;721
678;675;619;712
716;706;645;720
784;753;662;719
704;733;642;712
729;708;655;726
693;760;695;720
565;730;596;692
754;711;634;727
718;687;596;760
693;732;662;719
709;705;598;719
684;735;672;726
750;786;675;704
716;688;591;721
654;673;613;721
648;690;621;719
755;769;601;707
788;776;643;714
659;675;630;719
721;712;656;728
696;752;661;716
732;715;604;732
692;667;625;731
707;716;618;717
689;674;615;720
769;745;684;728
683;712;644;715
657;761;691;715
744;733;687;741
731;731;657;730
706;790;712;728
732;760;646;721
713;754;715;742
766;729;635;748
674;744;667;722
769;742;618;715
693;760;703;727
753;746;643;724
695;744;677;720
702;658;565;716
719;774;703;721
704;718;618;721
716;750;698;721
747;796;752;741
668;705;699;733
703;735;682;711
670;703;634;711
753;737;639;742
731;701;624;722
745;721;645;721
767;724;612;712
766;746;652;703
723;789;717;701
767;753;697;733
710;777;671;712
734;779;630;707
655;701;624;713
742;768;734;743
680;688;640;723
728;713;638;716
567;780;685;697
657;714;677;720
692;729;678;721
750;742;678;735
696;718;679;727
652;656;603;716
689;791;767;743
715;762;710;737
771;788;698;722
651;672;607;719
775;736;640;736
770;786;684;742
761;795;689;726
765;712;625;722
701;764;704;724
735;729;657;741
737;700;592;745
729;688;545;719
773;717;636;784
686;698;623;717
710;717;613;720
767;710;666;748
693;765;680;723
744;712;656;738
719;712;635;730
754;748;679;736
783;780;660;718
699;673;653;758
727;666;593;768
722;702;617;738
726;727;661;725
763;729;623;716
719;769;719;745
708;738;702;727
780;737;625;714
778;733;604;710
699;708;628;725
760;743;685;745
741;752;706;735
707;741;676;722
722;771;645;697
681;685;622;718
676;677;616;717
678;676;604;717
701;696;641;726
690;702;633;726
728;672;556;728
718;747;675;723
729;671;481;709
683;704;626;716
681;720;678;733
695;703;628;726
701;740;649;712
701;692;622;729
773;731;669;758
762;696;610;736
597;712;614;719
769;736;713;744
760;758;675;723
768;758;646;711
712;750;674;721
764;776;671;720
700;723;651;718
687;714;654;719
720;723;648;726
679;744;736;755
723;688;627;734
763;784;591;692
714;701;654;733
737;709;638;726
747;722;669;735
690;753;698;718
701;757;675;709
721;753;674;721
741;718;602;725
730;687;577;714
698;737;671;718
681;735;660;721
770;800;709;736
683;727;686;724
763;734;678;753
735;745;656;719
776;768;679;741
749;789;729;746
761;784;671;729
768;731;689;756
753;723;656;743
738;745;674;733
708;715;654;728
665;656;625;725
689;701;652;726
703;690;626;731
722;703;649;733
722;728;654;731
684;704;643;730
713;725;627;717
741;726;687;745
753;763;743;753
767;722;606;715
708;767;724;750
752;708;630;744
722;741;687;729
737;720;646;755
747;699;645;760
721;715;643;730
752;723;667;743
683;686;632;725
683;702;651;740
764;671;623;775
745;713;657;749
761;731;649;761
771;734;645;782
754;752;675;731
724;719;631;727
752;747;695;738
750;702;597;722
668;761;674;723
736;715;644;757
702;710;629;718
731;801;752;738
752;701;652;771
750;703;633;777
668;695;641;723
738;732;670;724
691;695;622;719
666;675;604;723
706;732;667;726
779;773;646;712
657;772;712;713
756;730;650;732
755;703;655;762
689;716;667;724
683;707;605;721
731;697;629;735
758;737;688;747
686;692;646;724
656;663;609;719
749;719;660;732
726;723;666;731
783;744;640;722
730;788;774;762
702;717;645;726
742;762;651;718
737;768;629;704
703;716;639;728
669;729;638;698
717;713;652;733
731;746;694;740
720;704;646;725
719;680;578;716
778;752;716;759
692;732;681;717
665;714;617;712
753;774;665;705
716;710;650;729
765;788;660;714
739;755;694;732
696;691;641;733
765;716;608;727
605;759;667;717
736;735;662;734
729;763;681;741
691;772;682;699
764;790;687;718
674;729;686;723
687;786;734;729
750;782;627;682
710;746;677;725
731;749;672;730
651;755;676;723
763;760;675;727
744;750;678;734
710;696;627;737
727;764;685;725
668;692;631;723
760;701;630;723
673;689;635;723
737;721;601;667
639;640;595;721
730;731;655;722
721;732;668;725
706;725;658;722
710;706;633;727
664;729;657;704
708;704;657;732
707;716;640;719
708;700;646;726
735;706;644;725
753;709;651;741
657;735;652;714
689;741;664;717
694;728;674;732
732;738;657;733
703;742;686;733
763;782;601;717
743;752;684;742
790;776;674;721
669;695;639;729
771;750;660;730
651;668;611;717
748;735;660;737
660;702;643;726
690;667;599;722
753;649;643;793
734;745;654;716
708;674;615;731
762;796;626;645
722;748;682;721
692;689;629;728
708;665;585;721
655;784;685;631
780;757;664;718
711;776;699;711
765;796;700;704
714;772;692;697
703;759;687;722
690;701;644;727
702;701;645;730
711;742;683;737
647;635;573;713
656;654;595;717
734;721;661;731
679;694;657;729
722;648;601;738
658;691;597;715
763;738;676;732
790;768;658;716
769;792;684;718
693;713;682;728
