760;722;647;692
807;773;631;670
768;657;636;683
709;560;596;688
755;655;635;683
722;728;635;664
722;466;527;732
728;591;619;695
714;565;598;693
749;622;606;669
700;564;597;678
747;684;654;696
729;662;642;680
728;653;595;676
755;738;614;669
717;675;647;661
741;647;620;685
771;656;603;678
775;708;636;693
735;665;631;678
736;683;633;652
762;671;635;691
773;560;577;755
737;595;584;719
746;623;577;683
777;673;622;690
756;748;676;661
748;703;651;667
759;684;647;684
784;710;608;651
775;707;629;676
747;633;617;687
754;621;607;691
698;659;616;673
712;586;593;687
714;636;587;645
743;647;616;666
738;576;580;680
745;628;603;678
773;680;628;690
776;702;632;676
770;687;628;683
789;748;628;627
799;757;627;675
761;704;655;686
763;672;623;666
783;681;625;682
814;739;628;670
783;667;620;689
723;607;611;687
776;676;634;692
704;634;624;673
780;628;600;678
810;687;617;684
786;664;591;674
752;653;617;676
711;562;597;677
752;603;592;680
773;639;621;688
736;599;614;684
758;670;602;639
774;632;618;692
800;652;616;690
708;666;645;655
772;622;613;705
777;677;627;694
771;743;688;711
737;647;622;676
770;718;627;664
755;709;659;657
763;690;654;689
769;594;600;696
738;611;598;674
737;675;634;656
747;625;630;696
767;680;650;686
760;642;616;665
689;624;622;665
779;675;635;689
785;716;619;668
776;645;634;700
719;696;649;652
741;671;632;664
765;643;603;668
740;682;533;498
776;712;616;669
776;643;602;687
770;665;612;668
787;689;609;660
707;642;628;663
735;592;607;687
772;672;613;650
700;626;634;669
728;641;622;650
769;670;635;692
762;713;661;668
769;528;553;668
736;656;621;671
746;603;613;691
707;564;592;677
773;666;607;662
705;563;597;678
756;615;611;689
803;682;580;681
741;612;611;686
749;607;613;693
729;672;613;617
747;610;603;686
783;695;656;703
750;644;609;670
719;592;579;668
721;625;616;670
744;666;616;670
713;598;602;674
783;640;596;672
773;615;600;702
709;567;586;666
767;600;592;696
711;568;593;670
741;616;617;680
713;568;588;667
798;685;618;672
739;654;630;675
718;694;639;589
790;754;624;649
766;735;633;676
771;740;636;679
773;742;637;679
773;742;637;679
777;744;639;680
779;745;640;681
781;747;642;679
781;747;643;680
783;750;645;680
784;751;646;680
787;752;647;682
787;753;647;682
787;753;647;682
788;753;648;682
788;754;648;683
788;754;649;683
788;754;649;683
788;754;649;683
788;754;649;683
786;750;641;681
784;748;639;680
782;745;630;677
781;745;625;677
780;744;624;676
779;742;624;675
779;742;623;676
778;740;625;676
778;740;625;675
778;740;624;676
779;741;624;677
783;742;624;680
783;742;624;680
766;635;643;710
696;654;623;645
743;604;591;669
799;730;616;664
777;693;626;671
738;667;635;672
729;603;598;668
791;708;613;664
796;686;605;670
746;614;610;672
713;711;647;624
777;672;648;702
800;693;644;709
791;674;631;694
773;680;633;682
760;649;622;690
748;645;624;669
786;631;608;672
715;631;623;661
751;663;617;679
736;658;616;658
775;700;614;641
758;703;648;672
742;705;629;663
791;771;636;670
754;744;636;656
762;641;624;688
774;675;600;669
768;686;617;663
727;667;632;648
747;660;629;675
752;687;624;663
735;621;612;679
774;639;615;701
794;676;624;691
713;661;625;665
778;649;615;701
785;721;643;654
759;708;644;661
766;643;611;683
778;676;626;672
783;675;637;695
744;664;639;672
762;668;623;684
774;714;645;674
732;672;631;666
769;622;619;687
751;621;607;690
757;673;637;686
739;629;591;669
768;668;586;668
793;649;599;674
779;625;578;662
782;660;631;691
730;680;621;646
758;650;634;687
776;729;670;681
765;744;677;657
758;658;608;667
795;677;640;703
768;718;670;684
740;601;578;675
753;640;607;673
726;612;618;669
706;549;587;671
770;691;651;683
747;702;651;665
757;662;613;669
772;653;619;703
759;684;643;681
752;724;647;656
794;754;637;689
731;689;645;658
746;660;584;632
787;730;626;656
722;605;589;669
734;597;611;678
766;638;632;689
753;658;625;676
725;648;634;675
735;654;642;683
797;683;622;698
773;713;659;674
753;661;633;675
788;684;652;709
776;680;641;691
748;704;649;675
722;607;608;671
780;662;632;707
753;679;630;676
735;624;617;670
784;659;616;676
763;602;577;677
741;669;630;674
734;619;605;673
780;652;603;671
799;673;627;693
760;693;645;670
742;628;622;678
752;684;658;677
752;627;633;702
776;638;625;686
703;641;632;663
776;632;621;692
788;698;650;691
774;664;621;693
785;677;615;676
758;653;634;670
742;701;605;663
757;731;611;666
727;648;633;664
765;616;597;677
783;678;597;669
785;722;637;674
698;678;642;637
769;664;643;697
789;666;616;677
785;700;589;652
730;621;627;689
739;583;601;681
757;610;604;693
758;669;651;693
729;658;628;669
777;708;628;646
767;668;637;695
767;620;599;681
756;700;660;676
729;656;633;669
769;631;610;679
733;569;596;714
761;648;623;689
754;623;604;692
772;596;599;678
725;654;641;675
738;624;613;671
758;636;617;673
809;688;628;690
757;665;637;674
775;637;605;672
776;650;635;709
754;692;657;677
762;630;628;708
768;648;643;703
732;632;576;671
774;700;670;696
756;679;643;677
729;626;618;664
788;656;627;686
727;645;624;664
777;645;627;698
786;663;636;707
754;672;642;685
741;688;641;665
746;686;621;678
779;761;622;666
755;642;614;677
791;703;663;709
784;679;647;705
770;631;602;678
695;637;622;649
744;718;616;682
786;761;637;682
738;702;663;650
764;628;626;692
793;704;620;681
776;699;619;652
728;718;668;657
784;683;648;710
777;736;671;674
739;720;635;633
774;688;627;684
731;629;616;674
790;687;632;688
676;603;589;655
746;660;640;700
773;680;648;699
733;628;608;692
766;713;659;695
775;672;611;674
700;635;617;682
752;630;606;687
777;627;583;703
764;645;628;705
763;661;622;694
755;690;640;685
760;665;630;693
765;651;618;691
791;669;614;695
750;681;646;684
732;695;646;661
726;663;599;679
808;778;650;707
771;767;672;679
765;655;634;710
766;647;598;693
746;649;579;649
763;679;621;683
776;645;603;686
701;578;588;685
734;691;635;663
742;673;624;668
777;665;611;697
763;734;666;663
759;661;607;694
760;713;645;683
737;650;620;683
747;653;607;687
723;642;608;675
707;646;631;686
750;669;629;691
780;722;651;696
758;740;668;677
762;679;607;686
744;671;619;676
730;680;634;684
748;651;613;680
778;696;600;676
776;689;629;701
759;657;599;696
772;698;599;670
785;648;601;697
800;679;618;692
704;583;578;684
766;713;637;675
736;638;580;682
759;626;611;697
788;672;614;691
774;694;625;694
756;701;653;691
757;613;600;692
761;655;605;680
757;668;639;702
753;703;660;705
758;638;615;684
749;655;623;683
762;697;622;684
729;677;646;675
740;644;612;681
769;648;616;697
704;562;582;683
778;659;629;697
756;636;624;702
758;685;650;698
768;716;644;674
767;725;660;670
773;667;644;717
771;690;633;701
746;714;664;683
750;683;585;663
710;665;624;674
755;668;608;685
777;659;606;696
768;631;622;717
743;632;615;700
734;642;614;686
751;679;646;693
782;661;599;682
770;646;605;688
709;606;611;694
762;656;611;679
759;686;644;694
739;626;600;679
771;669;623;693
789;712;629;692
701;682;627;645
737;641;621;673
759;671;590;674
772;710;667;712
751;653;635;689
765;716;673;686
750;625;618;687
769;660;641;702
730;660;631;669
735;648;639;685
773;565;541;676
739;639;609;678
724;649;631;672
749;722;600;598
777;767;617;646
751;674;595;673
721;629;622;668
758;722;602;655
787;754;622;674
749;676;639;673
761;626;611;699
778;676;602;677
779;700;587;653
725;617;602;674
794;662;586;669
736;631;610;684
740;662;626;674
732;645;610;691
737;660;625;692
768;664;629;709
750;730;671;688
761;669;618;693
797;717;654;722
755;692;626;684
729;724;640;647
773;717;623;686
789;767;624;677
771;759;672;702
704;580;584;689
770;687;632;695
781;724;609;675
791;686;625;711
796;701;622;694
715;639;615;690
761;683;641;691
773;672;638;706
776;728;647;685
699;691;636;668
731;643;578;681
776;694;612;690
783;670;642;726
742;636;618;701
737;666;636;694
666;676;612;654
747;679;601;677
744;623;600;699
804;678;609;699
798;709;608;697
736;643;614;698
744;732;672;681
752;646;544;686
753;682;627;691
750;661;579;672
744;682;626;693
733;645;611;681
789;711;648;712
756;694;640;706
730;700;643;682
755;676;608;679
736;625;622;700
783;669;620;695
784;635;620;706
707;661;636;684
733;643;603;691
781;708;642;701
750;667;623;696
765;733;673;709
767;684;628;696
782;705;635;693
759;652;608;688
753;685;630;684
681;559;520;676
770;698;647;706
781;666;626;714
769;598;584;706
781;616;574;682
729;637;629;660
738;694;663;671
743;709;594;662
791;756;608;664
747;647;619;675
779;689;653;699
785;723;608;621
731;668;631;668
776;691;622;669
739;648;627;677
758;694;618;664
761;622;598;677
814;699;637;695
761;672;625;670
750;558;566;736
783;700;602;570
702;678;647;651
737;652;644;685
765;603;597;657
750;673;649;684
731;667;639;670
755;640;556;672
770;650;618;700
700;672;630;650
753;701;554;659
788;753;606;671
699;641;604;656
781;666;612;668
787;711;604;665
792;731;624;679
761;659;635;692
707;513;545;666
742;642;624;684
732;655;629;667
747;631;609;669
775;691;606;677
786;723;603;656
772;676;616;679
779;649;592;669
796;671;625;675
776;714;658;685
791;681;622;703
724;573;589;694
780;656;607;685
782;699;615;679
787;699;619;687
784;685;635;690
790;724;634;673
741;690;652;684
782;659;618;696
763;669;623;680
771;659;609;672
738;678;658;677
757;671;613;674
787;663;628;699
719;590;605;681
758;652;615;689
743;609;606;691
710;573;593;686
752;598;608;733
736;567;601;719
766;666;578;635
782;630;599;713
785;654;597;690
792;689;632;693
728;659;639;674
773;634;600;682
769;679;641;683
758;619;576;676
797;663;619;687
795;669;625;683
750;687;636;651
731;662;574;660
780;747;635;686
746;710;673;693
746;661;629;672
789;672;635;696
784;649;596;669
771;672;620;673
800;672;614;691
778;685;634;690
725;659;630;662
730;633;617;673
782;653;619;712
766;682;653;701
790;668;630;689
734;650;607;684
743;629;627;693
760;614;613;675
773;711;664;683
738;713;645;623
784;740;648;665
798;681;646;715
793;676;621;699
731;690;651;680
799;708;646;696
778;693;647;687
785;649;622;708
757;666;622;682
745;694;655;671
783;667;625;694
806;706;635;680
778;692;624;671
761;634;609;689
779;655;631;701
790;645;608;697
811;691;630;696
719;614;597;681
701;619;606;665
793;697;648;707
791;750;666;661
780;763;685;663
755;652;614;677
788;675;627;676
788;675;627;676
738;691;661;687
784;659;629;689
769;664;632;683
764;666;640;687
760;680;651;686
781;737;674;664
789;729;622;643
751;698;649;670
770;748;623;661
779;757;624;671
744;690;637;679
759;705;625;668
781;752;637;670
790;639;605;693
711;575;602;683
768;636;619;702
799;672;623;698
744;638;618;679
729;651;633;679
786;682;603;673
772;679;635;682
771;653;633;697
767;669;615;675
751;580;597;737
757;624;629;737
763;617;630;741
763;648;635;729
807;695;578;692
793;681;628;711
771;720;678;707
733;614;601;677
747;638;616;676
782;677;631;693
765;665;623;681
788;669;621;689
740;676;634;667
765;663;621;690
784;738;652;672
782;768;691;678
755;690;650;683
806;701;641;709
736;677;642;669
766;665;607;680
794;688;617;673
764;702;661;674
712;572;543;669
727;683;650;660
765;690;616;650
777;647;625;714
762;660;642;705
776;690;635;690
709;568;599;677
785;708;641;690
747;640;585;668
738;678;632;656
718;641;563;654
777;751;621;673
746;703;636;681
757;681;633;669
784;696;659;710
796;681;636;717
769;667;627;676
775;678;609;676
780;731;672;700
749;663;646;694
771;653;621;694
708;680;633;629
708;576;590;683
766;596;535;667
785;651;594;682
734;605;618;694
766;684;652;710
764;622;607;684
798;711;598;654
775;696;650;688
772;692;666;699
789;675;629;707
738;653;618;669
754;675;650;680
749;699;668;695
759;648;613;681
793;683;642;703
797;659;579;691
765;652;606;655
757;641;634;699
787;678;650;707
781;672;640;692
738;712;678;687
735;634;599;670
787;648;584;679
706;565;602;684
765;616;625;716
760;598;609;715
730;564;563;683
759;726;671;659
764;648;521;675
728;667;630;666
780;640;613;693
788;702;642;682
775;636;608;666
761;695;672;695
710;624;620;667
727;661;636;667
745;681;613;674
791;763;619;686
727;709;637;656
751;621;629;696
714;562;595;682
739;588;602;681
740;641;641;683
793;687;628;686
734;631;594;664
726;655;629;673
786;638;590;683
789;661;645;721
720;638;585;661
778;671;628;682
768;686;648;694
797;704;644;687
724;681;657;665
708;519;549;661
771;636;628;701
772;675;620;682
772;636;604;676
731;659;635;684
790;668;624;696
783;655;628;711
736;689;651;668
766;650;636;711
746;589;591;685
787;649;600;692
747;708;666;682
751;606;554;676
770;665;632;682
754;610;593;681
691;577;571;646
757;730;680;688
773;662;628;710
780;704;657;700
749;703;651;684
768;718;644;681
741;637;644;698
785;678;649;696
723;667;643;677
780;641;620;691
798;713;627;681
754;693;644;688
732;633;621;680
770;629;594;680
703;629;607;663
747;637;569;669
756;700;625;654
734;647;634;670
621;707;627;579
748;652;633;688
800;684;638;697
768;675;602;669
769;675;625;681
766;675;641;689
753;630;630;698
785;688;620;690
787;675;645;706
735;636;627;687
732;663;636;672
768;673;613;675
736;673;635;665
775;700;614;658
732;688;651;678
750;681;619;676
793;731;619;676
747;720;670;675
729;679;616;678
789;767;624;680
748;711;663;683
742;656;621;678
788;667;635;709
769;674;612;672
712;667;633;647
734;616;590;676
738;633;608;680
764;702;672;684
733;681;640;660
776;728;631;699
780;758;624;669
738;700;658;677
744;626;584;673
801;723;607;637
783;685;613;677
706;679;631;633
764;590;551;672
772;662;623;675
768;618;579;676
744;667;634;669
756;682;653;679
740;642;620;676
742;667;630;672
732;673;636;680
770;630;613;705
790;672;634;705
789;669;627;696
733;668;646;672
707;579;598;677
746;645;624;683
763;734;679;668
773;661;622;691
773;671;634;687
781;647;619;681
752;701;664;681
706;573;606;680
791;686;660;728
761;605;610;678
746;683;636;680
788;667;601;675
766;661;632;673
790;705;641;666
767;602;619;746
735;563;606;705
703;554;572;671
695;613;599;637
738;621;623;692
769;721;645;644
765;717;647;655
711;627;591;653
744;654;614;680
763;738;674;660
796;658;586;656
790;643;618;694
798;674;628;695
734;628;628;690
716;700;655;602
759;730;599;643
793;766;665;705
782;621;613;692
708;669;639;675
788;663;598;670
798;712;618;673
762;698;622;671
755;712;650;672
716;598;610;680
786;618;586;704
706;561;594;675
740;624;617;687
792;693;647;696
728;651;633;669
719;588;599;680
798;679;607;665
744;617;592;677
769;671;645;692
772;698;634;674
778;713;653;682
751;695;653;669
747;666;643;686
751;643;631;689
785;732;665;686
776;633;597;676
803;692;645;715
811;675;621;702
773;681;642;691
752;717;661;675
708;566;595;678
778;679;641;691
774;705;634;670
721;659;644;682
779;686;616;674
795;700;620;683
767;671;629;675
751;613;597;728
729;643;603;643
758;672;610;671
731;664;638;677
735;602;614;689
723;659;626;680
712;575;598;681
781;656;626;689
739;677;629;664
727;594;609;691
769;632;604;680
768;668;596;666
738;680;652;679
780;655;633;692
788;663;630;714
797;680;625;693
800;722;620;656
786;683;616;686
771;663;635;676
782;692;630;679
728;654;639;681
737;651;636;677
767;655;608;666
729;647;640;674
673;618;557;618
782;748;644;694
795;765;632;683
738;677;640;669
769;680;649;700
781;671;627;701
769;669;629;701
730;608;590;683
776;650;616;683
766;676;611;679
735;658;631;672
758;661;621;683
801;703;638;712
789;739;675;694
765;738;680;671
776;700;621;677
791;674;645;715
767;643;624;681
808;708;635;662
743;674;618;674
711;574;594;680
740;616;621;696
795;687;649;708
785;735;670;684
779;726;658;677
779;726;658;677
747;713;641;659
791;721;656;685
767;658;634;695
802;702;645;686
701;705;655;659
770;581;605;753
746;626;627;708
759;645;630;715
771;659;636;732
762;626;607;723
764;629;618;720
793;695;649;765
802;693;584;716
788;745;629;677
749;728;612;665
786;687;594;694
767;685;610;685
788;673;606;696
730;710;626;638
762;646;575;676
778;696;584;681
719;579;571;682
786;713;597;666
734;650;596;675
771;664;584;683
752;660;574;668
709;561;558;672
718;632;595;679
778;727;611;650
782;659;594;705
780;729;615;678
735;655;601;689
771;649;588;687
786;681;607;703
756;664;611;696
795;691;596;682
756;661;566;656
729;705;632;651
735;623;603;691
742;565;558;689
747;686;619;683
753;665;600;678
768;669;587;679
745;638;601;695
782;709;640;701
687;649;577;639
775;664;600;690
746;594;571;696
777;643;604;711
770;692;606;679
718;673;616;666
725;639;592;666
780;675;603;695
756;720;630;671
741;661;598;668
778;652;589;708
782;726;646;707
747;729;639;638
764;657;597;691
779;678;605;695
733;662;575;645
783;707;623;685
766;662;605;676
795;701;615;679
688;672;614;640
748;670;625;697
789;693;638;720
797;711;636;713
741;599;524;743
771;632;591;742
748;663;586;676
775;676;607;700
747;665;591;668
740;647;597;686
709;627;596;676
724;612;589;679
781;512;595;763
741;607;592;713
745;676;612;632
746;728;649;663
776;729;587;644
770;699;585;665
804;729;600;693
740;591;582;690
764;643;605;698
754;698;605;670
780;710;624;692
780;642;608;691
752;648;617;694
780;694;607;675
797;730;599;665
787;713;610;680
725;649;551;677
802;761;620;709
753;682;616;685
810;677;563;646
786;680;634;707
800;682;616;716
800;718;654;711
763;671;608;682
751;733;650;656
751;675;614;660
790;680;606;692
695;671;608;638
748;651;601;681
789;662;632;723
791;656;596;673
760;704;647;698
699;646;602;657
793;673;611;695
776;669;633;709
718;701;628;647
717;585;594;683
769;631;590;679
800;680;613;697
774;677;623;689
772;641;606;699
762;718;641;660
746;706;637;674
779;698;632;688
757;659;628;684
785;673;612;672
754;681;627;672
741;656;580;674
777;702;592;674
789;670;606;696
717;681;623;640
759;635;603;688
783;736;657;690
756;751;667;662
788;707;578;641
713;719;619;593
770;699;626;669
796;682;616;696
817;732;604;663
759;718;653;677
730;649;613;662
749;646;620;696
776;687;646;706
763;662;626;694
708;574;599;689
721;630;604;673
800;689;606;696
727;615;577;666
725;712;650;648
730;610;589;679
796;665;587;675
799;662;575;700
747;595;580;688
774;636;609;689
804;679;611;693
712;576;583;683
737;602;588;699
782;666;613;709
776;704;629;685
788;709;592;650
752;699;644;693
767;663;598;663
776;665;607;680
797;676;591;675
788;715;638;677
774;708;656;694
740;657;612;673
771;629;613;713
796;657;583;681
700;664;611;635
787;645;595;684
757;663;594;688
711;573;579;685
727;697;598;648
743;626;581;680
758;678;565;592
779;634;589;691
734;620;593;689
778;672;624;703
784;704;623;691
742;613;581;674
773;681;581;649
785;678;585;656
779;665;601;687
799;678;600;693
767;685;612;666
775;740;587;661
786;751;596;672
771;699;620;694
777;624;535;661
782;684;599;682
754;682;607;679
728;653;628;672
733;666;627;672
764;737;579;625
796;764;619;680
764;626;594;685
756;708;638;681
786;689;629;718
801;716;641;718
782;654;576;681
703;667;604;660
769;679;619;693
784;693;617;698
772;684;620;700
718;684;607;647
753;647;592;680
793;743;612;678
730;637;610;683
766;689;611;677
786;720;605;674
738;682;628;677
736;639;595;680
766;671;624;701
715;585;591;685
744;668;603;655
768;697;637;687
779;737;657;704
787;686;597;691
757;643;599;687
764;661;607;689
772;730;648;656
785;642;532;669
754;665;610;691
703;673;614;663
781;706;601;691
777;683;597;679
768;650;614;704
790;684;642;722
735;664;622;678
752;674;610;684
719;639;585;649
744;704;651;680
773;686;619;692
769;659;629;712
804;699;645;732
712;605;581;674
746;668;609;685
732;653;598;677
744;662;538;636
717;635;606;682
766;685;604;666
770;693;605;670
766;685;567;654
771;655;606;702
755;637;600;687
728;639;615;685
745;692;638;678
767;712;623;682
758;711;638;676
739;675;608;667
746;679;619;677
781;715;596;661
779;691;601;694
780;673;621;699
704;668;616;672
744;666;607;687
755;669;623;700
807;713;599;670
762;728;640;662
734;702;639;679
785;721;585;652
761;696;624;685
728;653;611;681
745;709;641;677
758;664;618;701
728;625;582;682
727;629;594;682
735;638;613;694
714;588;592;687
726;638;584;669
701;657;608;665
736;616;599;692
791;703;652;716
789;690;620;696
751;631;601;685
766;700;615;688
742;731;652;665
733;628;599;679
734;643;594;681
794;674;603;726
773;697;633;686
757;682;622;686
752;719;641;671
795;703;635;717
800;686;624;735
763;641;601;687
749;674;623;684
738;621;593;686
775;689;621;695
725;644;610;680
746;693;630;678
780;675;613;697
755;706;631;678
781;615;576;748
755;622;606;714
785;669;605;704
773;669;604;680
767;695;629;679
778;677;614;695
743;630;604;687
779;698;649;711
775;689;583;649
753;685;611;682
772;635;594;694
791;721;595;659
750;685;631;673
744;649;596;668
778;673;628;709
787;733;661;690
725;664;622;678
741;579;579;701
755;666;603;688
741;639;563;672
799;708;627;695
736;659;616;679
791;682;582;668
801;694;623;709
771;638;606;701
759;641;592;681
779;719;647;687
723;615;603;684
777;686;637;698
782;711;603;674
746;703;629;670
719;591;587;682
761;670;594;678
720;629;580;681
748;629;582;678
772;733;661;671
791;695;608;693
785;666;603;711
762;690;637;693
736;668;616;671
712;613;590;674
718;606;595;663
723;652;611;667
776;713;597;672
786;750;606;671
747;679;622;681
771;672;611;688
787;647;599;690
795;720;581;629
755;640;605;700
731;604;600;714
775;746;667;666
697;562;553;674
777;644;570;682
702;571;559;680
732;662;607;673
761;667;573;670
746;643;579;683
731;620;597;685
725;666;620;679
735;609;589;685
785;724;620;645
756;700;601;646
747;671;614;679
801;701;625;705
768;729;646;676
794;730;655;699
780;703;604;658
775;707;649;692
775;685;637;701
775;738;663;681
795;728;627;687
769;712;633;675
761;653;588;675
767;705;630;680
789;715;593;659
733;693;620;663
717;596;590;685
800;728;610;685
776;739;656;679
716;723;637;647
777;702;584;656
763;643;602;705
737;604;599;696
759;722;649;677
731;717;656;663
779;694;630;697
769;683;626;699
779;662;592;681
747;680;626;673
771;700;572;660
789;717;627;693
788;659;607;706
769;671;588;688
775;654;584;688
709;578;578;694
744;579;586;727
759;574;604;743
789;693;574;637
748;607;597;699
778;611;597;691
792;681;606;675
736;629;618;692
741;688;650;678
747;747;608;661
787;785;652;674
744;669;634;683
732;626;587;676
800;708;577;673
796;757;648;683
794;698;615;689
782;683;604;670
765;665;616;685
768;740;658;672
790;657;599;681
794;663;617;715
787;713;651;709
792;688;613;687
732;686;627;650
747;686;601;673
791;756;623;689
733;691;631;674
722;598;596;688
773;618;602;714
746;615;607;698
752;709;651;690
770;676;621;696
794;750;667;692
792;670;586;687
776;685;630;695
784;717;649;703
751;701;637;657
730;628;590;678
734;688;627;672
761;678;622;679
768;676;618;694
774;623;595;746
746;620;597;710
753;643;583;693
770;676;595;688
786;631;612;760
744;610;579;700
767;704;649;694
769;655;606;699
769;666;610;702
762;656;634;707
745;633;598;681
720;643;590;655
759;681;602;670
794;722;602;657
708;579;581;687
741;659;619;682
745;720;652;675
751;711;573;662
798;760;605;686
705;661;611;660
795;663;601;683
787;699;594;674
776;718;611;674
719;670;631;670
774;683;572;651
756;658;606;685
742;633;612;693
733;630;607;691
779;677;615;704
779;647;600;687
745;660;613;673
769;658;606;694
785;721;647;693
739;753;655;625
750;626;609;696
816;707;613;698
817;738;617;681
755;621;576;683
803;719;615;689
729;616;586;668
737;688;635;666
731;604;597;691
745;684;619;684
744;637;590;677
786;684;612;690
766;637;603;692
777;717;635;676
784;714;636;682
737;709;650;664
784;671;600;678
793;684;616;684
806;699;622;696
802;723;644;689
768;634;590;678
776;600;583;707
792;726;658;713
788;714;609;660
767;631;598;686
742;609;578;679
712;559;573;679
786;709;618;673
723;650;617;679
746;629;592;681
790;710;616;685
789;722;615;680
791;686;625;707
773;722;647;679
748;661;628;691
805;720;614;673
757;633;604;683
752;697;614;677
789;681;623;699
779;662;613;673
785;684;604;668
707;692;630;643
781;636;613;717
788;594;611;766
755;615;608;723
758;637;616;731
749;572;590;724
740;632;598;684
814;729;622;695
717;664;621;677
779;619;605;716
772;684;618;635
760;724;643;664
780;644;597;683
774;658;596;673
751;644;577;675
793;703;602;676
759;709;656;681
786;709;644;698
789;709;601;655
772;684;606;683
756;692;636;677
752;652;597;682
728;588;589;706
784;686;608;662
785;713;605;658
766;648;607;706
741;573;579;704
789;636;600;699
740;647;626;693
774;679;613;675
707;569;578;684
732;617;591;679
714;676;615;640
775;753;613;653
815;776;584;676
784;678;616;694
721;592;597;683
726;683;634;669
797;735;655;685
808;740;646;684
730;636;629;701
795;679;630;706
740;692;638;674
773;681;632;687
794;714;621;682
784;701;624;687
746;671;627;672
721;715;626;601
773;767;631;626
769;756;612;673
687;670;608;656
773;678;630;691
792;721;607;671
766;684;616;676
770;737;661;670
746;630;614;693
794;656;615;720
776;724;662;707
771;666;618;680
777;653;597;693
763;682;630;681
771;687;630;693
720;719;620;626
787;673;617;710
806;700;624;716
786;684;613;690
740;691;638;650
775;687;593;674
734;723;642;665
778;666;639;718
797;682;635;722
771;545;600;758
766;640;615;705
788;674;625;712
780;673;617;704
763;706;648;705
794;724;622;673
731;663;605;667
782;624;584;694
802;687;618;696
742;611;608;702
783;655;627;718
775;631;591;686
774;645;610;693
705;671;630;662
764;676;630;695
765;638;611;697
801;720;624;695
715;578;592;688
766;638;629;699
762;636;607;704
741;672;610;661
736;599;589;692
761;705;651;683
786;681;566;643
732;708;645;665
787;678;614;689
763;649;585;665
800;710;637;705
762;666;616;686
732;661;606;665
747;658;626;680
769;663;547;672
767;710;613;661
709;695;632;635
740;649;593;696
762;735;617;617
772;722;638;673
737;695;634;656
755;636;618;698
764;722;632;656
758;673;604;678
759;735;570;536
699;555;555;680
744;642;611;694
789;683;618;696
768;686;608;675
757;626;589;679
790;662;596;685
738;641;604;686
805;720;611;695
778;709;618;671
749;648;611;691
782;701;587;683
786;718;622;690
745;718;643;672
723;595;577;680
786;704;598;684
754;608;605;715
740;580;586;704
765;625;582;686
719;626;588;663
769;689;614;682
722;619;587;683
754;676;618;684
731;668;612;672
739;716;617;673
790;773;615;671
771;613;591;693
778;658;613;705
782;695;647;707
779;757;678;686
787;733;631;668
721;597;589;679
734;638;617;689
726;641;610;675
744;715;651;682
799;680;627;729
785;670;618;707
747;664;631;687
746;714;646;660
767;744;625;627
802;715;628;714
782;763;677;671
801;681;558;652
745;702;639;672
792;687;643;718
799;737;614;663
785;736;652;680
766;734;655;677
735;638;611;687
761;670;623;692
774;739;625;631
773;714;633;687
748;638;600;688
758;660;574;651
738;644;600;680
743;658;633;695
762;691;610;679
794;684;582;684
811;717;627;696
790;711;610;676
672;678;604;608
775;677;632;682
779;640;603;691
802;685;612;692
773;663;613;702
788;687;569;687
801;691;622;697
749;650;605;680
728;657;621;682
745;688;626;655
808;693;552;653
700;672;620;652
693;503;558;679
757;655;607;688
769;688;632;694
745;719;652;677
781;714;615;666
791;735;606;665
755;712;652;689
785;621;547;684
725;661;618;678
733;662;605;670
805;719;627;690
748;675;623;682
774;717;616;682
775;672;596;683
771;673;608;675
802;714;602;666
720;646;614;673
777;650;628;721
785;694;630;693
764;697;618;684
797;687;611;700
753;662;616;684
793;659;601;700
749;713;655;695
760;637;611;697
776;722;645;673
768;719;628;679
770;636;608;703
783;706;605;662
767;638;602;695
730;659;616;671
802;700;603;695
734;636;620;694
737;688;617;655
771;702;618;676
760;701;620;667
753;680;618;672
757;723;646;654
721;732;623;679
784;755;614;686
733;661;624;680
776;706;624;683
806;705;624;707
788;654;613;713
744;609;559;685
766;677;619;695
779;755;668;696
764;664;603;693
757;708;645;680
719;684;640;665
758;661;602;674
775;639;610;698
783;655;618;714
713;580;585;689
794;702;639;695
720;596;600;692
805;685;618;694
820;728;629;690
743;652;614;682
746;679;618;676
774;716;604;661
803;700;623;709
767;748;660;681
724;649;614;654
780;640;609;689
715;582;588;677
726;694;649;688
737;637;568;664
792;655;626;715
750;648;620;695
781;709;613;648
797;662;604;702
794;700;630;692
737;620;608;693
801;695;633;712
750;732;651;655
769;667;581;691
763;631;621;718
761;605;601;719
779;647;620;709
789;693;612;695
799;712;571;681
757;644;617;705
788;742;678;711
771;688;629;676
757;690;638;688
751;667;626;692
778;714;653;694
775;769;686;676
759;719;646;665
780;670;622;698
801;718;645;701
774;699;584;626
754;598;593;706
775;667;612;701
712;579;565;672
784;720;617;668
750;729;649;679
783;704;626;688
794;746;661;693
770;746;668;676
775;690;596;673
770;720;635;673
786;720;616;671
715;612;600;676
779;712;660;699
787;680;635;710
730;591;596;729
760;595;610;740
743;582;600;712
761;662;619;686
764;699;632;681
766;697;648;691
793;678;637;717
781;690;605;675
801;692;602;686
736;654;619;674
750;641;612;688
779;680;613;689
754;664;609;685
740;614;595;683
788;696;634;695
805;711;657;724
768;714;639;677
751;672;623;679
731;740;644;605
770;772;654;644
797;766;632;678
763;666;623;704
783;717;659;706
766;726;658;678
761;685;630;688
759;611;592;700
795;654;599;685
817;700;611;694
746;700;637;682
757;712;608;633
723;619;613;688
791;653;604;711
760;612;571;685
786;647;610;710
785;669;629;709
779;650;624;712
767;677;603;651
711;675;629;653
784;677;638;710
774;725;643;670
747;746;675;669
778;698;623;686
773;687;605;687
804;715;609;686
767;646;619;697
765;727;674;704
741;671;613;678
760;540;566;717
765;665;595;690
739;669;620;689
801;738;640;692
817;756;624;672
771;744;674;666
773;671;600;681
771;695;615;672
773;681;605;675
748;700;641;681
765;686;619;679
792;737;624;675
786;641;594;668
772;643;614;695
795;674;617;697
796;714;658;709
768;662;637;713
769;611;571;680
777;683;654;715
728;581;594;695
801;683;614;691
813;698;622;690
694;643;608;666
773;703;620;678
740;598;600;681
793;652;607;700
804;710;603;698
792;670;621;704
760;686;632;692
792;641;545;681
779;641;604;693
793;658;606;705
793;712;651;701
784;716;646;696
713;568;586;675
779;671;626;689
714;667;618;662
756;691;624;681
787;676;616;692
739;654;623;683
756;672;560;658
757;676;630;686
772;681;643;700
740;669;612;671
752;637;614;689
750;628;598;684
791;719;674;724
765;655;619;694
797;708;626;690
760;716;658;683
774;727;653;663
771;604;604;715
796;672;622;701
750;670;629;684
740;700;621;630
795;748;643;689
799;764;639;684
797;763;637;682
796;763;635;680
797;763;634;680
797;762;633;680
796;763;634;680
797;761;634;680
797;761;635;681
799;763;638;683
807;767;648;696
807;767;648;696
714;559;591;687
755;637;628;712
749;641;603;687
733;664;625;684
754;668;623;690
767;638;608;691
793;684;609;684
779;680;632;702
763;695;634;673
749;642;618;693
793;668;592;696
757;630;602;690
742;637;624;696
798;697;646;709
745;696;642;684
769;700;626;695
804;747;665;715
805;722;652;722
782;751;683;716
770;704;606;676
746;672;624;691
800;702;623;703
801;704;640;722
786;723;654;706
745;640;611;686
774;672;607;698
715;602;605;689
740;690;623;652
795;700;627;701
755;719;653;684
719;623;576;657
761;652;618;695
734;690;637;666
781;685;609;696
752;671;619;682
735;676;624;680
751;694;638;679
785;654;599;689
781;695;625;693
792;671;614;696
741;688;613;657
779;648;590;684
791;708;610;681
794;711;600;675
757;702;654;694
712;574;591;686
794;774;613;688
705;717;637;633
795;648;547;696
786;695;616;681
799;732;660;711
759;720;646;688
770;724;651;682
739;729;662;676
783;731;650;681
795;668;643;724
789;636;578;692
736;688;632;675
797;708;618;689
783;700;639;690
799;683;620;678
723;685;647;681
793;643;593;700
819;710;641;710
817;757;619;685
807;719;637;705
722;670;620;641
744;609;596;696
793;724;673;725
772;737;651;659
738;681;621;674
768;679;619;690
785;748;681;702
760;704;653;711
786;706;651;715
764;665;625;700
775;714;626;679
741;724;688;671
