771;597;633;615
795;676;653;592
776;616;663;630
812;714;669;596
740;622;680;604
782;627;646;621
793;708;669;595
765;645;625;572
730;674;679;615
735;495;643;610
784;632;670;627
803;682;715;662
779;694;687;643
780;585;660;674
750;548;651;622
754;605;681;639
769;686;647;583
765;726;670;502
757;710;639;543
779;749;684;582
765;689;685;611
741;521;651;624
785;684;648;580
785;725;654;590
705;722;679;360
755;583;677;634
744;531;643;630
785;674;708;667
810;687;687;684
766;660;673;626
710;735;706;557
786;606;640;646
775;618;681;662
746;744;693;509
732;497;644;612
772;680;637;573
762;628;677;630
827;729;634;617
722;696;682;534
735;487;637;615
764;594;682;661
789;707;652;586
745;629;685;639
803;763;684;593
753;597;685;622
725;731;661;362
748;686;636;578
801;742;634;645
750;625;666;608
782;652;661;624
807;689;668;622
744;542;624;591
775;601;644;615
776;595;643;620
720;622;641;569
801;657;648;621
775;603;655;645
771;742;703;585
735;509;640;612
745;621;658;600
779;652;645;600
748;612;641;603
765;600;650;624
740;638;678;629
775;605;674;639
787;716;721;661
725;735;699;546
746;603;668;592
748;590;658;592
808;720;682;623
736;523;640;620
777;734;689;634
771;677;619;505
775;739;702;641
758;710;675;586
740;508;634;616
718;633;646;545
737;528;640;610
781;713;708;659
799;661;691;674
744;559;644;614
815;730;673;568
799;580;624;654
800;635;636;626
792;715;700;666
784;650;701;672
741;582;641;617
734;507;637;613
760;534;637;642
777;751;730;641
736;509;641;613
800;701;689;603
793;630;639;615
746;597;646;589
784;562;648;664
799;725;711;671
736;713;678;571
740;525;644;628
741;528;643;623
752;469;632;634
720;720;681;506
789;620;688;660
788;691;641;613
742;627;676;629
772;625;645;624
756;585;635;584
821;715;670;630
734;524;641;628
755;607;679;655
712;736;669;500
756;608;677;641
758;658;665;620
783;655;659;620
731;479;638;612
749;659;636;596
811;659;681;669
744;743;706;584
726;496;626;616
752;615;644;551
766;606;675;656
784;620;646;634
741;520;643;632
749;542;646;629
747;525;648;621
773;326;662;694
752;571;656;620
753;580;662;629
793;624;662;655
756;667;674;573
738;584;643;609
772;747;676;582
800;760;667;587
794;708;716;665
795;667;678;643
795;593;667;615
751;719;683;518
728;665;652;471
800;702;670;650
728;481;637;615
788;559;623;638
769;610;651;589
764;584;676;636
779;606;641;614
737;516;641;620
799;671;684;652
787;535;642;688
776;537;675;694
767;536;658;700
792;578;659;677
743;506;647;629
791;611;647;621
775;508;639;669
782;600;681;689
796;671;710;700
802;644;659;621
743;525;647;632
768;596;655;629
771;616;681;636
748;587;634;617
763;631;643;613
739;691;686;620
736;492;640;620
808;662;681;694
782;617;654;629
783;695;724;682
767;701;729;660
804;651;626;637
776;653;676;618
827;686;644;638
782;630;658;644
765;448;646;707
742;518;645;622
782;574;649;649
820;735;660;592
808;710;668;626
818;728;670;626
766;390;643;703
774;470;655;710
796;644;648;611
755;618;677;604
762;623;660;635
715;420;647;638
743;595;672;625
733;684;674;572
793;640;665;638
806;716;689;654
781;641;599;576
817;664;665;669
739;488;638;623
761;618;659;618
808;630;657;665
723;406;610;617
781;582;668;682
798;659;672;644
769;725;678;517
789;708;672;593
792;677;657;612
804;699;658;620
729;581;653;618
767;675;691;639
804;726;701;673
741;504;644;628
773;511;658;712
739;513;646;625
784;578;649;655
726;730;683;411
782;681;652;614
746;624;645;610
775;760;668;514
781;674;685;653
819;727;712;689
783;740;717;619
807;702;699;580
757;601;681;627
741;508;641;617
754;677;651;611
742;525;646;620
741;509;640;622
742;622;683;569
730;542;650;564
754;669;636;598
775;763;647;588
746;654;685;620
747;543;642;624
792;707;653;617
812;777;683;619
765;706;682;605
765;710;666;572
792;708;705;670
791;544;611;609
732;680;698;570
788;707;649;610
777;713;657;588
785;742;706;642
797;681;676;643
720;685;677;574
798;611;631;652
793;657;693;665
748;705;675;593
767;648;646;590
820;752;679;583
733;492;629;629
705;702;669;530
794;582;638;664
801;760;689;560
749;636;683;608
778;610;672;664
737;727;679;545
804;670;638;624
762;630;649;580
806;678;640;622
739;699;674;548
761;519;583;601
815;717;683;635
776;727;667;610
729;680;647;544
771;642;649;615
771;730;695;565
785;729;698;609
714;465;596;597
766;618;646;616
772;614;663;644
752;580;662;633
719;737;676;421
798;664;674;648
743;534;641;625
744;588;590;598
738;444;630;624
734;664;671;565
757;567;643;606
766;594;670;634
742;525;645;625
802;732;738;683
751;622;684;617
768;742;641;527
797;742;640;590
753;698;684;598
731;477;627;610
788;590;685;650
743;512;644;621
734;459;628;615
782;570;643;639
796;763;691;626
775;614;662;633
768;521;612;649
757;724;727;654
753;533;646;623
792;685;671;620
750;585;665;635
780;688;685;635
738;496;639;618
782;620;677;640
810;662;646;582
780;705;663;594
786;687;711;671
810;638;639;641
741;501;642;629
756;606;634;611
781;738;690;526
742;700;688;586
806;762;676;593
746;631;654;604
796;627;655;614
757;641;645;611
826;759;669;591
731;594;649;578
753;587;667;625
792;662;679;653
765;635;629;589
772;587;655;628
759;717;714;642
793;642;656;628
796;687;697;651
758;571;655;644
793;629;669;673
739;506;640;630
751;678;663;488
727;745;704;543
755;628;645;612
766;613;647;607
759;636;648;619
801;519;582;591
752;613;679;643
671;653;656;567
750;636;646;622
817;771;695;708
786;723;729;672
802;654;665;662
753;608;655;639
744;681;693;650
750;721;620;548
800;759;713;676
737;658;686;639
734;523;638;626
764;552;659;661
772;606;676;636
760;768;720;538
739;535;642;616
739;500;630;626
702;748;681;420
748;585;644;621
793;699;689;681
799;669;689;681
776;656;660;630
813;753;693;618
801;625;661;667
756;590;650;625
787;671;686;648
794;707;674;631
755;741;707;593
774;573;659;662
779;736;709;618
729;633;664;581
756;595;671;641
809;699;681;647
807;660;680;686
825;717;687;698
796;761;712;633
785;602;655;622
737;475;635;619
786;598;647;637
763;342;603;707
749;446;617;691
775;501;653;730
772;631;677;654
807;641;622;617
755;607;690;649
757;721;652;583
814;785;644;671
741;538;644;637
742;534;643;638
733;456;610;622
771;752;713;622
767;661;640;615
743;542;647;633
752;627;656;624
772;572;654;664
796;678;699;674
785;724;706;646
796;706;676;625
745;678;692;637
799;751;652;624
757;517;637;642
807;703;695;679
748;629;645;568
779;723;664;603
800;777;672;580
770;705;650;577
754;711;652;585
798;759;669;602
763;620;683;649
761;574;627;626
790;671;693;677
792;636;654;615
800;641;655;637
781;583;674;715
787;563;678;737
777;493;649;701
801;415;662;764
786;665;698;674
779;579;633;637
827;755;648;572
740;532;649;631
781;607;661;650
800;663;692;706
789;673;705;683
772;708;643;635
802;786;710;643
748;549;651;635
776;651;631;602
769;541;641;654
759;598;673;642
788;657;695;684
761;538;631;620
762;621;635;567
783;709;663;561
807;733;667;600
809;710;656;616
756;656;683;628
733;539;646;607
749;659;646;610
778;783;652;592
778;783;652;592
778;785;652;591
780;786;653;592
780;788;653;591
780;788;652;589
780;788;652;590
784;788;653;587
784;788;652;586
785;788;653;585
789;788;653;581
790;788;652;579
791;788;653;580
822;788;653;599
822;788;653;599
773;646;672;637
798;619;636;628
748;642;649;596
779;663;678;632
763;462;597;609
785;696;722;685
757;705;606;526
798;746;673;584
774;644;645;627
776;667;638;611
735;682;688;543
780;627;662;644
794;644;683;654
768;756;723;617
781;708;689;646
810;725;662;602
799;636;661;654
715;698;667;526
739;531;642;630
761;521;640;626
730;631;661;567
801;649;676;668
801;712;749;702
743;523;644;631
816;652;676;690
767;656;636;607
747;487;626;637
783;620;633;594
748;563;653;640
773;641;647;619
810;752;664;598
815;761;676;635
756;745;702;635
740;529;642;628
739;510;639;627
716;730;677;439
751;626;655;613
787;688;690;672
808;687;665;648
734;684;679;582
762;692;680;631
793;751;665;582
773;683;652;619
711;710;662;489
772;672;679;638
772;690;687;634
815;694;641;655
727;693;675;576
766;573;642;647
790;648;677;663
697;704;677;552
757;576;672;646
781;700;669;612
737;717;678;542
796;741;628;543
803;589;671;666
794;594;677;687
742;527;645;632
788;667;705;686
759;774;742;608
802;639;659;649
763;662;641;624
749;604;645;625
817;680;679;715
801;756;705;614
743;603;637;564
741;679;678;612
759;609;679;642
807;693;704;686
757;559;632;638
773;641;657;612
761;709;701;656
771;655;665;633
814;769;701;626
812;707;698;686
794;756;736;655
741;546;645;627
740;631;658;592
767;618;631;638
737;517;641;626
757;638;665;618
797;736;672;608
804;760;659;602
751;598;670;647
750;651;694;644
752;684;648;611
780;772;652;602
781;774;652;601
783;780;652;599
783;781;652;599
784;783;652;598
785;785;651;599
786;787;653;594
787;787;653;594
788;787;653;593
790;787;653;591
791;787;653;566
791;787;653;566
816;684;673;682
740;522;640;632
719;746;674;495
742;535;648;632
757;603;643;598
790;693;649;592
804;701;691;642
742;536;647;631
776;679;683;659
771;682;663;626
811;695;672;675
719;683;658;552
741;533;646;633
740;529;643;635
817;721;690;660
740;534;642;640
760;642;658;638
761;647;657;642
787;646;611;637
772;607;649;657
742;527;647;627
737;474;629;629
803;597;667;694
762;619;613;608
794;644;662;647
741;530;644;635
707;687;687;631
796;671;654;615
738;530;647;627
814;787;650;571
748;732;693;595
741;528;645;624
813;734;704;667
812;716;716;689
786;746;709;625
742;563;642;641
807;708;708;689
764;750;717;529
800;739;718;666
744;642;682;628
795;751;640;587
787;738;694;650
801;760;707;676
821;711;702;703
810;642;644;655
755;682;679;628
759;708;677;554
781;707;701;657
793;694;647;631
746;735;701;554
757;610;681;650
799;645;658;638
830;749;678;653
746;565;629;623
755;598;651;643
752;559;659;648
748;649;664;598
790;698;687;662
770;726;677;596
739;600;629;611
761;675;683;608
783;649;653;623
790;544;623;667
742;501;653;636
802;700;672;648
727;483;627;625
755;653;683;639
786;616;660;648
742;656;679;615
787;701;661;631
811;697;636;645
806;608;686;693
771;578;640;633
767;571;649;642
756;616;644;632
806;756;676;629
743;539;646;635
740;503;640;634
728;527;584;569
778;718;714;615
730;458;613;617
767;629;633;602
741;526;645;625
798;730;619;593
769;741;671;560
766;679;692;627
808;716;694;679
745;625;677;628
728;744;691;555
795;663;671;647
806;738;654;590
791;633;640;622
732;709;666;559
753;621;677;646
762;627;654;636
772;605;658;637
806;667;669;634
813;691;682;652
788;575;653;658
743;528;646;641
804;649;653;634
797;715;651;597
807;707;684;670
755;613;638;615
784;645;643;616
793;657;653;628
752;660;693;660
743;532;645;636
774;584;649;632
764;724;702;615
737;580;633;609
788;715;648;600
768;671;642;602
768;640;681;612
764;645;653;617
770;611;640;635
770;714;687;600
770;689;701;655
813;661;616;637
774;750;743;689
767;709;719;642
764;576;651;656
798;638;644;638
704;655;654;562
741;539;643;633
805;756;737;684
788;686;649;648
765;637;649;630
786;618;652;647
804;669;684;673
759;591;647;624
737;635;660;597
757;528;631;646
787;639;683;680
785;596;681;634
728;731;690;532
798;654;704;702
789;703;708;684
743;656;680;614
780;593;646;646
791;678;676;658
797;681;668;624
754;645;650;621
760;625;675;648
775;623;667;643
809;675;654;642
742;538;648;643
779;606;650;671
750;580;668;651
767;720;696;607
732;443;606;627
754;637;651;604
774;751;696;611
817;769;687;606
740;665;667;605
758;616;650;633
785;742;683;529
790;702;649;589
756;760;724;605
794;624;678;659
767;611;653;651
752;598;633;606
778;733;675;542
794;731;644;596
791;680;648;614
781;599;658;644
775;631;666;639
726;656;659;564
769;667;645;605
749;554;652;639
800;655;626;582
697;775;698;591
773;648;645;601
756;603;654;631
753;566;656;648
780;671;695;666
757;602;669;638
798;642;649;630
759;720;700;611
759;602;652;640
796;706;693;664
764;544;643;653
788;713;697;648
799;761;677;601
736;537;641;641
790;707;673;637
756;601;646;641
740;532;642;632
760;556;636;645
782;710;702;668
789;622;683;698
799;648;672;669
798;647;652;645
754;706;704;611
797;663;673;662
801;669;688;683
771;590;678;612
795;638;649;636
820;705;650;658
787;696;695;651
772;543;613;611
841;749;638;654
756;679;699;625
744;753;728;609
766;687;651;613
786;777;657;595
786;777;657;594
786;778;657;595
786;777;657;595
786;777;657;595
786;777;657;595
786;778;657;595
786;779;658;595
786;778;658;595
786;777;658;596
786;777;658;596
787;775;656;595
787;774;656;596
785;769;656;596
784;757;656;599
781;742;658;605
779;737;654;602
780;732;655;604
776;714;655;608
768;635;654;619
761;584;654;624
758;657;656;621
816;780;688;667
718;643;643;571
785;684;659;608
810;634;647;677
804;680;674;652
813;788;759;680
772;629;699;673
765;598;669;657
703;554;648;561
755;580;664;669
793;411;653;749
812;704;694;645
699;714;697;520
758;636;680;650
773;473;658;730
774;545;662;735
772;413;645;741
740;523;649;640
741;523;649;640
778;674;684;597
756;578;657;644
782;721;710;639
766;742;718;629
789;640;676;642
735;733;707;508
782;640;685;656
770;645;673;633
783;632;669;646
732;683;672;578
743;532;649;627
769;568;643;623
757;745;703;586
739;513;648;623
792;646;674;618
755;652;658;615
712;624;654;592
801;655;664;635
793;688;709;673
813;715;670;627
783;774;704;436
766;679;678;626
792;668;707;678
787;594;673;656
794;610;672;663
765;635;656;625
777;611;659;620
755;576;659;634
815;716;717;692
817;744;730;701
763;752;728;659
798;717;653;637
779;693;731;682
789;707;652;578
778;745;718;646
757;605;661;627
780;661;688;631
804;720;697;663
738;687;674;472
792;680;709;683
801;711;701;669
790;780;717;545
739;516;644;627
762;708;717;670
783;703;653;597
783;726;707;639
786;748;710;648
812;716;712;692
794;666;704;667
735;462;626;618
788;697;653;594
805;698;682;664
796;646;614;601
775;625;654;629
741;509;642;620
761;639;657;621
742;541;650;635
760;586;660;634
757;545;653;633
796;741;667;599
770;647;652;630
766;666;692;617
756;612;654;620
757;557;662;667
755;670;687;619
751;587;660;620
765;700;703;633
744;551;656;627
776;660;685;640
747;507;635;614
786;634;650;620
776;626;657;629
811;727;662;650
796;703;709;677
757;664;684;575
741;521;643;631
794;743;645;613
740;538;647;634
756;658;678;592
743;560;647;620
814;716;640;599
773;617;658;638
771;683;675;607
770;734;712;638
785;590;670;686
773;584;686;644
807;685;661;641
721;601;654;594
763;583;659;647
802;721;712;675
772;592;659;637
785;685;692;632
730;742;715;596
795;719;680;644
793;744;702;673
744;501;638;622
764;584;679;689
747;554;657;635
763;471;626;702
785;620;664;638
749;544;654;639
758;598;660;641
777;617;655;642
773;687;656;619
783;666;649;629
801;683;687;677
795;687;683;656
730;670;691;654
768;656;646;618
773;698;688;633
806;693;722;694
766;752;709;623
792;650;689;663
782;640;665;633
796;670;672;652
770;731;713;664
751;639;644;610
819;780;653;641
741;621;682;628
799;661;676;664
799;661;682;661
766;604;654;639
816;723;691;641
766;616;650;631
744;529;648;641
740;490;637;623
784;559;660;640
758;751;716;597
769;657;647;622
754;616;645;618
747;572;664;639
713;700;673;539
760;652;657;622
767;608;654;635
759;635;657;625
803;689;686;662
744;646;686;607
746;520;650;630
822;699;644;603
756;674;675;634
809;775;667;589
816;743;662;645
784;721;677;607
745;545;652;641
758;583;652;641
774;615;697;660
758;623;691;653
746;536;646;635
758;637;662;628
725;663;659;576
784;707;637;596
758;591;661;637
790;602;663;643
762;564;675;664
810;689;696;698
794;665;688;668
714;704;684;596
750;593;671;630
771;648;695;661
795;671;708;681
774;611;674;648
783;679;694;662
798;656;653;626
727;754;696;538
803;670;647;634
779;622;656;640
796;700;706;674
807;677;700;694
773;697;701;661
715;738;693;572
765;678;691;624
770;678;647;623
761;607;649;632
811;752;679;616
756;716;683;591
772;588;685;696
789;514;662;742
790;598;693;723
768;549;671;693
816;544;693;791
764;557;668;664
748;513;654;639
800;739;652;599
783;647;689;632
789;617;661;647
818;705;676;645
747;529;654;641
792;718;764;723
787;612;657;624
774;677;689;632
748;512;650;635
761;527;653;649
747;502;648;634
715;678;657;536
764;578;678;689
744;475;643;622
753;492;649;663
769;605;648;615
788;655;653;648
766;681;700;645
789;604;640;626
804;681;681;654
744;521;644;636
652;718;668;535
749;609;660;585
810;734;663;622
819;687;663;623
758;565;652;632
808;765;665;603
752;732;714;596
795;729;651;584
764;711;681;554
745;565;620;618
765;630;656;633
775;764;654;594
820;784;649;681
731;706;693;556
781;692;664;602
811;662;650;641
785;704;652;608
804;664;658;631
817;691;687;664
795;622;639;613
816;728;649;558
727;706;679;578
759;634;677;640
779;739;683;613
781;644;668;646
761;615;689;650
803;768;708;597
794;728;688;631
753;725;707;589
777;682;653;609
739;515;560;575
743;547;641;624
749;765;722;602
740;524;645;626
782;683;673;653
760;727;688;509
809;716;689;675
776;717;652;624
775;669;675;652
815;764;732;670
743;645;656;597
789;689;661;604
738;617;684;580
743;539;648;626
762;726;644;594
775;757;654;597
744;546;652;632
742;526;642;632
767;577;662;661
806;732;680;633
767;611;652;631
742;539;648;634
784;716;632;578
765;760;685;558
804;759;648;589
743;550;650;632
792;640;639;620
764;579;641;623
766;585;653;639
751;536;653;634
747;648;678;606
767;639;671;628
806;711;658;606
797;646;666;643
726;756;684;357
760;579;672;631
791;667;686;662
744;656;674;606
740;512;645;624
713;753;716;445
739;513;641;629
753;570;639;621
804;678;650;608
753;631;647;613
758;599;651;612
816;728;691;648
778;746;659;549
688;731;689;529
828;657;644;606
746;690;674;575
791;708;695;642
802;710;689;669
809;656;686;687
800;677;674;613
781;635;661;631
767;763;730;656
756;598;669;634
790;733;656;619
803;680;695;676
819;718;657;613
755;536;645;637
742;570;656;633
768;679;651;608
774;746;684;567
796;709;672;647
712;752;690;463
757;581;675;636
801;695;683;661
810;701;663;629
745;539;652;639
736;522;644;628
756;527;645;632
786;713;716;661
749;610;676;607
739;502;644;625
740;699;666;444
790;705;697;661
768;589;644;631
741;548;649;638
794;540;588;647
769;512;558;615
753;608;639;597
744;532;650;628
766;757;758;664
758;633;681;634
756;649;681;638
773;622;662;656
765;593;620;604
790;770;693;527
786;608;621;646
716;744;705;568
773;642;641;596
764;644;653;623
814;772;663;602
790;754;706;638
760;590;684;642
803;691;639;616
813;731;685;630
757;598;674;641
753;559;647;634
820;712;698;677
725;767;687;499
775;669;653;604
765;579;637;628
802;696;686;655
741;530;644;635
783;692;649;618
765;650;647;625
742;546;652;641
820;700;696;700
782;728;729;688
743;543;654;614
759;621;666;625
801;706;655;614
819;653;655;643
791;664;715;657
745;521;652;633
