686;633;645;667
704;655;664;673
681;590;616;672
710;647;631;672
718;666;660;675
685;637;619;672
746;686;625;671
666;544;578;662
724;661;614;661
687;631;609;666
715;664;610;661
698;632;620;667
709;701;624;671
672;667;623;666
673;655;617;663
726;683;618;664
716;667;629;670
685;665;623;645
679;705;626;662
659;605;613;669
695;638;618;664
734;715;619;651
748;684;635;672
742;700;629;669
670;600;609;668
691;683;652;667
698;657;624;670
669;635;613;668
716;656;630;668
666;582;605;667
661;659;613;663
713;678;636;667
671;629;624;666
685;610;627;673
706;687;653;667
701;637;627;667
710;635;621;675
692;621;619;670
701;646;624;671
672;665;618;666
728;707;640;672
677;601;617;673
676;608;620;674
712;650;628;669
692;618;632;670
676;573;616;669
668;544;610;666
674;567;613;665
711;684;644;656
693;600;605;661
705;647;631;662
682;587;616;667
722;648;658;683
668;622;612;665
734;673;638;668
668;635;625;665
683;576;617;667
718;613;613;681
725;686;659;669
725;668;636;667
722;663;621;668
729;661;615;665
724;663;616;664
730;669;626;673
706;637;622;670
662;565;590;657
700;627;617;664
684;588;605;657
676;559;592;658
691;598;617;663
672;577;604;663
762;701;702;726
667;532;591;665
716;651;634;670
697;637;638;673
673;621;621;667
689;631;624;654
709;639;617;663
705;632;620;669
713;616;619;660
707;620;613;660
708;655;619;662
680;577;611;664
703;629;618;661
763;702;637;673
715;626;619;667
703;688;615;652
720;651;627;665
726;682;644;666
703;631;623;663
668;544;588;659
728;646;605;657
673;559;607;666
668;652;647;626
722;648;622;668
701;624;609;657
677;571;613;667
677;589;613;665
749;711;625;654
657;527;596;662
681;576;611;665
680;609;616;665
683;567;608;662
742;641;645;693
681;575;611;668
670;555;598;659
676;573;610;667
675;601;607;663
673;583;604;664
671;580;610;666
668;584;602;660
690;605;623;669
712;639;630;669
700;632;624;669
733;657;618;682
677;601;615;667
731;647;630;664
714;668;654;674
714;651;629;670
709;642;627;664
696;623;623;666
705;644;609;660
743;690;637;664
679;567;606;664
695;651;631;668
679;727;660;567
682;642;620;668
758;697;642;686
690;604;617;667
692;592;616;673
731;662;617;660
714;632;619;667
674;558;603;664
704;671;629;660
679;584;616;669
668;577;586;662
734;676;623;666
679;575;610;668
713;646;621;664
669;537;579;650
678;619;618;665
682;609;616;671
668;621;616;664
705;661;636;673
705;645;628;667
678;571;613;670
693;635;627;668
704;648;642;674
661;707;646;626
691;599;614;667
683;600;616;670
706;625;610;663
667;625;617;649
700;676;634;648
726;652;620;666
695;644;638;671
679;604;616;669
713;661;631;669
682;585;616;671
680;581;612;672
709;618;614;674
708;634;618;671
704;678;640;656
713;646;618;663
704;641;616;668
673;642;608;665
695;648;617;666
703;627;614;661
682;608;614;669
714;658;624;668
677;611;603;666
707;678;621;662
681;573;608;671
691;609;618;669
676;573;604;670
674;664;642;656
711;636;625;667
679;600;609;671
672;577;610;672
676;614;615;671
686;613;620;672
752;690;617;677
686;597;615;672
709;648;614;664
753;699;669;697
684;605;620;675
719;627;622;676
690;671;617;663
687;645;615;664
692;601;619;670
684;585;603;667
706;628;642;679
706;611;627;686
679;636;616;668
682;595;616;674
674;617;609;663
673;576;606;670
680;588;614;669
735;671;643;685
676;666;619;666
715;617;625;684
732;674;645;685
680;595;615;671
687;625;623;674
674;617;618;669
683;584;615;670
731;631;650;699
683;620;617;667
690;657;623;667
681;653;624;667
762;699;631;670
692;618;623;675
723;705;664;661
682;594;616;669
717;691;632;661
679;593;616;673
681;600;617;673
682;599;610;669
700;647;640;670
674;562;601;670
725;665;631;669
676;579;609;673
673;568;603;671
690;608;623;675
679;594;615;674
680;579;600;668
679;556;600;668
676;584;614;671
719;646;623;669
679;608;615;667
675;577;614;673
743;678;650;688
716;662;639;676
704;641;624;673
759;709;680;693
727;657;613;668
713;670;643;672
703;637;630;673
667;575;581;662
715;650;611;673
729;685;626;663
750;669;638;671
696;617;624;671
717;647;632;674
714;644;625;670
718;659;630;669
685;591;620;670
726;668;634;672
683;680;623;667
689;656;626;669
684;632;618;672
718;706;626;664
697;638;626;668
706;623;622;666
750;744;707;669
678;590;613;667
683;671;623;664
697;598;618;680
702;620;632;670
684;577;623;673
690;597;624;666
686;576;619;673
709;579;607;679
729;666;628;673
716;623;617;671
688;603;622;674
702;659;620;615
680;617;619;668
684;575;603;670
689;610;622;672
689;600;626;673
689;593;624;674
687;590;621;674
699;674;671;670
694;588;622;677
707;586;626;676
687;579;620;674
730;658;635;671
685;584;615;673
702;631;629;674
710;669;664;666
682;590;618;668
677;588;615;669
681;627;618;668
675;614;625;669
684;579;621;667
719;634;650;680
721;660;639;674
690;650;624;668
689;600;623;673
691;674;653;658
689;591;623;671
718;659;624;648
695;604;627;675
714;645;626;670
684;634;621;668
696;690;635;662
692;603;629;673
693;649;628;649
680;587;622;672
720;632;622;672
721;646;635;682
676;605;620;673
686;610;624;676
701;623;629;680
727;647;611;677
710;639;622;655
709;630;626;670
695;616;629;678
723;639;637;678
718;650;627;671
727;724;629;672
706;676;635;667
720;636;631;669
708;643;630;676
679;600;622;669
681;579;620;673
680;566;611;671
679;599;629;658
708;629;629;676
706;632;625;671
701;652;645;668
699;604;612;668
765;678;628;672
715;651;638;673
696;614;624;676
689;655;642;673
683;602;615;677
711;609;605;668
752;664;635;681
692;601;622;673
718;652;629;677
670;572;612;672
754;657;556;647
702;611;614;672
676;538;591;670
699;611;621;671
690;590;621;673
723;654;628;680
686;605;614;677
682;692;641;661
682;606;615;672
691;600;624;682
678;581;613;675
705;615;611;672
719;657;635;673
713;647;627;674
718;666;632;665
719;663;632;675
707;629;625;673
685;622;627;674
713;647;631;676
686;583;622;677
706;644;627;668
684;590;623;677
682;566;611;673
712;640;622;668
712;627;616;669
682;599;618;673
693;618;632;678
684;583;616;673
702;628;628;675
695;605;618;671
693;629;636;677
707;644;629;676
709;653;637;670
742;710;684;691
702;628;641;680
690;610;633;680
716;628;622;672
681;571;617;673
704;617;634;683
738;687;644;678
670;537;594;670
689;642;626;670
723;657;634;674
691;599;625;680
694;612;625;677
713;624;629;681
686;600;628;679
694;604;628;683
700;619;631;678
728;660;632;675
733;669;627;676
688;608;629;680
710;636;636;684
688;669;623;674
708;688;637;675
707;648;632;671
707;634;623;672
697;630;633;678
736;672;628;674
692;608;623;680
718;742;672;624
734;686;657;674
690;596;623;680
704;616;610;665
680;688;622;666
721;700;636;668
695;604;631;682
720;646;619;677
686;599;627;678
681;584;617;674
725;666;624;670
678;658;624;671
679;667;625;670
703;717;627;667
682;590;620;679
687;601;626;676
682;613;623;658
683;592;621;675
684;590;624;675
682;588;622;676
685;657;648;669
691;598;625;677
716;673;629;667
701;628;625;677
710;654;635;677
712;653;625;676
694;642;633;684
718;643;631;677
688;601;631;679
698;616;627;679
717;652;631;677
725;663;639;682
727;668;638;680
690;603;629;682
685;602;628;681
669;688;632;671
733;690;642;680
680;604;632;680
691;614;630;682
727;665;636;674
727;704;665;675
679;550;611;668
688;630;629;675
705;633;635;676
680;659;630;673
743;709;639;666
682;605;622;675
692;606;632;680
706;621;628;679
680;548;603;674
695;629;634;680
682;662;627;670
728;686;636;673
706;700;636;670
728;651;660;687
715;640;632;678
728;688;659;682
700;650;609;662
755;668;639;676
736;641;633;682
679;573;620;676
684;575;617;676
718;652;629;676
691;594;615;675
742;714;643;678
682;612;621;676
722;677;661;684
676;637;619;671
703;623;632;680
762;697;692;715
725;671;647;683
712;642;631;676
744;674;653;698
707;647;625;671
740;692;659;682
716;671;646;677
709;664;641;681
692;596;631;681
708;644;637;680
690;742;700;635
715;669;665;670
689;622;636;667
694;628;627;665
705;643;637;674
697;625;628;663
710;670;652;662
689;632;634;665
693;607;632;671
685;600;620;666
693;641;633;666
692;673;632;662
675;677;631;661
684;564;607;656
692;615;631;666
689;598;627;666
680;543;597;667
729;662;644;668
690;614;634;673
692;610;637;674
646;652;645;657
691;606;632;667
723;669;634;668
712;645;629;669
688;604;630;670
695;609;630;674
690;608;626;670
688;582;618;667
691;647;634;667
726;670;646;674
716;663;637;671
682;589;618;663
714;655;633;666
727;692;666;668
734;686;630;663
691;614;633;671
717;694;675;673
720;674;636;671
731;680;636;671
732;694;645;678
712;664;628;672
674;585;605;673
732;696;637;678
684;602;625;667
699;654;637;665
700;728;613;650
697;651;621;666
680;625;627;671
722;667;637;678
686;610;621;677
685;611;624;676
679;602;620;675
671;577;597;672
703;633;619;672
696;622;631;677
706;680;638;682
676;619;623;676
679;607;627;677
738;640;609;685
688;671;638;656
704;633;625;673
696;678;648;666
677;607;623;672
768;700;631;675
704;655;628;673
680;614;617;672
680;598;621;674
685;606;616;673
674;602;613;675
698;634;612;672
679;644;620;653
677;583;607;671
706;642;632;679
690;597;626;680
693;609;631;681
715;659;640;678
690;612;631;682
736;715;635;671
714;695;639;679
686;608;633;680
698;620;636;684
703;643;638;682
707;664;610;671
716;631;630;687
708;629;635;681
703;643;628;671
735;699;660;683
700;653;645;675
680;621;622;675
687;632;627;679
703;627;632;687
735;698;646;682
721;753;676;667
673;583;611;678
710;653;626;677
672;562;595;677
667;640;609;676
684;730;672;638
734;699;636;682
693;618;632;686
722;661;636;679
704;637;609;671
710;658;626;672
703;630;640;681
740;694;637;680
678;598;617;679
670;606;611;675
673;715;646;664
692;653;633;679
706;644;621;678
680;621;628;675
682;603;619;676
696;622;623;678
684;615;628;680
707;649;637;678
681;608;622;682
678;642;625;678
645;685;646;670
723;680;637;678
724;682;637;681
696;639;630;677
673;612;611;672
727;683;626;679
697;636;626;679
689;624;624;679
699;625;629;677
691;620;632;682
726;682;625;665
676;604;617;677
