654;443;607;561
693;580;612;523
704;597;603;523
668;471;629;569
649;439;601;556
667;443;602;608
644;453;593;569
646;453;593;568
683;443;605;595
681;530;612;555
648;445;598;562
703;486;609;568
656;520;621;510
648;438;597;559
650;425;596;561
652;470;594;552
647;442;590;567
639;424;575;555
645;451;595;564
678;531;603;560
647;450;591;563
648;453;591;568
671;457;606;623
668;464;607;616
669;451;602;621
651;460;595;575
666;460;608;604
651;460;597;574
649;453;597;571
653;518;599;562
634;451;573;551
640;431;582;557
688;488;622;597
710;568;661;576
642;381;548;554
722;556;601;557
650;439;596;567
651;454;601;569
684;538;622;567
671;489;589;554
656;466;593;546
673;444;595;591
731;575;622;574
656;441;583;565
649;458;596;564
701;574;639;563
647;463;595;569
667;499;595;566
633;435;583;564
652;446;591;565
647;440;585;568
664;471;609;568
659;466;613;573
653;445;595;575
646;421;591;562
651;461;596;570
649;453;597;568
712;511;607;609
648;457;603;571
651;444;599;566
670;424;578;563
673;542;614;568
650;446;590;571
670;458;593;569
719;543;605;557
657;451;598;578
662;470;609;574
654;456;598;567
663;511;611;567
716;587;659;604
652;457;598;570
716;568;660;628
694;582;649;598
729;554;595;570
737;595;630;587
655;465;601;579
657;471;603;572
697;525;609;574
715;535;636;602
718;671;658;571
657;451;602;574
668;469;598;574
680;533;598;571
655;467;605;576
656;486;602;570
665;458;585;558
685;508;635;580
655;459;599;566
705;611;637;564
653;425;586;563
660;455;607;562
661;471;603;565
660;514;608;550
677;533;635;558
655;418;576;559
660;455;606;570
660;460;607;562
668;399;579;586
661;444;601;573
658;441;597;560
689;545;649;590
657;458;599;575
686;546;610;565
658;457;595;574
653;447;573;558
660;472;602;574
707;532;602;575
688;513;601;576
657;465;597;577
679;570;648;567
657;443;591;567
680;523;607;554
661;470;606;575
655;505;586;567
686;561;606;561
673;565;647;577
662;564;638;562
655;453;582;571
675;477;609;589
660;463;602;578
720;598;649;578
688;594;661;573
659;459;607;577
691;534;630;579
728;631;646;577
652;439;594;575
685;484;605;567
649;457;597;574
679;497;607;580
697;511;634;606
694;522;636;607
661;463;604;577
662;469;603;578
660;470;601;575
682;621;669;576
657;464;604;575
660;470;610;579
703;570;614;561
692;496;623;587
722;506;632;615
671;559;643;557
661;470;605;572
659;471;603;576
683;489;602;563
716;581;625;589
659;476;602;583
682;480;616;633
660;478;602;583
685;511;635;602
696;572;630;571
657;457;593;575
662;462;599;577
682;557;622;560
678;539;627;578
712;491;616;618
681;541;643;576
658;462;600;579
688;545;603;564
676;512;616;572
722;599;674;605
686;490;603;579
736;601;633;582
662;471;603;582
662;470;603;582
660;477;602;580
729;659;635;521
663;479;603;579
694;535;624;572
657;454;590;580
679;552;625;569
659;478;602;580
659;479;603;581
661;482;605;582
656;430;577;572
664;446;581;581
669;555;610;545
656;466;595;579
660;474;601;580
681;534;620;574
711;513;618;621
687;522;632;598
686;528;635;582
677;609;657;559
645;425;572;574
656;475;599;575
703;534;633;605
655;468;597;577
659;470;602;577
659;476;605;572
659;466;599;572
693;568;658;584
743;603;618;586
654;448;587;574
660;479;602;581
681;480;614;629
679;486;616;621
677;485;613;616
698;515;637;652
687;512;625;636
691;487;622;646
666;545;621;574
662;488;603;579
659;470;600;579
708;532;616;584
713;579;644;603
670;525;613;572
656;514;604;570
681;559;636;567
723;613;638;573
655;495;605;578
690;564;618;579
662;491;611;584
707;580;617;576
658;468;603;583
662;475;607;586
660;483;604;586
672;521;617;573
653;467;608;565
720;545;644;599
660;474;603;582
661;497;609;585
686;534;602;568
649;446;599;577
670;494;607;578
648;419;565;575
661;477;601;582
730;629;620;564
666;472;600;580
670;499;625;578
661;458;595;580
628;455;567;490
652;427;573;577
687;544;610;575
649;479;585;565
660;480;600;582
684;496;618;601
661;485;605;585
696;515;628;610
716;567;653;630
710;618;645;591
659;466;596;589
662;485;602;582
683;532;555;541
661;482;602;583
659;469;598;583
663;478;603;583
662;478;606;585
664;473;599;596
715;612;621;597
676;626;648;568
668;583;640;559
686;572;658;596
690;577;621;580
687;568;625;586
727;587;612;571
669;562;639;573
660;498;592;562
671;514;596;579
701;590;605;573
700;624;651;579
660;480;597;583
652;563;604;565
705;531;608;585
661;485;600;584
697;603;616;577
659;461;583;579
657;481;594;583
660;490;597;583
701;580;641;594
680;538;645;603
750;607;675;663
702;551;580;566
720;571;644;608
662;610;644;566
665;493;605;589
723;591;639;566
671;518;602;577
662;472;586;569
652;445;578;576
662;486;602;585
689;519;620;595
714;573;650;611
673;606;644;579
664;491;604;586
680;555;607;559
696;513;597;588
666;481;597;584
689;516;620;592
750;615;603;573
661;456;589;583
665;495;605;588
694;559;610;579
674;558;642;581
763;649;645;581
661;503;617;585
716;579;633;602
660;484;604;587
676;574;649;543
711;623;645;580
661;476;599;580
704;531;620;588
691;532;619;586
723;564;622;587
664;489;608;588
661;485;602;582
673;621;657;559
668;587;646;568
663;482;605;586
691;532;606;585
698;537;602;586
663;482;601;587
662;485;602;584
666;485;610;587
653;449;587;573
666;474;600;588
658;468;592;580
663;482;608;578
683;462;590;637
698;573;620;581
677;634;661;558
660;488;604;583
688;522;594;580
738;610;628;584
689;527;611;583
682;552;589;570
686;540;611;578
711;581;653;622
661;457;596;565
666;485;609;588
665;558;628;572
660;474;593;582
730;623;597;559
662;480;597;586
665;517;629;574
660;519;596;583
657;483;599;587
682;513;617;600
662;486;595;589
680;502;612;615
679;493;587;586
672;502;590;589
647;546;593;550
679;530;590;559
659;481;589;583
658;466;589;588
755;607;584;555
652;518;603;556
659;455;579;574
730;628;613;587
662;467;592;587
677;580;642;568
662;550;603;577
662;542;653;580
702;588;625;579
712;573;622;597
682;579;652;574
663;476;597;585
659;449;587;583
664;504;623;581
690;500;587;579
726;624;651;584
666;488;605;589
666;498;603;587
662;493;604;584
726;587;641;629
663;491;602;591
746;606;614;589
665;479;601;592
666;471;597;582
706;526;574;564
677;495;591;581
701;517;593;565
682;497;599;582
664;487;596;584
674;536;625;581
660;484;593;582
719;556;634;597
683;588;660;583
680;524;521;510
686;546;613;583
699;525;625;612
727;569;638;628
743;607;622;601
672;475;589;591
666;483;600;588
667;481;602;585
677;485;619;586
663;449;586;587
664;474;595;585
676;519;627;581
733;574;645;596
689;576;642;582
727;582;617;607
669;468;597;591
697;557;618;575
663;476;602;592
689;530;591;565
662;462;591;587
712;542;636;618
691;571;641;586
680;487;604;580
655;542;614;536
661;471;595;579
699;572;610;575
667;478;601;587
672;487;612;585
683;516;625;597
666;482;597;587
679;574;650;579
665;479;598;590
690;465;597;642
679;487;605;612
696;498;611;639
687;491;614;635
668;493;601;594
692;555;643;596
695;546;646;604
662;579;617;570
666;497;603;586
689;609;658;586
662;470;601;591
666;470;599;589
711;568;614;591
673;480;613;595
736;563;655;634
726;644;673;588
670;561;636;566
651;476;604;585
698;580;642;598
681;562;604;584
652;468;597;592
701;516;633;599
656;487;603;591
653;486;600;590
653;539;639;623
709;547;638;626
677;516;613;600
674;515;607;593
658;588;653;583
656;481;603;589
692;568;643;600
660;491;608;587
699;511;584;587
662;491;606;594
664;560;625;576
678;545;636;604
708;614;674;626
739;643;670;639
707;607;607;580
660;457;568;583
660;492;604;592
663;488;601;595
670;524;602;587
692;601;622;570
653;451;576;589
662;492;602;590
707;561;613;587
662;464;591;583
662;483;599;586
663;485;601;591
678;531;604;584
681;546;608;586
699;580;635;595
684;552;615;591
682;597;660;580
660;491;609;585
685;583;618;587
663;485;601;592
663;486;605;586
660;496;604;590
664;498;612;592
739;611;653;630
661;492;606;591
677;581;619;575
663;496;609;594
664;463;586;565
665;486;614;588
697;521;617;654
675;516;605;609
691;543;630;644
694;541;631;647
690;528;623;647
681;575;632;583
662;504;606;598
707;597;665;627
678;537;634;606
657;500;606;591
675;589;626;577
672;500;603;589
736;624;630;588
662;495;609;598
663;486;605;595
707;612;605;574
725;638;654;565
680;584;647;585
665;491;610;584
663;476;597;581
666;476;606;592
700;552;631;595
748;639;639;601
664;545;622;582
664;488;609;586
661;478;605;595
690;364;488;672
728;639;598;577
656;456;565;574
723;576;627;647
667;486;581;598
663;490;581;587
673;494;586;589
668;491;583;598
664;482;583;578
663;490;581;593
658;430;547;588
670;494;584;595
663;481;584;589
731;594;607;595
663;485;586;595
710;625;600;577
666;487;587;595
672;490;581;581
656;444;566;585
724;543;612;621
664;473;588;595
683;575;611;589
737;679;641;607
704;606;600;591
712;574;639;636
669;486;598;591
660;574;616;579
663;495;589;596
715;617;598;579
660;487;594;595
711;541;617;614
682;538;611;592
652;584;636;541
664;495;593;591
697;588;645;560
704;576;595;577
759;637;610;583
768;658;628;596
674;573;636;558
706;565;621;578
672;465;599;576
671;478;601;580
670;464;595;579
670;461;599;578
670;463;596;578
670;469;598;583
689;568;638;595
674;477;602;574
675;483;600;575
680;473;601;574
684;569;618;560
680;524;615;573
701;552;628;583
673;465;601;572
690;491;601;579
674;585;624;559
700;520;604;578
673;468;599;578
703;636;624;510
706;555;617;576
672;482;603;579
656;593;626;568
660;507;591;594
684;528;589;585
661;500;593;595
729;529;601;629
662;495;594;590
662;500;598;593
659;498;592;592
659;505;592;596
649;505;553;581
659;503;591;599
659;500;590;592
660;494;592;592
678;494;576;599
661;491;591;602
689;532;604;604
673;597;633;583
667;478;598;590
710;590;620;580
669;484;595;595
669;495;597;590
697;547;613;596
668;497;594;596
665;488;596;591
666;486;596;588
660;495;596;577
664;524;602;580
664;505;596;603
663;509;597;602
749;643;604;586
662;502;597;605
682;590;621;579
668;498;605;596
715;586;613;621
659;479;587;599
658;456;572;597
689;596;642;582
694;563;595;576
693;562;607;587
663;543;596;590
664;501;595;600
668;511;598;604
666;487;586;580
669;605;645;593
657;493;593;595
675;500;597;617
683;508;607;642
675;511;598;626
664;509;594;607
657;504;586;606
661;497;586;601
729;626;600;577
651;481;610;599
627;614;633;550
659;501;595;598
700;596;633;606
689;567;588;587
679;605;646;583
660;487;596;594
665;510;635;576
661;495;590;598
687;525;632;605
685;501;606;610
725;552;638;647
702;560;624;618
691;562;619;593
710;541;592;587
667;511;595;603
694;528;617;611
728;539;619;639
678;568;625;599
712;554;623;592
680;495;621;577
729;537;632;633
723;599;647;573
666;424;570;585
737;612;607;597
687;521;625;587
735;573;627;630
661;609;629;584
664;490;595;598
714;519;630;646
730;607;663;651
673;575;605;565
713;589;631;603
686;580;653;611
700;552;621;607
661;477;581;597
688;496;598;612
664;484;590;599
667;490;598;605
668;498;594;606
646;574;597;572
716;590;607;606
665;503;593;606
735;630;645;618
695;568;592;597
661;490;591;602
661;489;587;601
675;468;604;594
685;526;626;589
686;583;640;597
686;526;632;576
689;596;642;575
759;623;619;585
698;540;585;554
671;487;593;584
653;567;663;619
647;442;575;581
