725;587;638;671
741;600;646;671
731;618;649;661
736;623;654;666
722;563;632;659
728;637;650;662
725;578;634;656
715;553;619;656
742;696;667;641
725;575;637;658
730;588;637;657
726;588;631;655
728;588;632;658
727;582;636;666
778;675;644;658
810;691;608;633
730;577;629;662
742;618;644;648
813;708;636;660
762;673;644;643
721;567;627;658
764;615;636;657
803;692;648;648
749;683;654;612
751;679;673;668
777;680;645;638
722;578;631;663
720;585;636;665
723;583;635;664
721;581;632;656
732;604;637;661
741;611;636;653
730;567;638;653
741;556;625;641
759;710;681;644
720;559;632;649
722;572;627;653
730;597;641;655
724;577;636;657
722;564;639;648
736;631;649;649
724;584;640;653
720;573;630;652
714;490;588;645
736;558;623;652
796;691;655;662
731;571;640;657
758;685;679;690
727;594;637;648
731;583;643;657
751;633;657;671
770;686;688;685
761;675;671;675
729;588;642;656
765;609;657;676
727;576;643;658
706;536;606;631
733;604;639;654
730;583;628;646
740;633;643;651
733;611;638;650
721;587;638;645
717;522;608;637
725;567;637;647
728;609;633;643
723;576;630;654
739;612;644;659
724;573;635;650
724;566;624;648
726;582;640;656
750;693;659;635
763;715;663;630
721;580;637;652
730;620;646;647
726;581;641;653
736;585;632;646
743;619;646;655
727;567;631;641
732;607;644;657
727;575;634;648
751;656;640;635
733;598;637;649
742;557;637;653
764;722;660;651
726;464;609;668
718;517;559;666
725;368;589;654
725;341;583;654
735;380;618;673
728;316;572;664
731;481;622;664
715;393;581;662
727;270;538;660
729;330;588;658
715;341;589;656
719;543;633;649
752;575;651;678
759;575;642;680
722;541;637;652
711;482;609;645
737;593;640;644
718;519;626;636
715;539;620;649
725;553;634;655
724;556;637;652
732;561;639;646
729;531;635;674
725;456;606;658
745;554;635;660
697;435;607;676
715;415;599;663
717;514;629;649
767;642;645;672
719;548;621;643
751;608;660;677
726;513;624;661
764;553;619;682
722;479;609;654
791;661;610;631
741;623;643;640
725;601;638;649
729;599;640;648
723;550;629;650
720;540;622;639
727;577;638;654
758;639;647;658
704;514;613;651
739;685;634;624
725;580;641;652
726;600;645;652
725;568;642;653
759;636;646;671
719;568;633;652
723;574;630;654
733;516;599;637
724;563;634;651
728;581;643;651
718;558;632;647
751;643;658;665
721;558;633;651
718;557;627;649
713;492;588;643
739;573;619;649
712;528;612;639
719;562;632;650
721;561;627;655
722;566;633;649
725;571;639;646
724;570;634;647
725;566;632;652
727;616;633;631
756;624;639;659
727;603;635;647
724;583;639;652
718;526;599;639
730;593;642;654
731;619;641;645
727;606;642;648
718;585;631;643
721;575;633;644
736;586;632;654
714;632;640;630
723;567;629;649
722;569;630;651
725;588;639;653
730;603;650;656
724;570;634;650
724;624;641;640
767;736;678;643
713;637;633;634
757;679;638;625
724;571;632;652
723;566;634;652
723;569;632;650
727;579;639;655
728;596;638;649
724;561;616;643
726;565;626;650
768;663;664;685
730;600;635;648
745;651;651;654
735;632;643;652
730;623;646;647
722;586;642;646
727;610;634;646
724;583;641;651
740;622;656;664
727;572;643;658
722;563;644;669
730;652;658;649
726;582;635;659
724;576;630;654
720;560;632;650
741;585;636;668
745;606;633;650
733;540;623;668
756;657;669;675
741;623;652;664
671;410;601;658
671;513;635;641
697;581;659;656
672;535;634;640
700;585;644;650
725;622;646;650
753;666;649;644
710;651;667;643
677;532;631;637
697;637;665;648
686;597;640;624
705;627;631;635
738;674;642;629
692;658;663;626
718;693;667;637
715;637;664;672
683;567;637;646
721;570;637;714
689;591;645;651
681;549;623;636
717;680;652;639
681;552;628;642
686;574;641;650
695;615;647;643
687;603;649;643
684;572;638;642
705;687;667;605
684;578;634;644
686;579;638;644
697;621;647;636
697;625;641;643
729;641;644;685
758;711;687;703
694;605;644;651
709;657;655;659
697;618;641;654
700;640;645;646
688;592;639;649
710;626;640;648
686;581;640;648
699;644;644;636
694;599;644;646
680;594;646;629
685;615;645;647
681;603;635;626
663;739;685;597
705;664;632;620
706;673;663;661
707;661;643;648
686;580;642;657
728;674;651;664
748;677;637;652
690;589;636;659
689;546;592;607
706;664;636;642
681;563;626;649
766;692;648;662
690;590;638;657
715;686;643;643
746;754;677;628
687;580;633;647
686;666;659;653
688;598;631;646
675;479;578;637
741;631;642;662
694;576;639;655
693;580;641;655
768;698;662;674
696;600;647;652
729;657;651;661
762;712;670;664
700;634;645;650
687;585;634;655
675;647;637;631
687;587;635;651
691;586;575;630
694;584;637;652
714;642;651;661
706;653;642;648
691;592;637;654
700;610;640;655
701;616;640;652
735;673;632;638
724;657;632;654
691;618;644;650
688;575;637;644
721;632;653;677
718;599;637;664
699;616;641;650
739;704;671;665
702;621;643;655
690;594;639;651
693;622;635;634
686;606;634;646
705;709;658;618
682;561;620;639
690;587;634;652
694;595;636;653
687;621;632;633
688;591;634;650
693;605;638;657
723;682;642;643
729;653;641;653
701;667;651;647
695;670;650;646
695;629;647;645
705;606;643;654
688;664;643;623
714;667;652;639
696;585;637;652
701;615;649;664
726;689;640;639
750;733;676;644
690;583;636;650
698;579;633;651
700;578;627;647
699;582;636;651
691;534;603;641
704;637;645;651
708;651;662;651
718;554;646;712
707;616;641;650
708;627;637;649
708;605;641;651
697;612;642;661
776;715;645;652
730;699;664;623
722;686;665;646
714;672;662;658
721;646;645;660
701;589;634;652
693;626;645;636
695;621;642;620
740;714;656;620
735;667;664;669
703;589;639;657
703;592;639;656
694;591;636;655
718;639;641;652
728;628;647;691
706;573;628;654
703;590;641;657
709;632;648;648
697;604;637;657
699;593;637;657
683;507;582;625
701;564;639;654
696;601;647;634
696;575;626;635
702;603;635;638
741;679;677;665
704;584;640;652
752;668;647;663
740;683;647;641
691;673;648;612
696;585;635;649
739;677;659;674
751;707;682;681
709;628;642;645
714;649;650;655
707;606;646;658
693;635;638;638
728;658;668;667
705;590;640;651
703;587;640;653
711;607;647;659
735;728;696;674
708;658;649;648
712;642;645;652
712;609;641;652
713;626;645;651
718;611;647;663
712;623;646;654
710;601;621;636
719;650;644;649
719;650;644;649
750;596;641;711
729;687;636;570
683;574;639;650
707;629;650;661
697;573;638;657
693;586;641;652
705;611;629;643
707;634;647;658
696;605;635;639
702;617;644;655
713;619;647;650
709;616;644;648
711;617;644;651
722;646;649;648
707;633;644;650
712;655;650;655
703;592;641;656
710;613;651;653
703;579;641;657
700;564;635;648
710;621;646;647
707;611;642;648
692;504;592;638
721;659;646;646
707;693;651;597
697;566;633;644
707;608;639;648
714;648;630;642
700;580;634;653
702;586;636;655
708;614;640;650
708;612;637;649
713;592;644;684
704;583;640;663
715;639;641;655
698;596;633;658
709;576;622;646
703;586;644;657
686;535;596;645
703;611;639;659
706;666;650;651
702;578;633;652
717;588;638;653
700;571;629;648
699;557;629;650
711;629;646;651
717;658;643;641
702;576;639;651
707;599;641;657
678;631;641;615
703;588;643;650
714;664;659;642
705;599;644;656
708;586;641;649
701;595;635;651
705;580;640;648
707;568;628;646
724;613;650;667
708;583;634;651
713;679;651;640
704;628;651;649
706;588;641;647
708;669;638;637
772;753;681;630
756;652;634;652
741;652;650;665
704;586;637;655
704;593;641;652
709;591;647;657
696;543;615;645
704;585;640;653
733;668;644;646
710;585;631;648
757;675;660;668
710;598;646;655
709;703;685;652
709;585;645;650
723;644;649;651
712;595;634;645
710;593;645;653
740;640;666;683
710;579;642;650
730;599;643;661
683;527;571;597
769;676;645;661
716;600;640;653
709;603;634;648
719;629;644;655
742;656;647;662
768;695;649;658
704;580;637;656
705;582;642;654
710;595;645;656
714;612;646;655
732;620;647;702
720;560;633;694
703;559;623;653
708;589;641;656
710;593;639;653
742;683;654;626
722;737;680;599
708;595;638;655
781;696;682;731
719;591;638;654
717;727;663;584
711;588;644;649
702;569;633;644
747;652;663;687
755;670;670;685
705;577;636;648
710;585;643;651
695;650;643;618
709;627;641;655
722;647;645;652
711;594;643;654
710;593;641;655
718;575;642;656
742;468;654;679
712;457;619;666
785;652;679;703
737;567;643;683
744;564;648;684
768;629;670;694
721;522;629;651
718;548;631;656
712;613;652;668
724;627;643;660
709;577;640;660
747;650;656;669
794;701;655;665
713;581;643;661
752;698;650;618
787;722;668;650
708;616;642;660
707;570;638;658
746;657;636;642
767;712;666;642
769;683;656;653
711;565;646;655
722;672;668;651
707;561;644;657
709;571;645;656
708;558;628;655
737;649;632;634
713;583;644;655
721;648;657;656
707;567;631;654
710;579;640;657
715;593;651;661
706;651;650;654
710;581;648;657
710;575;645;656
715;619;650;664
762;700;638;640
719;625;648;658
723;673;650;652
728;659;645;654
773;703;674;698
745;715;681;641
724;667;648;646
730;676;651;646
727;593;642;646
726;606;643;651
716;550;635;655
740;699;684;685
702;538;614;645
710;576;641;654
772;662;645;670
712;582;639;660
721;690;655;643
754;690;651;641
716;580;644;656
717;620;648;654
715;636;651;655
711;594;646;659
710;585;644;658
720;619;644;653
718;593;642;650
722;643;646;649
712;588;639;654
746;671;645;652
781;709;649;666
710;590;632;663
709;592;636;661
716;612;636;658
714;607;641;661
751;691;651;652
718;597;644;659
715;595;642;659
719;625;649;660
708;584;636;655
757;701;653;653
719;607;646;659
721;638;644;649
715;597;643;661
728;656;654;660
712;587;637;659
714;592;644;658
719;639;646;656
723;310;599;684
723;303;599;675
729;405;615;672
720;306;605;672
715;274;595;673
717;380;615;672
703;424;615;674
714;590;649;664
742;581;651;655
732;495;623;670
735;512;638;674
723;526;638;669
716;518;626;675
723;549;642;662
706;480;625;652
702;495;584;622
713;539;640;669
709;549;642;659
708;532;639;657
710;541;639;658
713;551;641;655
714;570;644;657
768;655;693;702
771;698;670;658
732;637;677;683
689;437;572;644
711;543;637;662
726;606;642;653
710;561;638;663
714;562;642;662
716;552;641;667
748;659;695;693
707;558;637;656
716;609;628;650
729;658;646;659
767;668;647;666
700;678;641;614
709;619;643;658
717;634;648;664
731;671;667;661
714;634;649;664
713;592;638;669
708;581;635;667
764;705;675;690
718;634;646;663
706;583;638;659
740;683;639;625
706;584;640;664
749;685;677;681
