742;646;616;706
749;667;611;689
739;647;570;689
747;589;544;700
703;655;626;700
749;608;561;702
708;645;617;695
722;657;619;699
748;705;633;692
730;636;569;695
733;690;632;693
685;582;598;696
753;638;609;711
686;560;573;693
768;684;631;706
752;679;628;694
705;626;608;717
700;608;587;695
687;646;604;690
683;590;578;694
691;648;601;696
675;579;570;697
713;642;602;701
731;625;589;694
785;674;606;706
735;667;612;693
697;638;601;692
715;673;624;697
772;690;580;697
755;692;593;696
713;634;605;701
718;647;601;698
679;589;585;699
685;593;587;702
701;624;575;697
706;638;603;705
717;703;637;699
706;638;599;700
718;650;605;702
700;608;599;705
753;661;602;706
750;686;609;702
682;626;596;685
683;593;590;701
688;614;586;696
665;526;556;692
746;621;567;697
681;589;573;697
687;647;614;695
684;592;567;691
709;660;609;697
751;673;634;715
753;709;647;713
679;557;558;692
729;641;606;701
703;603;578;700
747;629;583;705
687;643;608;696
725;667;602;696
737;648;597;704
754;693;643;717
733;680;624;705
692;658;620;699
708;668;627;702
745;686;619;704
707;631;585;698
694;622;591;702
699;622;588;698
708;628;572;696
704;633;593;701
739;671;622;703
716;673;620;693
684;598;590;701
705;675;591;693
681;583;570;697
670;532;534;686
684;606;581;695
700;621;590;695
698;642;611;677
693;629;591;687
709;627;610;700
761;654;600;697
763;710;593;688
706;648;613;692
692;648;613;694
728;704;644;703
697;639;604;696
682;591;586;699
684;588;575;699
687;645;605;691
738;646;603;703
771;727;607;665
730;692;618;641
756;692;622;690
774;693;604;687
707;653;623;693
723;659;598;685
754;683;607;697
714;595;600;701
751;640;622;714
693;643;604;671
733;677;612;688
705;671;622;694
696;660;626;683
682;548;565;688
685;556;570;691
714;611;606;704
692;585;592;695
696;622;599;697
699;597;601;697
744;649;620;710
708;616;587;691
685;652;631;688
733;682;629;694
706;620;595;694
776;690;633;718
780;698;643;727
755;676;608;691
715;624;588;691
750;695;643;706
707;643;614;699
705;661;621;683
707;623;602;693
734;631;600;695
709;590;591;703
742;652;611;705
768;706;610;694
717;656;614;686
696;619;603;698
739;653;620;710
759;698;650;720
757;692;639;704
704;666;636;698
715;643;600;695
740;669;624;703
730;636;603;705
736;643;621;709
708;614;592;696
680;611;590;681
691;637;605;687
753;648;608;698
699;631;559;673
732;675;632;702
738;644;606;697
695;651;623;694
723;658;607;692
758;678;601;692
776;697;604;692
704;661;621;679
693;617;591;683
747;681;644;715
728;658;606;694
749;699;617;684
689;656;616;676
725;652;596;688
721;641;595;690
698;594;598;695
724;636;617;708
716;686;634;696
702;650;603;678
711;636;607;699
708;611;594;700
700;656;618;690
724;671;614;695
740;664;602;691
687;599;587;689
698;636;612;693
759;667;618;699
718;676;638;696
697;646;608;698
736;708;623;685
736;689;630;693
759;712;598;677
748;673;603;698
715;638;593;696
763;715;604;692
685;653;620;681
708;647;610;698
746;675;642;710
756;675;623;699
733;640;619;712
688;585;579;694
700;589;592;706
698;617;585;690
762;665;628;719
704;618;583;693
725;646;598;691
747;686;625;702
723;632;621;707
746;669;631;708
701;617;587;691
690;583;592;695
756;632;600;705
684;549;562;689
750;694;629;692
685;560;571;693
712;678;629;691
711;603;605;706
744;626;602;704
723;594;590;707
752;618;607;722
745;666;638;714
754;625;584;701
673;616;591;682
680;563;562;694
748;684;583;693
672;569;566;695
683;592;584;699
688;593;571;702
762;660;591;698
696;645;602;680
719;684;631;710
690;612;599;698
728;685;618;699
737;675;599;698
741;637;606;710
706;660;627;706
697;615;598;702
703;660;610;699
750;680;615;713
688;593;577;703
704;628;602;705
688;619;589;697
695;624;585;699
716;632;597;705
693;620;582;698
726;666;637;711
737;705;645;708
700;622;596;704
721;632;599;705
711;624;604;713
726;649;621;706
687;590;573;697
687;596;575;697
688;603;590;701
732;653;618;709
741;640;591;699
691;653;606;694
693;612;587;702
691;612;575;698
689;588;577;698
737;630;588;701
760;651;571;700
767;703;596;697
695;635;603;702
694;615;565;693
747;695;629;705
753;677;624;712
739;742;669;706
716;636;600;699
743;688;603;696
713;651;598;700
685;603;594;701
732;642;596;699
764;665;588;698
745;698;633;702
742;690;594;696
710;663;605;696
737;675;625;713
735;664;627;716
683;574;572;696
715;581;588;725
687;598;571;692
685;583;568;696
724;638;602;702
781;680;602;697
710;614;569;695
736;696;619;696
751;703;605;693
715;643;596;700
679;579;570;699
687;597;574;698
723;669;605;697
722;676;606;699
691;595;573;691
727;638;597;701
781;682;606;701
716;630;598;700
690;606;593;703
693;646;616;699
689;606;590;700
691;603;589;702
793;679;623;719
691;606;593;702
697;651;613;702
720;643;594;699
691;608;593;701
698;620;597;703
693;608;588;702
701;614;566;698
733;685;604;699
708;679;624;699
695;618;571;700
734;642;595;704
765;671;605;709
712;695;639;694
724;655;597;700
715;623;592;709
758;669;637;730
693;609;595;705
721;633;597;705
704;676;628;704
688;598;588;700
730;670;604;702
693;620;587;699
750;659;619;714
673;588;584;696
754;647;608;707
692;625;583;687
728;713;647;700
711;666;607;699
711;639;600;703
762;674;601;706
760;706;606;703
684;681;633;687
722;618;568;704
765;678;626;715
759;682;608;701
710;684;635;704
752;644;552;685
735;650;601;703
733;676;599;697
729;669;589;693
710;673;626;698
736;685;624;701
739;661;620;709
755;650;586;687
678;582;573;697
723;656;607;699
676;618;569;686
682;594;579;701
697;606;586;705
735;688;629;708
748;653;607;702
773;670;574;694
684;603;588;699
707;655;627;704
719;623;563;692
724;633;590;703
681;608;577;698
690;647;610;699
688;606;587;700
728;684;601;695
702;622;590;698
699;624;599;701
694;653;626;702
736;681;599;696
744;695;625;706
730;645;610;714
766;673;619;715
733;648;608;707
696;653;610;694
680;594;577;696
682;582;569;699
753;653;606;704
714;688;636;704
692;616;593;695
694;623;590;698
739;670;627;707
704;622;597;703
694;619;590;700
779;688;624;710
789;734;630;701
716;691;634;699
720;650;605;698
720;631;605;711
776;664;624;732
753;651;594;704
741;662;601;694
738;715;640;698
690;524;533;704
680;574;574;696
679;583;590;696
701;632;591;697
679;584;589;698
677;571;569;698
759;660;600;700
678;576;570;697
686;598;575;696
698;668;624;698
690;614;578;696
730;646;600;706
776;700;628;719
784;711;650;737
755;697;630;710
703;620;575;696
759;727;662;720
686;608;567;696
718;642;591;701
694;612;587;697
679;571;569;696
767;664;605;704
680;596;589;697
706;619;599;702
756;718;640;705
679;568;564;691
711;592;559;705
713;640;591;697
746;673;619;702
751;658;604;701
729;678;623;696
680;578;572;693
725;650;621;702
704;606;595;708
671;527;545;689
717;654;592;675
685;620;590;699
693;630;606;705
729;647;618;709
739;655;599;704
725;666;605;700
667;604;587;689
685;596;586;698
716;663;565;685
715;676;628;696
684;622;593;699
712;708;634;697
741;634;563;691
774;689;636;740
686;607;599;699
720;623;590;697
692;590;578;695
684;588;577;698
686;645;612;703
682;600;588;700
687;609;586;700
692;654;607;698
688;615;601;703
723;662;602;703
738;646;604;713
706;652;613;703
685;586;577;699
716;618;596;697
778;692;640;727
704;619;600;702
687;626;587;693
724;654;629;711
750;686;643;716
755;704;639;707
692;621;599;702
730;637;596;704
759;661;600;704
737;640;607;711
723;654;597;699
722;640;608;710
756;718;656;716
709;721;655;704
714;651;585;698
773;686;622;720
743;668;598;706
735;671;600;703
741;643;601;707
690;665;627;700
718;661;605;698
730;675;625;709
755;677;633;721
719;633;614;715
700;669;624;693
750;653;599;702
747;672;598;695
694;609;585;699
699;614;594;704
703;679;634;694
681;627;594;696
755;647;591;703
788;722;606;704
711;645;597;703
683;644;613;694
687;606;589;696
712;645;625;708
700;608;588;701
679;651;613;694
682;595;574;699
694;618;575;699
753;666;617;714
760;656;609;725
785;718;651;735
765;721;648;736
686;637;589;691
705;630;587;694
691;574;562;701
674;546;554;693
719;645;598;698
730;639;608;708
701;620;581;700
687;607;584;701
754;647;616;730
753;664;622;723
785;712;643;737
766;722;648;734
660;522;492;666
682;558;552;691
722;641;586;697
756;658;604;697
777;683;592;697
694;667;630;701
701;662;606;697
679;591;573;697
677;597;590;698
687;616;596;703
698;634;589;692
675;579;570;697
712;632;569;693
730;625;568;694
673;573;566;697
690;645;609;701
684;597;576;702
770;700;602;702
756;693;597;696
686;600;577;703
667;521;537;696
748;715;640;703
730;716;634;699
707;632;596;703
684;601;586;702
720;696;636;698
682;588;573;698
746;679;605;704
710;661;615;704
756;700;623;702
781;722;615;702
710;689;622;697
686;605;586;698
719;637;608;710
779;689;633;736
722;663;631;705
752;702;637;709
732;703;628;693
695;626;588;701
687;611;593;706
697;664;594;698
689;663;619;693
706;619;587;702
713;628;587;696
678;594;581;702
676;581;571;698
675;566;550;695
703;638;595;701
673;632;587;686
687;602;583;697
737;648;603;699
732;645;602;705
705;637;593;697
696;619;604;704
749;680;627;707
692;637;614;699
723;649;620;710
688;611;593;703
758;675;596;698
653;630;606;692
644;530;520;687
685;636;588;694
744;668;607;708
674;586;571;697
690;620;573;694
691;659;628;701
687;610;597;698
702;585;563;699
742;690;609;680
702;639;594;694
725;697;639;699
713;642;609;703
739;673;623;705
764;675;604;702
740;680;598;700
776;670;622;719
729;733;672;713
678;587;575;696
786;688;644;757
752;631;591;725
719;658;610;700
736;709;646;704
700;624;584;697
758;646;581;690
685;604;588;701
741;662;621;708
757;666;621;720
688;654;612;696
730;651;608;695
698;603;602;700
732;637;614;705
748;664;617;695
738;679;627;690
694;641;610;690
717;620;604;700
693;586;591;694
719;714;651;698
715;639;614;711
700;611;603;693
714;623;537;680
733;693;631;687
765;672;612;691
674;617;567;675
698;613;588;695
694;615;579;698
715;627;591;702
707;611;567;694
703;683;644;707
675;557;559;692
748;687;613;702
682;607;590;698
682;588;574;698
721;671;618;697
688;593;571;692
