700;510;542;655
700;510;543;655
700;510;542;655
700;510;542;655
700;510;542;655
700;510;542;654
700;511;542;655
700;510;542;655
700;510;542;655
700;511;543;654
700;511;542;655
700;511;542;654
700;511;542;655
700;511;542;654
700;510;542;655
700;510;542;654
700;510;542;655
700;510;542;655
700;510;542;655
700;510;542;655
700;511;542;655
700;511;542;655
700;510;542;655
700;510;542;654
700;510;542;655
700;510;542;655
700;511;542;655
700;510;542;655
700;511;542;655
700;510;542;655
700;510;542;655
700;510;542;655
700;510;542;655
700;511;542;654
700;510;542;655
700;511;542;655
700;510;542;655
700;510;542;655
700;510;542;655
700;510;542;655
700;511;542;654
700;510;542;655
700;510;542;655
700;511;542;655
700;510;542;655
700;511;542;655
700;511;542;655
700;510;542;655
700;510;542;655
700;511;542;655
700;510;542;655
700;511;542;654
700;510;542;655
700;510;542;655
700;511;542;655
700;511;542;655
700;510;542;655
700;510;542;655
700;510;542;655
700;510;542;655
700;510;542;654
700;510;542;654
700;509;543;654
700;510;543;654
700;510;542;654
700;510;543;654
700;510;542;654
700;511;542;655
700;511;542;654
700;509;542;654
700;508;541;655
700;509;542;655
700;510;542;655
700;510;542;655
700;510;542;655
700;512;543;655
700;512;542;655
699;510;541;655
699;509;541;655
700;510;542;655
700;511;542;655
700;512;542;656
700;514;542;656
699;510;540;656
698;512;540;656
697;513;536;656
698;516;540;658
697;515;539;658
697;517;539;659
697;516;536;659
696;513;533;658
696;516;536;659
696;517;537;659
697;517;539;660
697;517;539;660
696;516;536;660
696;516;534;660
695;517;533;660
695;518;535;662
696;519;536;662
696;519;537;662
695;516;532;661
694;517;531;661
694;517;531;661
695;520;537;662
695;520;536;662
695;520;537;663
694;518;530;662
694;518;531;662
694;517;532;661
695;518;535;662
696;520;536;662
696;520;537;662
695;518;534;661
695;517;532;661
695;516;531;660
695;518;535;661
695;518;536;661
696;518;537;661
699;523;535;659
699;523;538;659
700;527;538;658
701;538;540;659
703;544;543;660
704;554;544;658
702;556;545;656
701;554;545;656
699;555;545;655
699;559;546;654
706;608;559;652
705;680;593;628
710;677;584;651
710;653;577;654
714;626;577;661
707;578;567;663
699;555;552;652
698;534;549;658
700;537;554;660
719;557;555;661
746;580;556;665
760;598;563;669
765;612;566;666
754;606;565;661
744;590;562;657
734;587;556;659
734;613;556;658
734;626;558;660
720;572;556;661
741;622;551;653
749;635;554;653
750;634;548;653
738;588;546;657
721;557;537;651
711;539;539;657
718;556;541;659
703;517;541;660
707;537;546;661
707;550;547;659
720;568;548;661
731;580;553;665
738;583;553;667
746;591;558;667
741;581;554;667
729;563;552;661
721;565;554;661
713;569;554;659
694;554;542;653
694;569;549;654
697;593;566;651
671;631;565;593
671;651;604;655
712;649;602;647
704;616;583;646
705;585;572;647
711;581;578;655
712;570;553;649
713;574;554;651
719;588;557;650
732;626;558;648
744;650;567;646
745;656;572;648
739;642;571;649
731;602;562;653
724;573;556;656
740;595;556;653
760;636;567;650
762;625;560;658
744;597;560;655
728;570;556;657
721;559;557;658
711;537;557;660
727;565;557;662
730;573;557;661
758;612;559;662
745;593;563;661
729;579;559;661
730;584;561;659
712;559;557;658
712;561;557;659
718;594;559;653
722;613;584;656
729;632;574;644
734;655;603;656
735;659;606;657
735;658;604;658
732;646;596;661
734;653;607;668
734;660;608;664
741;666;621;686
729;663;610;661
726;656;606;660
720;624;582;659
716;576;567;663
720;578;579;670
710;541;556;665
708;508;548;664
707;504;543;662
732;585;575;662
751;622;564;670
750;631;577;664
749;633;580;663
746;624;574;663
734;596;566;659
739;620;567;655
738;612;560;661
749;637;550;652
747;637;551;657
746;638;556;657
742;632;556;657
734;598;556;661
726;571;559;665
726;575;570;665
718;557;550;659
719;612;580;651
723;620;592;658
744;633;596;662
763;645;579;653
759;636;571;658
754;621;568;658
737;566;550;656
734;622;580;653
737;619;575;659
697;623;579;659
713;633;596;647
714;621;587;647
710;587;577;648
705;556;564;647
696;504;540;645
702;466;515;641
734;568;546;657
750;589;555;654
744;570;552;656
723;524;542;654
714;519;535;645
725;604;565;648
730;632;592;653
723;615;586;654
714;577;566;655
706;540;545;652
703;514;537;654
723;556;528;646
730;583;562;655
735;596;547;648
725;572;541;647
714;545;533;646
705;562;547;634
704;589;570;648
725;652;604;648
714;631;596;657
700;588;568;645
695;551;551;647
698;543;552;651
701;547;559;655
711;564;543;641
716;566;540;643
713;554;533;644
733;600;497;629
731;614;534;640
730;611;547;646
723;587;543;647
717;557;537;646
728;593;565;657
720;578;574;661
719;550;543;661
711;524;540;656
701;487;526;655
706;515;542;661
695;497;530;651
694;487;524;652
691;478;511;649
706;461;497;656
717;511;535;668
724;531;529;665
728;543;540;667
722;543;546;667
720;546;551;667
704;526;543;653
700;511;532;653
696;491;515;649
692;480;510;651
689;473;512;652
724;530;526;652
745;579;540;656
745;587;539;648
742;577;532;652
728;554;530;651
714;527;531;650
714;533;537;652
693;498;534;653
693;496;533;656
691;487;522;654
690;482;518;654
689;484;517;654
709;531;549;662
715;551;551;666
725;578;570;669
718;549;542;668
708;524;531;662
702;513;530;662
698;515;533;660
700;530;543;662
707;527;530;662
719;534;530;665
726;539;531;666
731;545;536;666
740;560;539;671
734;561;547;665
722;553;550;658
712;569;555;653
714;608;576;647
721;643;613;681
695;652;605;623
698;623;581;640
696;592;555;646
702;577;548;648
705;591;558;647
729;600;585;671
737;637;614;673
742;630;610;684
735;619;606;674
730;608;595;666
732;620;586;658
738;638;573;648
741;637;529;641
743;643;529;634
740;634;536;638
725;588;533;641
729;579;538;651
738;575;509;637
755;597;552;670
753;599;562;669
735;579;559;661
712;553;549;654
688;514;548;652
700;538;529;646
717;569;542;647
733;604;563;643
745;626;563;655
738;619;563;652
720;601;559;647
704;612;555;644
687;624;555;641
716;663;568;638
720;650;560;636
750;653;545;634
755;643;554;639
773;666;566;647
768;656;570;646
757;647;561;647
748;646;552;647
723;598;540;644
713;608;542;644
707;596;546;647
713;638;582;645
720;655;593;643
724;657;587;642
718;642;573;645
718;634;571;647
714;615;559;650
700;621;566;653
708;637;589;651
677;613;554;654
685;641;580;632
694;640;592;645
697;614;575;652
715;594;556;652
736;614;570;660
743;593;542;650
744;585;525;647
738;583;542;653
725;567;544;655
713;546;544;655
700;503;530;656
697;521;539;656
717;581;544;654
723;596;548;653
709;592;552;662
722;631;557;651
725;617;555;652
719;593;553;651
707;561;554;653
696;529;548;649
708;550;549;658
722;575;551;659
736;591;570;668
746;623;570;665
748;625;563;664
738;621;554;657
724;611;555;653
713;590;550;653
715;578;553;654
702;525;544;655
696;501;539;654
696;498;538;654
695;497;538;655
696;505;540;656
706;566;553;650
712;585;555;651
716;602;555;652
720;619;564;650
716;636;560;635
724;642;580;646
719;633;577;647
711;591;571;649
706;577;567;650
696;551;564;652
719;594;564;647
733;641;605;665
735;642;605;668
734;640;603;670
733;642;604;668
728;655;608;664
692;680;607;599
721;682;623;653
716;680;622;653
697;661;606;648
695;634;590;654
703;595;553;656
722;623;551;651
750;641;530;605
741;625;533;642
734;599;522;640
721;577;520;639
716;561;515;638
723;633;549;610
720;628;560;644
716;621;570;646
707;581;553;648
701;537;539;651
727;588;552;654
729;594;537;643
733;595;521;630
738;591;506;643
727;567;507;641
705;516;513;646
694;476;524;650
691;475;521;651
691;477;519;650
690;473;516;651
730;532;530;658
751;577;524;658
754;588;524;651
754;586;526;648
747;584;528;651
736;567;530;650
724;556;532;651
747;591;540;657
731;561;524;638
743;577;525;652
745;599;539;646
744;611;541;645
744;623;541;643
760;647;546;647
766;642;548;653
761;645;557;650
764;641;546;656
764;644;547;656
747;636;550;652
733;629;548;651
713;639;557;646
723;644;579;655
698;610;571;650
699;623;577;653
708;632;581;652
711;613;571;652
712;591;550;649
739;624;501;623
741;643;560;650
742;647;571;654
736;631;564;650
726;594;547;648
728;600;541;646
739;622;532;648
739;635;527;629
741;631;529;651
737;618;529;647
728;600;529;648
720;583;531;650
700;549;488;632
710;620;564;647
719;637;594;660
717;633;593;660
714;618;581;660
730;597;562;665
737;614;580;674
727;575;568;672
718;541;538;666
712;527;539;667
712;549;551;665
725;582;572;672
736;594;575;674
730;581;567;672
730;591;565;673
729;592;557;668
719;575;542;663
719;573;549;663
708;523;518;652
702;488;496;650
723;513;507;661
738;553;527;667
746;577;536;664
753;602;558;671
749;598;560;665
740;591;554;658
732;572;538;655
722;545;528;652
714;526;518;651
695;575;544;633
675;644;600;584
685;624;577;630
691;576;548;640
692;549;538;642
696;560;548;646
697;502;526;646
715;588;581;658
708;580;564;647
702;534;496;640
699;563;532;643
699;557;537;648
720;577;540;652
754;605;522;643
750;597;530;650
750;600;528;650
742;587;530;650
729;569;529;650
723;561;532;652
714;548;530;653
720;598;515;628
724;633;568;651
722;640;586;658
724;645;587;660
724;645;583;660
718;625;571;660
709;640;579;657
724;646;616;690
687;650;597;652
690;647;595;655
692;631;583;657
690;552;547;661
694;555;527;642
702;558;539;659
711;602;567;656
720;638;580;656
724;646;588;654
722;653;589;646
723;644;581;654
717;646;580;641
718;654;594;654
716;645;593;657
714;620;576;660
705;569;552;663
713;580;557;663
721;601;546;654
734;604;558;668
743;651;546;651
743;653;550;651
737;643;550;650
729;627;550;651
724;602;543;650
728;607;539;644
735;642;545;647
720;594;550;647
736;635;546;652
736;636;549;648
732;622;546;649
720;588;540;651
708;558;534;652
696;497;536;656
728;548;528;650
740;579;543;668
743;583;538;660
738;580;539;659
730;571;536;659
716;557;536;658
720;564;537;657
702;529;540;663
709;585;571;663
712;614;579;665
691;589;558;666
693;617;565;650
701;607;568;655
699;590;559;655
697;580;557;655
704;546;539;644
703;543;539;654
698;524;530;654
712;594;586;668
724;624;580;660
719;621;580;656
716;603;574;657
711;581;563;658
734;605;551;657
755;635;573;673
752;611;533;654
746;594;526;652
741;586;529;654
744;626;539;650
744;647;546;653
762;673;547;632
743;662;542;639
742;657;542;646
736;647;546;648
733;634;545;650
726;600;544;654
745;661;597;664
730;634;560;649
707;574;529;651
713;602;547;651
723;628;569;659
726;634;578;662
726;634;582;666
721;643;593;662
715;639;593;663
700;635;577;658
697;621;570;645
702;626;586;654
704;601;580;657
707;585;575;660
717;600;590;665
717;598;574;650
723;594;555;644
737;629;577;658
737;635;588;655
732;608;579;651
719;580;565;650
702;539;560;651
699;528;548;647
699;552;553;647
701;573;557;647
728;616;555;644
756;654;564;641
757;656;583;652
757;648;582;655
753;638;579;652
756;657;578;644
763;651;594;660
766;652;581;652
764;651;579;650
758;668;581;651
757;680;583;646
745;692;571;609
753;696;585;644
753;688;578;641
753;680;574;644
749;667;566;645
742;646;562;647
733;613;556;649
741;618;568;658
751;625;574;651
755;638;586;657
755;637;583;658
753;629;580;653
744;617;574;650
736;602;571;650
729;599;572;650
728;629;587;653
734;654;600;656
708;650;583;621
726;666;610;659
713;655;603;644
709;601;579;644
704;566;557;646
708;578;574;652
704;540;548;641
703;489;519;642
703;500;527;643
711;536;549;646
719;567;567;651
722;566;572;653
726;568;560;660
729;575;570;662
730;571;570;665
725;561;567;664
736;574;580;672
753;583;575;679
741;537;541;672
735;550;554;669
727;547;560;666
718;536;553;663
706;514;549;655
690;464;516;642
714;552;550;647
739;619;574;650
735;621;578;646
726;589;564;642
710;545;553;643
729;627;581;609
733;639;600;644
727;638;588;641
721;628;575;643
734;630;571;643
752;646;585;660
755;642;591;660
752;618;571;659
748;606;565;658
738;597;555;652
727;591;553;645
722;651;590;638
688;659;584;594
691;666;608;642
694;668;611;639
696;646;597;642
694;596;576;641
703;589;563;640
728;627;574;648
744;607;557;649
740;585;541;641
732;572;542;644
740;598;571;659
738;590;571;664
735;589;561;659
730;555;555;662
721;567;561;661
712;570;557;652
707;569;552;649
721;569;526;650
727;568;522;641
741;564;499;630
750;586;531;643
749;597;546;647
743;599;549;645
727;590;545;644
714;581;540;642
735;633;575;658
726;601;567;655
717;578;551;647
727;576;541;663
731;594;559;661
733;605;573;662
730;598;573;662
716;638;599;649
685;641;593;659
692;654;592;631
697;655;589;640
702;641;580;642
705;592;559;643
709;582;560;653
691;472;510;641
699;489;530;650
709;527;540;651
716;554;543;652
725;583;546;648
731;635;537;602
739;642;549;637
740;644;548;638
735;625;550;642
718;574;544;641
712;546;545;642
706;535;554;646
714;569;562;645
716;572;560;644
716;569;555;645
727;573;535;655
730;586;558;657
727;585;564;658
718;568;558;655
712;548;554;654
717;548;560;654
723;548;560;665
722;517;530;660
729;518;545;671
729;543;559;670
725;553;563;667
721;569;568;658
721;622;593;650
723;642;600;642
729;654;619;672
715;669;611;630
711;658;605;635
702;634;586;633
696;588;577;637
693;569;565;640
694;580;576;639
715;604;572;641
723;610;555;637
736;635;525;633
734;624;539;637
730;607;539;639
721;580;537;641
710;536;537;643
693;451;537;653
709;584;560;616
725;621;577;647
725;636;598;654
718;632;596;653
722;617;574;649
728;601;551;649
740;604;550;645
746;616;554;649
747;635;556;644
745;629;545;639
740;627;537;634
747;645;547;639
752;639;561;657
760;664;572;645
752;653;565;645
747;657;568;641
742;656;572;643
743;638;559;653
750;636;576;666
748;631;580;666
732;581;568;664
719;572;571;657
708;554;566;651
697;480;535;635
690;453;517;641
692;472;532;642
694;477;535;645
694;480;533;647
694;481;531;647
693;480;527;648
693;469;521;648
692;475;521;648
692;483;523;649
692;487;526;650
692;489;526;650
692;492;526;651
691;493;527;652
692;493;528;651
713;598;551;633
721;614;565;649
716;607;558;649
718;621;537;635
719;608;534;641
709;577;535;640
699;537;530;650
717;568;544;661
733;622;512;608
737;609;527;644
728;589;515;643
718;576;526;648
717;578;530;647
712;552;526;649
707;537;523;649
700;511;515;648
704;598;569;655
688;625;567;615
714;653;594;656
705;648;592;647
703;617;573;649
702;591;552;648
702;577;551;651
699;575;552;648
692;522;547;649
694;503;534;647
702;525;530;645
717;574;528;639
729;570;546;662
739;636;530;636
741;638;536;640
733;610;537;642
720;583;537;644
706;531;532;644
690;470;518;649
692;494;535;647
692;506;536;645
731;593;544;660
749;607;538;652
748;591;544;650
747;593;550;648
734;590;550;645
722;587;547;643
710;582;546;643
706;574;545;642
717;570;545;659
729;607;578;665
729;600;575;669
729;594;575;670
728;593;575;671
741;619;602;678
747;653;617;686
746;655;612;679
743;644;604;677
721;612;590;658
706;599;582;645
693;567;557;641
694;542;535;642
693;534;530;642
693;523;528;642
713;634;581;643
728;661;603;646
725;649;592;647
714;589;557;648
701;536;541;647
694;497;496;631
711;531;507;636
723;568;529;638
731;595;541;637
735;614;550;637
735;615;549;635
729;606;547;633
719;573;546;634
728;599;536;621
731;611;551;638
733;617;554;640
733;611;551;640
726;589;546;640
718;557;539;643
710;527;535;644
729;633;587;651
734;667;628;682
710;682;625;622
692;583;551;640
691;543;539;638
694;547;545;638
691;481;532;644
695;502;544;641
697;508;545;643
696;499;541;643
695;491;538;643
696;491;535;643
721;569;535;638
717;583;544;653
742;647;549;647
743;643;548;647
740;627;548;648
730;598;550;651
713;541;548;654
705;489;531;656
705;502;539;657
704;504;542;655
703;503;541;656
702;497;539;656
696;527;538;646
715;617;547;652
722;652;589;648
725;658;597;656
719;621;580;658
706;557;549;651
714;544;544;644
718;526;544;662
733;579;574;669
736;568;559;677
734;581;573;677
749;643;607;683
754;664;618;687
751;660;610;681
744;645;602;674
749;655;607;673
739;641;598;667
739;637;598;659
745;650;610;670
752;656;588;651
748;638;562;646
740;611;553;642
729;607;555;642
720;603;554;642
708;657;587;630
690;649;587;632
700;667;605;634
699;623;579;637
695;572;557;639
698;569;573;645
710;554;558;638
721;571;551;643
712;562;562;641
730;614;551;639
737;632;566;643
730;596;557;647
714;553;546;647
708;524;537;645
695;480;529;646
691;486;524;643
690;496;528;643
729;583;542;641
745;602;543;645
751;599;540;643
750;600;542;639
744;592;542;641
730;575;540;641
717;571;540;644
732;612;545;642
742;614;537;639
750;608;532;645
747;598;534;648
740;590;535;649
723;574;538;651
714;574;537;649
701;613;574;651
726;656;622;690
700;667;607;635
692;629;571;640
687;570;533;634
688;524;515;636
692;560;543;643
699;535;543;645
724;567;531;637
749;590;514;643
748;598;524;642
746;596;532;648
738;582;537;651
716;557;537;649
679;472;538;656
685;475;518;650
688;476;515;650
689;479;514;651
689;484;518;652
690;492;523;652
689;490;521;652
689;488;519;653
689;488;519;653
689;490;520;652
689;491;518;656
688;379;435;698
712;533;572;695
706;492;534;671
697;472;522;656
711;527;528;645
719;555;520;643
716;552;520;643
722;576;496;635
735;611;520;633
736;617;536;639
731;600;537;640
741;607;541;645
735;589;532;642
741;577;508;634
739;549;498;644
734;560;514;647
724;567;527;649
715;566;531;651
693;537;516;649
694;552;519;648
713;575;529;654
726;591;537;655
748;606;531;652
754;620;549;658
753;626;557;660
745;631;557;657
730;628;553;652
714;609;545;649
693;630;546;630
649;609;550;637
674;609;548;625
688;594;556;643
690;568;547;644
688;540;533;642
681;420;492;649
687;479;514;638
692;497;526;647
691;494;524;647
691;488;526;648
691;484;518;648
692;490;524;651
695;500;531;654
703;507;539;658
703;516;543;660
709;521;544;662
725;621;560;647
727;623;570;661
726;644;587;660
729;664;590;644
719;650;569;640
708;613;554;639
704;577;549;644
741;641;581;662
735;586;559;665
729;539;536;668
719;524;533;661
712;521;538;659
706;523;535;657
703;546;544;654
682;502;515;636
687;510;525;642
691;530;537;646
695;546;547;647
697;561;549;649
755;641;560;646
770;656;581;662
765;645;583;656
752;631;580;652
731;604;577;646
723;599;577;647
712;594;583;651
706;568;577;649
704;554;570;648
703;551;570;648
701;548;570;648
698;548;571;648
697;539;567;646
690;572;563;635
704;635;538;585
720;645;568;636
717;639;566;639
714;607;554;641
704;534;531;641
698;462;529;652
709;439;465;651
719;568;560;655
720;575;570;660
714;563;564;657
709;548;547;653
743;599;546;636
748;599;544;636
743;597;551;651
742;591;544;650
736;571;537;648
718;536;526;646
718;613;583;649
694;627;574;615
700;657;601;639
701;654;597;638
701;621;571;642
699;596;559;644
734;626;574;664
742;640;598;669
742;594;569;664
735;590;571;667
725;586;564;659
717;569;547;654
717;567;540;653
705;558;537;649
706;564;530;649
719;624;547;639
710;653;570;631
725;660;558;639
731;657;556;652
742;656;560;660
741;654;559;654
751;652;529;661
752;662;560;659
745;663;563;658
731;655;556;652
736;653;563;665
734;654;576;666
737;654;597;674
737;609;554;672
732;586;549;668
730;582;551;668
729;583;556;669
730;650;594;666
721;655;602;656
724;672;617;668
702;658;589;633
696;641;567;632
696;634;570;633
700;616;568;636
701;598;562;641
705;613;576;645
707;580;557;637
695;541;533;636
691;494;511;636
692;478;512;640
693;474;516;643
694;497;528;643
693;527;535;641
693;560;543;642
691;575;542;639
691;593;544;637
697;628;548;633
724;647;556;648
741;657;578;643
747;653;570;652
739;654;568;645
730;650;568;641
720;634;557;639
737;666;586;648
728;658;569;642
717;618;551;643
708;595;549;645
703;605;553;646
722;649;571;646
723;639;565;640
727;610;546;639
745;641;540;644
751;648;549;642
749;648;551;642
754;653;550;640
751;649;553;644
754;657;560;651
745;651;548;646
719;596;533;638
707;609;531;637
705;637;542;642
687;595;526;642
692;593;540;643
693;594;541;644
690;592;537;643
690;587;527;642
690;584;527;642
690;586;532;643
691;589;536;644
691;591;536;644
691;591;537;644
691;592;535;643
690;593;533;643
691;594;536;643
691;594;537;643
691;594;537;644
691;595;537;643
691;596;536;644
691;595;537;644
691;595;537;643
736;585;562;718
722;616;573;705
707;595;547;684
700;586;523;662
686;596;513;634
690;583;514;642
691;592;529;643
692;595;533;643
692;596;534;644
692;596;534;644
692;596;534;643
692;598;534;643
733;636;559;667
739;650;567;670
737;653;560;664
738;659;563;657
737;657;562;636
740;635;530;638
741;623;528;639
730;631;538;639
721;641;546;642
711;629;549;643
709;609;543;643
703;648;564;637
709;680;605;641
703;672;598;641
696;652;569;638
693;596;549;638
691;575;542;641
696;516;507;637
703;538;535;645
705;545;537;645
706;548;535;646
707;551;535;647
707;554;537;650
704;534;537;651
720;617;578;661
723;651;600;670
723;674;607;647
719;672;602;639
713;654;579;636
704;598;548;635
695;544;538;641
682;451;527;645
688;495;536;642
691;506;539;645
689;524;537;644
763;680;528;611
741;596;545;648
729;582;546;645
720;579;545;643
706;560;544;644
695;511;523;639
690;486;519;648
691;493;528;648
692;497;530;649
717;581;556;650
721;582;508;635
735;604;533;653
740;623;554;658
735;604;554;661
715;558;540;656
722;566;578;669
726;578;567;666
731;563;556;674
730;584;560;672
722;596;561;664
738;650;574;659
751;665;580;651
766;662;581;668
760;653;568;658
756;651;556;653
768;663;564;656
772;663;558;648
780;665;555;653
772;657;552;651
760;647;549;652
742;632;542;649
719;611;542;646
706;606;541;646
688;558;521;649
689;555;529;649
689;584;550;639
699;607;566;654
684;646;564;616
701;656;590;649
701;631;575;652
698;578;555;652
694;529;539;649
676;387;477;641
685;429;495;640
692;478;523;647
696;494;532;647
695;498;531;648
693;497;526;646
691;492;516;646
690;496;519;646
691;501;527;647
692;505;529;647
694;508;526;646
693;501;523;647
596;501;317;634
679;482;488;619
687;492;515;636
693;498;523;642
699;537;510;629
715;585;523;637
734;622;537;657
734;632;525;637
730;615;525;636
725;593;525;637
716;570;519;639
725;584;567;649
717;639;590;640
722;649;597;649
713;642;587;651
709;613;569;651
703;579;545;649
686;564;533;642
702;614;583;654
708;637;591;653
696;596;558;647
686;518;526;643
689;510;530;645
690;475;512;642
688;436;496;643
692;468;520;648
692;472;519;647
715;576;548;659
713;578;538;645
708;586;524;636
714;622;540;631
715;629;549;639
713;607;552;643
712;597;561;644
713;628;586;636
710;584;554;647
708;577;552;652
712;580;556;660
707;575;559;660
712;584;567;651
728;567;538;670
720;547;549;663
725;573;571;669
720;566;567;671
730;608;596;673
719;521;528;666
709;526;533;661
715;568;555;665
715;570;556;665
708;545;545;663
698;509;531;659
679;398;472;645
712;534;536;655
724;586;537;654
733;619;556;650
735;619;535;646
725;585;512;639
707;515;499;644
700;499;503;646
688;460;503;647
692;495;524;650
691;518;527;648
689;565;524;645
732;617;530;655
745;602;537;653
752;599;541;657
754;608;543;656
750;614;543;653
750;639;545;637
757;649;545;637
764;640;540;642
758;622;539;645
755;623;529;642
742;616;534;641
725;613;536;639
712;620;541;640
715;624;538;640
713;653;559;637
716;660;579;641
713;658;577;644
712;653;574;647
713;641;571;649
710;593;557;651
707;629;574;650
708;637;587;651
690;656;577;571
685;647;571;647
680;648;574;635
682;632;570;643
686;603;560;646
688;576;547;649
705;620;566;650
700;609;541;635
697;602;506;623
706;633;544;637
705;627;548;638
709;598;548;649
720;595;558;659
718;546;542;663
714;557;551;657
710;525;541;660
701;522;541;654
702;521;541;656
693;493;529;651
689;476;514;649
687;466;508;648
685;442;501;646
693;476;509;655
722;588;588;668
723;599;589;668
717;579;567;665
706;534;537;657
711;557;525;645
723;588;532;650
724;607;540;649
731;646;561;646
723;604;539;643
712;578;523;640
707;540;511;644
704;583;536;641
708;610;556;646
704;655;591;638
702;664;600;639
704;657;595;645
698;635;568;640
699;593;540;638
697;571;533;640
704;597;548;643
711;592;555;646
711;579;543;651
711;568;533;650
711;555;528;652
703;527;525;651
697;500;515;651
691;489;510;650
689;484;513;650
689;483;514;650
690;483;513;651
689;482;513;651
707;526;506;652
713;586;557;657
710;583;560;658
706;560;547;656
709;563;550;657
697;514;531;650
688;474;497;646
693;566;513;615
712;615;568;649
712;619;567;646
704;590;548;646
696;554;532;649
696;545;528;650
691;514;528;649
692;512;525;650
690;503;518;649
688;495;508;647
687;492;507;647
688;502;510;647
688;508;517;648
690;512;525;649
690;507;519;650
689;492;515;650
689;487;514;650
689;508;515;648
752;613;526;652
767;622;534;654
762;619;540;651
755;612;541;651
746;595;539;651
733;584;532;647
743;605;536;643
757;610;540;657
752;614;533;640
757;615;531;649
756;609;528;648
749;595;525;648
731;580;522;646
716;577;530;647
713;582;530;645
693;527;529;649
692;519;527;649
705;604;566;647
730;657;624;700
703;671;604;635
698;643;571;641
691;588;535;637
689;541;511;635
703;506;529;645
696;497;525;643
691;470;507;642
689;463;503;642
693;490;509;642
711;548;527;641
722;588;532;642
721;601;539;624
731;607;529;637
729;604;528;637
722;591;529;642
713;560;527;644
704;527;527;646
691;481;513;643
691;482;515;645
691;498;527;646
693;506;532;645
693;510;536;645
701;540;539;643
710;549;531;647
712;556;538;650
709;550;543;653
708;541;545;656
706;544;545;652
713;565;546;650
727;581;530;653
745;641;578;661
749;650;591;664
739;638;581;659
721;593;554;659
704;534;535;658
703;505;512;649
714;505;519;664
740;580;563;681
740;582;556;681
737;549;544;679
730;535;539;676
713;518;534;667
703;541;536;655
739;601;550;662
744;587;540;662
749;600;526;648
752;596;517;653
747;590;519;653
737;587;527;654
723;619;541;642
708;639;542;619
687;654;592;642
696;659;600;644
698;639;579;650
693;592;558;647
688;540;538;645
691;442;529;653
683;426;488;639
684;428;493;641
688;463;508;643
689;472;517;646
693;486;525;648
699;588;527;628
711;641;571;644
713;664;592;638
717;669;595;643
713;643;574;647
699;571;539;646
695;481;535;656
685;464;507;643
683;450;501;645
684;466;503;646
683;475;508;647
684;489;512;648
686;494;517;649
734;554;550;680
734;570;564;682
731;565;557;675
718;557;550;667
713;555;541;661
721;570;548;664
727;582;551;665
718;572;537;649
729;603;557;650
743;631;558;658
742;634;559;656
733;623;559;651
719;603;552;648
707;590;542;647
681;521;511;642
685;589;546;636
702;648;598;629
698;673;616;640
701;666;609;648
698;650;582;645
693;611;553;643
708;622;549;639
713;603;558;649
713;584;540;646
713;573;529;648
708;548;528;652
714;562;537;654
722;586;546;653
733;623;551;646
741;650;559;639
742;656;560;638
743;660;555;630
739;661;561;629
734;655;561;632
728;637;555;638
722;600;548;640
712;590;543;642
707;575;535;643
689;506;505;646
697;534;525;646
701;558;531;649
718;633;540;644
709;656;545;650
731;664;540;637
733;653;535;638
731;645;529;638
722;606;529;640
717;581;526;646
708;558;527;647
738;606;595;675
736;631;598;668
733;608;583;668
717;579;548;657
706;527;525;650
697;484;500;648
703;513;524;648
728;594;569;659
743;649;612;675
754;657;608;680
750;647;601;678
742;617;574;672
732;600;556;665
725;599;557;659
724;602;556;656
721;605;560;652
716;622;555;646
724;678;613;612
725;698;633;646
728;701;634;645
727;695;623;640
727;683;606;643
727;666;593;647
734;609;575;657
728;592;541;645
726;586;533;644
729;589;536;646
731;593;541;648
734;600;546;651
736;602;549;654
737;603;550;656
738;605;552;657
738;605;552;657
739;608;554;657
739;610;557;656
739;614;558;656
739;619;561;655
739;619;563;655
739;620;564;655
740;621;565;655
741;623;566;655
741;623;565;656
740;622;564;656
740;620;564;656
740;623;564;656
740;624;564;656
740;626;565;655
740;633;569;655
741;640;576;651
742;647;580;653
742;649;582;654
743;651;584;654
743;656;585;655
743;657;586;655
744;658;586;656
744;658;587;656
743;660;588;655
744;662;593;655
745;665;594;656
746;666;595;656
747;667;595;657
743;663;593;658
738;649;585;660
739;640;585;663
736;626;585;665
732;608;586;667
731;605;585;667
731;604;584;667
739;661;607;663
742;688;618;673
739;693;623;668
740;687;615;669
732;654;598;663
725;617;579;664
717;581;574;662
716;578;568;665
713;581;566;664
734;672;576;652
771;688;582;657
763;653;578;660
754;641;575;664
744;638;574;664
725;640;566;658
711;605;560;660
708;563;544;654
739;662;603;641
740;662;595;645
732;655;584;647
725;650;572;651
714;632;561;651
701;586;551;647
694;539;545;643
736;596;583;674
740;602;584;675
732;586;568;669
712;536;544;657
687;428;489;645
692;462;516;649
695;512;526;638
719;633;593;650
720;652;596;649
709;618;570;647
700;570;536;650
690;500;509;648
677;385;467;647
685;454;502;643
692;482;523;648
695;489;527;648
693;483;523;649
700;505;512;645
712;544;525;644
738;615;500;626
743;652;541;632
742;657;558;634
739;643;552;639
726;594;543;643
707;540;531;644
711;562;531;643
699;513;524;648
693;512;518;646
690;671;602;638
702;667;595;647
706;641;568;652
708;614;553;652
706;611;549;652
696;572;525;650
693;501;502;647
691;485;525;649
699;513;537;654
700;519;538;655
700;518;537;657
701;519;537;656
704;550;537;654
690;642;555;649
716;689;596;631
714;685;575;629
714;662;576;645
706;605;551;647
702;404;541;677
694;509;541;639
700;521;547;646
701;521;545;646
698;511;543;646
697;502;538;646
696;503;539;647
695;504;536;647
693;499;534;647
691;487;528;646
690;475;517;647
690;475;518;647
691;477;519;647
691;479;520;647
690;478;520;647
690;478;518;647
689;478;517;647
690;479;518;647
691;484;519;647
690;483;519;647
690;481;518;647
690;481;518;647
690;482;519;647
690;482;519;647
691;482;519;647
691;483;519;647
690;481;517;647
691;486;518;648
693;498;519;647
693;504;521;647
693;504;520;648
720;541;551;676
730;467;539;711
699;459;512;669
692;444;498;659
686;433;496;649
694;481;520;650
718;506;539;689
725;514;551;698
715;499;520;698
720;502;520;696
713;517;530;682
708;528;533;668
711;541;543;665
702;549;540;648
701;544;534;646
699;532;527;646
698;528;522;646
698;530;528;647
700;535;533;647
701;538;535;648
702;538;536;648
702;534;534;648
699;522;532;647
701;520;532;647
701;522;533;648
702;524;533;647
702;525;533;647
702;527;534;647
701;531;536;646
702;531;535;646
702;532;536;647
702;527;535;647
700;521;534;647
702;535;536;645
712;582;546;644
731;661;554;596
733;664;556;646
727;658;549;632
721;642;548;638
709;584;535;641
713;586;529;642
714;563;510;645
734;615;501;639
740;647;527;636
741;649;535;638
736;642;534;639
719;628;536;641
734;626;542;654
746;587;526;647
761;614;546;657
759;622;555;660
740;601;552;657
714;571;547;653
689;536;518;652
685;494;511;650
712;549;526;650
737;592;559;670
760;634;552;657
755;614;547;660
736;582;539;660
710;545;534;659
690;507;517;652
698;542;535;656
701;553;542;659
703;554;545;660
704;560;546;661
745;641;579;675
765;657;584;678
764;651;583;676
751;656;581;667
723;653;583;657
704;618;578;659
689;599;553;657
695;638;573;653
714;654;572;646
726;669;572;647
737;689;561;611
752;687;561;649
742;676;541;640
729;639;521;640
721;601;516;643
709;570;514;648
733;673;586;631
727;679;599;631
708;627;557;648
684;525;520;649
689;506;531;655
685;470;510;647
685;463;515;650
684;479;530;651
712;521;548;670
716;550;567;673
732;547;542;679
729;539;552;676
717;556;557;661
708;528;535;652
704;526;527;651
708;546;541;654
710;549;540;656
712;555;537;658
714;560;538;657
723;571;541;657
737;589;548;658
754;642;572;661
758;651;571;656
752;646;566;653
737;637;562;648
748;670;574;629
737;673;593;648
711;639;577;648
703;597;570;654
704;593;572;655
691;556;561;648
689;549;552;649
686;530;539;648
685;535;520;647
686;543;520;648
687;544;521;648
689;539;525;649
689;526;530;650
687;518;528;651
688;518;527;651
688;537;530;649
720;602;532;643
750;641;556;665
762;659;547;646
764;658;547;644
770;664;543;644
765;664;550;646
758;661;546;642
760;658;546;647
756;658;550;648
738;644;547;646
724;649;551;648
710;640;546;648
699;598;537;649
666;563;506;634
689;661;595;633
700;688;617;646
703;681;603;652
696;650;562;643
691;594;533;638
698;581;539;647
694;526;504;643
696;513;504;644
694;517;510;645
694;515;516;647
708;572;540;654
719;597;541;652
727;629;542;650
728;642;536;639
731;633;545;652
719;582;543;658
702;520;534;660
705;536;541;662
703;530;539;661
699;524;536;659
696;518;534;660
689;497;522;656
687;495;513;653
686;496;513;653
686;499;514;653
686;498;513;654
687;500;515;654
687;501;516;654
687;502;513;663
706;523;547;696
710;549;554;687
725;623;540;665
722;635;529;653
735;654;534;658
736;652;529;655
725;641;530;654
716;624;531;653
720;618;532;654
701;577;529;652
753;633;549;677
747;635;569;666
735;606;552;663
722;576;542;662
720;569;541;664
713;555;540;661
739;598;568;677
762;599;561;704
740;597;571;678
736;586;555;677
715;526;537;666
701;502;529;658
699;507;533;656
677;469;510;648
699;571;537;642
709;603;550;642
714;642;539;631
717;668;556;625
716;668;563;625
712;650;559;633
707;601;548;643
723;602;558;660
727;607;568;660
725;602;573;665
715;585;560;660
704;549;544;654
704;557;547;658
692;499;514;649
686;465;496;648
685;461;498;649
686;470;505;649
699;505;528;655
713;570;557;665
730;621;588;672
724;595;561;667
708;548;535;659
695;505;507;653
707;529;517;661
726;547;542;670
745;578;562;681
753;607;568;677
751;601;553;673
736;589;537;658
718;574;528;651
706;548;520;652
707;600;549;652
684;621;557;625
701;634;591;656
702;629;583;653
697;584;560;655
697;556;535;648
722;588;560;663
738;631;592;672
737;650;603;665
733;636;591;668
719;588;551;658
715;567;527;657
705;546;531;650
708;553;532;653
707;567;539;651
719;613;582;653
740;593;555;685
738;600;556;682
722;590;557;665
717;577;537;659
707;552;528;653
723;579;543;666
732;586;542;669
750;632;594;688
749;636;600;687
735;612;580;670
723;592;553;663
718;572;538;661
709;551;534;656
709;550;533;658
721;580;535;657
741;642;577;665
738;610;544;672
734;612;553;668
734;648;582;663
734;663;603;663
704;688;604;610
726;689;622;662
716;685;615;655
714;673;609;660
698;639;579;655
692;587;547;653
693;533;520;652
677;411;453;624
686;423;483;646
710;543;532;662
713;605;566;659
717;621;578;660
720;621;577;660
719;605;566;662
738;631;594;674
743;627;598;687
742;589;581;690
736;567;561;684
729;552;542;676
719;541;544;666
711;534;545;661
738;635;597;661
727;661;603;642
726;659;596;643
716;638;566;644
707;596;544;644
698;577;528;647
702;546;492;644
728;583;519;649
749;617;532;638
755;608;528;657
744;585;518;652
720;535;513;655
711;507;507;654
689;489;512;655
694;513;522;654
724;560;536;663
741;589;535;664
746;602;545;666
737;603;547;661
728;597;547;658
721;644;579;650
740;679;637;697
707;691;625;635
701;660;594;648
695;600;549;647
709;579;539;650
719;618;578;660
717;574;566;662
721;581;568;673
725;605;584;673
727;608;585;673
750;634;605;690
756;638;610;695
745;626;591;680
736;607;577;678
713;576;555;666
705;600;576;655
708;623;584;660
730;622;557;662
749;616;558;669
734;599;542;664
711;598;543;659
676;558;518;645
689;580;536;646
702;598;541;648
721;620;548;656
726;633;548;649
740;639;546;659
732;641;546;656
718;646;547;651
726;673;597;658
708;649;553;657
711;634;554;661
711;625;557;661
708;617;561;660
732;657;574;660
736;655;562;655
740;646;556;646
742;595;497;650
740;592;513;650
727;622;544;646
724;666;580;650
716;691;601;583
689;668;562;641
690;666;561;646
718;675;578;653
751;665;570;660
754;669;583;664
752;665;569;663
743;665;564;660
730;665;568;652
735;684;609;663
738;695;615;657
730;682;611;661
733;668;589;668
745;668;600;681
751;670;623;692
755;655;604;690
750;632;587;683
728;590;559;664
702;550;541;649
704;534;532;656
692;493;524;652
708;623;531;632
722;666;595;646
721;665;598;652
707;612;555;658
696;574;533;656
710;583;537;662
728;638;574;661
729;621;561;668
725;617;562;666
726;618;568;668
726;652;593;668
726;664;602;665
697;676;595;619
722;681;610;657
714;677;609;657
696;643;568;649
692;607;554;646
698;620;557;643
691;591;538;649
722;646;561;654
737;636;558;663
744;635;554;658
748;640;558;664
741;649;560;661
728;648;561;656
741;659;594;670
738;659;606;674
721;540;545;678
729;592;566;670
730;618;581;665
731;641;586;657
735;658;605;666
731;668;583;640
730;664;567;633
730;656;557;636
730;652;560;642
727;644;559;646
742;662;555;645
731;659;550;646
736;662;539;642
741;664;533;640
732;647;538;645
714;589;537;649
700;561;538;652
694;514;527;652
723;550;541;663
743;601;552;670
750;606;555;672
748;603;553;667
737;607;554;660
726;644;572;650
703;670;590;635
701;677;609;648
696;663;600;650
691;616;563;653
689;575;543;650
688;557;540;648
686;489;534;652
710;615;582;654
720;654;597;656
716;635;587;660
707;591;556;659
696;522;523;654
686;457;475;651
684;425;485;649
685;446;499;650
687;476;512;651
741;517;500;671
752;530;523;681
733;526;541;668
708;518;536;656
702;510;534;656
690;498;508;649
703;551;537;645
713;588;549;642
713;594;554;649
703;551;535;647
690;469;508;649
686;451;509;652
688;465;516;653
689;474;520;654
690;476;520;654
689;471;517;653
688;471;516;654
687;471;514;654
713;542;516;645
741;588;538;656
747;617;551;642
743;602;535;650
728;580;529;650
719;553;520;651
713;525;521;653
705;512;522;653
737;524;569;659
748;576;602;691
748;587;589;686
727;554;564;673
714;506;531;664
701;465;507;656
715;534;521;662
716;614;521;642
724;643;553;643
721;635;560;647
714;606;549;647
709;563;535;650
661;639;539;573
696;649;598;650
691;653;603;649
686;612;573;653
684;562;543;650
685;545;539;646
696;512;527;648
687;525;511;643
716;575;518;648
724;591;540;652
747;600;538;666
753;618;556;665
750;624;558;664
736;620;551;657
724;602;541;652
728;621;558;668
716;605;560;671
712;590;554;667
705;561;545;662
719;557;547;670
735;603;589;678
744;598;578;688
740;587;566;687
733;582;563;679
719;574;558;668
704;547;542;660
687;484;498;651
690;497;504;649
694;519;521;652
717;555;545;666
736;604;588;680
741;591;567;688
735;575;553;684
725;561;547;676
712;554;542;665
704;543;537;660
712;557;548;665
701;541;532;654
703;537;513;651
701;535;516;651
711;541;495;658
725;605;563;665
735;641;596;665
738;649;603;672
738;664;611;670
734;665;610;666
729;677;615;632
715;671;604;654
707;666;598;646
693;610;542;637
701;582;539;642
711;613;557;652
710;563;537;660
715;590;544;646
720;614;546;652
727;621;546;654
728;620;546;656
722;607;544;656
710;595;539;655
700;571;535;656
696;525;533;658
691;488;525;658
691;481;519;659
690;480;518;659
691;486;521;660
691;493;527;661
691;495;528;662
691;494;527;662
691;488;519;661
721;612;564;656
738;668;562;605
727;644;542;657
711;610;521;643
705;594;524;645
702;571;524;648
699;546;527;655
704;555;538;656
695;509;531;657
724;550;560;670
726;568;565;669
731;560;554;674
722;543;548;671
709;529;544;661
702;521;541;659
690;521;536;647
685;470;506;651
684;466;507;651
686;468;508;652
687;474;513;654
689;484;518;655
689;486;519;655
688;481;515;655
687;477;511;654
693;486;511;654
751;586;517;648
756;591;528;656
747;583;527;656
732;554;526;656
714;522;519;655
701;500;519;657
691;486;517;655
690;488;516;656
689;487;514;655
754;589;495;645
763;615;528;653
762;616;541;660
753;604;539;657
739;580;533;657
720;544;525;654
727;605;572;662
731;599;556;673
729;600;573;674
727;600;577;672
725;601;578;671
724;596;576;671
729;653;612;673
710;667;607;614
698;637;570;652
693;615;556;651
688;582;545;651
689;561;540;653
693;555;541;653
682;460;481;628
705;527;508;650
721;579;525;642
715;585;543;663
729;636;542;640
734;636;537;644
729;614;530;644
717;581;525;647
705;553;525;649
710;567;545;653
718;538;549;676
731;584;592;678
730;577;585;682
722;576;590;676
713;572;588;667
700;564;581;657
706;576;546;643
719;602;546;645
746;657;540;638
747;656;536;645
746;643;533;649
733;603;532;650
712;558;521;650
694;474;504;648
688;448;503;654
686;462;509;653
687;469;514;654
688;474;515;655
700;529;500;656
701;604;483;618
717;627;542;649
719;639;556;652
716;621;548;656
701;544;522;654
686;452;478;649
684;458;494;654
685;471;503;655
687;487;514;656
699;494;514;656
750;557;527;661
750;571;518;657
732;554;525;660
721;543;526;660
724;623;579;664
724;650;591;624
677;659;588;637
685;658;575;648
688;645;562;654
690;635;552;656
730;649;554;667
744;658;572;667
744;641;547;663
748;651;560;662
742;650;562;663
725;615;548;659
736;614;572;671
740;620;581;675
726;616;603;677
739;611;565;681
749;640;573;671
757;650;571;660
760;650;563;656
759;636;552;655
751;607;531;654
745;597;528;652
727;578;525;652
711;566;516;651
693;527;508;649
700;587;548;643
700;594;510;651
697;611;543;645
708;636;572;657
715;649;587;662
714;646;588;663
711;637;577;662
699;649;579;653
694;672;613;637
692;669;609;650
687;661;603;653
681;632;575;651
682;576;548;652
705;575;537;649
711;545;500;643
735;573;509;642
739;595;534;652
730;588;539;653
722;573;537;652
727;602;537;649
730;611;527;646
729;600;511;650
732;610;504;643
729;607;521;647
717;583;524;650
684;464;488;647
686;474;513;654
685;485;516;653
685;503;514;652
700;564;530;653
705;603;545;647
714;644;563;641
717;647;551;647
711;632;550;644
706;611;550;647
724;642;590;661
730;653;582;653
719;617;565;658
720;616;570;660
723;625;577;664
723;660;601;661
689;680;606;618
708;682;624;657
690;680;620;652
678;658;595;649
677;641;574;651
708;635;558;658
719;639;569;661
