704;533;591;630
704;533;591;630
704;533;591;630
704;532;591;630
704;532;591;629
705;531;591;629
705;531;592;629
705;530;592;628
705;529;592;628
705;528;592;627
706;528;592;627
706;528;592;627
706;528;592;626
706;527;592;626
706;526;592;626
706;527;592;626
706;528;592;626
706;528;592;626
707;528;592;626
706;528;592;626
706;527;592;626
706;527;592;626
706;528;592;626
707;528;592;626
706;528;592;626
707;528;592;626
706;528;592;626
706;528;592;626
706;528;592;626
706;528;592;626
706;528;592;626
706;528;592;626
706;528;592;626
706;528;592;626
706;528;592;626
706;528;592;626
706;528;592;626
706;528;592;626
706;528;592;626
706;528;592;626
706;528;592;626
706;528;592;626
707;528;592;626
707;524;593;627
706;528;592;626
707;529;592;627
706;528;592;626
706;529;592;627
706;529;593;626
706;529;593;626
706;529;592;627
706;529;593;626
706;529;592;626
706;529;592;627
706;529;592;626
706;529;592;626
707;529;592;627
706;529;592;626
707;530;593;627
707;528;592;627
707;527;592;626
706;525;591;626
706;518;589;627
705;521;588;625
706;528;591;626
706;529;592;627
706;528;591;626
706;529;592;627
706;530;592;627
706;529;592;627
706;529;592;627
706;529;592;627
706;530;592;628
706;528;592;627
706;529;592;627
706;529;592;628
706;529;592;627
706;530;592;627
707;530;592;628
706;529;592;628
706;528;592;627
706;529;592;628
706;529;592;628
706;529;592;627
706;529;592;627
706;529;592;627
707;528;592;626
707;528;592;627
707;529;592;626
709;537;598;627
710;540;600;628
718;550;606;629
727;581;615;629
734;589;616;631
732;555;608;630
722;518;594;629
712;509;592;629
710;520;595;627
712;537;608;625
719;559;612;622
720;567;612;622
719;558;606;622
718;540;600;623
713;530;595;623
713;531;596;625
714;534;600;626
714;536;600;627
714;536;599;626
713;534;598;627
713;532;597;628
714;533;596;630
720;537;596;631
723;540;596;631
723;540;595;631
721;538;594;630
715;534;594;630
713;529;589;631
711;529;589;632
710;532;589;632
706;534;590;630
706;541;592;627
703;539;591;627
705;541;592;629
705;547;594;626
706;552;597;626
707;556;599;626
707;569;606;627
709;576;608;625
710;577;609;625
708;574;609;626
703;557;607;628
701;548;601;629
698;533;593;629
699;534;591;628
700;528;584;629
717;686;641;595
732;701;646;608
714;625;618;616
722;608;598;621
753;622;601;627
764;641;600;621
765;636;591;621
760;619;582;621
770;673;583;610
784;720;589;619
786;747;617;613
789;757;627;615
800;772;630;596
817;776;640;623
820;760;643;631
822;741;645;637
820;721;641;641
807;757;651;585
753;767;667;606
714;752;663;612
699;699;639;618
703;614;609;623
713;633;611;619
735;690;631;632
758;715;619;614
755;691;604;625
739;621;575;626
715;509;566;631
689;489;573;629
699;508;579;631
719;562;583;631
764;624;606;639
771;633;601;636
739;555;582;631
719;523;576;627
701;501;577;627
733;579;588;629
791;663;607;622
801;653;592;632
777;613;580;628
741;582;582;628
728;615;611;624
740;691;646;606
722;662;627;622
708;699;649;614
706;714;650;602
693;680;621;596
686;614;599;612
682;580;597;620
745;690;638;629
764;713;654;633
744;679;630;622
754;721;582;568
774;744;609;612
778;749;616;619
775;740;616;621
764;724;629;625
743;705;635;616
743;690;641;612
733;683;640;614
725;654;636;613
740;655;620;619
733;641;623;620
711;574;597;621
711;556;596;624
694;510;580;623
693;497;578;623
693;494;576;624
693;497;577;624
694;506;580;625
695;509;581;625
694;507;581;625
694;506;579;625
698;520;581;625
698;524;581;625
698;525;582;625
700;535;582;625
703;538;582;624
707;541;582;624
709;545;582;625
710;545;583;625
710;542;582;628
706;532;583;629
716;544;603;650
726;541;605;679
732;525;599;697
727;530;596;680
709;529;596;642
698;506;602;614
692;505;575;619
773;646;582;614
788;663;594;624
775;640;596;625
750;608;591;623
680;745;622;481
714;770;671;591
683;751;669;607
680;659;627;615
690;591;605;620
682;455;562;625
690;526;585;621
696;538;595;623
697;540;594;625
698;539;593;628
697;529;588;627
696;528;587;626
704;545;588;626
770;618;585;623
775;632;582;626
719;551;579;625
735;706;660;623
739;731;669;616
721;693;652;620
689;587;604;618
701;598;617;632
754;689;600;612
764;700;618;621
730;637;595;612
712;722;654;630
695;754;664;591
688;711;638;603
674;594;591;612
680;586;581;616
764;729;610;620
778;746;610;613
764;722;614;619
741;674;619;624
730;642;622;633
714;567;597;625
689;522;570;609
677;473;556;615
681;485;563;618
707;557;600;633
709;539;589;634
708;533;585;633
718;558;598;637
718;543;587;637
708;539;588;630
699;542;587;619
679;504;572;607
689;520;578;620
689;523;580;620
720;577;579;618
760;637;584;613
762;633;578;616
727;582;576;618
707;553;578;622
714;609;627;632
720;616;635;637
734;638;643;645
716;600;617;634
699;538;588;624
665;450;540;617
679;499;566;622
764;646;620;631
756;637;612;621
734;604;596;612
714;607;591;599
659;699;641;569
669;715;638;556
681;678;635;589
686;590;595;600
667;451;513;556
681;485;561;604
685;511;576;609
685;518;579;611
692;510;577;619
748;591;618;681
753;584;630;692
751;604;614;669
775;702;593;624
772;716;588;610
756;700;593;605
742;653;579;617
724;624;579;617
774;671;594;636
779;658;605;641
727;521;562;641
677;482;572;617
683;503;572;625
720;584;594;627
770;673;629;634
773;666;622;639
719;562;583;626
691;498;578;629
761;636;573;611
783;678;598;625
779;680;610;620
780;683;605;617
812;727;632;619
808;714;626;625
797;737;665;658
771;734;663;622
734;695;647;623
722;630;615;624
689;598;590;616
688;656;605;600
697;655;619;618
697;680;635;612
725;718;644;608
743;708;630;613
709;598;580;621
727;637;597;632
741;659;587;624
745;663;578;623
730;631;581;624
713;605;580;626
776;667;608;637
786;686;626;640
753;645;618;631
684;557;592;623
678;494;575;626
688;516;574;626
691;518;577;628
691;502;580;631
691;512;584;631
705;606;618;632
728;705;598;608
739;737;624;598
734;732;637;615
769;757;643;624
773;746;668;637
744;673;641;634
703;559;615;632
691;501;576;619
708;747;677;675
664;696;628;597
664;577;579;609
671;557;582;618
683;558;588;625
694;555;596;626
716;626;607;621
713;607;602;617
696;576;587;614
690;545;584;616
695;534;588;620
694;531;589;621
693;530;589;621
692;534;587;621
696;519;584;623
694;530;595;621
719;652;636;610
704;617;613;609
681;530;582;618
678;498;574;622
708;583;579;625
740;635;584;637
749;666;579;624
739;644;579;622
728;703;609;575
737;702;660;630
727;694;650;626
703;618;620;623
712;641;600;624
737;692;548;605
743;678;580;621
720;607;581;622
712;588;585;623
692;526;575;627
717;561;557;622
777;648;569;621
772;632;579;626
724;563;577;628
673;488;580;633
687;515;575;627
688;507;573;629
687;509;572;630
687;508;572;630
776;661;592;636
786;681;603;630
792;695;613;626
785;688;622;627
758;664;621;623
697;645;616;603
707;667;634;628
700;672;634;623
695;661;625;621
690;627;613;625
686;579;597;630
689;537;592;635
708;610;576;609
734;672;618;621
748;710;630;608
733;699;634;618
728;694;621;618
742;687;624;631
770;720;627;626
758;696;595;620
735;685;623;618
740;705;655;631
735;706;664;633
755;719;671;645
770;721;666;664
769;714;668;661
782;741;691;676
781;740;691;679
778;734;685;676
773;710;677;671
758;683;666;651
731;633;640;635
771;676;648;647
777;679;650;647
773;663;639;645
767;641;620;640
752;728;683;681
718;779;676;567
687;737;663;612
675;628;607;614
679;541;586;625
674;438;550;628
673;456;559;622
679;494;574;624
684;512;581;627
688;518;584;630
686;513;581;630
683;501;578;629
682;493;576;629
683;500;578;630
687;517;580;631
688;516;580;630
689;516;580;628
689;515;579;627
688;514;578;628
689;513;580;628
691;517;580;628
694;528;581;628
702;537;581;627
702;539;581;627
701;539;580;627
702;544;582;628
704;547;583;629
705;547;583;630
702;539;582;631
696;527;581;631
697;532;580;631
704;543;582;631
706;548;583;632
712;584;600;635
711;574;593;635
711;557;589;635
708;545;587;635
697;506;583;638
688;509;582;635
676;561;577;599
717;667;642;629
718;671;648;626
724;627;611;619
784;671;610;634
788;662;591;637
740;593;579;632
749;707;659;628
750;746;674;610
707;691;649;617
687;663;641;621
659;773;680;598
682;757;675;611
678;696;642;608
675;584;601;620
649;468;550;616
658;480;569;612
701;666;636;574
701;686;649;598
712;646;608;623
718;629;585;625
732;655;570;624
766;724;595;619
775;741;610;617
798;767;629;615
809;762;627;622
803;741;628;624
784;695;607;623
784;745;610;532
745;779;670;605
703;771;674;607
689;699;643;618
737;719;684;658
729;718;676;625
716;665;644;619
699;568;599;616
770;662;594;614
778;664;604;630
763;671;600;628
785;740;586;613
784;743;586;615
800;795;687;667
794;803;681;600
774;765;663;612
747;687;621;615
711;574;593;622
700;708;671;627
677;749;676;580
671;703;645;598
669;623;607;604
663;582;599;608
733;710;665;642
769;743;668;635
769;716;655;638
732;627;604;627
701;510;579;628
679;488;574;618
684;484;575;623
706;518;578;620
768;642;607;620
789;693;624;612
811;732;638;615
821;750;629;624
811;736;629;625
791;696;607;631
802;744;606;611
797;764;613;610
790;765;600;610
791;759;619;619
809;762;647;626
810;735;643;633
797;725;620;559
764;775;650;510
696;780;675;569
692;764;679;595
688;665;638;602
721;640;643;631
743;671;647;631
743;658;619;625
724;608;595;621
697;581;597;606
710;573;606;618
765;638;645;657
770;609;631;659
755;573;617;646
783;715;622;612
782;727;664;638
770;713;658;632
735;621;630;623
707;534;615;611
757;690;669;613
761;714;675;608
727;649;639;612
731;620;615;617
785;667;631;626
793;671;625;623
787;698;620;556
757;743;662;556
703;760;670;549
693;745;665;572
684;628;619;589
686;573;604;596
822;732;619;587
815;733;626;588
764;654;603;589
735;597;607;617
770;613;623;648
776;619;647;672
761;609;644;655
719;552;619;618
766;634;639;614
785;668;639;616
774;668;645;617
774;707;676;628
764;694;671;635
741;659;655;629
731;613;634;628
681;754;652;437
720;767;686;584
696;749;668;574
709;702;625;584
759;734;612;592
786;759;620;603
785;748;608;605
772;721;596;610
799;774;678;610
808;787;688;642
813;782;691;676
808;761;678;676
791;718;664;657
749;643;633;621
647;755;640;498
700;790;696;597
687;775;686;595
689;691;649;606
695;658;609;605
770;750;631;602
789;767;612;601
784;746;636;626
759;707;618;611
719;612;599;612
697;539;585;615
683;471;581;621
691;485;587;624
694;503;590;625
693;505;590;625
690;493;586;624
691;490;586;624
691;496;587;625
706;563;602;622
769;633;602;617
759;626;606;623
726;579;599;625
732;633;634;626
706;616;620;604
699;559;596;614
696;523;591;622
704;547;611;628
695;509;591;626
691;489;583;627
690;485;582;626
692;490;585;626
695;503;590;627
696;509;593;628
703;524;592;627
699;498;587;627
711;558;603;666
735;523;610;702
719;524;604;659
708;503;600;635
702;513;604;620
708;514;604;633
711;516;604;643
725;448;586;679
715;498;598;640
697;528;603;604
701;501;595;620
700;490;591;622
700;482;590;622
729;712;653;550
752;730;688;610
758;723;675;601
774;689;649;606
779;665;623;604
765;628;598;607
817;694;622;616
823;714;634;621
768;661;635;600
644;527;606;607
632;470;594;610
724;611;631;649
716;590;621;645
667;540;610;621
641;496;600;615
650;516;611;622
663;606;593;581
684;644;627;613
689;663;643;610
688;664;640;612
690;657;626;612
734;706;606;609
758;719;593;607
759;721;599;612
746;700;602;614
709;626;596;616
679;537;588;619
629;753;673;496
638;734;662;584
639;606;604;593
646;551;596;617
653;505;604;621
656;494;595;618
658;475;592;620
656;464;581;617
657;465;582;620
656;474;586;620
657;483;591;621
658;485;591;621
658;480;589;621
692;630;591;607
719;678;610;616
720;678;609;618
708;647;605;616
776;682;609;621
786;680;628;627
761;656;628;635
761;643;636;662
751;646;654;663
757;653;659;659
763;671;653;662
763;672;671;656
760;695;686;663
755;752;692;626
737;758;694;610
749;759;690;605
747;729;662;610
732;687;638;613
683;729;648;556
692;770;688;601
673;736;672;602
671;602;616;613
671;553;601;616
698;653;583;585
752;720;601;612
764;732;601;615
755;731;616;608
746;745;670;637
755;734;688;676
748;689;676;680
750;661;673;678
775;691;680;698
762;665;669;673
740;651;664;637
748;657;658;638
758;664;654;636
741;630;634;624
701;701;663;612
664;731;670;563
657;718;667;578
648;618;610;590
649;553;594;600
646;489;584;606
650;490;590;610
659;510;590;607
675;577;601;594
693;619;628;599
707;639;621;583
715;656;627;587
730;674;637;601
735;670;639;601
719;637;628;614
731;630;622;620
779;683;636;633
770;674;619;615
721;594;592;611
678;500;582;619
661;485;587;623
660;487;591;624
679;516;593;624
732;621;591;615
754;647;602;628
755;644;602;629
719;570;596;629
678;723;638;409
687;752;683;611
666;736;675;602
658;631;628;615
648;547;598;621
649;563;596;619
702;668;615;614
720;672;620;616
771;710;638;625
779;709;633;625
779;708;624;625
776;701;618;625
778;696;613;614
809;714;625;641
805;718;654;651
771;702;646;623
725;729;672;591
688;730;671;591
677;698;642;594
672;513;574;611
625;513;579;658
647;466;585;595
660;483;595;618
680;611;607;565
667;736;647;575
663;763;675;573
670;729;656;604
676;562;593;619
726;599;641;659
745;612;638;662
725;600;638;650
696;566;630;631
704;593;638;630
744;627;622;623
680;545;586;612
658;502;600;627
664;494;594;628
662;483;589;627
661;485;588;628
680;646;609;585
713;734;648;606
729;757;668;612
713;723;652;617
726;710;669;644
729;680;675;660
706;611;649;649
759;654;637;639
787;688;639;645
769;663;628;636
732;684;629;556
703;785;676;562
623;793;696;593
657;752;671;607
658;667;637;616
655;578;605;621
651;560;602;621
642;519;597;621
706;638;616;619
702;622;616;622
694;605;613;625
671;560;598;625
678;573;599;628
718;613;608;647
737;641;643;653
734;664;650;643
745;741;692;622
717;727;685;617
704;683;661;613
761;685;633;635
770;703;649;643
728;644;636;634
685;582;619;625
722;612;630;639
731;629;649;661
719;610;642;658
673;724;660;430
694;751;686;596
667;731;673;590
664;662;637;598
655;602;612;604
766;704;631;617
793;734;673;655
763;697;654;593
760;721;670;623
697;631;636;630
680;563;609;636
758;663;598;613
750;641;605;633
728;610;607;637
753;614;636;656
756;596;618;667
723;595;623;644
699;559;615;637
760;675;651;623
791;708;667;632
778;690;647;632
760;656;628;631
747;719;667;616
686;738;679;593
660;697;653;609
680;687;647;600
698;710;658;616
689;684;660;635
683;647;638;639
728;656;658;665
742;638;657;678
719;579;626;648
786;690;633;601
794;706;623;620
763;672;625;631
732;630;616;631
713;593;606;629
688;550;596;624
666;509;601;630
726;646;636;634
730;676;646;627
713;645;633;622
694;608;612;626
683;569;604;629
684;555;604;630
661;497;595;631
666;507;601;632
663;497;596;632
662;483;591;631
662;480;586;631
663;483;591;631
664;491;595;632
673;491;588;659
671;364;564;673
663;465;585;626
670;488;598;637
670;514;605;635
722;474;596;732
696;487;603;666
683;502;606;626
675;478;585;628
668;455;575;624
667;443;571;627
680;479;590;668
707;378;573;724
684;457;594;660
676;495;596;630
719;563;621;636
776;650;613;629
759;629;614;631
731;586;603;629
770;707;650;592
783;743;660;629
762;729;649;615
750;708;644;627
713;610;616;630
719;542;643;644
744;601;652;681
746;600;650;679
714;553;627;646
677;492;597;627
760;628;561;597
803;701;641;642
837;760;653;633
834;751;665;645
811;715;639;632
772;790;673;579
682;809;703;585
653;795;695;587
653;661;640;607
678;474;614;633
641;505;599;577
670;471;592;621
674;498;598;621
681;512;605;625
680;517;604;625
680;502;597;629
678;482;594;630
678;485;594;632
688;540;597;627
683;527;593;627
683;528;594;624
686;533;595;624
692;541;596;625
704;564;605;626
704;553;605;626
698;544;606;624
694;531;604;625
692;523;602;627
690;521;601;628
687;511;599;629
683;506;595;630
683;519;597;628
683;531;599;628
683;538;600;627
686;548;602;625
689;561;608;622
697;580;615;621
704;603;623;622
707;607;624;623
708;608;626;624
708;604;620;623
710;607;620;625
710;603;616;625
708;590;611;626
712;619;633;630
733;686;679;658
721;683;676;635
706;630;648;628
681;526;600;622
681;644;604;635
755;697;605;624
756;698;607;627
740;666;606;627
754;722;684;661
740;729;679;615
699;626;638;625
684;687;628;563
682;714;668;605
678;689;650;607
675;612;619;617
668;544;603;623
654;448;571;626
711;710;594;480
733;728;658;611
712;710;646;597
738;712;666;633
753;725;670;637
748;706;657;650
754;667;637;662
761;657;646;667
778;706;683;688
778;698;682;699
766;698;677;667
771;742;676;639
755;726;655;633
719;670;625;622
690;553;581;618
690;508;586;619
677;499;591;629
786;671;632;635
799;699;640;639
774;676;636;623
793;707;646;637
832;745;645;636
824;741;645;634
800;727;638;623
767;741;675;619
752;736;671;624
712;682;654;626
687;616;632;628
681;570;615;633
710;757;685;635
690;781;692;594
677;749;674;611
670;658;631;621
664;552;600;629
662;560;609;631
665;509;594;632
669;516;601;632
666;504;592;632
663;483;583;631
663;485;584;632
665;493;588;632
667;502;591;633
668;505;593;633
668;505;592;633
667;498;590;633
667;496;590;633
667;499;591;633
667;500;591;633
668;503;592;633
668;504;592;634
669;505;593;633
675;518;596;633
678;521;597;634
679;525;600;634
684;536;602;635
693;558;605;636
693;558;604;637
689;549;598;638
686;539;596;638
686;538;596;635
688;547;597;635
689;552;598;635
687;547;598;635
684;537;597;636
685;540;599;636
687;547;601;637
689;551;602;636
693;554;607;635
695;554;607;636
694;549;602;636
695;551;603;636
695;548;601;637
695;546;599;637
696;544;601;637
695;534;600;638
691;530;598;639
689;527;598;639
689;528;595;639
691;529;595;640
691;531;596;640
692;533;596;641
692;536;598;641
692;536;597;641
687;530;599;641
684;520;600;641
681;519;601;636
684;537;607;637
682;535;604;637
684;537;605;637
686;539;605;638
686;534;604;639
686;532;604;639
686;530;603;639
683;525;602;638
682;518;597;639
679;599;592;618
710;681;607;597
721;713;640;605
718;707;648;617
722;691;652;637
731;650;633;660
696;589;621;642
669;512;603;627
657;390;544;631
671;471;579;637
690;558;626;638
728;657;674;656
728;674;681;667
728;647;667;659
742;695;640;628
756;703;645;638
736;669;632;634
710;672;626;607
689;721;654;543
672;723;652;599
671;693;643;615
671;634;627;628
667;595;611;633
671;601;622;634
698;590;637;642
717;586;617;646
726;636;652;647
723;645;654;644
704;612;641;637
712;649;657;639
719;712;675;625
711;694;659;627
711;675;656;637
699;615;636;639
719;608;624;644
734;602;594;630
690;426;543;624
675;477;580;632
680;498;592;633
701;540;597;635
763;656;619;625
782;686;614;604
760;644;598;614
731;582;592;627
711;635;602;557
711;753;654;602
669;727;653;591
669;642;628;618
669;592;610;621
676;520;618;631
759;714;596;563
764;717;626;630
747;688;611;624
725;646;600;627
737;664;632;634
736;675;652;640
754;693;669;661
770;688;663;685
751;644;648;674
711;605;643;639
721;614;633;629
770;666;608;624
773;641;577;620
756;669;626;607
709;739;638;560
693;744;663;606
679;647;626;625
694;650;651;640
719;715;671;624
722;711;668;637
715;680;653;643
740;640;632;675
736;627;642;666
726;628;645;650
715;597;630;628
764;671;654;650
771;666;652;652
752;660;633;626
728;731;670;609
704;746;667;553
678;724;660;580
672;575;597;598
543;396;542;610
660;463;570;604
701;625;637;614
734;708;632;569
731;721;634;551
726;725;643;552
764;757;652;592
772;759;639;598
764;735;605;610
764;719;592;616
758;691;639;641
726;623;629;638
699;563;624;639
679;527;608;626
678;508;594;627
701;476;563;634
747;655;667;676
733;640;662;656
704;594;638;637
685;725;680;637
671;761;684;573
679;748;674;607
678;702;650;617
671;632;624;622
671;624;608;616
712;718;677;626
719;703;646;623
670;578;604;632
698;578;589;629
765;652;629;640
777;662;614;634
738;617;603;629
694;577;600;624
708;620;641;649
731;673;648;633
707;624;631;638
720;620;626;637
748;637;645;658
758;649;655;664
752;645;655;661
752;644;653;660
777;741;701;686
763;761;705;645
766;772;702;632
773;759;680;631
752;708;638;626
744;671;623;627
723;691;626;585
675;739;647;573
675;702;644;592
676;602;605;602
679;575;607;614
674;515;598;614
750;739;642;600
745;743;637;596
701;714;624;570
695;709;633;591
710;710;622;608
733;723;607;622
752;727;598;623
745;718;603;627
714;625;593;630
680;556;585;627
731;591;611;634
796;684;618;639
759;643;627;637
692;557;603;633
651;449;583;631
668;477;580;630
701;561;602;632
783;660;605;633
771;639;610;636
709;539;596;639
678;508;603;640
675;506;594;633
675;487;586;633
672;486;584;634
702;572;624;636
772;646;636;660
772;656;640;655
740;683;652;615
683;724;653;544
691;737;674;581
734;758;661;571
761;755;643;621
766;737;593;633
751;719;600;621
732;696;641;625
708;700;642;610
710;714;662;620
721;700;672;641
759;698;674;681
762;668;670;682
746;638;662;663
773;695;670;656
768;696;666;647
742;647;637;628
757;710;677;601
736;678;669;625
725;635;638;630
747;652;625;628
749;659;628;629
763;669;622;626
794;706;626;623
811;723;638;630
804;716;640;628
780;771;658;510
758;791;693;610
707;787;692;600
685;748;676;615
678;694;653;620
669;590;615;625
670;586;617;627
674;498;597;628
674;505;595;633
676;501;592;634
678;501;593;635
677;496;591;634
676;502;592;634
675;503;593;635
675;501;592;635
755;644;597;631
763;653;599;630
735;611;599;634
733;603;619;646
743;619;645;654
733;546;611;650
706;495;588;643
676;466;590;640
674;469;576;635
686;517;601;640
709;551;618;648
734;596;642;662
734;569;621;665
713;536;606;652
694;542;606;637
698;562;608;632
727;649;623;628
738;719;617;565
746;726;659;627
742;736;670;622
740;734;668;622
719;695;643;618
727;669;645;639
737;685;664;639
720;634;654;640
700;607;634;635
693;579;614;634
679;500;585;633
688;529;601;638
701;554;603;635
718;602;633;645
716;601;634;642
710;582;623;640
702;573;615;638
708;534;595;637
705;553;609;623
762;634;628;639
779;669;648;641
736;758;658;504
714;778;691;544
667;780;691;548
663;746;677;571
663;643;636;581
658;550;599;600
652;423;558;608
667;494;586;608
672;513;602;612
672;514;600;611
669;492;592;611
668;483;588;611
668;487;589;611
673;510;598;613
678;524;607;614
681;533;609;614
684;534;610;615
689;545;611;615
694;555;612;615
697;558;611;616
699;560;611;617
698;558;608;617
701;561;607;618
707;574;607;620
704;573;606;621
704;569;604;622
707;572;603;622
708;574;604;621
709;582;606;621
710;585;607;620
707;579;605;618
708;582;605;617
714;606;626;620
716;615;635;618
731;630;640;627
727;624;640;627
714;586;613;624
704;567;610;623
703;569;613;623
701;557;601;622
694;537;593;621
735;558;598;647
737;610;639;648
721;588;619;633
707;559;599;621
703;548;596;622
717;585;618;630
750;631;634;653
774;680;669;674
757;656;645;639
750;676;663;639
740;667;663;640
731;645;657;638
717;656;646;617
698;724;649;584
674;741;668;581
680;750;680;590
685;734;676;607
673;717;675;549
715;730;683;612
706;703;670;612
703;573;607;612
756;620;633;674
764;657;669;674
753;643;662;663
732;619;652;644
753;743;709;679
750;773;705;626
752;744;679;633
775;729;658;636
771;694;641;635
746;634;619;634
754;645;626;628
797;697;650;656
801;704;655;658
778;749;677;597
742;770;692;590
693;768;689;571
675;727;667;604
675;653;641;617
676;592;616;620
678;600;623;626
672;540;610;624
681;531;594;620
738;660;659;656
738;662;663;657
716;586;624;646
708;558;610;637
715;580;618;630
736;599;623;651
766;607;615;669
753;596;632;661
723;576;631;636
704;561;625;631
790;692;650;648
772;656;643;645
720;562;616;637
649;417;582;626
672;475;590;628
708;576;613;633
758;645;648;640
755;636;639;639
749;676;675;648
739;655;661;652
709;582;627;646
715;600;637;640
766;653;614;640
748;680;625;575
727;748;679;597
694;745;675;582
676;670;631;608
671;593;615;614
763;684;626;611
807;740;681;665
798;743;683;628
769;720;678;637
749;683;656;645
762;670;647;644
749;646;649;648
717;606;635;634
699;639;663;626
711;696;679;628
713;722;687;622
714;725;688;624
732;748;703;631
744;750;700;646
736;720;684;642
671;749;667;510
706;759;690;584
687;747;686;597
677;675;643;616
670;583;613;625
673;588;614;627
681;518;612;630
772;666;662;655
786;694;658;640
734;644;629;619
698;568;603;624
727;604;635;652
735;609;647;661
722;587;643;653
702;561;634;639
752;704;659;619
763;714;645;629
755;707;646;628
744;682;634;634
737;640;621;636
766;718;623;645
789;757;604;614
788;763;617;615
776;753;619;624
765;733;646;635
795;735;653;656
795;707;653;657
785;717;679;670
735;762;682;579
696;767;691;580
673;746;686;602
699;727;684;638
707;719;684;629
705;704;673;626
692;630;651;638
683;555;614;634
735;643;652;640
765;657;653;655
757;652;653;654
750;678;643;639
758;714;650;636
767;732;640;634
748;701;615;635
718;617;603;637
703;584;597;632
714;607;646;645
757;610;639;677
754;622;650;672
747;710;643;622
750;737;666;625
742;746;675;622
712;672;631;622
710;653;622;623
691;806;702;454
674;798;695;605
678;732;655;580
671;546;597;615
672;528;599;622
672;568;616;621
668;485;593;616
723;597;613;622
754;643;633;632
732;633;635;623
699;593;620;622
749;636;654;657
754;612;659;686
731;584;642;661
690;526;614;634
645;404;563;609
672;447;578;624
706;545;624;641
752;605;642;678
761;615;652;690
753;627;656;671
738;638;641;648
749;664;651;646
741;660;657;642
725;687;651;570
717;728;658;585
696;731;674;605
672;656;630;612
675;526;601;623
684;421;601;636
664;457;589;619
669;468;590;622
674;480;593;624
678;498;600;627
677;501;600;625
677;497;598;627
676;489;595;626
676;490;596;626
664;540;576;588
677;591;606;621
688;636;636;626
700;650;644;627
708;671;643;621
722;674;642;634
752;672;669;668
751;636;655;673
734;589;626;662
703;539;611;639
681;526;610;629
685;539;615;632
703;543;610;635
778;643;595;612
719;542;597;627
686;455;602;636
680;486;602;634
681;492;601;631
681;488;599;632
734;589;593;629
795;648;592;636
788;659;614;635
740;608;617;635
743;649;670;648
745;667;677;652
726;628;657;649
662;750;655;466
720;755;690;614
682;733;673;588
682;665;635;601
673;557;605;615
682;539;596;595
684;513;609;629
681;506;599;626
677;484;593;627
677;488;592;626
678;491;595;627
680;505;601;629
682;519;604;628
684;521;605;629
682;508;600;628
682;511;600;627
700;580;606;626
744;684;602;577
767;719;639;621
766;721;641;623
759;700;655;647
724;610;636;639
724;525;617;660
719;557;629;656
708;560;628;638
746;685;626;624
747;696;623;634
740;676;609;635
737;651;597;631
755;734;601;536
763;754;660;622
760;757;674;622
753;746;663;628
775;737;646;627
801;703;632;642
789;661;615;638
718;678;644;593
676;732;631;541
671;727;657;600
677;694;651;625
761;729;676;642
785;727;671;653
767;685;640;597
754;635;638;651
764;657;664;670
753;637;664;671
775;682;647;651
798;724;642;634
786;695;626;626
753;627;585;631
716;555;600;636
702;565;612;640
710;622;653;641
715;693;666;627
715;768;705;667
699;793;706;597
683;781;696;607
666;730;664;618
674;690;653;626
731;723;652;625
779;740;651;632
777;714;640;630
739;621;635;638
719;630;609;613
766;725;603;612
739;680;601;630
701;607;603;635
692;580;604;636
690;568;603;634
724;772;657;500
724;753;634;592
703;727;635;606
726;733;668;639
743;747;673;635
729;689;657;641
710;641;640;643
697;666;662;637
674;669;625;600
673;566;596;621
681;566;607;629
678;512;597;635
675;506;593;635
692;523;590;635
744;623;606;631
744;620;610;636
722;599;605;635
724;603;607;637
726;594;605;637
702;539;600;635
674;475;587;637
678;509;596;637
682;521;600;639
681;520;599;639
681;514;597;639
680;507;595;638
681;509;596;638
680;508;596;638
681;513;597;641
726;541;626;708
741;610;644;667
780;685;655;637
791;692;643;635
785;683;636;634
801;710;627;634
788;692;641;638
733;640;634;631
703;572;619;635
696;651;637;617
728;693;679;632
720;669;666;640
700;601;631;639
803;732;641;598
799;701;645;642
736;602;611;635
701;531;602;639
689;577;616;630
703;618;640;630
701;613;643;625
697;597;632;631
692;580;628;635
691;567;621;636
688;547;616;637
686;525;608;638
686;522;606;638
687;528;608;639
