688;733;686;693
684;732;686;692
689;733;686;692
688;732;685;694
682;729;684;695
678;722;680;696
675;717;674;698
675;713;668;698
673;712;663;700
673;705;657;703
669;701;658;704
669;701;658;706
668;704;662;706
676;718;675;705
738;803;702;686
745;771;698;700
780;753;651;716
767;726;627;697
726;692;621;706
676;658;611;708
653;653;614;714
635;637;604;712
638;637;602;713
677;685;617;707
764;780;672;703
754;769;661;703
726;731;650;711
696;689;632;717
682;674;634;718
681;678;638;718
676;679;645;719
720;698;648;722
742;719;667;723
751;721;669;727
737;717;672;723
708;706;667;717
698;701;660;714
690;703;662;716
694;708;667;716
696;714;674;715
695;720;674;714
697;726;681;712
694;730;687;707
688;741;699;705
658;756;701;702
680;759;700;695
690;749;692;706
698;732;672;716
692;709;642;707
692;746;674;717
753;773;684;717
748;767;682;714
724;737;677;717
706;715;669;716
690;695;664;716
696;725;676;712
699;720;673;714
778;767;658;691
781;767;686;706
755;746;676;709
711;714;661;709
674;693;660;715
673;687;656;712
687;697;656;712
782;754;678;706
753;733;654;706
704;711;654;708
668;697;658;711
669;686;652;712
657;665;640;712
675;682;641;711
674;682;638;712
675;686;636;711
679;702;642;709
669;687;637;713
668;696;646;713
675;703;654;715
677;705;656;714
674;695;652;712
675;692;651;713
674;693;651;715
671;688;640;713
670;685;636;713
669;684;633;713
669;682;630;714
668;675;626;715
667;676;624;715
661;685;624;698
678;728;671;705
697;751;695;693
690;733;677;705
680;705;644;708
595;756;702;641
644;755;706;661
672;721;673;696
671;671;639;705
663;656;643;710
669;668;652;709
667;670;646;706
683;696;665;709
672;682;651;705
678;691;655;706
686;699;661;709
680;694;656;708
702;713;658;706
746;757;695;717
752;759;695;721
749;757;692;720
751;759;683;718
750;770;681;721
751;776;671;711
736;758;654;714
715;731;652;714
692;699;646;716
665;665;627;712
657;664;621;715
655;662;617;715
652;658;618;715
677;700;672;723
683;736;686;703
698;741;692;713
684;716;661;716
667;669;624;714
673;674;636;716
720;702;628;714
736;707;646;715
743;710;627;717
735;704;631;718
695;681;629;719
662;663;640;722
634;672;641;711
623;715;683;701
606;735;697;683
644;734;699;700
645;719;679;707
649;702;665;715
666;696;677;721
658;677;648;722
683;705;644;719
724;751;644;706
731;758;653;715
728;747;651;716
708;725;657;716
673;699;658;712
643;659;640;710
649;667;636;710
688;722;661;702
679;715;657;706
663;687;638;714
651;660;622;715
652;659;620;716
652;658;609;714
647;652;601;714
644;649;599;715
646;654;604;716
647;657;605;716
647;656;603;716
646;653;602;716
693;688;677;744
709;675;682;762
716;679;646;758
714;684;652;741
701;682;643;725
684;678;634;712
689;677;632;716
720;706;652;713
749;729;653;718
751;732;649;712
737;715;627;713
699;682;593;708
706;730;665;713
718;750;681;716
706;755;695;708
686;730;666;715
658;688;635;711
650;672;636;708
702;717;661;711
708;718;661;715
709;709;629;719
705;705;600;713
682;682;606;719
678;683;622;720
664;674;627;719
666;694;661;721
640;725;696;696
642;764;711;675
631;760;706;688
641;749;698;692
648;721;667;705
657;723;670;710
674;714;668;718
671;712;655;715
690;735;646;711
700;746;628;709
654;689;610;712
650;678;619;713
634;650;616;716
637;659;622;717
637;659;612;714
633;655;600;715
655;679;639;721
662;674;616;719
698;718;672;726
709;731;686;727
698;719;669;723
683;713;653;716
686;715;656;714
667;704;645;708
658;689;637;705
649;674;624;707
644;671;626;709
672;695;657;720
724;742;715;733
719;718;682;731
693;694;651;724
671;691;655;717
669;697;672;715
650;681;666;709
646;674;657;708
646;670;653;708
650;672;654;709
688;706;678;717
733;729;667;716
724;713;658;716
688;683;644;713
647;651;624;714
650;651;603;714
659;660;603;716
663;665;609;718
661;666;612;718
717;730;695;731
724;741;703;731
699;722;664;723
688;703;633;723
678;699;626;720
672;686;609;718
669;679;608;717
672;678;608;718
673;678;611;718
673;678;613;719
667;673;612;718
665;671;610;718
668;671;609;717
690;653;585;717
717;669;587;724
676;662;601;721
656;667;611;716
654;655;614;719
648;655;622;716
647;654;620;717
646;656;624;716
647;659;629;716
621;762;718;666
591;763;716;678
591;760;715;679
599;733;701;684
613;699;673;699
638;693;676;713
624;661;643;709
621;647;609;714
619;655;612;712
635;676;628;714
647;692;636;713
653;687;623;712
643;669;607;711
636;659;608;711
692;660;612;736
721;704;669;745
720;705;674;741
689;682;655;727
671;688;630;717
722;746;629;709
730;753;610;705
723;736;615;706
695;700;612;713
654;656;612;716
637;650;622;715
644;660;634;716
647;663;635;718
695;651;638;702
725;679;629;723
688;669;636;719
645;667;639;716
652;665;639;715
654;667;638;713
655;668;636;713
755;726;659;728
762;730;653;726
743;718;652;719
770;755;662;715
779;758;656;718
780;760;663;716
772;757;666;716
757;743;658;714
797;748;665;712
797;740;656;727
758;727;652;721
709;701;645;714
697;687;632;713
650;661;633;711
658;665;627;715
658;669;613;711
700;730;669;708
698;748;678;700
691;743;662;706
682;728;654;711
662;694;627;712
669;706;641;712
661;686;627;712
648;722;684;697
595;765;709;671
584;754;703;680
603;724;689;688
660;725;701;688
675;734;698;710
668;698;661;708
752;731;649;707
760;728;649;715
757;726;646;719
746;723;647;720
746;725;648;720
755;748;656;718
752;769;663;716
758;772;655;715
744;763;657;715
737;747;654;718
716;726;650;719
694;696;644;720
662;667;620;710
674;680;636;715
673;718;634;707
681;717;584;693
706;687;619;708
687;676;630;711
665;664;633;711
651;651;631;713
675;680;629;713
653;677;633;707
661;684;634;708
703;739;651;690
702;743;662;705
683;720;649;708
665;687;630;710
653;654;608;713
676;670;627;711
703;696;643;718
702;710;661;715
672;701;656;716
656;679;638;717
658;667;632;722
609;765;717;680
639;763;711;705
635;732;683;705
639;692;643;710
648;699;647;716
653;670;630;717
646;655;622;719
633;641;615;717
632;637;602;714
664;676;613;716
694;741;626;718
730;767;648;715
732;761;641;718
725;744;635;720
699;705;634;719
685;691;633;718
723;731;650;718
731;743;655;717
720;733;656;718
694;705;641;717
651;664;634;716
642;646;602;710
647;653;611;712
657;676;615;713
661;678;605;711
660;678;599;710
661;686;601;709
660;691;605;709
659;692;606;710
658;690;608;710
654;688;611;710
730;738;721;766
710;707;674;745
703;701;650;731
681;689;631;714
657;656;607;710
648;653;589;709
657;657;600;712
653;655;601;712
652;656;608;712
710;763;715;704
690;784;717;677
682;760;692;703
671;723;655;710
711;730;635;713
695;717;621;706
658;676;618;711
667;678;618;713
640;643;618;713
636;639;609;713
632;642;611;711
641;657;633;711
726;715;664;716
750;734;658;712
752;732;657;712
748;730;655;713
740;723;653;713
720;702;651;715
696;698;651;716
706;708;654;715
732;720;660;715
746;724;661;702
755;731;660;715
737;723;665;715
695;701;664;714
672;683;657;716
646;659;647;715
640;668;637;713
650;675;643;717
652;680;647;717
654;682;649;718
654;683;650;718
652;681;647;717
653;681;646;717
656;683;648;717
662;687;651;717
667;691;652;717
666;690;650;716
666;689;648;716
666;690;649;716
666;690;648;716
666;688;643;715
669;690;641;716
670;688;638;714
667;687;636;714
667;691;638;714
663;691;640;714
659;691;642;715
656;689;644;715
656;688;645;716
651;685;642;716
651;684;636;716
650;686;635;716
652;691;635;718
649;701;641;717
650;710;643;717
648;712;637;717
648;715;629;717
648;725;629;715
648;735;630;714
646;744;631;714
648;747;629;712
646;768;627;711
647;777;625;706
647;786;628;703
648;789;629;702
666;796;652;734
699;794;650;753
699;787;659;746
686;760;653;735
664;731;644;716
653;706;632;720
635;675;635;721
637;688;655;713
638;690;647;712
639;684;618;714
663;705;621;708
664;705;636;708
666;709;652;709
665;718;669;707
676;724;682;710
680;722;672;713
669;715;663;708
661;696;654;708
663;692;651;710
673;708;662;714
666;704;654;713
718;751;653;708
734;760;648;706
724;747;649;707
691;714;641;711
709;737;672;710
703;761;697;695
693;746;671;708
669;721;651;709
652;686;628;713
635;672;625;711
653;669;645;712
653;663;641;714
677;697;632;712
672;687;621;714
665;680;623;715
712;730;589;699
723;740;630;711
694;710;635;715
670;680;624;716
643;649;624;721
635;648;619;717
639;650;621;718
638;654;624;719
732;718;620;705
748;725;629;714
728;711;635;715
686;687;634;718
651;658;628;715
634;648;621;716
706;697;633;718
737;713;639;713
746;717;635;718
717;701;638;718
674;680;636;718
646;664;628;716
633;648;623;719
635;651;626;720
637;655;629;720
636;658;631;720
641;677;630;720
713;708;641;710
724;698;623;720
690;684;626;714
665;674;628;717
665;670;631;721
640;647;621;719
636;648;623;719
643;655;629;720
646;660;632;721
647;663;634;721
647;665;633;721
650;664;630;720
655;668;629;719
664;676;632;720
666;678;633;720
666;674;632;720
664;673;631;719
665;677;631;718
669;684;632;715
671;689;634;715
673;690;636;715
674;688;634;715
672;684;629;715
669;678;626;713
665;672;624;712
670;714;667;706
665;725;679;703
589;746;692;669
651;769;714;684
661;763;709;689
672;751;698;699
679;734;678;704
688;737;673;704
686;716;658;707
687;710;657;706
690;700;656;707
686;686;644;707
679;683;637;707
683;691;652;706
672;692;654;703
667;689;656;701
667;691;655;701
668;703;657;701
666;695;658;702
667;689;658;703
666;682;656;703
666;682;656;704
668;684;658;705
669;687;660;705
687;703;657;700
734;709;584;706
736;731;645;705
737;740;657;707
745;751;644;702
740;743;606;700
716;718;619;703
698;718;655;702
725;745;706;714
712;740;691;710
687;713;659;708
665;663;622;709
661;654;618;709
671;657;628;705
720;704;658;720
729;712;673;719
696;670;625;716
669;637;597;711
665;645;613;707
677;655;621;711
676;652;619;711
661;637;609;710
708;697;665;723
727;732;702;729
719;720;692;727
698;697;666;722
678;666;643;716
670;650;625;714
664;617;587;714
687;656;631;717
698;677;642;717
702;675;639;708
748;706;649;724
758;724;672;725
744;718;672;721
701;688;657;712
679;671;657;717
663;709;682;704
583;749;702;666
646;766;720;683
650;764;717;686
654;740;704;693
655;714;679;703
653;699;661;706
666;701;654;706
681;710;656;709
686;710;655;711
681;700;655;711
682;695;653;711
680;693;654;713
676;692;656;715
681;711;661;713
688;723;661;708
692;726;662;706
687;723;659;703
668;696;635;702
667;685;635;703
665;679;633;705
661;674;629;707
679;716;670;706
690;732;680;714
696;738;686;707
686;719;669;710
674;684;649;712
683;673;658;718
718;671;646;718
740;686;622;715
733;688;627;710
693;657;625;708
648;632;618;705
693;706;668;715
704;729;651;689
707;733;670;711
691;713;661;718
659;683;639;711
644;711;673;702
642;755;713;692
653;755;708;694
662;732;688;698
670;704;655;701
670;709;651;701
660;677;637;704
654;656;627;704
654;649;617;705
652;631;610;707
652;630;608;707
655;637;608;707
677;687;624;698
705;744;646;689
727;765;675;695
739;776;665;689
736;773;659;700
735;762;641;696
774;807;643;652
772;804;660;688
764;798;663;690
744;770;657;698
717;734;634;702
679;688;636;706
676;678;651;708
657;651;650;711
654;646;639;711
654;645;636;711
662;650;636;712
685;661;636;713
702;678;639;713
753;721;656;712
753;728;668;710
734;712;659;712
680;674;646;710
636;631;625;710
652;643;635;713
658;654;645;716
669;677;658;716
676;720;692;698
664;731;702;696
666;768;718;681
658;756;707;693
658;730;692;698
668;721;673;705
667;704;656;714
656;659;639;715
657;662;644;715
651;661;644;713
654;661;645;714
669;670;650;714
667;671;655;711
665;667;647;708
662;654;635;706
675;662;628;708
712;690;641;711
679;670;641;713
668;658;631;711
661;647;627;711
658;646;626;711
656;655;627;704
713;731;704;723
719;753;711;705
711;744;701;704
692;713;669;704
673;677;644;704
768;741;656;707
754;732;668;711
744;714;649;712
722;696;643;710
709;690;646;710
777;785;648;659
762;778;661;688
753;773;665;697
730;736;660;702
695;706;652;702
694;712;662;701
701;726;643;693
689;722;660;709
683;711;659;719
671;676;637;716
609;707;641;704
646;750;703;681
665;773;719;689
661;770;715;691
663;755;705;695
672;725;689;704
682;703;663;713
673;635;619;718
677;661;632;715
687;683;649;717
689;685;649;718
688;682;649;718
688;681;649;718
691;685;647;718
694;687;648;718
694;688;648;718
693;689;650;718
692;689;650;719
690;686;650;719
688;679;651;719
689;678;653;719
730;721;685;725
731;725;689;725
726;712;667;723
714;698;658;722
697;682;656;719
674;668;659;719
676;670;661;718
674;669;658;718
672;667;657;718
672;667;657;718
673;668;658;718
732;707;669;723
753;720;674;721
775;739;676;721
790;755;683;716
790;761;689;717
788;755;680;718
783;748;673;719
781;771;673;699
775;776;673;706
772;773;666;710
757;768;667;711
746;753;669;715
720;723;664;715
739;710;675;722
748;716;674;725
745;719;680;722
714;705;678;716
705;727;703;712
668;729;708;702
650;741;712;692
650;737;708;694
659;721;691;706
655;672;641;708
649;578;532;705
665;645;599;701
676;658;626;705
706;710;674;717
733;729;691;727
726;715;668;727
711;709;649;719
700;700;623;705
690;681;580;697
697;697;625;702
694;690;627;704
683;666;609;706
669;645;596;705
661;653;630;702
742;732;707;729
715;685;656;723
680;656;632;711
679;656;627;710
665;645;626;709
665;642;623;710
663;640;620;709
758;750;642;714
746;740;685;709
728;717;657;711
673;653;608;704
654;629;592;709
647;620;589;709
657;640;615;712
652;726;643;700
691;764;651;702
687;777;653;696
679;783;664;704
682;784;658;699
688;781;649;704
692;767;644;697
736;765;651;705
754;768;672;707
753;751;665;711
705;707;656;700
685;695;659;701
666;684;659;703
640;654;640;701
638;654;644;704
640;661;649;706
642;665;656;706
644;668;659;707
642;666;658;706
651;673;657;705
659;692;659;703
667;702;662;703
675;710;666;703
687;714;668;705
683;716;669;704
677;714;671;704
683;716;672;704
688;718;673;705
687;717;675;705
689;715;676;707
690;714;678;709
690;712;680;710
687;708;678;711
684;705;675;711
678;702;674;710
677;697;672;710
663;690;671;708
660;694;674;709
652;705;682;708
630;722;700;689
609;732;696;675
623;760;713;690
646;765;720;696
647;734;706;699
653;712;687;710
664;710;686;709
657;687;671;706
658;685;671;707
719;724;675;703
756;750;675;705
748;745;672;699
725;720;658;701
691;689;642;702
683;676;636;705
674;670;649;709
738;702;682;734
746;737;710;738
729;713;679;728
694;725;672;715
740;738;697;728
733;692;659;721
710;684;651;707
688;683;661;704
656;670;664;704
674;692;675;709
679;695;675;708
695;704;678;712
732;736;684;726
742;755;715;727
742;751;711;728
732;739;697;727
708;725;689;720
693;719;696;718
692;753;719;698
639;750;719;691
585;763;717;668
608;762;721;681
620;743;714;689
635;719;700;702
638;701;685;708
638;695;684;707
637;676;673;708
658;709;683;709
671;717;687;712
700;739;679;710
705;744;692;713
695;734;693;717
683;721;692;718
688;720;691;719
679;703;688;721
681;699;686;721
677;697;687;721
678;696;687;721
675;694;685;722
671;692;683;720
664;685;677;718
713;722;723;745
699;707;681;720
665;657;639;707
619;630;629;691
641;645;646;704
648;661;660;705
699;694;684;725
740;730;709;736
753;720;683;745
750;720;684;744
733;715;691;735
691;743;719;708
648;773;730;681
657;772;727;682
641;734;702;682
644;711;676;694
651;692;653;698
639;642;612;700
645;653;617;701
649;655;625;704
650;655;626;704
649;650;615;703
649;647;615;705
679;692;634;703
724;740;623;692
731;749;641;700
719;733;641;703
691;699;633;705
669;668;634;706
679;701;662;704
677;713;661;705
683;724;677;706
666;695;660;707
671;697;668;714
765;755;651;681
752;743;678;705
738;723;657;708
713;700;651;711
704;691;655;714
704;688;655;717
769;765;658;709
750;758;691;719
740;711;668;722
685;676;651;707
638;648;660;702
636;640;645;703
642;640;645;708
668;679;650;710
691;696;665;707
735;704;659;732
709;686;648;723
676;657;638;718
695;707;671;719
690;721;668;680
705;733;664;691
701;732;663;693
688;720;661;695
678;705;653;700
666;679;647;704
644;632;631;709
632;624;616;708
647;641;618;707
659;653;621;709
662;656;620;708
661;655;619;708
658;654;619;708
654;652;622;708
653;655;633;707
651;659;647;707
648;660;651;706
646;659;651;706
644;658;651;706
644;658;653;706
644;659;654;706
645;659;655;707
648;660;656;709
648;660;657;709
648;660;657;710
649;660;657;710
649;660;657;709
649;661;657;709
649;660;657;709
650;661;657;710
651;662;657;709
651;662;657;709
654;663;657;708
657;664;655;708
662;663;653;711
670;665;651;713
673;666;650;713
669;663;646;712
703;737;622;667
733;750;650;696
729;732;630;704
699;697;610;707
672;663;623;708
649;688;656;701
645;713;677;689
614;725;682;668
632;740;707;689
639;745;712;686
642;735;705;690
643;718;686;696
642;696;673;702
641;689;667;703
639;675;655;700
644;680;658;702
649;688;663;703
659;700;665;702
671;710;662;702
677;712;661;702
679;715;660;701
679;713;659;701
677;712;658;700
679;714;658;701
679;716;660;702
678;716;661;703
676;715;663;704
675;714;664;706
675;712;664;708
675;708;663;710
677;706;664;710
679;702;664;711
680;700;662;712
683;702;661;713
683;705;661;714
686;703;661;715
685;698;660;716
682;688;657;716
682;686;655;716
683;688;654;717
682;688;653;717
681;687;653;717
708;722;660;716
733;747;656;717
735;747;651;712
727;738;651;711
703;709;644;713
681;680;629;715
659;646;614;712
657;641;610;714
657;646;617;714
655;646;616;714
655;647;617;714
661;653;617;717
740;715;661;736
748;731;676;736
743;729;668;730
733;727;656;724
724;727;656;722
710;721;653;721
704;723;661;720
692;703;635;716
686;704;641;712
683;703;644;711
678;695;643;712
675;686;638;713
672;672;619;715
669;662;600;716
666;661;606;715
664;662;613;714
663;666;641;717
724;722;699;755
735;700;679;753
727;683;660;740
694;670;643;716
683;667;642;705
681;673;647;708
671;668;648;707
672;678;654;706
676;665;633;708
674;653;601;710
670;646;599;709
671;653;606;710
670;655;610;707
677;657;629;710
678;661;639;713
784;733;588;718
760;715;656;721
741;696;645;719
692;656;620;714
683;643;618;720
699;656;637;725
744;677;634;744
754;719;674;744
760;725;677;745
758;728;681;739
756;726;672;733
752;720;663;733
711;700;660;711
710;719;684;711
689;709;684;707
685;705;677;702
682;691;661;701
679;677;644;702
678;670;639;704
679;670;641;705
679;672;644;704
679;672;640;703
689;699;654;695
711;752;677;676
727;761;699;704
718;748;687;711
697;716;660;711
685;703;652;708
685;688;647;706
677;674;629;705
671;673;631;705
669;675;636;706
668;678;649;705
667;679;655;706
666;679;655;705
666;682;656;705
666;690;660;704
668;693;662;704
669;694;666;704
672;699;672;704
672;700;673;705
674;702;673;705
676;703;674;705
679;706;677;705
680;708;678;705
684;712;680;706
690;727;682;705
693;735;684;704
700;741;686;704
700;744;685;704
700;744;686;704
701;744;686;705
702;742;685;706
700;737;684;706
697;733;683;707
687;725;689;706
715;741;706;710
729;751;695;696
737;756;700;702
722;743;700;703
694;721;697;705
657;693;695;710
655;678;682;710
645;705;696;698
654;733;715;688
642;767;733;685
623;773;734;679
634;759;720;682
634;718;695;693
648;690;666;699
659;704;670;701
652;674;647;704
649;664;641;705
650;662;641;706
701;737;634;694
713;739;646;707
698;723;640;707
671;689;629;707
675;693;622;707
641;650;622;710
641;660;640;710
665;693;660;713
668;687;657;713
655;666;650;712
660;667;649;716
660;669;651;718
666;678;657;721
673;680;660;722
727;750;738;759
694;749;707;711
675;693;654;715
680;677;641;719
675;655;634;720
713;679;654;735
718;667;632;740
735;685;643;751
743;709;658;747
727;699;641;737
697;684;634;731
689;685;646;730
709;705;665;731
750;732;669;740
750;739;669;732
741;739;651;721
737;725;651;715
742;715;658;710
714;694;648;701
687;685;651;694
697;734;694;691
657;740;709;680
638;782;728;654
615;779;724;673
625;767;717;675
648;739;700;683
674;741;686;690
678;734;683;695
677;719;670;701
680;722;670;699
676;718;664;696
679;718;658;699
682;721;657;696
685;720;652;698
693;718;642;701
683;691;628;701
689;696;628;702
681;692;617;701
685;697;615;701
684;702;620;700
678;705;628;698
674;699;627;698
672;703;631;698
669;723;645;692
697;761;680;690
691;773;697;687
691;756;678;704
651;734;666;706
628;692;629;709
645;692;633;710
643;672;628;710
649;664;625;711
653;669;625;712
657;678;626;710
670;692;630;709
666;689;629;708
669;683;625;707
700;673;597;738
722;719;677;743
730;708;661;744
713;712;663;721
696;703;654;708
681;679;631;711
667;656;613;711
731;726;682;733
752;753;677;715
746;743;661;713
734;727;641;713
774;751;654;709
770;748;656;704
759;728;644;712
741;702;609;709
709;667;597;710
703;650;598;714
673;711;635;714
709;724;657;709
714;688;659;717
691;693;666;708
681;702;673;710
653;719;686;692
649;733;705;694
621;761;704;668
653;771;720;689
665;760;716;702
666;729;695;706
670;727;695;705
678;709;671;702
666;685;656;703
659;685;663;705
657;683;662;707
654;682;662;707
657;686;662;707
658;690;663;708
674;710;670;707
687;721;673;706
692;726;676;706
704;736;673;695
705;735;673;704
700;728;676;707
687;715;681;712
669;688;678;714
669;685;677;715
667;686;676;715
667;686;677;716
666;685;677;716
668;691;679;715
668;694;680;714
661;692;676;710
650;685;667;708
642;673;664;708
637;673;665;709
639;666;653;711
638;653;635;710
640;647;626;710
640;665;623;708
645;729;630;705
646;780;632;696
654;785;644;691
652;796;657;686
653;802;660;685
664;805;659;706
707;811;679;735
707;812;677;737
705;811;678;735
687;807;674;714
669;806;680;701
631;796;634;671
651;794;621;694
657;798;631;696
686;806;671;715
719;805;674;757
719;806;683;757
703;802;673;732
673;789;658;706
661;767;659;702
635;729;653;696
645;710;667;702
650;716;653;704
642;668;624;709
645;669;622;708
647;669;625;707
649;672;645;708
649;679;657;706
659;696;673;704
669;711;681;702
680;716;676;705
683;709;664;711
684;704;656;712
685;710;659;712
690;717;664;714
694;718;661;717
699;718;661;718
703;721;663;719
705;724;663;720
709;725;664;720
710;721;663;720
709;716;663;720
706;703;658;721
736;741;689;730
752;768;702;726
755;769;696;723
747;755;683;724
739;746;675;721
743;739;675;723
754;740;666;721
764;745;659;716
766;747;670;721
758;743;673;720
736;727;667;719
709;704;661;716
688;688;666;717
690;694;670;718
689;694;669;718
687;692;668;717
686;689;666;717
704;707;671;718
771;745;674;715
771;748;675;712
742;725;672;710
698;700;667;710
651;688;666;701
644;732;698;690
651;780;725;669
642;768;720;681
640;753;708;685
653;740;701;696
663;727;687;702
737;780;691;703
706;731;679;704
672;700;669;707
654;673;664;706
653;670;658;708
658;676;663;709
660;678;665;709
699;708;668;707
747;741;672;701
762;756;684;707
760;751;684;711
747;737;682;711
733;725;680;713
737;724;684;720
761;744;694;718
753;732;685;722
751;732;687;719
735;725;687;717
710;712;683;712
703;707;683;711
667;698;687;709
668;696;684;707
667;691;680;706
669;692;680;707
675;707;682;707
675;714;685;706
686;717;685;705
685;717;685;705
685;716;684;705
684;713;682;705
684;712;682;706
686;712;682;706
686;709;680;706
685;705;676;707
682;700;674;706
681;698;671;707
680;696;669;707
681;696;669;707
680;696;669;706
678;693;668;706
679;737;710;707
690;782;732;694
665;777;728;684
658;755;710;686
672;747;700;695
681;732;690;706
690;728;676;703
694;740;681;699
692;714;664;708
687;701;656;705
687;693;653;706
688;695;653;708
691;698;654;709
699;701;655;712
701;700;653;713
707;702;651;714
706;702;651;714
705;698;650;713
708;701;647;712
707;700;650;713
699;697;649;713
695;695;648;713
700;697;648;713
703;700;649;712
707;705;651;713
710;707;650;713
712;710;651;713
712;710;651;713
712;711;651;713
710;709;651;713
724;745;657;702
727;773;630;640
725;762;674;697
707;756;669;697
676;681;595;702
634;622;568;705
649;635;581;705
659;657;611;706
779;745;658;752
753;763;726;726
711;715;677;716
673;648;598;705
656;625;568;700
649;628;600;699
697;649;684;735
692;640;655;712
654;620;638;698
641;619;616;694
650;640;640;695
660;656;647;696
662;662;651;700
656;646;644;700
672;687;632;685
703;700;540;703
710;732;638;692
706;730;657;704
696;718;650;707
674;682;634;709
628;592;551;704
635;610;583;708
644;630;604;710
643;630;609;711
720;722;713;732
736;722;710;738
712;688;667;728
685;640;628;721
670;639;638;716
650;615;606;710
646;609;599;709
646;610;601;711
648;613;606;711
698;651;632;715
749;676;604;712
748;680;631;714
723;669;636;714
686;648;637;713
660;628;638;712
643;626;636;709
647;635;638;710
647;643;653;709
645;652;660;708
644;652;659;708
646;649;651;709
654;653;644;709
664;654;643;709
666;655;645;709
668;656;646;709
672;661;649;709
673;664;651;712
680;665;651;716
690;668;646;716
696;669;643;716
698;670;644;716
700;673;646;716
700;675;648;716
703;677;649;717
703;678;647;717
703;678;645;716
704;679;644;714
704;679;644;713
704;681;645;712
705;681;645;713
704;681;645;713
703;681;645;713
703;681;645;712
702;681;645;712
699;682;649;711
696;679;649;711
693;675;643;711
683;700;667;702
667;719;677;700
588;756;697;661
642;763;709;677
658;755;707;683
657;738;684;686
663;724;664;687
673;729;661;683
707;738;668;692
714;740;669;699
730;745;684;715
729;744;680;713
725;741;676;706
711;730;662;703
701;720;650;704
712;742;672;704
717;768;704;684
717;775;699;695
702;772;685;703
716;752;680;720
722;729;669;708
701;698;654;701
676;658;615;704
651;637;611;706
639;618;588;709
731;664;607;731
756;731;692;743
752;728;698;740
709;731;702;717
628;756;704;672
632;765;713;671
653;728;676;692
655;705;661;696
656;691;653;695
663;689;655;704
666;682;655;707
665;667;644;710
661;715;632;709
626;694;609;704
652;681;637;716
671;594;610;728
665;623;620;721
633;627;611;711
622;615;619;708
688;689;679;721
690;705;685;717
650;692;677;713
641;663;651;713
738;702;639;708
742;699;634;719
746;708;655;718
712;676;643;716
671;631;604;715
624;601;599;715
669;630;636;724
708;661;651;737
719;685;676;733
708;680;670;729
671;656;649;719
662;653;642;717
650;638;632;712
638;626;612;711
635;621;609;712
752;688;646;716
730;682;660;720
703;668;658;716
670;632;635;711
592;664;665;687
597;698;712;687
581;720;714;679
598;726;713;684
630;715;707;699
645;698;688;708
658;693;668;704
656;662;652;705
640;628;646;710
633;627;647;710
641;636;650;711
654;648;652;711
672;682;663;713
669;683;668;711
663;674;664;708
660;673;658;704
662;679;651;702
664;675;641;699
666;661;620;703
661;647;613;704
661;645;614;705
659;645;616;704
684;694;655;708
699;735;657;689
698;736;679;709
659;687;653;714
701;693;641;714
752;713;656;716
752;704;640;715
727;676;605;708
678;652;593;709
661;645;632;718
661;633;633;721
656;626;630;720
643;609;611;720
643;618;621;717
640;618;621;715
671;664;579;667
666;631;567;699
656;626;601;708
643;635;638;709
723;692;688;736
726;690;679;735
705;664;651;724
661;634;636;715
703;670;644;700
735;664;569;707
752;689;623;715
750;698;646;716
783;725;660;701
782;729;651;708
764;718;656;715
734;697;657;709
709;677;656;710
697;679;662;708
632;766;734;702
586;766;732;679
604;738;713;687
628;705;695;701
650;694;688;709
661;694;686;704
654;660;653;703
650;630;630;702
650;619;609;704
645;623;618;704
652;630;629;707
647;625;627;707
645;623;625;707
660;678;644;709
685;712;686;712
673;690;663;715
665;669;649;714
679;678;636;702
717;728;571;689
720;728;608;698
697;701;627;705
701;709;678;717
697;733;683;707
682;717;680;708
645;645;631;713
648;635;647;714
635;645;659;712
590;725;713;700
600;747;719;684
631;733;701;688
672;714;689;702
711;741;712;709
694;702;667;711
680;675;653;707
707;724;699;732
708;753;683;708
701;732;667;713
686;705;651;713
675;689;644;715
670;670;639;715
683;683;643;716
713;711;621;707
729;738;682;713
721;735;683;712
682;705;660;709
664;657;615;708
650;615;566;704
663;646;619;710
664;647;619;710
661;643;603;709
745;695;606;731
745;725;682;733
727;711;671;724
678;674;644;711
639;612;546;700
652;622;568;705
665;646;605;710
671;656;625;712
670;656;624;711
667;648;612;711
739;740;721;742
730;732;715;732
701;693;675;724
660;629;617;715
619;504;493;701
685;665;543;689
729;721;658;715
743;737;659;703
743;745;663;700
737;739;655;700
768;760;658;702
769;734;638;714
760;720;642;713
722;678;616;710
704;663;623;712
682;642;614;714
635;599;593;712
642;603;583;713
644;614;596;713
653;635;613;713
662;644;619;713
713;624;641;755
704;673;676;750
709;670;661;744
699;668;657;726
680;661;647;710
662;640;625;709
714;648;603;704
778;709;621;725
793;737;662;724
802;753;678;719
806;759;675;709
794;741;644;712
773;714;625;712
736;674;579;708
712;686;620;698
672;695;656;708
659;705;654;712
678;730;679;701
690;740;684;704
678;714;672;713
670;683;654;715
677;674;658;715
657;630;636;712
659;627;632;716
626;698;688;695
595;733;701;684
633;731;706;696
641;693;681;704
655;676;658;712
662;630;625;717
672;658;642;716
692;703;658;709
690;706;647;693
683;707;655;699
676;699;663;703
708;705;688;722
732;713;707;733
715;679;662;727
677;652;632;705
657;627;580;693
666;637;625;708
665;635;627;710
663;632;615;709
667;638;607;708
673;644;608;705
674;646;612;706
672;645;613;714
722;683;678;764
725;670;664;762
715;673;663;738
721;724;683;717
716;731;635;700
700;728;633;697
678;700;629;706
664;667;624;711
646;631;589;703
656;636;583;707
668;655;589;705
732;704;652;730
723;697;648;729
668;641;603;713
659;620;566;703
659;635;586;707
668;652;615;709
671;660;623;710
663;643;606;709
663;642;604;709
664;645;606;709
668;648;612;711
706;693;658;714
724;718;698;730
729;726;705;732
713;715;687;726
678;680;656;713
664;614;579;706
643;600;582;705
677;669;566;684
716;706;572;691
691;691;634;713
665;678;654;713
642;677;674;708
601;711;703;687
626;768;733;709
595;771;725;677
615;741;711;686
626;717;693;696
629;681;658;700
657;678;644;699
664;691;654;703
674;703;661;698
664;691;642;698
658;682;637;697
662;684;639;698
661;679;636;701
660;672;636;703
660;670;634;705
663;672;635;707
662;670;630;707
661;670;630;706
655;667;632;706
647;656;631;706
644;644;628;706
645;638;627;706
652;652;637;708
644;639;623;706
641;634;616;706
643;640;618;706
645;645;619;706
643;640;615;706
643;637;612;707
646;640;611;707
647;641;610;707
653;651;610;705
697;709;667;719
695;711;683;718
674;683;645;714
668;673;612;706
669;668;610;707
665;659;611;707
656;651;612;708
653;652;610;708
654;657;609;708
655;666;609;707
658;671;609;707
657;669;611;707
654;664;610;707
655;665;611;707
655;665;612;708
652;659;612;708
647;650;612;708
646;644;612;708
646;644;613;708
646;645;613;708
646;643;613;708
645;639;613;709
646;639;612;709
645;638;612;709
659;650;610;700
701;631;531;707
704;695;662;715
670;651;637;714
650;629;615;708
650;632;622;705
650;627;607;706
650;628;605;707
650;628;607;707
650;631;615;708
421;608;609;633
616;660;600;686
626;607;533;698
636;605;560;684
644;612;596;707
706;677;608;702
750;699;598;706
772;725;627;705
765;723;643;704
766;727;642;711
761;716;627;700
766;739;692;706
763;730;684;707
736;695;654;706
678;657;652;709
658;665;662;715
655;665;665;713
640;710;703;697
636;720;707;697
577;735;698;679
619;736;706;693
632;713;688;704
636;693;668;706
645;685;662;709
652;695;660;704
653;688;657;704
657;692;661;706
655;682;660;708
657;678;655;709
659;679;648;705
660;679;647;704
657;666;642;704
647;644;632;704
642;635;614;705
643;635;610;708
646;640;610;708
650;644;610;707
651;645;610;707
653;648;607;707
656;651;607;705
657;655;629;706
653;656;645;710
647;648;634;708
650;649;632;707
685;697;631;705
733;738;636;712
735;749;654;705
713;732;671;703
680;696;656;704
664;667;635;703
669;664;625;704
656;669;635;703
655;668;630;704
692;709;669;712
719;729;674;716
719;730;672;715
695;713;659;713
670;688;643;711
658;639;586;702
647;626;591;709
643;620;594;710
644;627;605;711
745;679;640;747
744;714;692;739
733;704;678;736
694;657;644;722
630;607;585;696
696;652;587;701
733;695;627;707
735;701;648;709
743;711;646;709
737;703;640;706
699;667;626;705
694;666;635;705
647;687;672;698
661;709;696;697
654;720;701;690
558;753;712;649
609;774;731;677
616;776;733;679
624;759;719;687
630;719;696;694
637;706;679;704
645;711;688;706
654;688;671;707
655;686;667;708
657;687;668;708
658;687;668;709
658;686;668;712
660;687;670;713
668;709;672;708
668;693;649;703
646;684;638;697
644;682;639;698
644;674;638;699
639;656;627;700
639;647;619;704
640;644;613;704
640;642;612;705
640;641;611;705
662;705;648;697
670;723;655;691
678;730;661;703
662;714;653;704
650;698;650;706
663;710;652;704
663;710;647;703
662;703;640;704
660;660;604;707
654;653;602;709
653;648;603;710
652;649;605;710
647;645;604;711
641;641;605;711
640;635;605;711
642;634;602;712
673;658;635;722
678;668;639;722
678;662;632;722
680;657;626;722
678;654;624;722
684;661;632;723
695;675;642;724
720;670;616;732
731;698;653;735
736;711;667;737
736;713;668;735
724;708;656;727
713;695;647;721
705;691;635;718
723;704;649;720
714;706;646;717
757;737;655;722
767;755;686;724
767;754;691;726
757;740;680;725
732;714;657;722
696;691;650;718
667;673;641;716
674;672;650;719
654;648;635;716
656;651;639;716
658;653;642;718
658;653;638;718
659;652;633;719
659;652;634;719
660;656;645;719
661;657;646;719
660;657;646;719
663;663;652;718
662;665;654;718
660;664;654;717
661;664;654;717
663;668;657;717
666;676;662;718
666;676;662;718
667;676;662;717
668;677;661;717
670;678;661;718
671;678;661;717
666;677;661;716
664;676;661;716
662;674;660;716
659;667;658;716
654;668;661;717
650;701;685;709
650;715;700;707
638;767;726;667
590;755;720;684
597;735;710;694
611;721;704;705
622;705;685;710
631;691;674;712
648;704;672;713
641;675;646;712
637;667;645;710
647;673;650;711
652;681;658;711
652;677;656;711
647;670;654;711
646;668;653;710
647;672;655;710
650;674;656;710
651;675;656;711
651;672;654;710
645;664;648;708
684;705;657;711
688;697;654;710
640;634;601;707
639;634;603;708
647;645;616;710
653;653;624;710
653;654;623;710
650;652;614;710
651;652;613;711
658;656;617;712
662;660;626;713
688;698;641;709
713;735;656;709
715;736;674;711
718;740;658;707
750;784;634;676
743;775;628;688
740;770;645;703
712;734;633;709
673;678;608;709
666;668;601;709
687;653;621;725
720;725;697;733
693;688;664;725
672;656;645;719
650;637;625;713
676;659;633;717
677;670;630;715
707;705;658;732
705;715;674;731
692;734;700;723
648;762;707;678
662;768;719;694
654;752;707;697
646;717;674;705
651;694;659;710
662;690;658;715
665;692;657;716
669;683;642;717
673;681;643;718
675;680;643;718
680;687;645;719
684;694;650;719
686;695;650;719
687;693;648;719
691;696;649;720
694;701;651;720
694;703;652;721
695;705;654;722
698;708;657;722
700;708;657;722
699;706;656;722
699;705;657;722
698;707;657;722
698;708;657;722
698;709;658;722
696;709;659;722
692;707;658;721
690;708;658;721
687;705;658;721
686;701;657;721
685;697;656;719
681;695;653;716
677;690;639;709
671;689;640;709
667;680;639;710
665;672;629;712
666;672;625;712
669;673;626;712
668;679;634;712
671;688;643;709
676;692;648;710
676;693;647;709
676;690;645;709
676;677;622;712
672;662;619;714
665;656;621;714
661;646;615;714
718;737;701;730
727;763;687;705
720;757;679;706
692;732;661;711
654;712;662;706
738;746;701;706
738;732;686;706
723;702;643;713
687;661;610;708
691;660;608;710
649;645;638;712
650;649;646;712
650;644;631;712
652;645;626;710
654;650;618;709
697;704;665;721
722;725;650;718
728;739;678;720
709;728;670;720
680;705;653;717
680;694;658;716
656;681;645;706
657;677;634;706
705;715;679;717
742;732;674;724
751;739;676;731
736;733;665;718
706;727;671;705
696;734;689;699
687;703;654;701
681;688;611;705
679;684;610;706
683;714;625;691
726;781;719;716
738;801;724;703
743;800;722;712
730;781;707;718
696;730;671;717
668;685;638;714
672;662;643;717
710;702;573;697
758;749;649;713
770;771;669;715
761;756;663;715
734;728;649;715
734;693;626;715
676;661;618;715
674;657;621;717
647;637;617;713
643;633;610;714
639;634;613;714
637;644;629;710
641;713;683;696
523;762;699;627
604;782;732;683
600;789;736;680
601;766;716;684
603;735;697;694
613;719;684;701
636;732;688;701
642;721;681;699
633;693;660;699
635;703;663;698
638;707;666;699
643;709;668;705
645;682;667;712
644;663;663;718
644;660;660;717
660;711;643;700
702;787;710;713
701;785;706;711
697;775;693;712
724;795;688;706
727;794;685;709
726;791;685;708
714;775;684;713
687;722;676;715
659;693;665;717
641;659;655;714
676;689;666;721
745;698;657;719
749;713;672;714
690;686;650;706
628;639;620;703
630;641;621;701
637;662;643;701
751;731;684;725
775;752;672;717
761;741;668;712
725;719;656;706
689;695;649;707
687;684;638;710
676;679;626;708
662;669;625;711
652;653;607;711
649;643;602;711
647;640;597;711
647;640;600;712
647;643;605;712
644;647;609;712
647;658;618;712
729;719;653;722
730;721;663;720
694;706;659;712
661;697;656;704
641;642;585;708
654;656;594;710
664;671;614;712
669;678;617;712
671;682;607;711
671;684;601;710
673;689;602;710
675;691;608;710
676;693;615;710
676;694;616;711
675;692;614;711
672;682;606;710
666;679;633;710
594;783;720;610
640;790;744;673
612;787;741;658
620;749;714;671
631;713;674;686
659;726;689;693
681;725;680;692
684;716;664;699
677;707;663;698
672;697;664;698
671;687;661;701
689;715;667;702
697;726;670;703
721;753;655;701
731;760;657;702
721;743;656;705
699;710;646;708
690;715;653;704
691;726;668;699
687;735;676;705
690;744;675;703
673;721;654;710
654;664;619;712
651;652;644;709
647;671;658;706
696;718;706;720
715;709;684;734
708;703;656;733
655;676;629;720
718;689;643;729
725;662;631;727
717;674;639;722
689;660;635;713
660;637;618;711
675;666;656;712
719;701;660;723
712;709;672;719
747;727;661;711
735;718;663;715
737;709;648;717
748;703;627;715
760;686;573;719
766;695;630;722
742;700;666;723
697;676;670;716
643;724;718;711
615;745;720;711
604;750;719;687
642;739;704;697
651;707;669;705
665;708;670;706
671;683;662;709
657;652;640;706
636;627;616;707
638;626;614;706
640;628;612;706
639;626;609;708
640;627;608;709
742;701;540;703
761;723;589;701
744;714;605;699
712;693;612;704
720;708;644;717
734;731;687;729
722;698;647;727
704;687;645;723
653;672;646;712
631;669;658;712
637;623;603;713
632;613;590;711
644;622;591;709
648;634;599;709
727;673;611;735
760;730;701;746
745;719;684;736
708;684;654;727
670;677;657;711
676;685;670;715
664;665;651;710
656;643;618;712
655;639;610;714
656;641;611;714
658;645;613;715
665;654;622;716
681;697;624;703
715;742;661;683
707;734;654;712
686;714;646;710
677;698;641;712
669;687;639;713
669;683;630;714
664;653;594;714
672;669;617;714
682;680;639;718
679;672;632;718
694;691;646;719
705;706;651;719
731;739;697;727
733;739;687;725
723;731;676;721
705;711;655;717
685;688;635;716
689;689;641;719
687;677;641;715
686;671;625;714
679;656;592;711
673;645;576;710
703;695;663;717
715;698;660;732
695;691;657;724
683;670;644;719
663;631;587;712
651;611;577;710
651;627;600;711
710;684;635;715
706;686;641;708
698;686;639;706
667;687;652;710
670;693;646;708
672;695;648;707
671;696;651;706
670;700;655;706
671;703;655;705
669;697;652;705
671;686;643;706
664;666;623;707
664;661;621;708
665;659;621;709
670;662;621;708
670;659;618;710
679;668;618;710
679;668;617;710
678;665;616;710
731;655;630;765
719;664;628;750
710;682;644;732
700;686;634;713
692;680;624;714
680;680;619;706
681;688;636;706
682;688;634;706
680;687;632;705
681;686;632;706
682;691;634;705
683;694;637;705
685;694;637;705
686;697;640;705
687;700;641;704
686;697;641;705
685;697;641;705
685;697;642;704
684;704;647;703
674;741;678;686
731;787;725;698
722;796;723;699
686;793;714;696
638;792;712;691
616;773;700;688
633;714;652;702
646;647;599;704
650;649;607;707
648;645;607;708
646;642;608;711
645;640;608;710
641;633;604;710
666;707;682;717
583;735;712;686
582;758;724;681
575;751;715;681
579;709;688;687
588;681;664;696
599;652;647;701
615;663;654;703
619;643;639;708
611;626;614;705
609;619;610;706
612;624;617;708
615;629;628;712
620;627;628;716
632;636;637;720
645;653;651;724
651;647;639;722
684;668;647;731
698;698;679;730
688;688;663;725
672;663;645;717
644;619;571;705
633;606;556;706
632;614;589;709
642;629;622;713
726;712;694;740
719;691;664;737
669;634;612;719
627;594;542;698
650;626;593;711
727;673;624;738
740;717;695;745
724;704;677;736
708;697;670;725
704;702;670;713
713;710;650;716
729;734;691;725
722;724;687;725
696;699;666;718
669;668;649;713
632;588;545;703
630;613;604;706
617;740;714;670
601;738;709;689
602;715;690;694
613;672;656;702
628;667;650;702
651;676;655;703
650;725;661;673
700;752;719;721
693;748;716;723
673;710;682;720
658;663;634;717
635;615;577;700
723;699;696;743
726;699;687;738
708;675;652;725
690;668;643;706
677;684;659;701
650;647;610;699
675;694;649;698
695;739;658;676
690;734;676;705
672;704;654;710
669;670;665;720
712;703;657;711
737;710;644;705
747;704;606;713
746;701;610;712
731;687;615;715
707;679;630;712
690;687;636;707
659;691;639;696
656;699;649;697
674;718;662;696
690;729;673;692
689;734;678;689
693;739;677;691
701;744;680;687
701;753;687;682
698;767;700;670
728;781;696;674
743;782;702;692
731;776;703;693
705;762;696;685
669;733;681;685
647;653;619;695
645;635;599;702
639;628;588;701
641;627;593;705
646;636;606;706
675;707;691;708
595;731;702;679
621;741;710;697
622;716;692;707
632;679;658;709
626;623;569;692
629;623;599;709
643;644;628;712
651;658;645;713
653;661;647;714
654;661;644;713
659;664;645;714
671;673;653;715
671;693;665;719
723;747;719;732
724;739;706;731
708;712;668;721
681;681;619;710
688;693;637;711
681;693;648;708
676;701;662;704
673;682;634;707
669;657;585;708
667;648;587;709
667;654;612;710
714;698;681;723
682;652;618;721
668;654;599;721
648;653;616;714
642;644;606;714
691;657;597;716
700;673;630;715
705;662;613;720
664;635;613;715
628;617;586;704
627;643;594;709
702;712;641;710
759;736;684;730
739;720;676;725
716;688;649;722
681;657;624;715
682;647;608;714
647;636;625;713
644;627;607;714
674;665;647;717
718;702;675;738
714;712;687;732
698;698;673;728
676;675;654;722
675;673;651;720
670;651;639;714
710;674;618;711
708;659;591;713
711;671;604;712
737;700;629;713
743;709;642;713
725;691;642;711
688;667;632;711
651;635;623;710
645;632;618;712
629;690;658;691
624;755;722;685
623;742;715;690
636;711;682;705
660;696;664;715
675;680;657;720
665;642;616;719
671;648;615;716
670;673;631;715
672;721;648;722
675;661;628;730
673;608;636;727
659;611;635;719
649;645;641;704
675;680;647;712
679;703;691;713
665;707;698;711
631;659;674;705
617;639;648;699
658;647;668;713
701;654;655;726
701;654;660;726
681;644;656;718
656;638;667;705
654;641;669;703
652;669;655;679
674;704;699;707
671;708;702;712
656;682;679;715
641;631;646;714
646;616;648;719
627;586;598;712
632;583;582;713
656;621;639;721
689;678;711;733
692;677;703;732
682;662;681;728
651;629;644;722
624;604;616;719
612;554;550;706
621;593;612;711
630;610;647;713
626;626;668;713
578;650;702;689
557;662;704;690
527;709;716;667
560;731;717;676
588;732;716;681
602;694;695;689
618;646;676;709
636;630;667;707
624;614;654;708
618;608;651;707
623;617;656;707
670;666;666;706
661;661;666;708
670;663;665;709
663;654;663;713
646;629;664;717
645;627;659;715
646;623;656;715
647;626;657;715
648;628;658;716
639;627;654;716
624;618;648;715
624;603;624;715
628;601;622;713
634;602;617;713
643;615;616;711
647;621;617;712
724;602;641;776
711;634;660;763
700;633;654;763
672;631;633;715
659;627;611;717
622;652;609;705
687;705;668;728
713;712;665;724
709;677;651;721
662;649;638;705
648;643;630;709
623;610;615;714
692;691;701;725
704;671;684;736
694;654;648;735
673;653;624;723
647;644;627;712
625;609;570;703
625;620;607;707
633;637;643;709
633;644;653;705
630;646;655;704
628;645;658;704
630;643;661;704
632;642;664;705
631;641;664;705
630;639;663;705
630;640;664;705
632;643;665;705
700;689;668;670
715;702;666;688
721;712;679;698
725;725;674;704
742;756;661;693
742;758;660;690
725;741;662;695
701;724;666;695
670;700;667;696
633;682;667;696
638;688;659;690
639;692;661;691
680;710;684;704
746;740;693;718
748;728;693;726
714;691;670;721
651;639;652;712
654;627;636;716
635;614;643;711
631;625;650;706
637;649;679;698
561;669;701;677
510;698;713;675
544;728;715;673
577;703;693;683
601;671;662;693
613;660;649;694
631;636;652;705
641;652;657;700
652;675;666;703
655;669;666;702
653;666;662;703
646;655;652;703
646;655;653;704
648;652;654;706
643;642;644;706
637;620;601;705
628;609;590;707
631;615;598;707
635;622;602;707
650;653;639;706
648;652;625;704
650;661;621;703
648;660;618;703
649;657;624;704
650;654;626;706
650;656;628;706
672;696;667;708
676;696;670;712
679;704;652;697
691;722;685;705
685;711;674;709
665;680;648;708
660;668;629;707
651;642;596;706
643;635;591;705
690;668;643;718
688;675;643;712
675;680;665;713
666;673;661;711
675;682;625;699
708;709;616;700
697;694;644;706
673;664;641;710
673;667;645;712
654;647;637;711
656;650;628;708
710;702;682;723
709;691;677;720
662;645;634;717
656;643;632;716
663;660;650;713
664;662;650;711
659;657;640;710
655;653;637;710
656;659;644;714
657;662;655;715
659;665;663;717
656;660;650;715
655;659;648;715
658;662;653;717
660;664;655;718
661;662;654;718
660;660;652;719
661;663;655;719
659;663;655;720
658;661;654;720
659;663;656;720
660;664;658;721
663;665;661;721
665;667;664;721
665;667;665;721
666;670;666;722
668;673;666;722
670;673;666;723
670;672;665;723
671;673;666;723
671;674;666;723
674;676;667;724
674;676;667;724
674;675;666;723
674;675;666;723
676;678;667;723
678;679;667;723
678;679;667;723
677;680;668;721
677;680;670;721
677;681;670;720
676;681;670;721
674;676;670;720
669;671;668;720
666;665;664;719
709;698;722;749
692;727;677;709
680;716;661;700
670;695;657;707
662;681;654;708
664;676;651;709
646;640;651;714
639;641;654;712
610;692;695;690
641;743;724;694
619;737;719;690
613;717;704;693
624;701;693;702
634;681;680;705
638;678;678;703
636;654;665;700
638;655;663;701
645;660;664;706
649;662;664;707
647;671;658;705
618;689;642;705
701;686;651;712
707;637;616;714
666;633;615;704
641;620;612;703
603;588;601;707
613;591;597;709
617;596;602;710
615;595;605;709
682;633;651;726
686;659;681;724
658;623;641;719
633;612;626;712
634;606;605;709
629;599;588;707
642;598;582;711
724;692;699;741
700;673;678;729
667;640;649;718
658;634;649;715
630;618;640;709
652;647;649;706
665;663;678;711
680;672;676;717
657;662;677;714
655;660;675;711
647;643;663;702
634;634;655;704
632;636;658;705
639;645;664;706
645;650;668;707
657;707;717;692
563;723;715;670
602;734;722;677
606;717;707;686
611;686;683;697
620;675;678;700
614;649;656;700
620;647;657;704
623;647;659;707
625;644;657;707
626;641;656;707
636;652;657;708
648;666;659;710
655;673;663;713
657;675;665;712
659;674;665;714
661;674;663;714
661;673;664;714
706;752;682;692
701;735;700;721
676;722;688;714
660;688;668;714
648;664;656;714
625;628;642;707
634;641;651;711
651;661;657;710
660;677;660;709
653;671;658;708
653;656;646;709
642;652;635;713
644;656;637;714
649;663;645;715
647;661;640;716
646;656;636;717
680;672;668;744
701;651;602;766
702;613;583;767
696;624;588;756
679;622;600;743
665;625;623;729
700;736;673;656
694;721;665;714
667;670;576;715
651;635;574;707
665;655;612;709
642;623;626;711
640;614;612;711
721;691;660;723
727;677;646;733
706;641;623;731
678;632;621;726
670;642;653;721
671;662;673;712
680;650;650;701
667;636;644;702
693;661;655;705
703;674;661;704
710;677;665;705
704;675;664;705
692;669;663;705
675;661;663;706
672;664;667;704
703;677;667;704
730;688;679;714
738;697;668;705
735;687;660;706
717;668;649;708
728;671;642;713
772;716;681;723
772;733;685;717
760;721;669;715
735;696;660;713
699;672;663;713
680;661;665;714
656;636;655;716
652;637;658;713
647;615;636;713
643;607;620;713
649;621;620;715
655;635;619;715
663;646;620;716
671;658;625;715
680;665;627;713
677;663;624;712
674;658;623;713
678;664;627;713
680;663;627;710
718;672;626;719
752;728;704;742
743;719;680;736
728;703;663;723
719;702;666;719
707;696;676;716
691;691;690;713
699;697;695;716
600;738;714;667
647;762;729;691
638;764;730;686
642;758;725;689
649;730;706;700
652;716;693;704
657;708;681;707
662;710;680;707
658;693;670;705
693;729;675;703
700;733;671;695
695;728;662;701
678;702;659;706
658;679;654;707
645;652;657;711
627;635;649;709
623;640;652;708
731;696;703;759
726;730;730;745
704;686;684;735
672;657;654;722
690;688;671;717
734;747;675;702
731;749;678;708
717;733;679;709
683;688;657;711
672;668;631;710
700;711;688;732
719;754;693;732
723;777;712;701
728;782;705;701
720;773;692;699
718;756;677;702
766;768;678;711
770;754;682;716
767;747;676;718
726;704;666;717
686;699;670;709
651;717;700;706
631;753;725;681
646;761;727;690
654;749;720;699
656;727;700;703
658;701;678;704
655;686;664;705
652;661;640;699
702;691;618;707
708;696;624;709
721;672;640;716
694;673;644;711
671;659;639;704
655;650;642;707
640;621;622;709
638;614;603;710
645;620;596;710
660;624;595;712
737;694;681;738
728;678;660;737
703;665;652;729
725;691;653;716
741;719;664;702
738;702;618;698
709;683;625;703
683;658;626;709
647;622;624;710
651;628;620;711
655;630;615;711
657;634;617;710
720;749;709;704
706;758;714;690
688;733;681;706
657;683;652;708
659;673;650;712
659;661;651;706
652;657;652;707
641;649;646;708
553;667;656;695
558;745;727;694
599;755;730;688
618;726;711;695
625;683;673;702
627;630;640;698
626;624;638;705
632;648;655;709
636;655;660;710
638;653;658;710
639;653;658;710
637;650;657;709
676;672;670;716
743;716;659;717
748;723;672;718
726;710;672;718
689;685;667;716
680;681;667;712
650;661;667;714
687;701;666;712
709;726;679;722
730;752;670;716
744;759;662;715
750;763;657;715
756;774;662;705
757;789;686;690
728;786;693;713
719;770;683;719
708;741;667;718
711;737;671;719
738;750;665;714
738;751;687;723
712;738;687;722
665;682;662;723
650;680;658;722
615;716;693;710
574;748;716;702
595;734;705;706
614;689;670;712
625;668;643;715
637;617;608;710
752;706;685;738
769;727;661;725
766;723;651;716
769;729;649;708
803;757;581;714
795;759;649;706
744;713;653;709
701;676;644;714
669;688;678;716
720;750;726;733
715;761;722;713
695;733;689;716
663;674;641;707
769;747;526;650
784;721;533;707
734;680;555;695
683;650;580;696
701;669;618;707
648;651;634;698
667;685;637;693
692;722;688;714
691;728;691;715
679;703;673;715
676;676;634;711
666;619;551;701
681;654;604;710
684;664;633;712
676;664;635;709
668;670;636;704
663;665;617;700
665;666;625;707
666;665;626;709
696;723;666;706
715;767;689;692
704;749;676;697
720;741;655;700
754;746;665;714
776;751;669;716
781;749;649;713
799;753;640;716
788;744;646;715
778;732;646;717
744;697;632;718
714;688;651;718
696;680;654;717
627;700;698;714
587;727;705;688
624;737;714;699
632;720;702;707
644;694;677;712
656;693;677;713
657;658;649;711
653;654;642;714
650;653;644;712
652;653;647;712
712;686;643;711
763;721;668;716
756;725;665;717
714;692;661;717
688;678;660;718
663;663;658;716
676;676;662;720
676;680;665;719
693;699;668;718
738;760;665;704
741;755;668;715
741;753;670;716
728;732;668;719
710;701;666;721
703;694;665;720
636;734;657;707
690;739;659;720
697;705;658;717
683;693;654;709
652;683;652;704
658;657;645;709
636;643;648;715
635;640;649;714
636;643;652;715
641;653;654;715
617;693;687;715
620;752;721;683
603;750;716;692
607;715;680;698
608;659;639;707
617;670;649;705
656;708;683;700
630;703;650;659
670;722;687;708
666;714;685;710
658;697;664;710
695;740;644;695
707;729;646;708
701;720;644;708
670;674;624;711
626;595;603;713
618;597;585;705
630;615;609;711
633;623;625;713
638;627;629;714
633;623;621;715
631;620;612;714
648;633;612;717
646;639;625;718
643;643;633;719
644;643;634;719
644;642;631;720
641;641;631;719
644;650;647;719
648;659;657;720
645;659;658;720
644;658;657;719
643;658;655;720
643;657;654;719
643;655;652;719
745;715;661;730
744;699;664;734
707;673;657;724
664;639;632;716
614;556;581;711
627;591;590;707
640;607;612;713
641;613;617;714
641;610;609;714
640;607;604;713
636;605;599;713
638;608;600;715
637;610;602;715
638;614;607;716
638;610;604;715
