7.56774626865854
15.1797462686584
60.6297462686587
2.24374626865824
-7.27225373134176
38.4277462686582
-37.5822537313418
38.9217462686581
-47.0082537313421
0.55374626865764
30.0357462686576
8.96574626865754
-46.1682537313424
20.8677462686575
21.5617462686574
30.5337462686572
10.1977462686571
6.09174626865714
6.09174626865714
41.1037462686571
-7.30025373134286
18.533746268657
22.827746268657
-10.978253731343
-30.134253731343
22.4537462686569
29.7177462686568
1.67574626865674
20.0757462686566
-87.8322537313434
-68.0962537313433
9.56574626865674
9.09374626865674
12.4337462686567
24.0957462686566
8.25574626865654
14.3497462686565
30.2037462686564
-14.3562537313435
-5.47625373134336
28.0857462686566
36.5097462686567
74.8697462686567
75.9617462686567
51.3917462686566
3.74974626865664
35.5457462686566
-12.2802537313437
-34.5122537313436
-1.09625373134367
-19.9462537313437
29.2817462686563
-21.2262537313437
3.06774626865634
-39.8782537313436
-6.00225373134366
-22.1142537313437
-33.1682537313437
-53.9522537313437
-7.18825373134366
-39.4642537313437
-25.4062537313437
-34.1242537313436
-1.54425373134366
-33.7802537313436
-14.3062537313436
-64.4022537313436
2.11774626865644
-15.4102537313436
-28.7282537313436
-36.5722537313436
-56.2882537313437
-45.0302537313436
-47.5522537313436
1.67974626865624
-7.48425373134376
-79.6182537313437
-90.2302537313437
-73.7942537313436
-39.8902537313436
-63.8182537313435
-69.4122537313434
-10.0642537313434
-51.4082537313436
-4.53425373134356
10.5577462686564
10.8317462686564
-23.6262537313435
-66.5222537313435
36.5497462686566
-6.57225373134336
12.5917462686566
-37.2122537313434
17.2197462686566
14.9237462686566
14.2437462686566
39.1397462686566
25.3137462686566
54.9217462686566
29.4257462686566
25.1037462686566
27.4077462686566
40.7057462686566
48.1697462686565
-28.2662537313435
49.1717462686565
35.9037462686565
50.4377462686565
43.5617462686564
-51.0902537313436
46.5577462686564
27.2757462686564
23.7457462686566
-87.8482537313436
37.9677462686564
48.3537462686564
18.2317462686563
33.9037462686562
-53.5222537313438
38.4717462686564
38.0597462686565
34.8677462686564
5.20974626865634
9.76974626865634
-10.5402537313436
6.66574626865643
50.9657462686564
25.7337462686564
41.7097462686564
32.5277462686564
-31.3042537313435
26.2397462686564
43.4437462686565
57.1777462686565
10.5097462686565
-16.1122537313435
-0.990253731343465
17.0677462686565
40.8817462686565
23.0097462686566
-37.6662537313434
51.4617462686566
3.98374626865664
-89.5922537313435
-81.7862537313435
1.84774626865644
41.8377462686564
46.1957462686564
45.1877462686564
67.3377462686567
54.4597462686565
61.3477462686567
22.7917462686563
-8.73825373134376
0.595746268656235
30.5957462686563
26.7757462686563
64.2337462686567
73.7997462686567
53.3417462686564
33.2917462686565
12.8017462686565
56.6337462686564
59.2797462686567
20.0837462686563
-31.1922537313434
-18.7582537313435
-10.9182537313435
-17.5542537313435
18.2577462686564
14.7177462686564
34.4597462686564
35.4597462686564
27.4797462686564
35.0737462686565
28.1577462686564
47.5037462686564
50.8797462686566
43.7277462686566
31.8957462686566
19.6917462686567
33.2737462686567
32.8617462686568
-10.5262537313432
14.1857462686567
22.8717462686567
-46.8182537313433
-10.9622537313434
21.3977462686567
11.6157462686567
-4.79425373134346
-41.1822537313434
9.95374626865664
43.9117462686565
-20.1162537313435
47.9017462686566
19.4897462686568
-33.2222537313432
-30.5142537313432
-27.0222537313431
14.4917462686569
-3.08625373134296
3.69774626865694
22.7217462686569
-130.332253731343
-130.332253731343
-130.332253731343
-130.332253731343
-130.332253731343
-130.332253731343
-129.220253731343
-23.6062537313431
-54.8642537313431
-1.28625373134306
-23.3982537313432
-9.84025373134326
0.801746268656736
66.3397462686567
24.9497462686567
52.8357462686568
8.34974626865684
-98.8622537313431
-74.1902537313428
45.123746268657
-0.154253731342763
-2.33425373134276
-28.1182537313428
-6.27425373134296
-92.3922537313431
12.7297462686569
8.44174626865694
45.0177462686569
6.51974626865684
-10.9622537313432
-3.45825373134316
55.4377462686568
16.5537462686568
17.5937462686568
23.9417462686568
-8.10625373134316
-92.1602537313432
24.9117462686567
-69.5522537313433
12.0777462686567
-4.96625373134327
20.0657462686567
15.8157462686567
-25.0682537313434
16.1237462686567
36.7957462686566
36.8277462686567
9.58974626865664
35.9077462686566
33.5717462686566
20.5497462686565
42.0277462686565
92.0237462686568
50.9197462686565
-36.0482537313431
-15.4722537313432
-10.2942537313432
-58.4162537313431
-6.73825373134306
-6.73825373134306
39.3217462686569
-20.2042537313433
18.4477462686568
48.3417462686568
9.85374626865683
-18.5882537313432
14.7457462686569
14.4897462686568
-49.9202537313431
32.7137462686568
0.29974626865684
35.0097462686568
-30.7422537313429
-17.498253731343
22.663746268657
38.8917462686571
29.6477462686572
28.6277462686571
2.31574626865714
-48.146253731343
29.069746268657
-3.69425373134276
-0.0822537313428597
22.0377462686571
54.5777462686571
0.281746268657237
-21.1402537313428
37.1977462686572
54.5317462686572
13.8837462686572
45.1197462686573
44.5217462686571
-0.766253731342864
32.0417462686569
10.3337462686569
20.2157462686569
75.3017462686567
36.4197462686569
48.5777462686569
31.7277462686569
6.75174626865694
29.617746268657
34.6017462686569
-13.4142537313431
8.86174626865694
-50.3622537313431
20.0217462686568
-7.87425373134316
25.5937462686568
18.0477462686568
2.10974626865683
-30.7442537313432
11.0757462686567
26.6037462686567
10.1577462686566
31.2837462686566
-28.3242537313434
-15.5222537313434
-18.2062537313434
5.70374626865654
-78.612253731344
-96.742253731344
-55.262253731344
-81.7862537313439
-50.7882537313437
-47.5622537313436
-12.5542537313437
-41.1362537313439
-7.99825373134397
-33.0042537313439
-26.8062537313439
-27.0202537313439
6.03774626865624
23.3137462686562
-4.89425373134376
23.8137462686563
40.3777462686563
17.5397462686563
3.07374626865634
91.6397462686567
29.4057462686563
49.7097462686563
42.4577462686565
37.1717462686565
-9.37625373134346
42.2317462686565
-34.9782537313436
48.7277462686564
27.9457462686564
37.8917462686565
86.6097462686567
55.8597462686564
79.4997462686567
63.5177462686567
59.4737462686567
-50.6502537313434
-99.2422537313435
16.7237462686565
29.0197462686567
8.86974626865674
56.1117462686567
56.5737462686567
19.1577462686567
78.5977462686567
52.5397462686567
65.2557462686567
40.7557462686567
37.8617462686568
42.8777462686566
33.6237462686567
17.6617462686566
42.1077462686566
23.5137462686565
-30.7862537313437
0.783746268656337
-28.9922537313437
46.2217462686563
11.9317462686564
-1.29825373134356
18.0357462686563
-9.70625373134356
-60.4502537313436
2.09774626865654
14.0397462686567
-2.32225373134326
-19.7402537313433
-71.3002537313432
-9.16225373134316
7.82974626865684
-36.1842537313432
-97.8082537313433
-6.70025373134326
-72.1942537313433
-1.35625373134327
11.5077462686567
-29.4822537313433
0.80574626865684
55.1437462686567
11.6077462686569
-40.202253731343
36.9097462686569
6.57174626865694
17.193746268657
46.7957462686571
-36.0702537313429
19.1837462686572
30.4677462686572
57.1517462686572
38.8417462686572
30.9237462686571
-39.474253731343
36.229746268657
1.15374626865714
35.6177462686571
27.3217462686571
30.123746268657
5.64174626865714
16.787746268657
22.231746268657
32.601746268657
1.50174626865694
-12.8602537313431
-17.8542537313431
-2.10025373134306
27.5997462686569
30.813746268657
12.8937462686569
16.6417462686569
38.3857462686568
21.0857462686568
32.5217462686567
13.8637462686567
4.72574626865674
22.6337462686566
28.0377462686566
-35.9482537313433
5.80174626865674
24.9057462686567
13.4577462686567
23.6117462686567
8.94974626865664
35.3597462686567
10.7777462686568
-51.7942537313429
-17.0162537313431
7.56174626865724
-3.35025373134266
-0.432253731342861
-44.9682537313429
-35.028253731343
-34.106253731343
21.049746268657
-2.23825373134306
19.201746268657
-40.960253731343
-17.992253731343
-35.360253731343
-21.592253731343
10.931746268657
3.31774626865704
5.84974626865704
17.0697462686571
-30.0202537313428
22.6957462686573
5.90974626865734
33.6317462686573
-5.78225373134266
-12.2662537313427
0.10374626865724
-27.4522537313429
-27.4522537313429
5.39374626865714
5.05174626865704
28.0037462686572
20.9037462686572
-11.1262537313428
-6.23625373134276
-20.7722537313427
-2.27625373134286
-65.468253731343
-13.0702537313429
28.913746268657
9.96174626865674
19.3557462686567
9.30574626865664
9.29174626865664
8.58374626865664
32.3977462686565
15.7317462686565
-29.9282537313435
-27.1902537313434
-39.7802537313434
17.4137462686566
-19.8142537313435
28.9297462686565
5.95174626865654
22.5657462686565
17.4157462686566
1.68974626865663
18.7357462686565
18.0437462686565
-69.7602537313436
-72.3222537313434
-73.0242537313434
-8.09225373134336
-27.5702537313433
-7.74025373134326
-2.07425373134336
29.3637462686566
14.1977462686566
-2.09425373134336
21.7777462686566
-47.1362537313433
-44.5282537313432
-48.1062537313433
-1.23625373134336
-11.0202537313433
-26.1802537313433
22.9077462686566
-43.6162537313434
-17.3842537313433
32.3837462686568
-30.6322537313433
25.8797462686567
36.5237462686566
30.1217462686569
25.4157462686571
11.7417462686573
24.5877462686573
27.0417462686572
20.4217462686573
20.4217462686573
-37.8682537313427
-7.87425373134266
17.0437462686572
-38.5462537313427
0.26174626865734
17.3037462686572
-36.9962537313428
14.0317462686572
27.6777462686573
26.0557462686572
-33.7902537313427
6.47174626865723
12.9537462686572
-78.2522537313429
19.5177462686571
37.6377462686572
14.6177462686572
12.7877462686573
-18.9662537313427
42.9657462686573
18.0437462686573
-13.2962537313427
8.99974626865734
32.3077462686573
22.7637462686573
40.8837462686572
30.4717462686568
-71.530253731343
-7.99625373134286
42.6297462686571
-3.69425373134296
-45.0682537313429
-16.114253731343
8.58374626865694
14.8257462686569
37.7117462686568
-3.81225373134316
2.02574626865694
50.2097462686568
34.4317462686569
-66.2882537313432
-66.3482537313431
-1.45025373134306
29.8457462686569
16.5277462686566
-77.0202537313434
-18.0362537313433
22.9457462686568
19.4417462686566
-6.64425373134316
10.5417462686568
21.1817462686568
-25.5142537313433
-26.9022537313433
19.1297462686567
7.14374626865673
-22.9662537313432
3.57174626865704
-22.0042537313431
-22.6002537313431
0.47574626865724
-12.3622537313428
-20.4382537313428
6.64574626865723
10.3817462686571
10.3817462686571
11.1717462686571
-3.36225373134276
-45.9422537313429
-8.89425373134286
7.35374626865714
14.5317462686571
-28.9322537313429
-44.6842537313428
-2.57025373134286
-48.9602537313428
4.50774626865714
-3.26625373134296
-13.430253731343
11.0137462686571
33.8597462686571
-11.490253731343
-9.53825373134296
-22.030253731343
15.145746268657
15.145746268657
-25.4882537313432
-6.25825373134316
-14.4882537313432
-15.1582537313433
-19.6002537313433
12.3517462686568
-25.7202537313433
-40.5442537313433
-1.60025373134346
-1.60025373134346
8.88774626865654
-9.74425373134356
-30.1282537313436
-37.1122537313435
-23.7262537313436
-19.8102537313437
-16.4282537313436
-60.7742537313439
-2.66625373134386
3.03574626865614
-61.6262537313443
3.43374626865594
-11.5582537313442
1.87974626865584
31.9677462686559
31.9677462686559
8.11574626865594
-2.56625373134396
-40.4822537313439
-9.46225373134396
-28.708253731344
0.719746268656039
-6.48025373134396
9.19374626865613
9.19374626865613
4.06374626865634
17.5657462686563
-18.4282537313437
31.3317462686563
-27.8622537313437
49.6417462686563
-18.5602537313438
2.98374626865634
16.9197462686562
-16.7762537313437
-42.9942537313436
-13.9782537313437
20.1737462686564
23.4277462686564
-26.1682537313436
29.4837462686564
26.3457462686564
-17.0282537313435
-30.5822537313436
-43.4642537313435
-27.9322537313432
-2.84425373134317
-40.826253731343
-19.572253731343
-5.53425373134287
-27.362253731343
2.94374626865704
-34.952253731343
6.34374626865694
14.2657462686569
6.93974626865694
11.9117462686569
4.44974626865694
26.0797462686569
22.4017462686569
10.3337462686568
15.5797462686568
-12.0322537313432
0.10774626865684
5.68974626865694
-17.9322537313432
-41.2722537313433
3.99774626865684
-26.5762537313432
-9.72825373134306
0.489746268656937
38.1317462686568
-23.6762537313432
-12.5482537313431
-12.4842537313433
7.41174626865683
-34.9122537313434
11.8937462686566
19.5897462686565
-3.86025373134346
-5.85025373134346
20.2017462686565
40.3517462686565
0.773746268656538
-29.0862537313435
-26.0862537313435
-16.8922537313434
0.53774626865664
-15.6642537313432
11.9377462686567
-23.3082537313433
-16.3682537313433
1.06174626865664
11.7077462686567
11.8837462686568
3.29774626865694
-25.9122537313433
-39.5462537313433
0.133746268656836
-0.994253731343264
25.9077462686566
-8.29625373134326
8.96774626865674
7.64174626865674
-5.95825373134326
7.65374626865674
10.8837462686568
-5.26825373134317
26.7977462686569
4.19174626865703
-13.670253731343
22.3857462686567
-1.19425373134316
-8.32625373134336
10.3197462686567
12.1677462686569
22.1137462686569
-4.39225373134306
-7.86625373134287
-45.9562537313429
21.355746268657
-17.0362537313431
10.3437462686568
23.0137462686569
-29.9462537313434
-30.9802537313434
17.8017462686565
5.74574626865664
-36.3502537313434
