692;612;631;591
687;599;563;508
688;530;578;572
720;575;596;608
693;597;601;587
690;582;563;565
661;534;539;558
695;569;578;574
664;602;595;544
690;573;562;577
703;605;607;589
692;571;591;605
698;581;550;584
710;631;623;597
686;571;586;590
724;598;578;592
684;579;583;586
666;564;562;588
684;561;576;597
687;571;589;596
691;536;585;606
711;594;596;607
742;618;594;591
684;584;606;602
646;475;536;588
694;552;577;597
711;582;541;590
713;605;538;590
682;515;551;595
692;588;551;583
706;570;591;608
692;528;587;618
693;553;589;599
684;545;584;610
639;612;621;558
687;569;597;600
681;426;544;646
670;496;541;594
705;534;557;612
733;588;593;623
704;554;558;600
692;527;568;604
651;604;614;584
677;555;558;593
722;575;596;609
695;517;564;604
725;577;587;606
719;593;575;599
711;636;641;622
673;534;557;597
720;591;587;628
713;605;580;574
712;609;630;625
674;503;570;600
725;578;577;604
738;595;573;606
744;596;557;602
671;625;617;572
700;579;572;585
721;576;593;611
673;545;572;583
717;601;613;616
643;615;625;581
720;605;619;615
729;612;602;609
707;590;619;614
693;507;569;593
707;607;628;615
700;584;588;591
708;544;589;598
707;562;561;593
698;542;563;584
716;603;594;577
688;518;535;586
704;564;553;587
667;445;531;593
692;529;560;589
743;594;604;623
686;624;626;580
700;541;608;599
744;576;574;595
718;581;552;576
741;578;572;597
698;601;620;597
620;531;567;588
659;482;538;594
725;614;596;586
655;454;519;600
738;604;610;622
721;627;636;617
712;560;567;587
696;552;596;628
712;513;566;591
697;548;518;577
699;606;609;610
700;560;552;599
702;569;529;594
694;620;633;621
682;560;567;601
704;581;539;601
695;569;593;624
757;631;628;650
683;592;600;614
699;600;565;592
681;610;597;582
701;610;608;599
658;581;559;605
693;584;592;621
720;624;631;634
703;541;624;658
727;582;534;606
676;610;582;571
720;602;596;607
725;600;544;609
723;603;576;622
716;492;588;681
692;552;592;610
716;592;569;614
692;608;596;597
693;603;612;619
722;592;626;640
698;550;581;618
693;517;546;618
710;594;511;594
737;631;611;624
692;599;609;608
708;618;596;606
669;609;585;586
688;613;603;625
692;638;621;601
698;614;620;624
701;589;595;595
712;601;606;593
686;623;640;619
683;589;597;569
699;537;576;616
687;578;617;596
727;617;614;588
716;626;628;592
697;556;571;603
705;603;616;599
716;609;626;616
702;557;604;603
690;595;604;605
686;645;647;599
693;633;634;590
686;559;552;596
671;537;600;597
679;503;582;606
703;540;590;606
667;588;608;567
697;572;559;584
693;519;565;601
684;553;550;603
625;556;601;572
680;595;605;572
694;534;591;612
702;617;623;586
698;586;577;594
662;621;625;578
693;587;595;598
696;566;629;632
705;582;551;577
694;518;561;603
703;509;581;635
692;561;614;603
677;603;616;593
700;588;627;615
706;581;626;627
698;577;540;609
647;603;616;569
698;572;598;597
707;548;563;601
705;608;609;602
723;634;616;617
703;586;574;606
704;604;617;592
675;534;551;601
660;464;544;608
692;589;607;584
666;541;545;569
717;536;567;607
690;540;557;607
712;541;546;606
676;592;615;598
706;584;603;618
703;580;592;611
716;590;614;631
739;591;633;636
709;580;581;591
706;589;613;592
698;603;535;606
660;620;612;585
707;593;612;601
715;594;528;595
716;549;606;639
699;569;626;625
718;552;604;623
673;522;547;586
696;507;549;595
705;563;578;584
689;643;636;587
712;586;623;638
744;599;587;619
718;571;594;622
725;622;639;642
685;518;574;614
703;543;578;616
697;596;606;598
690;637;648;616
693;594;581;602
703;566;597;611
698;536;581;615
728;603;561;582
750;631;608;605
709;649;622;581
624;626;595;536
689;546;594;607
696;561;562;602
740;610;609;631
726;568;595;613
696;605;622;614
671;604;620;594
679;519;585;598
721;600;578;610
682;565;550;596
704;591;607;608
696;624;626;597
704;626;614;599
716;628;623;607
694;597;597;606
706;632;616;605
698;615;624;609
716;638;607;589
717;656;632;603
720;618;625;632
746;619;619;647
694;612;627;608
689;582;609;597
707;603;578;608
644;654;630;493
725;622;614;619
716;594;597;598
730;625;603;598
732;620;601;593
715;631;627;592
700;584;610;589
716;616;632;623
711;616;629;602
666;617;619;563
660;488;564;606
706;579;562;605
725;588;566;602
712;620;626;598
736;607;584;601
746;606;554;604
682;637;632;600
706;555;588;612
711;589;606;611
703;538;590;611
665;560;602;601
725;598;637;679
714;601;581;621
729;582;589;622
677;525;555;603
715;604;510;583
688;596;618;598
693;594;586;595
713;567;614;626
736;609;615;621
706;547;583;613
729;573;581;613
696;601;600;599
692;603;604;615
696;610;626;605
702;594;613;610
704;533;590;615
708;541;588;614
710;534;556;611
670;665;645;585
690;602;625;599
700;555;566;603
712;560;605;631
704;589;547;596
703;605;609;592
667;478;553;610
659;607;608;560
688;525;584;606
653;547;547;599
741;617;543;603
662;595;604;595
716;585;599;613
726;603;600;617
701;575;633;657
717;539;614;674
736;633;592;588
723;608;630;631
747;676;665;653
749;686;665;632
728;644;631;605
720;657;641;610
693;568;588;594
714;643;614;611
728;608;609;632
687;669;625;556
712;559;596;616
743;609;549;600
658;561;561;596
653;584;608;590
701;565;588;606
660;455;532;612
717;607;575;606
736;557;573;614
672;544;602;603
719;612;634;620
736;639;625;616
709;582;570;612
644;580;593;545
725;579;596;622
735;622;604;609
724;643;621;605
748;647;612;609
703;645;633;589
727;616;611;605
708;515;564;622
687;525;594;617
698;559;620;653
713;544;593;638
707;550;607;625
718;607;601;610
678;575;609;611
708;571;550;607
707;584;624;633
692;601;606;603
717;604;570;596
757;621;595;617
705;624;623;604
706;587;610;632
728;555;559;617
716;570;563;612
737;646;605;623
716;674;642;608
670;514;552;589
713;592;538;583
696;512;546;617
720;591;600;619
665;617;598;604
718;589;569;602
717;618;622;614
705;540;603;624
712;561;558;613
754;625;611;637
659;603;596;598
720;556;576;612
708;646;580;613
742;610;589;610
646;657;618;561
689;548;575;612
712;611;633;627
696;580;626;623
699;620;621;594
729;580;571;617
730;584;580;605
718;596;571;599
668;625;626;599
714;644;614;587
732;611;634;644
742;650;656;656
719;640;633;608
717;590;590;610
711;668;647;606
717;624;603;601
685;588;628;650
714;581;564;613
692;562;616;625
677;531;603;628
682;580;615;631
686;606;603;602
678;602;628;597
698;575;627;633
683;537;602;629
684;526;563;615
723;599;619;641
694;658;640;604
694;652;638;617
675;661;640;593
722;655;637;620
653;488;553;622
682;580;573;620
694;608;621;626
650;583;583;621
638;618;616;580
656;547;550;604
694;554;615;636
720;589;613;645
721;623;608;613
745;671;649;637
665;648;616;583
719;589;584;643
696;597;612;604
708;624;635;635
682;514;551;624
698;638;626;598
652;592;563;580
696;551;579;630
727;616;628;648
694;578;586;621
694;530;564;624
694;646;643;621
700;605;618;618
719;608;605;628
692;606;583;614
713;612;614;629
637;624;620;543
726;575;530;601
729;615;617;620
722;594;614;628
685;535;573;625
686;536;542;613
673;568;571;614
695;576;571;614
718;605;579;613
714;609;595;609
652;615;598;608
697;568;622;616
702;621;597;619
676;616;644;623
686;662;658;621
677;686;600;595
649;557;596;625
687;596;630;647
652;573;607;621
650;496;565;633
661;521;597;639
685;583;604;648
646;569;621;624
637;555;566;611
689;551;548;619
702;572;586;621
671;527;561;629
691;620;573;618
702;591;615;640
632;513;561;612
654;641;642;623
676;585;587;594
697;552;547;616
688;593;538;613
732;654;608;620
642;457;530;623
658;552;573;618
658;531;572;620
691;637;630;623
680;551;609;641
647;505;576;630
597;560;543;577
710;591;572;626
696;543;548;621
692;585;617;637
640;469;548;626
678;611;644;660
689;587;560;620
702;583;573;617
702;634;573;612
673;545;565;619
668;574;603;616
667;534;601;621
679;569;627;644
693;546;560;628
638;626;628;599
687;596;599;618
681;592;606;634
698;571;618;653
702;581;625;648
697;647;656;643
665;681;693;610
698;667;635;603
713;607;612;643
691;538;615;635
688;553;583;621
706;613;593;633
618;609;611;587
681;559;562;607
640;511;549;619
715;605;583;653
726;622;626;661
727;651;661;671
672;653;662;620
702;606;601;605
695;538;545;614
717;602;603;613
689;559;542;622
711;610;597;621
696;553;555;619
663;523;569;618
703;578;559;609
661;574;589;618
700;644;634;637
701;623;598;609
728;594;553;615
676;552;583;625
624;597;606;613
687;588;584;620
709;613;552;600
691;557;577;627
694;644;621;629
697;652;635;615
688;697;653;563
643;417;509;615
674;547;576;622
714;643;611;639
659;595;613;624
699;582;591;620
690;585;569;618
676;591;599;621
674;524;573;635
709;641;553;611
690;648;641;650
701;637;602;630
673;511;572;634
728;642;652;673
685;575;581;615
714;627;615;612
650;615;567;546
667;585;597;613
704;584;606;648
688;604;593;616
617;655;616;545
693;535;544;612
650;481;551;618
706;578;572;620
684;532;550;625
738;613;587;627
715;621;587;625
662;574;591;618
689;589;611;615
739;602;521;601
709;624;541;616
684;594;594;620
688;555;551;631
648;530;544;607
713;642;629;657
676;642;597;595
659;481;547;618
740;614;565;624
628;633;616;531
671;591;563;609
689;589;620;621
717;649;550;617
696;571;555;617
726;643;550;595
694;626;604;615
709;621;566;601
680;594;601;622
729;637;597;634
706;629;629;631
674;625;615;624
702;580;573;616
695;586;549;618
658;498;551;623
710;554;541;620
705;605;555;620
703;637;634;648
700;556;562;637
705;645;622;614
711;589;603;630
726;625;619;647
718;631;648;656
677;531;576;626
713;662;634;635
693;624;609;616
748;624;564;627
673;528;555;623
690;581;622;628
688;584;618;630
653;595;600;606
677;540;543;620
718;637;616;620
724;614;609;637
714;574;557;627
678;634;613;619
713;606;564;620
676;597;633;647
678;590;629;640
667;685;653;614
700;604;621;652
688;597;574;628
708;622;620;646
648;501;558;636
689;513;567;682
683;523;580;643
727;649;625;641
639;432;545;632
680;494;483;606
644;482;550;631
671;546;582;622
713;606;631;645
720;609;567;624
693;582;619;643
703;651;641;640
684;568;595;624
675;483;606;662
701;570;588;648
712;616;583;623
684;628;621;632
