684;231;530;573
697;523;531;562
691;337;540;568
692;482;554;558
661;634;598;504
704;524;568;571
701;605;590;534
716;615;566;577
689;574;562;558
679;502;532;576
703;636;549;564
656;494;556;576
702;602;580;592
700;611;589;590
718;600;540;556
640;378;505;567
652;486;552;568
656;527;544;555
658;451;544;578
701;616;578;562
663;505;559;581
748;649;579;566
701;485;562;644
676;434;541;608
688;466;548;596
671;394;545;604
771;655;565;582
657;653;605;490
734;618;628;615
706;586;558;581
758;676;552;609
748;627;525;601
678;614;591;594
694;515;536;590
699;585;579;591
717;603;597;623
690;542;567;593
706;585;562;594
680;686;611;546
712;587;560;581
675;419;540;599
725;638;577;593
704;514;553;616
689;381;507;655
693;488;546;597
721;592;586;611
727;594;559;597
683;393;556;602
710;579;567;573
750;656;591;591
701;682;609;582
703;626;565;601
711;570;541;598
716;493;537;618
712;579;572;602
702;575;565;603
709;641;590;596
690;644;577;568
711;610;568;623
737;659;632;661
698;532;572;616
668;413;531;618
724;609;592;628
707;606;582;617
742;656;597;616
692;639;593;587
659;345;502;607
721;526;562;637
717;638;560;564
715;612;584;630
664;522;555;595
695;516;570;622
714;652;518;615
662;399;519;613
664;439;521;609
683;546;557;608
668;533;549;615
706;563;552;607
750;690;595;606
701;684;606;534
696;497;519;610
724;664;553;567
719;685;568;559
664;421;509;605
690;589;587;605
713;561;560;624
714;659;600;589
680;524;555;614
740;629;554;599
761;682;563;596
739;730;571;580
728;690;617;596
699;698;616;581
724;601;609;608
764;699;613;602
703;554;563;606
726;626;569;623
666;682;597;519
738;592;501;611
703;549;518;614
709;535;472;581
753;637;561;612
750;658;572;596
686;660;607;557
712;703;567;613
739;681;562;598
707;551;576;634
725;625;602;632
669;482;538;616
743;704;594;592
741;718;623;605
706;613;556;598
691;573;564;610
729;643;596;630
666;521;539;602
715;673;622;614
733;678;601;611
722;629;592;639
738;607;607;647
715;621;578;615
577;658;610;567
708;676;568;584
698;571;538;623
741;655;592;646
745;657;610;657
661;496;544;614
715;649;624;611
716;662;571;592
706;648;565;609
654;676;615;575
702;608;577;608
665;558;544;588
709;514;521;632
711;619;567;613
761;697;544;590
701;668;609;578
707;625;566;599
725;675;583;624
742;677;635;652
716;549;573;611
715;685;639;643
705;603;570;602
700;548;595;618
685;502;565;608
723;576;569;613
744;667;614;620
652;643;612;541
674;506;567;592
730;719;576;560
723;660;584;581
681;368;529;603
722;522;549;609
736;635;589;589
718;575;569;602
744;652;577;593
736;655;574;587
698;701;626;499
677;481;540;579
711;628;555;579
722;638;582;588
724;418;560;673
725;392;524;684
715;384;519;637
760;635;586;615
760;635;586;615
691;583;601;589
725;637;561;587
740;626;558;601
704;537;580;642
749;524;549;665
688;472;542;615
717;590;585;618
696;651;607;583
716;631;585;589
697;609;598;636
747;671;614;608
578;684;591;538
698;625;576;598
750;655;563;590
701;609;580;599
708;604;585;623
737;624;566;610
707;628;536;601
703;558;559;616
722;695;590;593
712;654;601;582
709;596;555;608
742;618;573;618
709;657;549;606
727;574;545;605
669;664;625;574
734;639;597;630
733;653;612;609
709;559;561;624
751;646;625;666
722;639;582;611
731;645;588;604
734;654;567;611
668;661;625;560
709;560;555;610
707;526;527;614
726;513;545;646
718;536;569;641
732;592;568;627
689;649;631;624
730;606;569;619
716;627;544;595
719;647;598;610
675;488;543;621
727;570;568;621
746;630;611;650
758;623;592;667
720;472;536;677
714;419;498;680
717;551;567;652
742;601;588;664
739;617;601;659
723;568;578;666
730;575;572;679
731;583;567;620
725;543;571;640
746;616;607;666
691;504;555;628
745;603;576;630
715;652;584;598
686;520;565;624
717;626;573;616
711;576;573;617
721;612;581;620
743;638;573;610
785;693;596;625
689;615;588;573
730;711;638;614
694;508;557;616
723;653;590;613
762;708;554;578
749;651;580;609
689;690;625;615
737;672;556;566
725;551;582;640
727;615;560;623
722;626;578;623
748;701;635;633
738;682;645;655
757;647;560;617
733;555;578;645
726;504;571;649
736;653;600;628
741;656;632;645
722;602;584;622
741;655;616;629
711;606;622;627
774;632;630;660
701;558;570;629
709;574;540;607
721;680;616;610
696;559;568;620
709;572;575;640
686;636;599;597
768;643;626;653
754;663;577;625
748;738;570;599
772;730;606;584
639;644;593;558
667;493;561;613
682;518;556;619
732;662;621;641
704;714;636;567
714;642;578;605
728;690;572;573
714;519;550;626
723;595;557;617
730;617;583;628
767;671;594;631
746;695;623;581
713;642;552;606
720;647;609;608
747;659;578;616
768;689;594;621
742;488;566;656
715;544;495;611
754;718;589;602
702;704;638;591
727;622;613;654
723;572;566;624
691;526;568;623
728;536;561;647
745;603;556;623
732;560;556;632
711;623;525;534
693;551;561;618
688;664;610;566
715;632;590;610
730;626;577;623
735;638;595;591
712;615;580;612
597;651;604;559
709;584;577;624
704;582;562;621
705;572;580;633
727;682;548;620
680;650;433;412
719;620;566;620
735;684;604;613
720;583;557;618
741;644;568;610
716;650;552;601
656;648;613;565
718;627;561;625
694;510;559;635
741;553;553;666
710;559;559;633
735;641;608;654
645;636;603;593
666;583;595;612
696;647;593;620
694;642;640;600
673;697;614;585
702;584;574;619
750;665;588;608
714;665;662;675
673;675;623;596
748;690;543;575
666;512;552;624
694;677;562;606
669;527;561;625
633;685;609;535
688;539;556;621
731;619;559;623
673;649;606;588
671;490;550;621
727;668;568;574
672;532;562;614
675;548;566;619
676;519;545;598
735;705;606;635
736;681;568;605
702;664;607;580
709;541;548;621
733;553;575;648
758;628;568;622
729;618;610;641
746;644;556;625
677;662;604;538
701;524;548;617
731;557;601;659
707;575;564;620
729;598;565;629
758;668;626;645
712;648;618;622
683;512;549;629
757;676;576;609
720;663;628;645
756;681;592;625
694;687;626;579
688;432;536;625
719;648;580;630
719;585;580;634
721;576;585;644
661;546;564;612
746;667;535;594
712;530;540;613
682;453;526;631
756;619;587;652
752;647;572;605
733;680;618;577
729;560;559;622
687;502;554;628
747;652;575;606
707;659;629;655
702;594;599;628
727;601;565;631
760;690;649;671
758;655;584;641
763;667;598;639
777;687;614;637
774;697;583;615
687;583;586;613
696;505;522;622
732;441;517;660
772;658;562;675
752;652;511;626
767;693;627;639
713;719;628;581
733;664;551;584
723;555;584;653
752;629;555;600
732;613;587;644
745;644;644;664
705;703;630;533
712;630;593;628
730;598;583;633
764;658;587;657
755;647;593;655
726;608;561;629
689;523;552;628
756;697;630;651
750;724;640;612
650;681;611;582
735;623;623;641
759;673;572;610
756;736;583;615
699;633;580;626
740;411;508;688
715;636;520;600
682;466;560;626
727;679;664;672
701;477;541;633
714;468;514;636
723;549;571;645
720;569;574;632
757;671;579;630
692;705;638;598
726;534;559;641
731;644;620;635
719;518;571;642
751;616;552;627
741;662;610;636
714;676;598;611
708;458;522;633
728;502;542;645
722;508;536;636
729;539;588;650
741;658;581;604
735;603;582;645
702;643;600;615
738;525;525;615
750;633;578;649
727;666;580;612
753;615;493;637
695;589;565;609
753;603;559;634
738;549;573;655
737;556;547;632
733;572;565;654
732;569;521;641
713;653;610;625
724;601;540;638
740;642;543;602
730;632;628;654
710;633;596;626
703;547;552;618
725;675;528;619
761;534;585;700
731;664;645;657
746;564;580;652
744;520;542;652
701;396;524;656
732;414;510;689
732;503;543;633
710;369;540;631
790;515;568;696
750;558;600;636
746;579;579;592
748;637;573;589
758;589;576;593
760;552;587;648
766;711;654;617
719;652;609;579
719;516;577;607
752;642;594;583
721;462;574;604
745;548;593;645
730;498;576;613
730;498;576;613
730;506;577;613
731;505;578;613
730;502;578;614
730;503;578;614
730;504;578;613
730;633;629;603
741;598;581;595
750;605;596;615
735;524;573;616
744;561;586;607
711;645;613;549
780;649;584;601
803;697;597;601
744;564;611;619
744;566;604;625
682;637;600;561
752;590;576;586
789;683;590;598
765;679;557;601
783;714;556;559
727;636;615;585
753;579;592;622
751;554;602;642
773;636;598;621
690;679;623;504
746;594;589;611
740;585;566;600
763;633;617;627
789;611;621;667
758;482;578;670
754;692;663;628
747;596;578;600
745;584;590;612
722;573;592;612
754;601;592;613
764;666;609;604
768;703;645;600
718;585;579;584
777;661;554;603
726;571;607;609
778;651;626;661
748;655;622;609
714;654;629;575
769;636;573;583
757;589;611;612
769;631;564;581
790;676;593;598
792;682;607;614
693;679;628;545
770;679;583;582
720;437;560;612
755;660;630;639
776;557;609;652
763;613;631;651
790;661;564;587
785;720;608;531
750;706;651;584
718;510;574;603
741;601;585;605
719;471;577;613
769;714;624;589
751;630;634;607
750;697;642;587
763;664;581;606
777;632;607;620
761;673;658;617
710;647;638;586
734;563;582;594
741;498;525;618
727;554;554;597
767;652;581;618
733;566;570;575
684;577;607;576
736;544;597;617
754;586;588;636
784;646;652;676
744;655;627;599
742;661;630;608
744;681;633;568
705;430;557;604
751;470;555;652
719;526;570;626
750;510;582;682
749;393;516;706
762;410;554;731
771;650;628;634
692;676;644;537
741;639;621;608
740;606;631;589
719;355;543;611
666;646;625;567
761;594;584;605
774;666;603;610
766;589;529;592
785;636;564;612
741;590;622;621
749;651;626;605
717;297;470;672
721;430;569;616
753;323;578;690
766;646;543;569
689;685;605;458
737;541;572;601
782;678;622;601
761;676;592;591
740;557;543;573
772;596;608;640
734;638;626;609
745;530;611;621
759;613;593;603
746;544;573;604
779;660;626;600
725;716;648;490
751;650;537;549
728;420;528;624
754;642;585;612
740;602;589;605
769;697;592;559
721;690;656;572
741;583;581;596
745;633;604;608
777;697;618;624
781;680;643;625
760;702;669;644
772;677;553;516
778;606;570;615
753;642;584;598
750;673;615;591
730;525;564;590
734;535;569;591
762;649;566;594
744;479;568;642
740;407;561;645
720;392;545;624
754;648;623;628
714;389;546;612
752;568;574;614
726;499;572;606
773;572;607;653
777;665;644;653
738;723;659;453
757;655;636;650
747;413;573;690
746;529;532;602
770;495;580;661
783;636;665;671
722;435;565;621
717;458;573;611
767;614;592;601
772;579;531;630
723;566;563;583
756;713;652;551
756;409;559;659
760;541;614;655
765;636;555;632
743;668;647;603
778;628;522;580
748;649;610;590
756;639;598;614
748;491;547;627
771;585;607;643
723;483;574;621
731;497;574;628
743;528;565;607
784;704;586;594
755;648;637;637
763;673;637;635
684;676;635;468
743;634;632;617
737;576;583;618
