678;518;603;622
691;568;584;600
683;547;602;638
705;578;605;642
667;614;616;602
706;600;592;632
696;631;622;646
679;576;569;623
642;594;575;597
689;602;586;640
695;628;604;639
683;558;593;656
699;576;596;660
680;574;592;638
714;613;583;618
692;546;580;643
671;644;617;604
690;608;588;639
717;610;597;641
701;584;576;644
715;612;611;667
717;600;589;648
716;613;593;641
665;620;578;601
675;591;606;644
728;633;606;655
717;644;567;620
685;604;583;635
677;630;613;640
705;647;601;625
675;549;593;655
670;528;590;680
712;603;597;658
700;604;602;659
703;560;560;644
689;563;583;651
637;637;580;579
678;585;596;646
715;611;595;657
719;617;598;650
711;632;570;626
733;623;561;651
640;637;595;593
675;609;594;631
696;590;578;639
724;616;605;677
719;600;590;636
719;644;609;647
655;638;614;609
668;603;581;630
716;647;623;669
706;661;628;636
697;566;599;674
710;591;613;683
732;633;617;671
699;576;595;649
735;614;569;628
712;683;648;649
719;627;591;578
708;570;611;645
723;636;634;655
706;608;589;594
673;602;606;587
683;526;595;634
692;586;591;623
686;570;594;624
715;630;634;650
689;526;587;630
707;600;600;629
719;640;626;634
720;590;599;624
662;668;635;556
686;614;614;622
707;628;600;617
715;654;625;623
684;631;615;590
717;605;633;669
726;618;615;641
687;624;622;619
703;608;631;656
717;615;621;640
716;635;601;614
713;619;606;625
677;545;589;615
676;634;586;564
694;645;625;614
734;610;604;645
704;574;595;627
694;597;595;617
682;633;619;606
717;604;594;626
720;651;595;593
698;632;624;626
715;579;596;634
689;600;597;615
674;583;608;618
726;662;600;596
716;576;587;629
713;584;612;661
729;622;624;667
691;632;634;616
712;638;604;605
640;680;629;506
712;629;567;620
683;482;576;675
711;631;609;617
678;538;598;634
683;542;605;651
702;559;596;634
708;690;663;636
706;614;598;622
719;608;618;657
723;591;597;663
711;573;591;626
672;601;614;616
695;630;602;592
706;557;604;648
750;655;648;685
717;639;648;670
703;617;618;628
709;598;610;642
728;646;631;660
701;598;615;640
704;681;665;659
715;566;580;635
709;609;612;642
736;638;640;684
704;616;607;635
705;567;586;622
675;620;624;628
693;645;611;619
720;622;629;667
728;661;641;627
696;562;613;665
709;647;642;644
716;662;651;653
708;569;626;683
739;640;614;645
688;689;664;614
728;668;618;627
710;606;591;635
712;581;618;674
713;603;617;659
730;603;602;652
679;633;628;617
729;620;607;650
701;625;603;626
694;621;618;631
695;601;630;653
715;609;615;647
677;630;628;632
716;665;596;611
720;604;591;636
700;625;603;630
677;614;614;628
687;646;636;609
714;608;630;660
700;659;623;600
700;527;576;627
669;573;612;618
730;668;623;638
728;624;640;677
702;576;617;655
710;640;634;648
671;660;627;552
714;672;651;635
718;636;635;660
724;607;621;663
647;681;641;519
723;665;617;618
717;578;598;636
680;626;626;615
728;583;594;647
754;649;617;637
690;621;627;634
693;673;592;549
738;629;605;631
684;636;634;627
730;659;638;650
739;620;594;632
700;619;594;618
721;602;596;632
686;635;627;621
735;625;614;655
718;627;622;649
695;568;616;652
733;613;627;670
704;615;621;643
694;585;612;640
699;557;593;637
672;630;617;589
703;610;625;652
735;656;608;635
736;637;645;694
698;606;624;647
741;611;606;639
680;590;598;608
741;635;617;645
694;604;611;634
690;646;635;622
721;580;620;679
688;532;590;637
713;592;624;667
720;602;630;679
709;571;605;634
695;541;623;674
698;551;618;678
704;585;623;663
733;642;652;692
714;572;584;623
672;539;598;626
717;612;640;676
753;696;615;588
737;580;596;657
702;561;600;637
753;646;627;657
737;607;599;641
684;589;595;614
671;665;629;549
726;664;672;671
704;626;602;631
725;656;619;636
669;495;586;633
743;662;633;637
711;669;637;614
707;609;633;657
730;658;613;623
689;633;599;614
719;644;649;668
724;688;670;665
731;618;622;662
727;595;616;679
728;634;649;678
714;526;593;698
692;627;618;633
699;600;614;643
722;687;663;630
738;598;604;637
735;656;652;649
723;605;629;653
756;645;647;674
698;576;600;628
716;578;615;646
709;535;590;625
687;629;635;614
706;624;588;609
696;553;620;677
725;607;623;679
725;610;598;626
725;646;623;637
747;665;601;616
691;652;621;589
735;671;656;651
744;656;643;663
716;659;650;619
721;702;682;657
716;632;620;634
734;668;614;611
725;611;619;642
735;654;655;670
752;635;596;617
747;636;625;643
691;657;625;602
696;607;606;622
710;651;636;632
727;630;621;632
717;582;610;641
709;576;615;649
722;689;629;563
741;677;629;643
681;683;651;585
693;642;628;621
719;620;629;654
681;512;596;630
713;579;609;632
724;608;591;608
692;654;625;611
711;555;582;622
718;639;633;625
713;581;613;643
700;564;606;633
715;595;606;633
721;601;610;628
705;692;672;633
714;572;615;655
721;637;618;632
697;590;630;650
694;595;605;629
723;699;644;589
708;604;584;618
689;630;628;620
710;599;607;635
741;637;601;623
715;588;614;648
679;617;618;606
704;617;612;627
729;622;625;661
753;646;636;676
744;643;624;638
697;598;624;635
688;641;638;616
703;643;636;637
707;638;622;629
733;620;605;642
688;637;622;603
735;635;631;650
698;560;600;628
723;649;641;641
687;634;615;599
708;610;613;637
739;615;611;636
707;618;596;614
754;663;619;631
657;646;607;587
713;571;606;651
747;634;603;652
733;665;616;606
684;633;635;620
743;628;615;650
743;672;644;652
740;674;603;563
736;657;609;625
680;688;652;558
678;540;599;635
731;633;619;648
728;631;630;648
697;600;633;650
716;632;619;639
666;592;583;600
723;642;579;605
709;573;615;639
693;629;604;617
714;596;613;641
743;603;590;644
691;652;610;587
706;648;646;643
755;674;634;630
693;664;615;583
683;574;603;633
667;633;611;594
698;644;633;613
711;624;591;624
736;654;641;666
746;654;632;645
717;706;681;647
709;636;612;629
713;616;628;649
712;570;614;658
735;610;608;639
745;640;608;646
680;663;632;572
734;622;601;605
711;570;612;645
712;584;600;626
684;642;633;601
725;687;670;644
717;622;624;651
728;660;639;645
694;606;615;626
731;592;607;649
744;650;615;630
714;649;625;634
706;663;640;638
718;656;622;627
742;636;640;676
713;570;615;656
735;613;601;635
714;629;628;645
687;689;662;606
729;656;624;622
721;575;610;662
756;652;608;632
717;597;610;636
727;595;636;711
729;658;663;672
733;679;673;674
705;700;666;596
699;644;624;625
706;580;602;643
768;691;669;700
694;600;636;649
721;644;618;639
703;574;615;654
719;640;643;656
733;679;647;619
667;632;605;600
710;606;614;642
732;630;622;644
726;643;628;629
728;679;655;644
712;596;606;648
689;648;631;593
707;653;638;620
719;645;648;653
719;590;618;648
693;511;585;641
709;543;589;643
672;631;613;603
710;625;611;626
709;597;622;646
734;574;614;678
754;648;621;650
696;644;639;635
710;710;680;640
714;583;620;691
724;623;641;712
706;599;628;679
709;585;620;684
726;629;642;711
706;582;618;681
717;634;632;653
724;672;647;638
676;516;580;637
743;639;600;631
689;651;625;587
682;684;638;535
696;584;620;652
682;545;611;640
731;653;632;651
709;603;622;642
690;648;648;632
720;621;622;648
742;686;605;596
705;685;651;632
721;667;638;634
723;712;680;648
702;635;611;629
720;539;611;714
743;639;602;627
708;571;616;660
743;636;627;650
708;622;639;656
715;635;607;636
684;693;635;607
736;676;618;632
714;633;567;618
710;642;613;632
688;650;631;624
696;628;633;652
729;684;632;642
732;644;641;672
690;642;633;624
733;643;614;639
719;612;621;655
761;674;647;685
704;657;612;601
703;579;602;642
723;664;661;653
733;622;600;640
676;678;642;579
692;621;622;644
750;653;619;649
732;617;602;638
722;612;624;655
736;680;614;603
750;676;625;661
736;670;655;669
693;604;604;627
707;621;615;642
725;584;610;656
723;644;608;631
724;639;623;645
739;644;626;634
687;655;644;628
733;686;614;616
741;684;672;676
708;527;581;661
735;639;616;652
677;654;640;607
719;612;605;641
745;660;640;667
757;684;645;659
722;566;622;716
696;554;617;676
722;626;613;641
724;636;627;649
736;678;671;668
711;700;667;612
752;665;620;649
723;624;618;637
740;678;621;614
720;653;617;628
710;702;683;647
722;640;630;655
688;531;603;646
749;658;638;668
671;668;638;580
703;620;628;644
717;602;620;654
715;625;629;652
759;673;659;688
727;635;639;667
693;658;647;633
728;666;625;646
728;616;601;641
747;653;641;675
721;648;626;650
733;620;631;664
687;640;641;638
684;559;610;644
752;649;631;662
740;637;638;678
762;667;650;688
732;652;649;680
704;658;641;640
721;623;605;639
740;654;624;646
727;617;616;649
733;615;582;633
711;585;606;641
721;677;646;638
712;637;612;635
753;650;597;629
684;529;600;651
743;623;641;684
732;659;636;649
682;553;610;645
733;661;620;625
685;648;640;630
742;648;607;649
704;636;613;640
754;682;627;652
696;630;629;643
712;627;615;639
712;601;624;685
710;628;625;654
684;641;631;627
722;655;626;658
727;610;600;642
759;678;614;633
710;530;618;702
714;601;618;659
675;651;630;614
755;665;613;637
732;666;624;648
693;658;593;595
740;647;609;642
731;683;618;623
672;669;628;604
715;629;619;655
755;667;646;685
769;695;667;700
703;672;628;625
740;690;658;656
703;670;646;650
696;630;632;648
728;664;645;666
733;732;638;547
699;646;642;661
754;673;632;656
738;676;644;661
750;655;637;651
746;648;627;657
707;599;632;672
687;557;596;641
690;657;642;626
724;635;595;634
733;652;629;650
733;660;607;637
691;608;621;644
715;594;606;642
694;673;649;633
708;607;628;671
715;658;642;661
718;611;609;641
707;556;591;642
696;666;643;627
690;636;610;634
723;633;641;672
700;620;619;642
718;632;637;662
696;582;561;624
733;676;617;630
712;640;617;639
682;649;642;629
708;611;607;642
735;458;545;680
712;587;584;647
732;662;639;654
689;646;635;628
754;673;658;672
739;624;621;647
740;655;623;643
711;658;638;631
711;584;614;653
692;632;637;627
727;581;609;661
736;618;633;675
705;568;622;661
712;607;632;663
693;654;643;622
722;659;636;647
753;640;615;654
728;643;627;656
753;679;659;681
744;682;662;674
675;625;621;609
736;688;626;591
731;633;636;665
740;678;657;673
726;620;620;639
685;641;634;616
731;629;625;653
733;635;618;645
749;711;690;683
690;649;638;626
698;573;621;654
734;661;669;675
711;635;592;628
706;651;643;644
728;625;616;645
684;644;635;611
730;670;655;664
720;576;615;663
725;596;608;648
706;615;640;663
717;715;669;608
752;709;661;671
738;687;615;654
706;723;632;620
755;682;621;670
687;650;629;650
715;691;660;661
748;696;658;673
720;704;677;677
749;676;636;666
713;605;606;660
748;698;614;655
732;690;672;686
689;661;635;655
742;662;642;673
722;667;614;654
734;693;670;681
730;664;645;684
