741;565;636;571
739;546;647;660
713;504;624;571
719;549;633;575
713;682;687;551
749;597;633;566
730;675;689;623
710;598;630;560
689;559;633;562
727;641;643;575
713;468;629;660
717;622;619;535
716;666;665;558
728;595;656;608
743;604;628;567
693;521;622;548
738;607;625;551
758;641;635;573
689;627;662;551
675;604;629;516
746;633;639;557
728;665;657;555
718;579;652;588
712;559;627;562
762;640;633;568
686;594;639;545
705;636;663;550
718;595;637;561
715;633;630;556
749;646;638;572
688;646;661;528
718;629;633;559
717;611;648;574
710;553;636;595
723;544;634;553
739;582;642;568
755;706;689;589
733;626;655;572
746;639;664;590
753;625;664;595
724;624;639;564
747;638;657;569
727;675;672;566
736;682;672;573
706;542;641;568
747;591;661;605
767;602;622;550
716;619;640;561
724;660;669;573
729;691;665;561
710;576;645;553
728;653;671;567
716;569;650;577
724;591;656;582
723;576;635;559
724;564;632;567
746;622;645;558
710;678;686;555
716;658;653;532
747;672;672;584
726;657;671;569
737;654;665;572
695;636;660;516
717;618;664;557
737;656;646;568
703;634;647;519
725;631;646;559
697;532;643;551
716;608;632;546
742;662;654;560
757;670;668;565
741;630;651;556
704;613;649;551
730;531;644;638
713;533;645;589
726;545;646;614
750;605;634;559
690;584;646;556
704;630;653;547
727;632;649;560
720;680;682;539
726;682;680;565
736;620;652;581
750;633;657;584
684;600;638;522
723;625;662;566
745;611;634;557
707;590;634;557
737;596;636;556
706;602;651;563
707;662;659;527
730;650;668;561
736;623;655;572
748;598;626;557
748;669;667;594
708;689;688;547
752;649;669;570
726;648;636;544
706;626;654;569
760;601;643;591
715;622;639;557
698;642;671;563
704;560;630;554
736;589;620;541
718;599;657;586
752;606;673;596
729;676;678;552
728;640;647;556
690;624;665;546
703;649;667;538
754;601;649;590
710;556;652;582
725;586;639;565
707;644;669;567
752;668;637;540
726;567;636;587
730;576;642;567
733;542;627;557
710;679;684;585
736;698;688;547
719;607;663;565
732;616;663;588
714;604;663;581
726;648;660;551
725;609;663;576
683;566;631;510
740;652;665;577
703;588;647;555
732;588;654;587
746;662;669;586
723;523;635;603
730;646;638;554
731;607;635;561
687;680;683;526
700;651;667;541
725;645;667;587
733;618;665;599
745;684;680;539
696;635;670;511
694;622;669;526
718;640;650;543
735;665;677;563
734;594;668;583
744;605;635;555
742;611;649;580
711;642;668;574
742;608;647;577
721;639;635;558
713;658;644;487
719;614;662;586
755;649;647;555
679;680;673;505
728;662;639;518
719;560;631;565
733;653;631;539
704;649;667;552
726;694;694;580
744;671;680;602
704;638;640;553
746;661;650;568
686;657;668;503
705;598;634;559
716;581;648;595
721;584;648;597
742;699;688;586
720;690;688;579
719;674;668;557
744;637;660;592
740;601;625;565
721;684;684;583
722;630;641;563
733;583;636;572
728;671;676;586
718;587;639;576
720;562;625;554
704;605;654;567
708;621;641;559
712;653;645;554
706;647;664;561
735;644;665;589
755;634;656;571
725;634;653;581
728;597;642;579
710;645;669;582
742;635;658;588
732;643;660;571
738;615;668;613
713;470;630;567
738;636;651;576
736;633;645;546
747;600;631;568
715;689;683;557
728;628;669;587
709;561;622;558
720;557;658;600
735;479;632;630
756;617;622;548
692;545;610;513
749;565;599;554
704;567;626;560
695;679;671;478
744;618;670;635
727;573;634;560
750;631;673;628
704;414;589;596
728;623;668;597
744;597;636;558
702;658;671;544
746;627;678;650
727;639;633;553
743;603;635;563
717;583;642;566
744;632;645;564
770;675;659;574
727;688;680;533
724;711;700;559
740;687;702;615
715;649;632;516
734;659;665;583
721;567;636;564
711;686;687;555
689;501;632;563
717;600;668;595
718;605;612;548
716;645;642;549
743;663;674;607
720;707;689;486
748;622;635;559
749;650;677;626
732;680;667;562
728;609;664;651
720;683;650;505
754;680;683;628
763;667;651;687
758;682;635;569
749;705;675;570
724;596;639;575
735;658;656;556
741;660;672;603
738;637;666;606
721;621;633;523
716;629;651;541
736;577;626;556
692;632;654;542
734;553;641;581
732;580;635;565
718;605;631;558
746;613;642;568
697;632;658;548
729;654;674;553
755;653;669;604
699;569;628;544
691;632;659;529
745;678;655;550
723;644;650;570
713;556;637;573
700;548;638;544
752;635;619;546
764;653;637;547
733;690;675;569
727;624;635;567
707;633;655;552
737;596;633;564
753;640;641;567
727;599;652;576
721;653;646;547
748;683;636;534
693;618;662;554
731;691;648;540
739;617;672;620
707;525;644;574
721;546;629;562
719;568;639;563
709;646;652;557
729;576;638;566
700;623;667;560
751;667;672;584
727;586;641;562
746;626;641;562
729;604;641;559
694;648;661;527
753;679;690;614
732;656;643;563
699;517;635;574
727;636;645;569
699;614;639;532
714;605;644;561
691;634;663;554
715;647;652;553
708;555;634;555
734;605;647;576
699;652;671;567
716;626;638;565
731;604;644;591
735;625;650;587
737;631;645;576
711;573;635;563
697;661;665;554
722;671;678;581
738;669;634;542
696;514;633;568
669;631;645;487
748;636;638;566
757;647;631;548
711;611;650;568
704;680;662;523
745;681;639;552
706;549;645;564
720;631;638;560
725;581;632;565
740;693;674;571
722;599;627;564
738;594;629;580
723;637;640;568
690;662;667;490
749;652;651;563
733;634;656;557
709;605;623;536
737;667;634;556
688;667;670;525
725;654;654;554
750;639;669;610
735;609;650;573
726;648;678;604
730;651;640;553
694;587;648;562
722;632;649;574
745;659;678;608
707;635;650;557
729;596;634;563
770;679;638;553
697;597;648;552
742;681;694;624
735;624;635;556
721;673;668;564
735;589;635;570
733;698;674;544
719;660;671;569
716;620;640;572
706;571;647;581
758;644;630;557
687;660;663;514
727;647;624;540
740;658;672;566
724;543;631;587
750;614;640;571
734;638;657;569
683;654;662;510
729;617;646;568
732;549;637;581
730;624;643;557
710;608;653;555
741;698;668;530
732;680;666;539
754;653;651;650
760;656;640;611
749;702;679;598
747;657;663;589
728;591;636;567
744;621;640;565
732;658;651;574
725;686;675;569
735;664;636;564
742;626;659;609
747;665;668;578
732;598;640;566
745;690;682;567
679;685;680;485
707;627;618;527
727;587;657;602
736;608;642;564
698;521;632;556
710;589;638;555
694;545;611;540
724;676;667;535
757;665;669;595
740;642;656;577
704;561;626;555
741;635;628;525
745;585;643;591
721;685;664;456
716;653;663;548
716;706;697;496
730;667;683;557
736;633;657;555
732;668;653;543
709;637;649;546
742;591;635;572
714;677;690;610
723;669;668;547
756;682;681;596
745;670;670;593
735;670;674;554
750;643;641;568
724;680;675;576
730;633;661;572
719;654;656;530
744;620;653;600
750;638;644;588
710;647;661;558
730;699;683;544
745;675;648;565
752;555;634;612
722;630;645;570
745;610;645;574
689;682;672;451
738;675;678;568
725;670;648;545
700;652;660;533
736;656;652;565
699;608;657;557
734;588;636;571
742;616;666;616
751;594;633;568
717;581;653;588
715;572;607;545
707;642;667;568
719;626;633;568
706;625;655;557
722;643;642;553
696;652;669;553
733;683;694;607
725;642;634;561
728;529;631;606
691;674;673;489
741;612;633;569
735;608;656;601
747;598;647;614
743;698;682;610
728;600;645;598
690;503;628;572
727;542;628;588
741;714;682;526
742;704;677;586
754;640;652;596
786;701;659;576
748;636;651;591
708;604;634;567
754;676;674;614
712;639;652;568
709;690;677;558
740;684;660;568
704;575;636;573
749;690;648;550
744;673;654;560
763;669;660;555
710;686;690;582
730;692;667;544
725;669;665;557
747;666;680;613
754;646;648;571
696;701;689;535
740;625;642;564
736;588;631;569
732;641;681;615
711;584;652;578
716;682;673;570
730;578;639;572
749;631;641;569
737;665;630;553
734;665;664;574
686;630;650;536
740;676;675;592
745;639;672;617
751;621;639;578
686;646;654;523
732;655;664;581
727;581;637;572
722;565;645;599
746;632;655;593
734;590;649;617
727;686;676;577
737;666;661;581
757;616;648;590
719;528;642;573
732;664;655;568
731;561;644;589
714;674;667;560
712;600;642;578
757;586;640;597
748;622;669;620
743;594;663;617
703;564;632;564
716;677;670;554
729;578;634;572
737;608;644;576
748;626;632;565
753;646;637;564
765;660;644;566
737;612;643;566
713;597;639;572
732;592;652;647
734;612;646;634
762;668;666;680
730;609;638;574
716;601;638;566
772;674;653;578
667;654;650;500
715;596;615;547
752;598;634;569
730;690;668;575
737;652;681;602
715;612;647;559
727;570;633;569
743;678;648;554
719;706;680;545
732;600;634;569
720;631;638;570
753;672;657;586
711;638;651;569
718;629;663;577
712;660;674;576
725;641;631;557
751;592;630;589
730;575;639;586
704;642;663;577
755;641;639;576
747;678;653;574
740;704;684;583
748;648;664;592
722;632;649;577
732;687;674;574
762;684;666;602
753;672;667;619
751;662;665;613
728;659;669;584
735;653;649;569
718;670;657;548
720;686;664;539
740;637;671;613
715;662;653;560
693;646;669;548
731;578;616;544
729;642;670;577
740;649;655;566
730;592;634;573
726;635;658;603
746;670;667;600
669;669;652;504
736;649;674;580
745;614;635;554
716;623;632;564
717;665;654;567
726;592;647;578
697;641;658;559
711;562;638;573
728;693;675;565
759;664;656;589
766;659;635;573
694;680;675;530
715;686;642;530
716;603;640;566
728;654;647;574
708;600;637;568
747;674;627;555
700;673;676;559
731;658;659;573
742;651;657;619
741;672;661;572
730;599;651;603
727;638;653;583
718;604;651;590
718;684;674;569
747;670;681;575
736;606;651;587
733;654;643;584
728;676;655;560
735;652;659;590
710;692;675;564
741;676;666;579
745;573;642;639
749;636;662;642
746;686;675;591
713;667;634;536
720;661;664;569
743;624;636;570
701;601;650;561
693;576;654;561
721;688;670;543
705;706;672;497
726;657;626;554
727;602;653;609
719;677;669;575
745;585;614;568
697;634;663;575
729;591;634;584
752;626;632;610
715;664;667;580
716;695;680;565
711;574;647;600
704;556;636;582
723;654;611;562
709;640;653;585
713;550;610;580
702;653;653;575
750;692;670;596
708;560;627;589
733;579;612;586
719;613;652;593
687;681;671;552
725;659;642;564
740;704;645;560
757;724;660;573
727;630;640;603
720;692;681;604
737;695;665;584
735;679;674;598
696;637;654;562
739;605;615;568
781;703;667;585
719;661;626;556
753;690;679;615
707;708;686;562
755;650;652;601
722;660;638;582
710;560;633;590
732;668;680;628
