703;468;599;561
778;630;639;561
718;550;619;533
711;570;607;508
743;642;644;541
742;626;659;583
733;576;612;533
742;559;632;574
732;565;610;553
750;555;607;555
717;580;642;542
739;516;619;563
744;561;614;546
769;658;686;611
780;650;689;631
750;591;611;553
757;623;672;560
749;576;644;579
684;565;630;504
708;512;623;552
729;569;632;567
716;468;605;576
764;573;656;625
750;515;608;574
715;543;610;539
707;446;594;564
749;565;621;573
704;640;654;504
758;546;656;632
753;545;608;583
756;425;577;609
751;550;661;596
772;608;678;639
786;569;613;585
719;478;612;583
749;606;682;574
755;587;619;562
759;521;626;594
732;509;616;577
717;470;611;576
753;503;623;607
765;559;626;574
807;630;614;570
729;534;640;577
589;621;618;459
734;583;649;563
729;591;623;560
705;471;602;572
802;670;645;574
754;562;611;571
734;550;638;579
760;689;707;596
768;667;657;586
740;637;649;559
773;677;680;593
737;567;644;553
709;494;610;569
726;531;620;557
722;563;602;510
727;417;521;573
640;599;629;407
761;555;621;576
759;597;647;575
763;625;661;583
769;573;641;607
756;616;650;590
689;364;553;546
706;518;623;570
741;664;678;575
717;479;610;579
757;548;616;569
771;623;626;568
782;624;662;595
695;584;626;526
754;595;649;556
724;484;612;573
774;618;659;619
700;601;635;526
710;478;608;573
739;566;609;565
746;515;598;568
706;452;597;572
775;595;583;551
775;596;621;577
727;681;648;476
733;555;604;555
733;545;643;567
721;513;609;558
711;483;609;573
708;459;602;563
734;640;636;485
758;671;666;565
690;694;659;475
704;436;590;561
756;568;647;620
741;522;614;570
743;529;607;574
771;590;628;579
788;645;636;556
738;538;638;584
738;562;648;559
677;442;559;521
741;575;634;571
774;407;636;687
743;515;635;586
751;527;609;578
743;528;619;576
708;479;611;573
742;543;642;589
700;432;588;567
738;533;641;574
761;626;637;572
714;494;614;578
713;508;616;574
709;499;603;565
733;556;620;567
765;619;645;562
752;562;614;575
715;613;641;539
711;534;626;560
745;548;639;571
772;588;655;624
731;540;627;566
775;415;628;689
755;532;599;569
714;462;611;574
711;483;611;578
716;524;626;559
739;592;622;565
721;525;600;571
706;480;608;571
767;547;612;577
791;644;618;557
741;531;606;573
710;482;604;571
756;607;639;585
707;468;599;569
735;570;612;565
737;537;619;573
713;480;609;579
780;633;660;612
750;541;627;581
748;566;613;564
716;627;629;516
772;584;617;587
715;495;611;575
756;629;591;546
753;529;615;539
729;663;654;507
712;477;608;574
784;631;640;601
755;578;624;551
778;660;697;628
751;575;592;548
710;633;627;511
716;483;608;572
760;571;651;616
732;586;630;559
741;637;636;553
787;637;623;573
740;536;616;582
732;555;639;574
748;547;603;563
715;467;596;577
717;527;624;576
716;490;608;580
728;547;614;572
750;602;614;568
751;571;638;588
714;433;580;571
750;551;621;578
737;547;605;558
764;620;650;575
770;614;650;609
785;632;618;571
750;446;592;558
736;643;666;576
770;594;618;568
718;492;615;582
754;557;605;577
745;643;654;578
725;546;636;575
762;621;666;605
734;576;640;573
739;627;660;569
759;563;630;580
794;635;637;577
735;578;603;550
733;614;653;570
739;566;609;565
754;543;637;599
763;615;670;615
719;487;609;577
765;622;635;565
737;642;666;566
743;569;618;570
762;536;638;640
768;560;585;551
729;526;622;560
721;499;618;585
738;596;656;570
730;586;634;561
776;654;664;611
789;581;636;654
739;533;640;593
724;535;637;573
782;644;667;610
789;630;656;643
789;638;621;593
740;559;636;584
762;576;626;571
746;528;602;566
770;627;636;567
729;561;619;542
719;507;616;572
711;452;599;567
739;541;625;576
762;652;682;603
751;653;678;582
752;595;623;561
736;532;619;576
712;503;610;587
716;489;611;589
781;487;643;702
735;504;600;683
784;368;626;728
790;538;613;648
714;455;612;586
748;556;653;566
773;574;658;627
758;440;623;674
721;479;612;587
720;484;613;569
698;488;713;528
742;539;666;592
728;550;717;576
717;474;614;559
733;536;627;579
751;655;686;551
739;692;702;530
722;560;627;519
695;530;640;544
652;642;639;362
712;586;659;549
776;689;722;617
744;641;632;535
696;480;609;540
666;679;649;413
721;557;645;539
707;585;627;532
703;528;605;536
713;562;584;456
659;657;645;382
733;547;611;528
769;607;642;596
749;574;649;563
710;512;623;542
729;577;599;535
737;514;637;621
739;595;631;549
668;687;643;371
725;603;615;538
700;497;610;543
730;595;635;543
709;678;658;457
708;557;626;528
745;639;606;525
749;556;632;577
725;632;649;501
746;588;611;535
765;618;625;555
799;672;669;629
731;635;643;521
723;539;619;541
704;452;585;538
707;496;614;550
702;491;612;553
724;645;641;512
756;637;645;542
761;615;628;545
759;597;609;553
724;554;615;537
728;521;618;555
769;646;681;601
704;605;658;525
741;659;641;522
756;546;624;562
714;517;619;558
721;559;611;553
742;572;606;553
726;525;606;549
726;553;619;542
757;633;649;563
732;594;639;548
758;614;649;593
694;547;625;502
741;574;621;546
757;602;620;545
720;535;634;563
723;539;639;557
721;595;652;538
733;623;644;545
797;668;642;561
734;613;607;532
729;552;638;565
683;665;651;352
729;560;648;552
760;663;693;580
754;588;633;522
722;565;651;556
750;622;645;552
773;638;637;544
767;566;623;576
773;639;652;605
758;553;648;614
718;596;652;547
729;577;624;555
789;628;594;572
735;528;605;569
708;484;612;565
706;416;581;551
715;561;651;554
706;485;614;548
760;636;647;552
751;512;608;588
778;608;666;589
721;427;607;566
713;490;616;569
751;635;629;542
780;650;634;561
725;626;632;543
779;658;696;618
742;604;646;557
732;585;624;552
775;656;641;529
725;581;657;559
707;489;616;558
707;492;615;561
767;587;621;569
710;494;615;566
709;506;622;561
699;639;651;516
712;590;646;549
740;527;634;634
716;482;618;564
735;542;646;564
788;629;618;583
692;449;615;551
767;571;608;538
752;601;642;571
725;634;677;535
786;690;654;543
758;645;620;542
743;642;663;554
738;543;633;574
772;594;656;587
775;596;659;608
759;685;680;552
722;538;646;560
724;609;660;565
709;506;608;546
735;585;632;555
754;683;636;517
746;656;672;586
759;587;625;562
731;530;613;552
746;530;606;537
741;530;596;548
766;633;657;572
780;675;609;518
692;694;657;301
722;515;610;546
711;508;619;552
798;694;635;537
712;537;614;550
773;636;683;604
728;648;612;402
714;498;620;549
743;593;676;602
729;638;634;537
811;671;644;573
716;652;629;472
714;618;653;529
761;593;651;576
724;551;632;560
765;687;620;457
769;654;626;553
713;495;613;560
712;489;616;559
758;518;602;575
710;463;599;557
733;544;619;557
724;621;649;525
777;666;649;529
708;510;605;548
784;625;624;561
747;650;661;561
754;561;624;570
707;588;609;518
762;579;633;559
755;464;577;590
751;533;632;593
778;647;680;625
709;530;615;542
729;501;621;573
763;583;617;552
757;587;640;598
758;561;611;565
793;708;694;588
712;673;671;495
730;549;643;563
770;562;640;613
772;650;655;596
760;615;631;526
729;637;662;534
805;639;604;563
803;627;636;607
732;617;639;477
704;565;621;503
741;525;640;588
772;639;685;624
777;663;670;606
743;622;696;593
792;692;630;540
803;699;676;565
715;489;610;569
756;509;615;660
717;477;620;559
719;480;621;567
720;506;622;569
708;611;662;572
717;497;616;564
780;501;634;608
773;599;605;519
779;685;711;624
710;644;677;530
750;620;640;555
781;695;635;527
741;670;634;523
778;614;635;560
718;569;635;546
725;559;623;534
767;643;652;572
697;526;607;520
767;552;619;543
789;567;603;573
749;612;643;555
756;657;705;606
707;502;613;542
713;455;601;561
767;624;615;567
745;586;645;573
752;580;651;587
