741;645;617;706
744;655;594;688
783;688;593;699
750;632;607;714
679;659;628;698
763;649;613;699
725;694;635;696
731;647;616;706
727;681;632;698
756;682;597;694
728;694;633;690
724;632;628;714
758;642;607;706
737;645;606;694
751;653;618;702
694;689;612;661
741;624;607;752
757;617;488;690
702;712;639;662
697;646;613;697
719;640;607;704
701;632;562;685
728;653;614;703
759;637;594;707
785;683;615;709
722;657;617;696
725;690;635;700
762;691;619;697
787;728;602;699
767;690;591;694
706;658;621;700
748;698;604;677
746;640;616;717
727;647;624;714
701;624;575;697
747;645;598;707
707;695;630;697
704;631;589;698
757;663;614;717
758;643;594;702
736;670;610;703
760;693;619;706
685;647;612;697
708;676;625;706
753;652;627;709
709;602;585;706
708;593;557;694
744;693;588;660
696;648;622;699
709;671;577;674
735;646;606;710
753;718;644;714
763;715;652;727
705;628;607;699
752;639;584;698
744;635;609;713
764;653;600;705
685;671;624;687
748;697;603;684
737;649;616;710
755;718;647;710
731;678;643;713
675;656;618;693
725;670;636;710
744;660;608;707
699;693;615;682
758;704;575;691
691;606;592;701
737;665;581;700
711;645;617;708
786;712;603;695
695;709;646;698
676;635;600;690
776;737;599;659
743;711;651;716
695;636;603;691
684;606;581;695
767;644;610;695
698;652;622;689
708;628;610;700
745;642;603;699
777;717;599;677
742;672;568;689
702;653;587;672
688;687;631;690
729;713;648;697
757;655;590;702
732;632;591;701
691;623;574;697
673;626;570;678
758;653;586;691
772;724;610;688
732;687;625;689
778;697;628;699
774;718;619;680
692;691;640;669
744;656;560;675
757;679;612;696
723;614;610;706
761;656;623;717
744;732;656;683
751;698;600;679
711;701;642;665
719;660;640;698
684;561;574;691
731;631;612;707
700;609;607;696
704;642;618;692
703;628;606;700
757;658;637;726
765;673;631;715
767;650;615;708
718;697;654;703
741;708;626;679
749;645;606;705
780;703;642;724
774;701;650;727
761;703;604;678
713;572;539;689
737;676;621;696
752;708;625;674
695;652;618;686
782;696;585;701
742;653;625;699
720;617;609;707
730;653;611;700
776;712;614;695
676;679;623;666
690;589;592;694
716;614;610;704
738;671;630;695
767;686;609;690
695;649;620;690
743;662;536;675
749;689;638;705
737;645;621;707
769;663;611;707
769;659;581;705
684;623;608;689
736;635;609;700
753;650;604;697
705;655;593;681
739;659;616;704
752;651;616;704
714;671;640;700
740;674;608;688
761;669;601;692
779;706;605;694
695;654;614;680
709;641;619;696
758;690;648;722
739;701;622;688
767;705;613;688
698;672;630;691
742;677;612;695
763;646;601;718
722;626;617;706
715;663;637;695
721;709;653;701
742;722;651;676
724;631;602;707
769;684;614;703
697;659;625;691
753;692;592;680
758;666;600;696
723;687;645;704
774;694;584;701
779;681;587;685
728;703;649;694
717;668;623;701
778;729;610;682
700;689;620;660
766;707;615;699
727;647;602;698
716;639;595;697
791;732;607;678
697;669;630;695
746;659;622;704
753;688;629;700
754;671;623;701
725;639;620;710
711;484;506;740
710;564;575;734
730;634;605;706
754;657;624;713
739;663;611;693
707;628;597;694
747;696;634;701
753;677;629;708
752;679;607;699
741;616;602;717
715;607;604;709
773;657;596;696
731;663;633;701
733;645;601;688
733;642;619;705
712;678;629;691
723;608;604;711
760;642;609;703
752;634;623;721
764;629;615;735
747;668;639;713
749;624;568;695
690;650;617;678
721;539;541;722
750;675;564;694
686;582;569;699
682;578;568;696
687;596;574;703
766;662;609;706
715;696;638;698
687;659;620;697
704;653;623;699
744;692;599;698
748;698;608;688
765;646;595;710
699;658;624;702
693;661;599;674
719;670;625;707
749;671;606;713
727;699;632;710
711;643;618;706
674;653;603;677
731;641;590;704
757;660;622;735
735;692;619;702
742;671;630;711
736;719;656;706
737;640;594;706
732;658;627;708
721;633;615;718
708;631;601;703
735;630;605;746
687;596;575;697
716;645;591;696
751;674;606;698
752;650;590;702
717;694;643;711
690;605;584;702
709;612;587;737
741;624;596;709
753;644;596;696
772;684;589;703
777;706;606;702
671;640;591;689
735;660;568;692
773;705;629;728
760;711;641;718
740;758;683;721
741;684;614;699
760;724;605;697
742;664;598;705
685;603;594;701
747;640;563;695
781;688;618;703
712;704;635;692
728;667;578;692
714;684;612;697
746;670;621;713
739;695;639;707
683;579;572;696
725;621;606;745
693;597;575;707
716;676;606;660
747;640;587;698
781;684;601;700
739;626;576;706
744;697;617;699
755;696;608;705
736;681;593;698
679;580;570;699
681;635;592;689
724;681;577;689
737;640;594;715
694;605;575;697
751;645;604;704
778;680;612;700
737;687;612;694
691;605;589;702
699;649;622;700
756;652;605;706
746;629;567;690
794;696;608;708
724;626;587;702
705;666;625;703
704;622;588;699
724;650;587;691
703;631;604;705
693;608;588;702
712;653;614;697
747;692;617;702
687;643;609;696
742;654;599;703
761;664;612;712
797;712;599;711
692;661;617;698
732;654;595;701
750;619;591;724
786;698;646;738
742;647;611;710
737;671;621;701
712;709;645;702
688;647;601;682
747;687;595;700
746;650;610;709
732;682;629;704
733;619;562;698
776;677;600;700
692;635;590;691
724;733;656;698
726;681;622;703
712;641;602;704
756;674;607;706
775;717;606;703
703;684;637;701
751;643;600;715
757;661;612;707
757;698;604;689
723;723;657;697
760;658;602;710
752;687;625;712
750;680;619;708
768;696;584;698
679;655;613;680
748;701;608;692
759;676;640;727
757;650;585;698
689;560;543;700
744;689;605;696
662;596;543;684
749;684;591;677
740;604;585;722
731;701;603;676
756;659;626;715
763;651;564;699
715;694;641;700
733;704;653;716
738;631;564;698
714;666;629;703
746;615;564;701
696;683;632;685
714;693;643;706
718;667;550;681
729;656;622;707
761;671;598;697
665;652;589;668
744;695;625;706
752;701;616;698
749;642;602;726
764;657;612;710
767;672;610;715
679;649;593;688
771;687;585;692
763;651;621;719
762;662;602;697
684;676;623;698
693;641;598;688
719;645;602;700
753;746;660;685
751;656;622;713
737;644;606;706
781;693;630;705
779;715;625;701
715;704;650;708
754;701;592;677
754;673;635;727
783;676;626;738
759;665;623;712
749;684;612;699
710;702;633;692
690;568;571;705
680;573;573;696
720;649;568;686
708;634;612;707
679;583;577;698
688;610;596;697
759;660;600;700
712;599;602;732
693;603;576;697
712;714;647;693
716;682;604;678
758;668;609;709
777;705;633;723
781;717;658;735
750;686;626;706
728;594;557;710
744;721;652;704
752;684;613;706
708;670;613;694
693;615;590;698
763;643;566;689
770;701;609;705
703;646;613;688
741;629;573;702
749;734;660;709
719;703;635;680
730;610;570;709
755;692;639;724
752;680;619;706
759;654;606;695
702;656;619;697
690;602;586;692
718;667;623;695
751;656;629;726
740;623;563;691
734;715;651;704
687;652;607;698
713;619;569;704
758;666;634;722
732;652;600;704
760;671;598;705
690;652;617;701
704;635;617;707
741;692;594;686
711;685;613;697
753;699;553;669
712;708;634;697
758;652;584;700
771;695;645;729
742;631;612;706
717;642;609;705
717;641;585;693
683;592;577;698
717;668;600;698
684;599;583;700
714;648;605;701
693;658;620;700
715;672;635;705
729;645;528;688
753;673;639;729
692;643;616;698
714;613;581;695
758;639;598;711
784;691;641;733
726;715;609;672
683;595;585;698
709;635;609;706
740;673;634;712
755;704;639;707
738;742;604;660
768;660;564;697
776;684;607;704
767;654;596;713
749;688;589;692
737;651;615;715
740;743;651;686
709;735;667;706
760;710;622;714
771;681;622;717
721;655;605;708
771;698;626;718
782;682;621;711
685;689;635;693
718;661;605;698
749;702;638;701
771;694;648;739
756;668;605;704
674;678;626;678
774;693;607;697
787;708;591;658
731;661;628;710
728;652;629;715
713;737;662;671
684;601;589;696
779;684;629;718
791;734;593;696
685;596;596;708
673;669;605;675
692;625;608;701
740;653;631;720
767;660;601;706
708;708;655;712
691;585;558;692
769;663;571;705
754;690;644;724
779;700;637;733
784;704;631;736
751;749;659;726
704;599;533;703
779;675;609;699
755;617;587;721
720;630;605;710
752;666;613;708
712;661;618;708
701;620;581;700
683;596;573;700
751;666;628;721
769;683;621;727
774;703;639;730
761;726;653;736
758;633;500;680
736;661;595;684
756;671;599;701
750;654;591;691
780;692;605;707
685;688;635;694
746;702;618;697
722;632;595;704
704;668;589;683
712;615;590;706
715;646;569;688
739;593;592;754
748;679;601;696
733;627;573;701
714;641;594;697
685;635;602;700
741;642;589;703
761;689;606;704
772;696;587;704
699;664;642;722
712;642;613;705
730;695;634;705
736;696;634;707
742;630;609;708
743;639;607;713
723;724;663;718
768;648;607;712
729;664;595;702
719;678;629;705
738;676;613;700
771;719;612;700
729;716;664;721
699;618;594;700
734;649;618;715
786;709;647;740
731;705;624;697
748;712;627;697
700;688;611;693
698;673;571;664
722;635;620;721
708;678;611;700
701;682;635;704
727;630;582;699
751;685;625;708
742;648;572;695
766;664;551;688
712;639;611;711
705;632;559;693
714;694;645;713
708;630;551;683
771;667;589;702
757;693;592;704
726;697;519;615
738;644;610;708
749;737;670;724
729;679;642;712
738;725;616;688
728;641;599;703
771;689;599;700
656;655;605;680
740;715;606;672
688;592;562;695
757;687;591;709
771;726;606;705
711;646;577;695
691;654;621;698
731;675;625;701
702;585;563;699
741;682;616;703
722;662;606;697
672;708;634;668
752;691;640;714
763;687;608;699
779;728;606;695
713;649;599;702
764;666;622;716
691;733;659;691
764;641;585;707
763;693;653;735
761;672;632;725
748;689;638;713
708;700;621;695
713;661;607;689
764;654;591;696
716;629;577;693
736;638;606;713
755;674;622;718
688;661;621;697
749;695;620;687
733;641;629;715
752;701;655;707
762;669;624;697
742;703;655;702
758;655;621;707
779;671;601;721
712;657;633;695
690;711;651;697
753;653;636;722
706;607;598;691
733;646;557;681
724;701;601;671
766;670;610;686
717;683;644;708
737;654;626;711
757;646;593;719
694;614;585;694
695;611;581;697
661;694;630;678
678;562;562;695
726;658;606;702
693;645;628;716
686;603;590;700
720;703;655;708
692;613;592;696
787;685;598;726
