719;676;661;720
724;722;678;683
716;656;654;719
673;653;655;700
658;641;637;701
728;671;669;701
717;677;664;693
692;643;643;707
690;690;684;724
702;677;649;710
647;628;626;691
737;725;707;732
721;650;621;713
723;679;658;707
664;608;613;705
765;706;638;704
597;661;646;709
666;671;662;704
743;741;686;705
714;671;640;719
664;622;636;710
740;659;624;710
730;676;630;704
659;671;665;704
680;721;662;684
711;683;636;705
678;666;645;726
770;751;625;700
695;729;664;709
712;715;659;711
685;639;627;716
673;627;617;707
694;656;638;702
739;682;650;729
668;682;656;708
712;678;651;710
706;662;639;711
724;655;635;719
715;694;627;695
733;670;656;723
695;696;677;722
676;679;656;706
730;677;637;710
719;661;635;723
688;650;628;707
676;664;643;706
702;730;717;735
717;735;632;690
720;682;672;732
731;741;729;738
717;669;663;734
675;641;630;705
714;670;637;698
715;658;641;713
747;695;652;708
640;656;638;697
680;665;628;704
716;667;624;725
720;716;684;720
727;689;676;726
648;741;661;652
673;649;640;703
683;674;640;698
680;680;660;704
719;693;671;728
704;651;631;721
732;709;632;703
720;705;685;709
754;719;668;700
661;661;658;710
685;688;620;686
727;738;665;698
676;652;660;703
700;687;698;730
702;675;677;711
704;637;617;708
692;672;670;719
672;638;644;701
750;699;638;698
665;647;618;697
754;721;643;704
689;688;671;697
682;697;676;716
645;589;614;698
721;662;645;709
688;643;626;700
665;637;628;700
661;698;684;713
741;665;648;715
751;721;640;701
671;652;655;703
725;726;676;699
693;673;580;693
680;715;711;717
712;702;647;701
706;631;621;708
705;662;659;717
743;669;657;733
689;690;665;679
702;688;616;691
626;619;624;710
704;673;656;707
649;600;630;704
670;627;644;705
699;656;648;703
682;701;686;721
709;649;615;697
694;643;652;752
690;652;614;700
742;696;667;734
771;720;704;756
722;680;663;704
641;642;645;707
721;728;697;716
688;651;632;707
682;655;631;700
723;716;702;725
669;639;620;697
729;688;644;720
718;702;692;725
727;655;603;710
664;632;617;701
718;664;628;706
679;644;637;705
708;672;661;719
717;698;616;685
741;725;650;696
658;724;697;682
672;679;672;702
672;638;608;705
709;725;687;705
718;663;619;676
669;671;673;702
716;709;652;685
712;693;652;688
726;669;662;730
705;636;605;698
699;657;663;710
643;725;696;702
731;675;661;708
737;723;643;695
657;655;646;695
655;613;623;699
719;677;649;699
646;605;618;700
702;677;641;702
758;744;656;697
686;664;626;699
654;615;624;703
668;685;659;691
694;689;668;711
673;668;638;697
760;719;625;688
660;722;704;699
675;656;621;701
682;632;634;717
657;612;629;701
673;691;665;680
630;695;646;682
669;639;632;705
735;698;655;727
737;665;652;714
660;670;645;698
698;680;629;700
754;740;649;697
666;659;658;704
718;678;660;705
751;701;649;703
654;647;634;698
685;711;685;704
648;604;626;706
593;684;638;660
679;658;638;702
688;646;631;703
720;702;634;696
725;681;627;696
651;647;633;705
700;645;637;712
676;641;606;704
715;687;665;724
752;738;697;729
711;698;673;713
719;686;671;721
744;681;685;739
609;744;683;692
691;661;631;706
718;718;624;689
676;635;646;718
713;651;671;737
726;663;652;714
675;661;664;709
713;709;659;701
698;649;654;748
751;707;654;697
658;624;631;699
654;615;615;700
705;665;666;722
726;650;593;695
696;677;666;703
687;667;654;711
715;698;693;719
727;671;616;699
664;729;692;688
659;637;624;701
700;688;642;705
737;663;631;718
704;661;641;703
733;683;646;699
742;698;637;686
664;663;658;710
668;651;638;703
654;651;639;702
718;717;649;708
712;719;672;709
694;660;648;703
676;688;673;707
680;705;683;696
656;596;621;704
678;650;624;701
697;745;644;673
668;666;646;703
705;717;713;731
709;644;620;709
721;655;632;720
670;713;654;692
672;651;648;704
682;714;689;717
706;665;649;708
702;681;652;705
699;665;648;717
705;675;649;719
716;700;685;714
720;698;684;713
781;731;639;740
642;590;601;688
720;685;640;718
706;665;642;705
699;694;615;699
756;746;644;704
604;734;660;623
695;685;668;709
704;646;637;724
724;714;711;731
653;781;721;597
740;712;642;707
755;770;659;703
753;696;676;719
704;669;627;712
730;677;670;716
767;722;667;712
631;681;650;694
692;673;630;708
679;681;678;711
715;713;676;703
712;662;644;715
726;682;667;724
715;738;706;723
743;764;653;694
642;606;616;705
681;683;637;704
697;605;604;720
679;595;603;710
684;634;618;704
755;705;636;703
644;606;630;706
678;649;659;714
632;622;630;700
701;662;653;706
739;691;671;721
776;740;669;705
723;687;656;707
662;676;680;717
685;653;632;713
710;708;618;689
671;639;626;709
696;693;628;694
655;648;620;707
702;703;600;685
676;666;664;721
682;673;661;706
754;727;678;713
700;652;622;702
635;740;694;639
682;673;635;703
709;688;685;725
736;673;651;738
723;662;650;705
699;682;659;700
696;764;692;609
710;735;728;719
701;718;656;699
721;645;622;716
688;735;703;722
735;686;663;711
757;707;655;704
689;709;676;711
666;648;636;704
687;681;654;707
700;663;643;708
724;713;656;716
747;695;649;716
652;696;657;716
708;679;642;717
703;665;639;707
702;701;648;694
669;684;670;715
709;675;648;716
747;715;670;726
711;707;666;715
745;732;664;715
649;671;662;708
695;621;625;713
705;631;652;719
699;601;570;700
661;581;626;709
692;663;687;723
673;695;699;705
700;648;643;711
732;688;678;724
686;663;656;702
703;620;615;705
772;699;646;703
667;625;646;701
701;714;682;714
707;640;620;705
690;670;673;713
754;668;645;730
641;650;635;701
714;708;679;712
737;716;703;735
664;625;657;712
746;692;676;715
658;664;665;709
696;664;644;706
697;652;653;717
682;633;633;714
715;641;621;707
716;647;638;697
623;675;662;705
687;637;645;707
696;629;630;713
694;642;643;712
658;676;687;724
676;690;680;707
716;674;665;720
709;699;682;707
762;689;656;747
717;662;657;712
776;727;695;721
782;763;665;689
628;653;663;707
712;692;576;693
640;594;594;695
745;690;697;740
735;656;632;704
720;678;632;700
666;713;696;708
732;721;607;686
668;616;638;713
732;664;625;702
658;601;625;706
696;647;654;721
666;628;645;708
701;705;684;709
705;653;658;725
738;700;704;746
696;655;659;717
695;673;648;703
725;695;687;729
708;708;678;701
692;629;602;703
593;737;681;669
696;645;603;708
731;672;652;716
715;704;641;712
679;709;656;691
737;702;671;728
716;760;714;719
717;719;685;706
754;751;701;733
737;700;680;717
693;653;654;711
700;641;633;713
709;731;723;749
702;684;649;706
672;673;646;697
725;725;714;725
733;675;624;699
697;699;694;723
651;683;645;694
697;667;629;711
765;764;741;751
747;709;620;711
715;641;623;714
659;677;680;709
697;667;659;716
738;729;635;704
648;591;600;702
688;653;621;702
642;627;635;712
741;676;638;711
685;594;613;715
699;655;665;701
677;654;659;710
698;676;572;688
663;637;625;702
694;666;647;708
669;658;642;702
684;663;640;702
647;592;620;702
686;669;670;706
701;693;638;707
638;560;595;704
684;730;703;707
728;673;647;711
711;667;622;704
735;672;664;727
677;678;657;701
668;648;640;703
666;635;632;707
724;695;678;729
690;680;654;709
680;625;646;710
704;675;665;705
773;738;670;699
729;671;650;708
713;691;657;706
719;664;671;728
699;685;676;711
687;659;637;702
705;651;664;741
643;700;646;694
721;714;670;715
689;635;634;711
759;738;676;717
702;645;640;712
749;707;669;706
675;727;673;699
699;693;671;718
717;683;662;715
679;596;583;714
722;654;627;711
630;752;728;689
699;656;638;706
758;712;647;705
720;678;661;712
662;627;650;711
711;733;740;757
744;671;663;724
753;700;651;704
713;711;614;687
642;602;631;701
581;648;637;697
692;677;658;705
673;626;639;713
693;630;606;698
664;723;703;708
704;680;645;704
716;677;639;706
680;638;637;717
707;665;663;724
688;651;652;721
699;744;717;715
686;675;635;707
719;665;658;727
734;682;663;727
691;671;667;716
712;678;647;724
657;725;709;728
694;682;674;701
740;675;662;719
692;661;651;713
692;658;654;716
661;635;659;708
666;691;673;704
657;635;650;703
696;665;633;704
735;661;575;696
770;719;665;697
725;684;651;703
649;679;658;692
694;682;644;701
733;695;662;713
685;701;668;708
691;661;636;716
727;723;649;691
744;686;663;729
679;682;654;710
649;727;704;720
695;661;629;715
733;722;652;709
739;701;667;719
710;748;679;706
708;701;653;716
699;757;722;723
681;677;648;716
723;680;639;724
719;677;637;735
677;734;682;732
700;682;648;710
760;760;658;703
715;736;716;743
739;761;689;703
726;732;652;708
631;731;698;713
749;715;661;740
723;678;611;733
743;729;682;746
690;706;616;705
712;683;658;720
688;733;656;704
679;693;632;693
705;719;677;710
652;639;568;699
691;674;636;714
745;709;647;717
715;703;669;724
745;689;631;721
719;659;599;702
665;636;625;715
682;666;623;711
636;599;596;713
735;705;664;734
749;689;650;727
722;726;629;710
667;685;659;717
691;642;626;727
663;695;656;713
704;680;656;719
675;684;628;705
733;671;621;705
776;709;630;718
633;659;640;704
649;643;659;714
687;675;686;726
688;663;621;711
710;701;649;715
724;716;622;691
635;594;597;711
731;725;641;698
672;641;640;721
737;730;630;702
727;699;672;734
553;651;622;707
682;654;625;710
736;698;647;716
752;743;631;704
671;706;636;701
693;662;630;729
734;774;728;750
737;654;599;710
743;673;635;737
707;687;682;728
692;694;680;714
677;669;656;715
662;664;653;707
763;742;663;715
701;684;652;718
746;702;675;749
700;699;681;728
660;641;607;709
673;666;630;713
731;685;641;730
717;740;725;733
750;683;623;706
608;726;677;702
725;671;648;715
724;692;663;732
672;675;664;710
672;668;625;706
713;667;662;734
712;704;694;730
701;708;615;710
700;727;716;735
707;651;589;702
570;785;725;595
715;702;638;705
733;703;685;740
663;578;552;708
658;634;628;718
577;708;642;687
703;694;651;711
758;769;652;711
642;624;635;713
699;662;652;719
574;768;711;621
685;702;666;694
736;706;645;737
670;676;675;715
748;671;552;707
777;741;668;719
664;668;609;704
691;693;687;728
694;717;703;733
676;643;624;713
745;726;649;710
740;745;668;715
734;749;721;736
