1262.98653991244
1262.98653991244
1262.06457837941
1262.06457837941
1261.54746244444
1262.98653991244
1261.54746244444
1261.54746244444
1261.54746244444
1263.50385832414
1262.03050676281
1261.98692544733
1259.59914258466
1258.76685688812
1256.22330817415
1256.53213249801
1259.75950085721
1259.11595971142
1257.76706905532
1259.19537800931
1260.11626447721
1258.20387855069
1258.20387855069
1259.19537800931
1260.11626447721
1259.74997519349
1259.67853041957
1259.67853041957
1259.67853041957
1260.11626447721
1260.11626447721
1260.11626447721
1260.11626447721
1260.11626447721
1259.67853041957
1260.11626447721
1259.67853041957
1260.11626447721
1260.11626447721
1259.67853041957
1261.1879320704
1259.67853041957
1260.11626447721
1259.67853041957
1260.67045654287
1260.11626447721
1259.67853041957
1260.11626447721
1260.11626447721
1260.11626447721
1260.11626447721
1260.67045654287
1259.67853041957
1260.11626447721
1259.67853041957
1260.2329149804
1260.67045654287
1260.67045654287
1260.15356207091
1259.71584097367
1259.71584097367
1259.71584097367
1259.27876183155
1259.88174048202
1259.36531633994
1258.49473578557
1258.61709824712
1258.15261395429
1258.15261395429
1259.10206099426
1259.53602568565
1258.58611147589
1259.57731005286
1258.58611147589
1259.10206099426
1258.58611147589
1259.53602568565
1259.10206099426
1259.53602568565
1258.58611147589
1259.10206099426
1259.14335959016
1260.57804201089
1258.58611147589
1258.58611147589
1258.58611147589
1260.0928537215
1259.53602568565
1259.57731005286
1260.0928537215
1259.14335959016
1260.0928537215
1260.57804201089
1260.57804201089
1260.57804201089
1260.02142838922
1260.02142838922
1260.0928537215
1260.06269685282
1260.57804201089
1260.06269685282
1260.57804201089
1260.02142838922
1260.06269685282
1260.57804201089
1260.57804201089
1261.01229177197
1259.5058554846
1260.57804201089
1259.5058554846
1260.57804201089
1264.86283841372
1267.41271888837
1269.28444408651
1271.7161633006
1275.55556523422
1280.63148485425
1284.82761489626
1288.42694787093
1285.09960703441
1276.66714534369
1272.44253308352
1268.91134442088
1267.04617121871
1265.64015423026
1264.14160599199
1262.71809997323
1263.8963565103
1269.41088698656
1272.33093179408
1270.8497157414
1268.90464574766
1268.92986409809
1269.34392502584
1270.71200513728
1276.82496842754
1289.94224676921
1292.75558401424
1279.61830246367
1272.14503890083
1271.46568966685
1274.38024152919
1275.37406277531
1276.22372646805
1282.34472744266
1280.41790053092
1276.59077233074
1273.35658792029
1271.9268846911
1271.4153530613
1272.40913231555
1274.27822707602
1277.07830613475
1276.08111027473
1275.13254213043
1276.0121472776
1277.38091421471
1281.52838439108
1283.90887527114
1286.79835250128
1290.60838367028
1289.70616808636
1287.80200341512
1286.86829162895
1286.42022683103
1282.68195590333
1277.98787161694
1277.96830946624
1277.41066223826
1274.99372547476
1273.94937105051
1274.94666555115
1274.06632480417
1271.00432729397
1268.7816991114
1267.43047146579
1264.27884582477
1264.70787140746
1265.22211488734
1265.35410063745
1264.16138210278
1263.17457225832
1259.84800670557
1256.2181339242
1255.99124200768
1257.42156813059
1257.84816253791
1256.90572438827
1290.74707049832
1373.88027134827
1351.60571173697
1300.62600312311
1261.94809718942
1249.41066107185
1360.36281925081
1406.18135388007
1413.99080619359
1407.75033297812
1393.10731819196
1367.5097805866
1283.83838546758
1272.95050964285
1367.47029218188
1415.20987842793
1352.88358700961
1401.18200102628
1389.18249341114
1346.18832263543
1307.19432373309
1384.95487291103
1443.00935547903
1387.54351283122
1295.90778992952
1266.74504143494
1308.12958073732
1368.47579445162
1335.2505382886
1365.3680822401
1430.48628095484
1438.40084816438
1381.78905770743
1346.81624581826
1391.20451408123
1384.25286707306
1314.56684881371
1261.48127215587
1315.76707665149
1267.77955497003
1422.53470959411
1407.75175368387
1450.7673831459
1448.93961226823
1458.42620656652
1444.94636578663
1405.44192338211
1343.84150851207
1370.20363450109
1413.5720710314
1383.8175457769
1304.36421294054
1395.16343128682
1391.7593182731
1338.14872118162
1329.53488107684
1389.4549290999
1420.26969269924
1447.18969039998
1434.01708497493
1417.37997728203
1444.17623578288
1400.36066782811
1356.81280949142
1255.30195570628
1394.98709671452
1322.79136676953
1363.31434379603
1444.76295633574
1449.37365782603
1385.97619027168
1320.560487066
1312.161194366
1398.23066766539
1389.56360055954
1386.58825900121
1346.29677263225
1257.52852850343
1223.8386331539
1227.05256611117
1227.88191614666
1220.87263873018
1217.60872204498
1294.54316266396
1286.82594005561
1249.00320255794
1208.7232933968
1255.84632817873
1347.02672579277
1344.31915853342
1285.50457019802
1218.55118891247
1206.09079260228
1249.08246325053
1351.48140941709
1376.07194579353
1310.19426040569
1265.88625081403
1210.30285466077
1213.74338309216
1226.20185940162
1230.28858403222
1233.10745679361
1234.32046082045
1231.605862279
1230.77577161724
1232.16638486854
1232.99878345439
1234.84492953569
1233.90275143546
1235.40479196092
1234.42739762207
1233.90275143546
1235.26312986343
1235.71760528043
1237.11721352506
1240.5389957595
1319.91325472548
1295.36018157113
1218.78340979848
1225.67450817907
1238.57054704203
1408.54250912069
1421.05348245589
1344.12276225053
1195.16316877655
1290.91672853054
1301.93433014112
1268.7943095711
1297.04934370285
1428.2433266079
1456.74568816935
1453.8249550754
1440.94760487674
1394.54401149623
1368.67088812468
1348.02559322885
1337.80043354755
1398.77839560096
1393.85329213659
1335.81922429646
1317.51470580028
1288.65744090507
1257.63905791765
1297.26134606717
1360.97428337203
1334.87939530131
1347.87128465592
1408.5048810707
1414.72188079495
1417.97672759464
1405.5578963529
1447.43289999917
1449.71652401426
1418.06769937123
1338.01681603783
1274.46577043089
1249.38584912748
1235.36189029774
1228.84091728751
1223.68786869855
1225.49173803825
1227.03545181058
1231.70045059665
1232.2252229199
1232.29663636642
1235.75887615667
1272.50736736571
1273.33734728861
1260.98889765136
1256.70282883425
1221.09704774027
1251.01958417924
1327.11792995197
1348.13537895866
1333.68399555517
1283.38186055437
1252.01837047225
1195.28030185392
1222.73586681671
1236.65152731075
1231.96956131229
1220.89516339447
1214.42290821608
1234.66837652869
1313.6734754116
1296.25460462056
1249.15891703178
1203.90904972095
1231.34032663598
1248.7377627028
1255.81646748241
1249.31701341173
1247.33195260925
1249.97639977721
1249.46068365515
1248.5135161463
1249.58953260661
1250.10519557356
1243.52040594435
1317.18259933845
1328.52248757784
1336.12387150294
1333.20553554206
1311.64781858546
1271.28753631899
1373.18789682985
1391.57321043487
1385.61683015183
1377.86211211427
1429.53628845161
1426.95970510733
1340.50699364084
1258.39302286686
1305.74231761094
1348.01817495166
1349.41654058337
1362.27787180149
1386.97548644524
1346.73791065671
1265.53071871053
1220.0135245152
1220.47572691963
1227.22043659646
1346.88715191734
1396.89333880579
1365.96998502895
1337.02542982548
1348.600385585
1350.26849181931
1278.66531977684
1273.19087335717
1230.3036210627
1348.22957985649
1450.73567544195
1406.70643703653
1284.31966425808
1240.86824441598
1339.6249475133
1370.02919676918
1350.2670106316
1302.06144248265
1187.80048829759
1312.28426798465
1398.56104621858
1389.1576584391
1386.78188623878
1422.37864157193
1403.2369721469
1337.8688276509
1397.81043063786
1384.05455094805
1288.9200906185
1258.32189840279
1196.31684766202
1200.39035317683
1305.19768617631
1410.94436460124
1370.48495066527
1258.09220647773
1184.42137771994
1204.82322354775
1230.54865811962
1236.94543129436
1369.47836784668
1427.68974220592
1330.47209666344
1249.61914197887
1175.9477029188
1262.48881183161
1332.79330730613
1351.14618010044
1346.53741128867
1321.78856100361
1273.22425361756
1258.21619763855
1260.86636881154
1304.36229629655
1341.62364320252
1340.77813227991
1316.32784670081
1275.64219121194
1269.77281432546
1238.56933596791
1237.4114109705
1238.00403876563
1234.78297688298
1244.70317746843
1231.52669479797
1238.13731064046
1056.80934893669
1238.95197647044
1237.13297587608
1236.15290316368
1238.59880510196
1238.98506851374
1239.93306270944
1254.89362098944
1305.83077004641
1309.41131811207
1365.74302121592
1344.6560898609
1255.57835279205
1219.82252807529
1229.24611042704
1231.38052607632
1288.64502482258
1352.27253170358
1358.98969826853
1324.20126868992
1350.60653041513
1335.89483118994
1356.56957064501
1331.51229810318
1291.49680603554
1243.85288519181
1236.04732919092
1266.32618230849
1259.01787119961
1238.09490750911
1224.09885221742
1282.93647543438
1347.21230695091
1387.37990471248
1407.53898702665
1411.18141994571
1367.2234638127
1421.81644384921
1435.1327464733
1407.47824139487
1402.63965436601
1370.40213076308
1330.13044473089
1296.02584850766
1279.42682479304
1236.53022607618
1274.46106256723
1354.01292460597
1389.40634804941
1363.49770810222
1314.53946308203
1274.22760918134
1281.26578039063
1296.52959858231
1334.75166229528
1305.07700922206
1244.0200963007
1324.44365678575
1393.97812034479
1397.64265819272
1390.91552583182
1473.57049373282
1465.08054386099
1425.42835667037
1386.835967229
1396.77235081455
1381.13685056912
1364.8172038775
1302.46804183442
1251.09591958411
1275.8636290764
1384.63352552219
1409.8900666364
1389.71471892615
1346.53592599678
1419.60663565651
1401.98573459219
1360.41390760312
1454.38887509497
1392.68266306435
1399.55885906953
1422.79127070699
1376.05268794476
1397.17858557881
1375.93059417981
1340.91573187878
1248.72374847282
1273.78765891337
1303.75189357485
1342.7877717644
1315.13231273511
1328.15548788536
1413.51936668728
1417.99365301824
1391.96443920094
1350.94374420255
1367.64980897889
1336.02544885941
1327.08176085726
1330.90570665243
1326.61147288873
1271.77238529542
1228.22188549138
1200.43450466904
1215.50565609544
1227.14465324997
1234.11304182397
1229.47509124829
1248.43101531482
1235.91059547202
1310.15876900473
1304.17215121317
1240.5510872189
1228.44047474837
1249.26378319393
1338.55481770453
1304.8222101114
1234.6375986499
1205.12654937148
1243.92523891108
1245.26904723437
1252.61686081579
1299.9542299635
1377.99600870249
1317.72645112709
1271.70633402527
1389.22640343466
1396.78308981746
1104.84569058308
1291.72829960484
1373.95451161965
1404.98362979787
1382.33064062112
1350.97816414626
1371.35917979208
1367.89509831712
1459.08498724372
1456.90082023451
1422.46195028198
1341.01118563568
1309.14743249185
1380.00652172372
1431.70178459063
1414.52324123713
1394.60281083899
1403.11510575576
1414.50238600011
1378.01197382316
1304.00498465305
1216.71483922898
1248.39296697795
1259.11040024297
1247.62253907181
1040.04422982871
1259.16758217483
1270.43378418554
1274.48656328735
1281.40196659752
1280.30894709051
1325.4708597325
1312.97867461738
1291.69578461803
1270.24249653363
1260.60461684067
1287.76473006524
1335.44936257426
1371.95553863819
1370.33463066508
1366.92611358478
1379.10659486495
1420.49815205793
1441.21650004432
1343.03238978068
1234.65946722163
1126.41377832482
1192.26674867665
1272.27434148457
1365.47793830585
1397.49418603442
1270.47274665772
1434.39499441402
1395.4970440671
1262.349000871
1376.24380107596
1400.73909062323
1375.48754992548
1386.68020826721
1377.10674967484
1373.82276877332
1315.90957136119
1380.18766839876
1397.19361578845
1374.0826030483
1314.99809885794
1366.69894270831
1397.48738813629
1387.65773878143
1439.34846371544
1435.46542974744
1432.81889993118
1429.68772814206
1472.7111054107
1474.51754821704
1450.24997845199
1372.83720812047
1387.81338803169
1398.94746148667
1445.78940375146
1431.33643843787
1390.52148491133
1316.50104443559
1304.12844459432
1269.397494877
1255.40790183908
1219.1464227073
1244.97590338127
1243.87057204518
1247.13631973413
1244.81123066913
1261.51456590877
1226.32866720142
1216.24462999842
1221.11096956829
1287.901393741
1316.85876235836
1254.1483165878
1370.94237661544
1362.16959296557
1270.28894350852
1233.62636158604
1233.34545039093
1266.76832925362
1374.95054456515
1379.83622216551
1300.98308982092
1246.38276624799
1219.7741594246
1230.83955087574
1231.33464176072
1321.82714452382
1397.7034735594
1382.24527490601
1290.70407142768
1264.45640494246
1359.2931986882
1369.28484983951
1343.42584462262
1321.75489407076
1380.13912342198
1392.18820566761
1293.07540383382
1332.38845686984
1395.78759129031
1388.04178611452
1362.43201665257
1336.20582246898
1294.6509182015
1278.73883181829
1375.63767031875
1372.7191992538
1375.0527262618
1402.41042494699
1410.01382971941
1434.97735173765
1425.9267162095
1436.36415995387
1407.32441178287
1400.68233372168
1377.35725213178
1331.90915606133
1317.49990512334
1419.74434318295
1428.78164881832
1412.18801864341
1376.00436045821
1435.17873451358
1457.28995055891
1467.22902097798
1457.44330936061
1420.14013393045
1387.29557052562
1375.18762356269
1425.16981444318
1441.41805178095
1430.85918244948
1460.78951255819
1437.21466733401
1423.09486683074
1415.99505648855
1419.836258165
1446.2848958625
1397.27771040692
1405.37610624345
1346.97327367695
1254.71032513485
1248.18348010218
1206.01658363391
1208.60332615793
1215.53033693117
1231.03939823224
1396.17942972957
1428.87823134094
1399.61959117469
1340.98732283344
1319.01705826725
1321.45601515904
1252.83917563269
1213.77798628909
1004.89153643565
1215.09670397051
1295.82676311303
1315.54019322862
1297.7650018397
1273.67067957145
1298.8814418568
1238.29318014758
1224.09885221742
1238.72111469854
1234.70401311407
1236.02953039157
1236.02953039157
1235.60997082413
1236.69317132424
1235.60997082413
1310.02404558084
1315.48964268063
1270.22124057189
1233.9084244789
1274.49519418474
1294.13832336424
1324.83432926536
1312.4488561464
1259.0722775123
1231.32042945774
1237.02950651955
1284.36949512202
1373.31533159723
1385.96753208724
1394.45114650891
1375.56497483761
1355.41026999208
1292.62639614082
1240.3245543002
1236.98100227934
1353.30004064139
1391.77368849968
1377.32530652711
1378.70845358981
1424.41602069058
1406.06080949581
1350.04407335464
1261.14828628516
1266.73675244701
1232.81953261619
1211.02724989985
1208.70591956853
1237.43525083133
1247.23013113058
1256.16280791942
1256.46368829346
1257.09188208341
1265.01422916898
1267.34288967114
1269.14932139603
1271.46333018298
1269.91889504803
1274.38338030594
1279.29785429352
1278.63286364773
1291.88621790001
1291.90943955062
1292.84879239608
1299.17473805489
1305.99042875513
1294.9930501744
1271.99135217186
1258.4160679203
1296.19211539031
1364.3731161233
1360.41243746152
1329.64619354173
1310.9431719186
1290.23951264872
1254.66529401271
1268.79194511945
1266.77740743984
1264.89011380436
1291.05112214815
1322.55850532217
1362.46871523716
1376.22781544336
1377.28319527975
1367.67028190277
1376.84966499615
1364.03299080338
1297.32108593054
1264.19420976367
1300.12883976935
1400.30068199655
1430.15034174733
1411.13181524619
1436.90744308741
1395.94806493651
1405.74464252936
1358.84914541681
1253.8097941873
1264.76321894653
1242.17108322485
1207.80130816289
1212.45288568257
1222.840545615
1233.00081102974
1249.12249199188
1258.7783760456
1259.84641921148
1294.45200760785
1299.64687511647
1301.69504877295
1312.34980092961
1316.56332927816
1316.93204076748
1318.7592653703
1374.58211831815
1388.16929803248
1390.87059067334
1372.21317585862
1333.13052624265
1369.01680048128
1424.46832186609
1373.34081713171
1321.86913119265
1273.14492497909
1259.77537680334
1245.48705332492
1272.75370751768
1374.8447185046
1409.26895942542
1403.51629844473
1416.85673234805
1442.05929143014
1415.25616055893
1336.40300807803
1245.87920762809
1341.80400953343
1401.01427544476
1377.00617282567
1432.26498944853
1471.8702388458
1452.19523480832
1388.36738653715
1453.34579505361
1444.63074866902
1393.86261876844
1415.87464134365
1424.5964340823
1340.27907541676
1375.16871692167
1379.98623181538
1345.69981793861
1266.24010361384
1241.41652961446
1220.75181752885
1215.55213791923
1210.22477251129
1215.40898466319
1218.57868026648
1222.76939771978
1222.27983702588
1376.67207424281
1419.2399374313
1407.38303244
1403.24979957241
1433.27422358738
1432.28593514005
1429.41456547777
1413.60001414827
1403.20811001077
1452.4782270313
1411.24129758167
1384.1976015006
1400.05321327441
1364.56036876351
1323.83911409204
1246.80632016364
1164.47928276977
1208.74563080906
1313.48620091724
1392.76487606487
1384.74040888536
1409.30976013082
1414.21144105116
1413.14542776036
1437.8689091847
1419.7531475577
1405.79443732005
1429.86258080978
1412.97204501717
1365.23221467998
1337.39223864953
1412.21598914614
1414.91943233528
1390.12085805515
1376.72001510837
1373.63495878636
1375.97928763481
1367.84721369018
1413.283411068
1434.08089032662
1411.7825611616
1380.9518456485
1396.64204433348
1430.13181210684
1449.40436041844
1421.74188937374
1387.90165357636
1336.61101297273
1368.81737277111
1385.93434187915
1295.62919077952
1188.91631328702
1193.92629588262
1208.10181690121
1222.12683466161
1423.20834736169
1458.15465572072
1430.2136204078
1407.96945989606
1441.77147981225
1409.64782835998
1399.21299307861
1351.64566362638
1275.21527594363
1232.19722447342
1197.26897562745
1271.37248672448
1388.74187666391
1386.44076685591
1408.87827721205
1449.05727975122
1440.74216985552
1419.65911401294
1416.5779187888
1424.82595428354
1400.91862718718
1410.50841897523
1456.94680753966
1452.20280952765
1421.6145750519
1460.71934333738
1453.80328793135
1389.7060840336
1435.25677145241
1379.10188166067
1360.26100436644
1235.8810622386
1089.20429672307
1230.07154263482
1382.03907325372
1403.15857977636
1387.80366046498
1407.49351685896
1377.19461224621
1343.97842244584
1377.0348579466
1440.44090472327
1449.16113665803
1433.94072401895
1475.97154444115
1443.40534847284
1414.13789992348
1373.34409380898
1322.75848135629
1310.59528459399
1306.42183080351
1391.3845622257
1414.25245271133
1462.72006891271
1434.91114707497
1449.17424763208
1449.70272814808
1437.26754642272
1455.0250856944
1418.19674234572
1400.77835505836
1372.18548308893
1434.21999707158
1377.57540628453
1299.10546146185
1237.2396695871
1239.08070762158
1237.91477897309
1224.81141405524
1284.11136588693
1374.67123342274
1406.24464443425
1435.41039427754
1470.53833680051
1427.17167853065
1326.62504122303
1287.32008451667
1197.38506755346
1234.3747405063
1235.97734607071
1273.62828172116
1375.41920882326
1366.34475883651
1340.63790786327
1294.44196470912
1250.6134494719
1321.75565064047
1156.66114311842
1376.26959568247
1349.72626854485
1333.09827094629
1408.23435549627
1368.43377625664
1325.60552201626
1264.21477605666
1251.5714122654
1211.09041776409
1241.60138530851
1321.5434158589
1375.4232075983
1396.558627484
1430.06922909347
1443.84417441772
1412.06515430415
1388.27230758234
1419.75349973156
1448.76154007483
1442.39107041052
1419.51646697036
1415.62742273523
1383.75973347977
1368.33438895615
1274.96901923145
1219.19235561908
1239.0213880317
1238.86520654993
1228.86044773196
1211.9913366027
1212.88870058221
1232.38914308752
1240.84366460888
1242.74092231647
1239.1388138542
1233.5635370746
1239.0100887402
1242.33610589083
1240.54947503112
1235.79205370483
1235.19674546203
1241.40605766204
1244.55895802489
1244.90802873144
1242.13445326985
1242.13445326985
1242.18758647798
1249.83118860108
1250.21438161621
1246.29811842913
1246.33302130691
1242.79443191543
1244.81725566446
1245.24977414172
1244.4336061036
1242.71718423783
1243.23046938209
1244.2519841254
1245.23933442531
1244.68710927687
1244.13544278748
1247.10023654877
1252.23719797808
1260.54432686836
1270.34522866818
1276.96162824104
1281.40079600412
1284.40881342351
1284.90505485814
1286.86634892673
1290.26896420863
1291.7557818721
1296.63757465222
1297.11140616371
1295.1401468567
1288.96586455965
1287.0062159912
1287.95147424117
1287.50999996117
1286.11469161969
1283.66740240609
1284.72175975968
1283.27510690421
1283.7094686883
1283.7094686883
1281.7729908217
1280.76305380816
1280.26208254404
1279.34162755692
1276.89232122368
1273.0726609271
1275.52302997633
1275.46893337313
1275.0129411108
1276.47365816926
1279.84217777037
1279.47450150443
1276.6201471072
1276.16534978818
1276.6201471072
1278.08059213807
1279.93202944531
1279.93202944531
1279.01759174767
1279.47450150443
1278.50889711413
1278.02816870365
1279.42369838924
1278.00547729656
1279.49247750817
1280.50029285432
1281.00819669509
1282.01638055058
1283.57586452847
1285.0929927441
1284.63418917605
1286.1034173036
1285.64419650228
1285.18558971068
1282.78330204287
1280.89460924777
1279.9300762151
1276.92873724417
1277.25643470683
1276.26878046907
1273.95918301961
1275.81895267314
1275.35838100512
1274.32923532343
1274.32923532343
1274.87881777054
1276.36867714622
1277.29127453373
1279.64838920697
1280.1128856472
1283.12236361151
1282.60672070592
1282.60672070592
1283.11067332479
1282.14078790124
1283.19406170696
1283.74374389907
1283.74374389907
1283.74374389907
1284.75912139202
1284.29396946338
1284.29396946338
1284.29396946338
1284.8447377018
1283.86993110673
1283.86993110673
1286.28962523998
1289.19005581024
1289.19005581024
1286.77970142523
1287.70881801749
1295.00386099811
1300.740173901
1309.01107711127
1137.51923060667
1307.77482771309
1304.45467533372
1310.03473236399
1309.19402687302
1311.74159040567
1312.71626789646
1293.17400221316
1258.96743405062
1264.33777132537
1261.51734034852
1259.03891917605
1256.99045342437
1363.55197920725
1396.52568898678
1375.03963579237
1314.70376891526
1273.50932466158
1307.25169726415
1393.71553769053
1397.58148241882
1356.56735918273
1313.72181225707
1342.34123828481
1363.9857037374
1358.76966407114
1314.47708234111
1393.99820659856
1371.14331854843
1415.54865688185
1449.62788328591
1425.46869485093
1364.55157469405
1302.87182792476
1316.12423425754
1302.3336746011
1336.77859049283
1323.56903862247
1337.96748839424
1431.90153292746
1437.39556142351
1444.90311093858
1443.35615840305
1411.79991500212
1345.27097642074
1308.21978275823
1423.78509614338
1406.67160346685
1320.85048359002
1269.28798938618
1282.57007605822
1399.67210445876
1365.78988135071
1294.78762737369
1290.52624924873
1377.75687260126
1426.83636062444
1410.41306006432
1388.7224344699
1433.34608521459
1444.38429789305
1439.92708148711
1430.80257198539
1457.55754603378
1439.83124011115
1424.0737340461
1378.28407812033
1446.82445376072
1419.39670282835
1363.99083574634
1305.49186133043
1315.31707204005
1451.59877376636
1460.79259308089
1388.02233411426
1330.27628709227
1280.04023374267
1402.64250612906
1428.05357042374
1384.74907474242
1290.37823912216
1246.41686445587
1246.24636408697
1232.80939321535
1238.6327139229
1241.74031101515
1382.96673857327
1446.66305683113
1454.02166421274
1413.37185482095
1359.22698619473
1276.8206608604
1337.4995327102
1366.80576527903
1366.16543654127
1395.9788680349
1379.65249247773
1334.40211330768
1299.7361270658
1287.98214273335
1392.24459058026
1442.72346622629
1420.66780071908
1419.68869827156
1402.36871043246
1349.74479069193
1286.7039286487
1322.12404864294
1389.83596154366
1408.59397982527
1424.40197977958
1410.20246773291
1350.56247541534
1283.66740240609
1271.5411908389
1297.95801164753
1350.68760266762
1297.57350466168
1287.14490248767
1267.54092636096
1261.92630529679
1336.10815430488
1318.92001273769
1270.66911507284
1236.15371212483
1338.17674467912
1381.22047479756
1405.63224208895
1403.17853461347
1348.96404696345
1277.55547824742
1245.493075051
1273.72799294041
1293.71789815245
1266.28709225041
1232.64147261075
1238.17527030708
1289.29903435937
1313.26539587396
1339.36925453737
1357.67300923308
1356.6418097641
1336.76662136665
1308.39787526578
1398.5932217768
1392.76020908123
1346.2622329992
1280.50966415721
1246.74175353198
1270.15077845113
1235.47035577548
1236.36361965241
1311.9134880014
1333.72673363024
1293.97295180386
1251.73399730134
1223.96977086855
1352.43114427316
1367.48564891921
1279.59407626012
1269.59993698803
1232.72137971238
1239.87781656097
1257.37186225874
1239.92378798054
1249.19534100956
1247.05372779203
1255.07768683855
1260.060712823
1272.65352708426
1263.7080359007
1245.19958239633
1228.73186660068
1353.34215924872
1393.95444688842
1362.89654779811
1294.87451129443
1071.98041026877
1308.08944648292
1357.95618486017
1368.95361499212
1347.9577144703
1366.97220161933
1418.07369343063
1413.03043137789
1377.21893684338
1305.95367452295
1248.797421522
1247.79405352005
1241.55305967969
1253.13008103708
1261.25572347562
1267.71092919482
1265.08616307349
1269.53534807031
1287.71541887173
1282.27532145012
1256.48637079755
1244.10088015402
1229.35552221479
1287.67154197023
1261.98335963673
1323.81720792563
1336.2110611726
1367.98026301552
1364.69886788258
1342.3468255261
1338.76734349177
1390.968008259
1432.67965714601
1415.67439759289
1297.13800345222
1252.15055005379
1227.35365726428
1277.19888819244
1295.85570184338
1355.80640210909
1334.18964169266
1317.46043583859
1382.97866939443
1398.63540638724
1395.24944006439
1378.03519548668
1410.40632443279
1436.75885241748
1428.30353916806
1436.98608204812
1393.90135949428
1413.72239141919
1379.44372846449
1368.5017354757
1356.62190753356
1371.72664915427
1371.82032351179
1414.08380232573
1466.67958327646
1453.0688214947
1404.68750973304
1401.31688065191
1411.1718534608
1316.97152588809
1229.99268290507
1217.26948536468
1215.61712722386
1225.93841607154
1415.40029673587
1441.07390511382
1412.812089416
1379.35854657156
1478.53846754151
1429.06752814554
1387.1113870198
1387.82563746315
1233.44355363349
1365.00439559732
1316.64535847737
1390.2636440618
1445.84266087289
1436.37947632233
1420.5439099162
1407.09878828745
1375.38649113622
1381.23676464247
1439.34637943756
1453.2236579412
1425.2613795371
1455.55281594314
1491.19750536272
1442.89812530199
1322.31652791607
1238.48092435855
1453.24533372724
1406.22259973306
1341.4484708702
1232.70191043902
1147.29900200427
1160.53823719859
1213.91021084757
1053.60429004442
1240.19071114083
1232.30272254832
1220.84437992727
1237.91599068757
1243.7933912029
1250.15639021684
1249.24056930601
1240.8585737303
1230.97522314627
1231.84982850995
1241.49627466215
1245.06345219832
1252.66475962246
1262.69434147778
1265.39203411433
1265.43707864121
1261.19070722869
1257.33527748171
1261.40913267663
1270.91187735421
1271.81956267389
1272.17215816099
1281.16080177314
1290.64131345622
1302.96738255415
1307.50640533804
1300.63253842121
1303.15540132403
1310.11831526775
1313.0613085458
1307.70524201748
1296.455938318
1293.01314765164
1283.47613924062
1266.99605366394
1253.12649002405
1239.04721459676
1242.82661703071
1242.01207723597
1297.43670365841
1352.53465759662
1361.65267230671
1326.54400605483
1325.49387022347
1351.43775291354
1355.75440253757
1309.59993891264
1265.21263035112
1195.17739269114
1435.02891956922
1411.29196128937
1397.32709127105
1354.74683981916
1308.32602970361
1279.36585854086
1240.92828156989
1326.6525543638
1363.64071514457
1342.13449400572
1338.22195468465
1360.17168034039
1436.60850617
1386.52262873709
1246.75739420306
1396.7694870665
1430.10768825288
1394.49094654645
1336.77971259292
1357.22842587385
1406.52017404657
1467.64641518317
1478.51682438855
1434.04497837411
1370.48531549959
1274.50186347451
1392.23633051289
1421.29588756177
1408.0458089139
1334.61230325514
1367.17482422695
1375.41521003659
1334.87340223708
1304.21662311136
1424.83753459824
1444.6722811766
1391.16390119928
1335.27150797132
1409.96382932329
1422.91145191821
1375.8233898288
1290.17556944782
1252.92896845751
1259.48521229906
1300.62100552006
1413.49248317775
1399.28195872026
1362.49880733893
1325.16489539981
1253.22224685009
1204.21675789702
1286.56169692712
1304.9314158223
1327.10851101182
1331.99436935747
1391.33820475109
1437.00730687078
1437.2494564271
1439.8479086348
1454.55285225392
1479.17375585156
1470.58593764526
1462.64725754366
1477.49314719223
1448.26206192112
1435.59221229429
1407.65620802808
1331.19307390025
1284.32200012302
1266.5172718917
1266.40238471033
1260.02499975199
1255.45728720654
1248.06169719289
1246.78546671029
1259.52530740752
1296.92058353625
1298.21338769865
1284.70230014584
1262.27215765856
1263.67123889088
1371.66213040967
1391.21385847036
1340.95115496427
1376.06613213174
1419.81759391832
1408.73773286584
1369.59373538287
1348.58036467984
1454.26957611029
1443.22901855527
1415.72666853457
1366.58333079253
1303.01918635145
1360.26247467171
1371.06856137831
1345.41963713928
1285.86196770882
1244.47780213228
1213.64492336103
1247.97596130695
1325.85670417282
1376.87980593805
1406.08143434155
1364.1433209161
1315.46721737944
1380.83851336787
1398.05364703934
1399.56207436469
1347.41196372899
1454.95738769216
1471.44520795033
1416.30399279251
1352.33908469733
1392.60547176866
1414.71834652697
1378.61452190233
1380.74110534886
1395.84239798052
1392.89446836435
1403.1140367055
1464.76004860864
1465.04470921539
1474.70742861084
1412.99292284144
1386.47214180452
1344.14433748761
1295.58210855198
1325.46256076888
1303.14772761955
1344.01302077026
1411.06697218807
1428.06932604828
1418.87878270133
1386.79630804239
1342.73526802568
1304.54858092752
1279.67886596599
1245.44811212672
1249.34782986965
1248.09855380094
1245.24294818321
1243.36639813049
1245.78930802925
1247.25538683944
1247.13511697811
1248.12098772515
1248.52753273606
1248.00240384384
1302.62312277957
1342.86447566387
1293.69432247344
1248.65647797943
1264.35635799406
1295.5878974427
1332.79443276148
1314.82166091071
1252.86352010105
1222.23647466438
1231.03655510306
1242.03945186938
1354.04098903984
1386.98449883191
1396.85181748101
1428.38965272085
1431.96159166369
1412.83226180605
1364.22542125559
1286.37397361731
1376.8649171215
1392.40008618213
1373.58290612544
1395.9276485549
1439.23729801586
1421.99472572862
1324.71959297053
1402.06240945259
1390.14855321293
1305.47500933568
1247.07497769781
1275.45521285539
1257.46570529776
1341.27513955937
1437.52913013963
1431.17678852055
1427.05045460909
1438.94822700471
1442.87941284087
1414.04243217804
1415.30915350675
1381.5621592965
1354.21379405174
1399.42095167966
1394.42497109023
1326.90994419365
1260.57566214805
1259.54396509213
1217.01848794503
1228.65088613487
1231.04021055366
1237.20693499511
1232.88523391271
1232.03490210302
1233.36815266165
1235.25827258918
1345.85957662752
1320.72896538238
1314.57445586015
1300.55257486962
1343.69862692495
1372.92971415146
1368.91818601405
1317.89035962784
1271.09991739438
1238.98547206979
1172.99190108031
1171.94027151558
1197.34623229875
1223.47782979505
1244.25961921136
1245.83987735182
1232.62524718586
1274.50225578459
1251.68007094465
1225.37300443579
1233.82048937437
1329.405130124
1308.54346507863
1237.25421801665
1254.53019094799
1240.78966791314
1237.04082390194
1234.85505222273
1223.93300470246
1222.19883816014
1220.42697446427
1217.13885814232
1220.36306073234
1273.66518363344
1270.56089976042
1241.57561187388
1234.73357450099
1260.46499356388
1299.01154729279
1282.50730992069
1307.70256557063
1365.89677501633
1366.20386472883
1336.09318537294
1293.30506841967
1332.17341213522
1349.33316864294
1344.99479552896
1294.04443509487
1240.91055277969
1180.0580494196
1328.560499187
1313.03274902037
1249.5143056404
1214.8757138078
1228.56338867801
1286.15512283705
1411.67630850702
1413.48753089654
1346.87972736989
1379.0779528366
1411.15059437326
1338.14872118162
1234.08184493574
1227.10961205591
1216.32643644706
1291.89589363849
1346.5444664028
1300.32419034639
1203.67562075503
1168.46437686392
1180.06567613841
1208.78368619038
1252.7449860207
1365.99524157297
1380.79180182966
1369.68500028291
1376.83223378885
1388.36054395103
1417.6833214791
1384.26514801175
1301.23518243245
1275.01882339046
1211.07638074566
1187.10825117173
1205.59736230634
1229.24611042704
1234.16611523733
1226.75588443667
1224.37045047649
1236.87469050021
1252.41047584249
1251.6541055739
1246.57250089997
1247.55560998298
1246.19340393055
1241.56514126324
1241.42257108529
1241.74111633625
1231.19210523785
1226.70615878457
1223.96486877688
1370.1277312718
1415.63837190152
1364.57978879947
1256.22052204221
1192.43867766858
1222.22133838352
1259.74918138493
1281.15182550703
1272.61148823983
1291.11386019979
1372.59535187906
1390.97268125582
1352.34684899992
1315.16196721164
1286.10069590215
1258.69337012634
1352.12166612328
1374.70796898832
1332.18241994105
1261.36830465967
1210.83690066004
1223.8120770772
1280.80599623831
1409.44989268863
1388.29139592522
1360.86553340145
1410.72640862784
1399.15295804283
1353.49251937349
1265.03201540514
1270.8115517259
1367.40447563989
1346.76241408795
1394.20299813191
1378.00471697306
1312.46828533112
1237.45302941162
1197.29779086074
1218.73664095242
1349.52028513839
1439.93958206586
1435.11462956797
1434.25939076584
1416.98412129424
1386.19659500375
1337.36120775204
1290.018604517
1249.49029608077
1215.06419583494
1230.171939202
1226.39593932792
1216.07812249049
1208.90446272648
1211.10734454052
1221.89074798036
1226.43181628658
1224.67995819316
1219.45848637828
1218
1230.83792596751
1314.22296434053
1277.31554441336
1232.57859789954
1243.70615500608
1268.8632708058
1272.36983617186
1203.1221883084
1212.53865917751
1229.36772366937
1230.89398406199
1226.7734102107
1220.38067831312
1282.34433753185
1368.25363145873
1359.74887387341
1302.95088165287
1271.89071857609
1251.67487791359
1376.84458091681
1431.68222731163
1432.76306485057
1403.20561572422
1380.0503613999
1374.02219778285
1310.1702179488
1317.81599626048
1386.28243875482
1426.76767555198
1421.66979288441
1385.19096156451
1320.6169013003
1394.91720184389
1423.75138279125
1375.74379882302
1276.20766335264
1250.36594643328
1215.89020885934
1237.08730492233
1259.69361354259
1278.63325469034
1278.2808768029
1261.26444491233
1256.01711771775
1267.9298087828
1276.37847051727
1322.61974883184
1386.18360977181
1421.0453898451
1391.11502040629
1302.57245479858
1356.36462649245
1436.42089931886
1414.24997790348
1367.05120606362
1341.53121469461
1437.84213319822
1430.63202816098
1402.18793319583
1389.30990063412
1378.41104174335
1377.87372425778
1393.63086934812
1387.91678424897
1378.68886990503
1328.80773628091
1359.02391443271
1384.60210891072
1443.08350416738
1441.04545382857
1398.98105777026
1318.64741307144
1218.29881392046
1290.09301990205
1412.02832832773
1447.95856294301
1428.07527812787
1438.20791264685
1422.10899722912
1321.33644466502
1364.60433826073
1380.03840526269
1360.3811965769
1292.75094275734
1275.4097380842
1397.58291346167
1397.02469555839
1362.71200185512
1315.42806720854
1331.7274495932
1382.55307312233
1413.09695350319
1417.11890820778
1399.52134674681
1380.37494906275
1415.14981539058
1423.17005308572
1383.20822727455
1403.13327948559
1370.75526626747
1354.19754836582
1324.8079106044
1226.65806156402
1147.54259180215
1200.5607023387
1369.61782990731
1436.23117916302
1389.57655420635
1309.339910031
1277.86853783948
1356.85002855879
1411.56721412762
1372.39207225924
1309.67782297785
1249.98119985862
1329.07862822333
1175.45267875827
1368.98940828627
1322.26661456758
1360.89896759458
1381.62874897709
1355.58253160772
1268.20976182964
1140.83039931446
1147.15692039058
1188.51756402672
1214.4509047302
1359.98419108459
1432.92114228244
1430.17306645035
1357.41334898402
1256.54924296663
1162.33385909557
1348.10125732454
1407.71765635016
1399.13223106324
1361.90932150419
1380.61363168701
1437.4411292293
1446.08782582525
1447.55483488537
1206.06882059027
1436.67776484499
1399.9449989196
1397.92632137749
1415.26322639995
1410.74342103729
1366.37074031904
1295.39646440771
1321.10521912526
1396.47627978423
1389.74709929541
1435.11881041257
1388.33029211352
1313.85729818729
1334.20613100075
1410.64878690622
1379.16859012958
1385.49738361355
1360.59766279382
1347.56743801563
1330.64082306233
1281.5268237536
1199.6420299406
1145.62384751715
1119.31139545705
1003.54820512021
1336.25371842326
1354.24296195328
1304.68731886226
1268.82504704155
1335.10411579023
1358.8918279245
1352.45702334677
1366.19032349084
1368.2170880383
1348.87990569954
1390.31938776671
1434.23777666048
1407.80573943993
1324.73582272089
1322.52107733677
1339.35768187591
1298.51338075508
1192.38794022751
1142.19875678447
1306.06163713662
1400.23569444576
1357.09505930867
1303.93749850213
1347.96364936151
1342.26562199887
1284.9007743791
1365.46182663596
1341.51630627436
1173.49307624715
1145.27944188307
1270.48376613005
1327.97251477581
1349.69737348785
1299.45604004137
1326.31481933966
1403.75532055982
1368.00146198752
1349.21421575671
1305.66534762932
1287.15733304053
1234.86112579512
1196.91311297019
1164.33586219785
1206.52766234347
1312.97105832535
1304.5190684693
1207.87499353203
1206.27318630566
1257.0143197275
1096.57785861288
1306.96136132634
1260.99246627409
1264.00712023311
1270.28264571315
1274.13107645956
1242.3884255739
1371.35334615117
1385.31548753344
1336.45014871487
1294.73665275993
1398.36547440217
1430.63342614382
1371.9828716132
1333.04651081648
1370.7315565055
1327.12960934492
1224.44803891386
1128.1232202202
1160.50764754051
1347.79894643081
1379.42524262825
1399.6824639896
1389.12418451339
1285.87868790178
1226.1590435176
1186.41687445855
1211.0842249819
1222.88306881729
1220.3401165249
1184.25715112893
1173.30686523177
1186.213724419
1198.61127977339
1202.08319179664
1195.57433896851
1190.16385426545
1193.81154291622
1196.63277575036
1198.07136682253
1197.0526304219
1198.91242382419
1198.07136682253
1198.07136682253
1198.91242382419
1199.84624014913
1198.91242382419
1199.46404698098
1198.49155191015
1200.26830333888
1199.75622523911
1032.54055610421
1200.81930364231
1201.32510171061
1198.49155191015
1199.54991559334
1315.30566789625
1332.48827386961
1267.14561120654
1236.43196335261
1250.49990003998
1249.79958393336
1255.05975953339
1227.33002896531
1208.06953442258
1167.93278916212
1169.33528126026
1191.73361117324
1213.09768773994
1217.64280476665
1212.70895106781
1198.99457880342
1207.66427453991
1214.39985177865
1221.37709164697
1217.52946576253
1205.29000659592
1199.20098398892
1204.02284031492
1259.4038272135
1345.22934847557
1226.98777500022
1141.85857267877
1246.75980044273
1379.83114909035
1393.04486647057
1354.35962727778
1372.06231636905
1305.81200790925
1209.08974025918
1398.39300627542
1464.8081785681
1398.77303376924
1267.90772534913
1341.18045020049
1376.99055915427
1348.36901477303
1232.70637217466
1166.05531601207
1145.59591479719
1178.59535040658
1203.35572463009
1212.89941874831
1219.00533222788
1213.88838037111
1213.96581500469
1223.18845645305
1222.44918094782
1224.54318012882
1225.42482429564
1225.39993471519
1233.6133916264
1257.14478084268
1275.16547945747
1279.05472908707
1282.71041158946
1293.29076390424
1286.72685524162
1252.01158141608
1243.90835675302
1255.05338531873
1263.24423608422
1254.92031619541
1234.30587781149
1253.87758573156
1303.27548891246
1265.33078679055
1202.66828344311
1181.8307831496
1172.34593870581
1178.72006854893
1214.63163140106
1310.01183200763
1352.69323943014
1324.51613806703
1278.52023840063
1263.46428520952
1364.89486774623
1380.32387503803
1375.55007178946
1350.65169455341
1359.89227514535
1377.23019136236
1353.9050926856
1356.4781605319
1396.05909617036
1370.90189291575
1253.76752231026
1256.93197906649
1380.62522068808
1350.83788812722
1281.03044460309
1348.72272910335
1347.71732941296
1349.35132563762
1409.67088357531
1435.13030767244
1395.59378043899
1373.45003549456
1400.24962060341
1380.80737251798
1306.550037312
1222.30847170426
1179.78006424927
1165.32055675681
1280.8473757634
1388.55104335419
1386.88571987745
1336.46810661534
1342.09984725429
1381.98227195576
1343.03462352986
1267.74642574925
1296.37378868905
1355.15829333698
1332.73403198087
1298.86065457385
1280.26637853222
1314.08599414194
1406.81413129098
1161.5295949738
1345.85734756697
1354.45265697993
1441.76627786892
1429.88600944271
1399.16796704327
1354.21490170504
1389.76724669996
1390.76058327809
1366.63747936313
1319.67420221811
1363.96260945819
1400.55203402087
1373.87117299986
1303.20796498487
1233.29071998455
1364.71352305163
1379.321209871
1324.72600940723
1301.45956525741
1394.21447417533
1417.09209298479
1403.78381526501
1367.37924512551
1354.62393305301
1206.33162936234
1444.23301444054
1412.90728641337
1417.81345740545
1442.21426979489
1466.09481275939
1457.25975721558
1438.07684078425
1446.2019222778
1389.41174602779
1494.26001753376
1457.77090106779
1415.90995476407
1401.87196276978
1384.51110504755
1314.752067882
1250.76096837086
1183.79432335182
1205.3791934491
1198.81858510786
1190.45117497527
1188.19947820221
1295.41576337483
1276.14575969989
1238.85188783809
1213.15621417854
1192.97988247916
1199.11509038958
1210.08966609917
1201.82569451647
1210.78073985342
1209.63052210169
1207.43488437265
1202.55228576557
1230.85458117521
1287.16277136965
1242.59245128884
1220.63876720347
1285.81997184676
1354.26769879518
1369.30894979913
1342.24103647594
1302.09139464171
1298.89145042994
1343.44259274448
1427.86343884841
1397.05619070959
1316.53712442908
1254.82907202535
1252.51467057276
1278.6164397504
1242.37232744455
1205.70062619209
1211.43963943731
1210.94136934866
1211.08339927521
1205.84493198753
1206.61261389064
1208.91314824515
1211.16060041598
1240.43218274922
1274.94392033532
1292.43529818711
1249.24697318024
1154.33747231908
1158.89516350704
1186.85972212389
1278.37631392325
1315.53867293972
1306.45091756254
1249.52270887727
1201.31844237904
1199.4273633697
1202.91229938013
1215.65743529993
1229.79225887952
1241.98470199918
1286.83681949189
1323.12244331354
1330.91059053567
1385.34291783659
1392.77169701283
1355.05719436487
1266.68464899516
1270.11416809671
1357.4601283279
1412.88817675002
1407.30806861895
1371.55459242423
1305.40032174042
1341.8386639235
1413.42916341782
1396.65851230714
1331.7886468956
1338.97647477467
1324.85282201458
1362.18280711511
1345.50696765197
1286.07037132499
1264.3128568515
1371.03318705274
1402.921950787
1383.85439985571
1372.99271665949
1354.76529332575
1306.5025832351
1248.13901469348
1159.28814364678
1347.36149566477
1363.67664788981
1301.18522893553
1402.36906697203
1398.61574422713
1308.83497813896
1227.56303300482
1144.04982408984
1239.8604760214
1276.44976399387
1309.75493891033
1285.88724233503
1413.30888343631
1380.21230251002
1313.15117180011
1305.56884153996
1338.83606165953
1367.97551147672
1365.37247665243
1372.14102773731
1410.38079964242
1368.02119866616
1283.23224710105
1257.9626385549
1240.30439812169
1273.70051424972
1360.17315074221
1389.31889787766
1365.00109890066
1351.17911469945
1343.77044170498
1439.75657664759
1433.1461893331
1352.99556540293
1214.75182650614
1377.04647706604
1405.48923866389
1363.04548713533
1310.08740166448
1309.28721066082
1349.8507324886
1344.93494266451
1429.63841582409
1424.50587924375
1380.31844151993
1373.97998529818
1403.93625211403
1416.42048841437
1408.1509152076
1337.13200545047
1410.51267275413
1390.99029471812
1354.62836231935
1262.39455005161
1230.02967443879
1161.16708530685
1198.5136628341
1221.57848704044
1217.66826352665
1198.2574848504
1189.137923035
1212.35225904025
1234.11587786561
1262.36088342439
1336.06249853815
1353.55679600082
1312.80843994849
1278.54448495154
1303.22906658807
1384.09573368319
1355.67805912761
1301.81488699431
1365.94546011179
1358.63387268241
1367.09838709582
1345.1446018923
1375.21634661605
1408.95173799531
1380.22063453638
1310.1076291664
1263.56717272965
1226.08401017222
1223.58939191217
1216.26271833021
1210.38341032914
1214.83249874211
1220.28930995891
1220.28930995891
1220.28930995891
1219.00902375659
1218.58360402559
1220.41468362192
1223.04456173927
1223.10997052595
1222.53220816468
1230.29508655444
1232.16638486854
1234.15963311073
1234.15963311073
1232.84021673532
1234.91254751096
1234.91254751096
1235.83534501972
1236.27424142057
1236.71379065651
1235.7900307091
1236.22975210921
1237.92810776717
1295.13435596466
1275.97413766894
1254.99362548182
1233.70215206102
1222.62218203335
1237.44535232874
1271.55652646668
1320.87168188284
1325.0943362644
1288.05628758995
1278.01017210349
1266.44028678813
1244.06832609789
1250.15799001566
1306.06201996689
1370.38315809849
1372.21791272378
1364.87435319153
1361.19028794655
1353.6864481851
1309.45981228902
1266.31354727019
1269.96338529896
1264.46708142205
1264.92568951698
1274.23624183273
1273.19833490309
1244.1997428066
1319.19862037526
1390.97555693837
1404.54263018251
1396.51423193607
1355.13025204222
1376.03670009197
1398.85488882872
1388.67166745779
1349.26757909616
1275.25134777423
1282.08619055039
1232.65080213335
1264.05735629361
1280.1742068953
1276.99216912243
1307.38020483714
1338.72962169364
1358.79615836961
1330.72048154374
1287.99961180118
1268.59528613345
1286.63242614198
1298.66277377924
1301.12643505541
1265.67649895224
1359.94191052412
1382.52414083805
1361.13041256156
1291.19440829025
1321.80407020103
1362.46321051249
1364.39693637885
1361.56747904759
1347.07163877798
1353.2974543684
1327.27653486378
1399.31054451826
1278.94487762374
1257.9864864139
1227.86155571384
1361.19800176168
1394.81790926271
1424.57502434937
1366.94623156875
1354.45265697993
1364.03225768308
1358.4277676785
1359.26671407785
1279.34397251091
1341.9485832177
1459.0558591089
1443.73196958438
1413.36548705563
1476.05758695249
1439.52839499608
1367.15617249823
1395.15339658405
1393.30901095199
1292.16485016425
1250.16678887259
1411.85622497477
1411.23527450245
1383.9234082853
1391.79560280955
1359.14899845455
1297.70104415462
1238.74815842446
1143.90559050999
1177.06032130898
1212.21367753379
1223.03270602221
1220.51874217482
1318.87565752045
1367.28563219248
1322.72068102075
1215.67635495637
1189.28129557309
1189.83654339577
1308.33711252108
1338.25969079249
1308.46092796079
1362.86352948489
1378.6003771942
1341.17746774989
1394.21590867412
1385.68647247492
1368.10123894396
1383.22377076162
1406.8382991659
1418.86680135945
1361.22518342852
1171.0004269854
1238.95520500138
1345.77189746257
1381.07602976809
1381.30698977454
1360.85524579215
1400.1607050621
1423.43422749349
1361.6879231307
1333.62288522655
1389.5513664489
1413.70364645494
1390.71384547649
1363.23548956151
1437.2574577994
1420.0616183814
1390.85189721983
1343.00893518993
1284.20481232551
1245.79653234387
1157.26012633288
1165.1532088099
1190.45831510389
1205.81549169017
1212.35267146157
1214.1247876557
1210.59241695956
1201.10449170753
1207.94246551729
1212.93280935096
1224.67260931238
1256.30091936606
1333.82532589541
1341.59941860453
1290.10309665546
1324.9128273211
1294.36702677409
1277.97887306481
1246.65231720797
1198.94578693117
1366.15555483261
1388.67670823702
1249.11048350416
1347.86683318494
1346.18535127968
1304.08320286706
1249.20294588189
1238.0852151609
1213.27696755522
1347.39378060016
1435.66395789544
1423.9806880713
1374.06331731838
1328.93679307934
1381.84767612064
1410.13545448655
1376.8649171215
1298.96304797327
1245.40073871826
1236.8383079449
1187.32430279179
1239.01815967321
1361.48081146963
1393.34956130901
1377.61315324731
1246.39841142389
1244.6051582731
1388.33101240302
1426.19563875367
1373.01602321313
1258.82921796406
1156.66114311842
1174.36536052457
1282.84293660604
1412.10906094395
1416.11616755124
1375.47809869878
1424.13271853434
1411.41312166212
1421.23221184998
1419.02889329287
1382.3610237561
1305.86293308295
1269.39552543721
1360.43742965268
1426.80832630035
1445.73095699027
1422.29146098822
1397.65875663554
1420.67519159025
1336.36297464424
1422.9420227121
1394.00179339913
1352.10021817911
1305.84072535666
1279.5272564506
1251.67487791359
1235.68644890199
1189.85335230859
1180.65956143166
1195.17111745557
1211.49329341932
1217.72492788807
1220.78908907313
1213.4825915521
1208.10181690121
1214.78681257248
1273.60080087915
1284.68478624136
1299.4021702306
1337.39709884537
1357.82436272148
1393.07573376324
1399.38950975059
1373.92903746882
1286.21693349139
1249.65475232162
1222.27492815651
1212.63555943243
1266.91988696997
1369.6937613934
1378.81362047232
1306.30126693654
1241.41411301789
1207.11805553558
1299.04926773391
1352.73205033369
1346.30605732872
1313.71039426504
1274.76625308329
1255.06414178718
1259.31092268748
1229.57065677414
1237.54919094152
1281.2728046751
1381.79774207371
1390.73721457362
1355.79902640472
1278.2761829902
1374.17793607669
1412.45743298692
1400.68483250159
1412.67866126731
1397.29810706234
1385.33533846502
1352.72280974337
1288.62872853278
1260.29599697849
1231.54658864373
1224.00694442474
1200.75517904359
1183.65197587805
1194.31402905601
1212.69410817403
1220.16433319451
1219.87458371752
1210.18800192367
1206.60225426609
1212.17696727829
1218.21672948618
1221.80276640708
1219.48800732111
1216.82167962278
1013.43722055192
1217.24032138276
1243.8854448863
1341.07456914222
1412.51831846529
1418.92283088264
1404.51913479311
1364.34196593083
1269.87834062953
1332.95798883536
1372.45254927083
1361.59281725485
1333.42716336514
1306.32767711627
1328.20066255066
1279.59290401283
1215.62658740256
1223.68092246304
1238.28510448927
1234.12681682232
1214.28868066865
1227.202102345
1320.92921839136
1366.61808856754
1357.78348789489
1330.48337080927
1251.25297202444
1279.31153359922
1396.86327176284
1409.63151213358
1396.69968139182
1344.68769608411
1295.87113556866
1270.54358445509
1277.61887900892
1363.51457637973
1379.8572389925
1374.20340561359
1378.920229745
1439.1198699205
1424.82349784105
1403.36381597931
1400.3131792567
1399.85927864196
1375.65620705175
1292.6925388506
1225.50356996624
1220.70184729933
1173.22418999951
1274.11263238381
1292.61749949473
1335.88697126666
1354.51172014125
1334.74904008207
1280.83098026242
1196.77692156893
1221.88460993663
1226.03140253421
1229.00203417244
1354.9380059619
1403.35882795527
1337.31372534645
1293.65953790014
1372.70900048044
1409.36687913403
1413.44897325655
1367.74083802451
1434.97247360359
1492.96282606098
1484.70535797511
1456.07520410177
1439.83471273615
1415.09080980692
1349.72219363838
1339.07244016147
1426.48694350842
1392.97020786519
1337.79856480712
1283.38030217079
1254.40424106426
1099.37982517418
1244.83733877162
1257.62514287843
1245.48625042591
1221.94762571888
1215.57517250066
1326.35967972492
1408.74092721125
1412.83615469027
1424.55361429467
1432.57949168624
1409.5520565059
1405.14305321558
1411.43260554658
1375.60132305839
1363.53437800446
1416.97671117065
1416.11087136566
1382.35993865563
1419.40374805761
1437.49017387946
1402.49955436713
1359.32851069931
1315.42958762527
1261.25294846038
1237.57060404649
1223.91053594615
1233.35680157852
1218.94093376176
1204.94730175224
1327.91904873754
1379.18671687339
1303.5025891804
1259.73052673975
1227.46405242679
1220.96232538109
1215.6599030979
1301.76073070284
1409.14442127129
1401.85519936975
1442.51655103156
1401.15844928402
1284.31382457716
1182.63519311747
1168.68216380674
1273.88775015698
1340.96532393645
1343.88652794795
1266.43594389926
1308.68598219741
1321.37541978046
1302.68261675667
1249.09207026544
1252.79926564474
1415.3356492366
1429.87761714071
1442.34184574947
1442.57027558452
1381.37178196168
1349.77664819036
1406.7821437593
1396.44620376153
1366.30926220969
1356.15412103492
1387.32584492613
1431.12508188488
1409.1635817037
1385.77379106404
1390.3988636359
1407.12259593825
1406.62930440113
1435.62077165246
1392.52683995677
1306.77962947086
1227.09412841884
1236.34784749277
1230.29996342355
1218.71530719853
1269.97716514904
1364.67944954117
1349.1786390245
1354.85940229974
1390.20178391484
1376.37022635627
1322.77586914791
1428.92756989289
1401.4606665904
1350.04222156198
1267.84936013708
1236.58521744359
1138.7967333989
1171.61683156226
1208.32032176902
1227.22369599026
1228.07898768768
1295.02046315879
1367.95102251506
1392.88549421695
1258.59723502
1219.92827658023
1230.84280068577
1227.60498532712
1224.36391648888
1361.59648941968
1425.8839363707
1418.90873561339
1373.07064639807
1328.87170185838
1391.06649733217
1412.5714141239
1337.5761660556
1248.57318568036
1222.51462158945
1310.4815908665
1357.53011016331
1323.06689173299
1274.58895334927
1255.59149407759
1351.18281516603
1336.86162335524
1274.84665744551
1291.57462037623
1357.71793830678
1395.3569435811
1369.07377449135
1431.25713972018
1450.3813291683
1283.90459147088
1371.94241861676
1344.16330853063
1297.98844370819
1390.69263318679
1418.0655838148
1381.35476978219
1314.48735254471
1280.94223132817
1337.09161989745
1431.91131010269
1394.44505090735
1325.50330063716
1278.53509924444
1332.58995943989
1317.79930186656
1258.37633480609
1151.93880045773
1170.48451506203
1202.31734579519
1442.02669878196
1454.4906324896
1348.92623964396
1203.98463445345
1189.05088200632
1229.40473400748
1417.49285712486
1440.09930213163
1442.44375973554
1406.65454181188
1374.57447961178
1432.33026917677
1408.53363467118
1352.27401069458
1266.47581895589
1251.05315634469
1305.53820319438
1373.5290313641
1372.7614505077
1343.65248483378
1362.80519517648
1368.14144005655
1409.32395140365
1378.52856336022
1324.17483739875
1325.07697889594
1380.10072096206
1294.74553484459
1223.89501183721
1340.74158583972
1350.22331486314
1330.26576292108
1293.85393302335
1353.59188827357
1340.37681269112
1270.19762241944
1304.81646218922
1413.62159010111
1428.8446381605
1423.38504980206
1471.37044961492
1468.0439366722
1444.33825678059
1411.11905947018
1397.82187706446
1365.21426889701
1274.13421585012
1255.74678976297
1239.7189197556
1397.71670949445
1438.17071309355
1344.71074956661
1153.36074148551
1193.51204434643
1215.0234565637
1218.08004663076
1394.04519295466
1396.91553073191
1292.79271346956
1217.51960969834
1216.35356701906
1400.00071428553
1433.66593040359
1368.145825561
1265.63067282679
1364.48891530859
1383.14352111413
1361.71509501804
1345.35720163829
1406.65240909046
1330.00526314748
1235.87013880909
1236.7154078445
1230.51086951721
1267.08721088961
1310.74444496248
1254.74618947419
1236.61069055706
1234.71089733589
1212.397212138
1282.95050567043
1406.34348578148
1410.17835751369
1350.68612193951
1322.1248050014
1382.19137604024
1356.80875586797
1281.12567689513
1267.93256918497
1255.22468108303
1298.79290112011
1377.59464284673
1313.54558352575
1218.05172303971
1206.53719379056
1409.04861520105
1427.85328377953
1406.2513999993
1384.43418045063
1389.61505461045
1190.60530823611
1225.54600076864
1237.21016807978
1231.59490093131
1221.70618399024
1220.76123791674
1254.81911046971
1417.9442866347
1425.82362163067
1399.67746284635
1355.76030329849
1401.95791662945
1389.69565013351
1275.63905553256
1238.26531890383
1320.59304859597
1339.9089521307
1286.5815170443
1224.09313371165
1251.82346998289
1225.36443558641
1217.8403015174
1253.23461490656
1366.79259582425
1357.8206803551
1121.84981169495
1256.51780727533
1171.57244761048
1192.05410951013
1217.05464133703
1223.55629212554
1225.97104370372
1301.11067938127
1354.47332937936
1326.64313211956
1250.87849130121
1240.00846771302
1234.21837613933
1221.09540986771
1208.81967224231
1310.31141336707
1407.96306769745
1395.36303519908
1343.84708951577
1424.84174559844
1383.67120371857
1386.00649349128
1334.00149924953
1273.17123750107
1174.44880688772
1246.89775041901
1243.66152951677
1241.98067617818
1234.98218610634
1224.19483743398
1242.5554313591
1254.67724933546
1258.58094693985
1242.14210137166
1243.96864912264
1252.71505139836
1243.0237326777
1244.95220791804
1245.81298757077
1243.85127728358
1241.42941805002
1240.96494712784
1239.89435033796
1281.67156479341
1335.63542929948
1340.07910214285
1288.19835429176
1262.33711820575
1268.54995959954
1371.62895857444
1366.23533843917
1254.20652206883
1204.79500330969
1214.06671974814
1362.0653435133
1361.21269462197
1320.33064040792
1323.5320169909
1362.43935644857
1376.01962195312
1381.94138804799
1370.14086867008
1341.42685227335
1301.16102001251
1219.78850625836
1217.62555820745
1223.39977112962
1226.17413119018
1230.99025178918
1256.97971344012
1280.04023374267
1275.46148511039
1267.58510562408
1259.96745989728
1258.62742700133
1251.39042668545
1241.36094670325
1232.04139540845
1223.50194115089
1229.49786498391
1281.38206636428
1278.83775358722
1289.04887417041
1295.4064999065
1305.93874282066
1309.15430717697
1283.1441851951
1310.93363676427
1274.44066162376
1336.29674848067
1379.08774195118
1416.56838874796
1423.66077420149
1380.86458423699
1316.68902934596
1283.68570919832
1300.72518235021
1394.758043533
1379.95181075282
1336.36896102835
1262.93388583884
1264.35319432507
1313.47630355481
1388.18406560513
1380.75595236812
1399.95464212238
1402.34553516599
1412.22059183401
1404.5775165508
1383.17677828975
1442.29157939718
1438.61148334079
1424.12007920681
1413
1394.21303967507
1358.53855300466
1439.25848963972
1408.59433478912
1344.11606641688
1269.76769528918
1287.5507756978
1377.23273269263
1379.12943554983
1393.71482018381
1396.31407641691
1385.61863440126
1430.32688571529
1441.61784117706
1451.60290713404
1429.65660212514
1367.55073032045
1426.11324935995
1405.518409698
1360.07315979693
1277.28618562952
1213.28809439473
1100.92461140625
1191.79738210822
1222.22297474724
1354.44121319458
1397.97353336893
1336.93904124309
1252.35538087238
1386.05555444217
1421.04292686745
1358.01067742489
1282.03549092839
1262.60009504197
1402.43823393403
1343.61862148453
1217.13146372937
1201.5202869698
1271.8054096441
1420.57805135797
1389.40922697382
1359.54955775801
1380.33220639091
1363.47570568749
1323.88783512804
1384.80142980862
1406.75726406513
1363.53877832645
1367.1115536049
1373.12053367503
1384.83861875671
1357.68810851388
1291.61991313234
1268.77302934764
1216.92316930856
1238.77076168273
1236.58845215375
1268.14431355426
1355.92072039629
1363.12398555671
1343.14891207193
1378.73238882678
1287.82335745241
1397.87910779151
1404.45576648038
1400.71838711427
1388.64214252629
1380.6625221248
1471.76186932533
1431.58723101319
1267.08602707156
1184.98523197549
1182.88545514771
1214.25368024972
1234.93724536917
1237.70917424086
1445.12767602036
1414.51935299592
1315.27297546935
1246.36190570797
1342.03502189771
1356.87029593841
1373.49335637272
1408.26311462028
1392.87616104232
1340.18245026563
1413.58763435452
1405.49706509832
1362.84958817912
1330.81516372485
1213.25594991329
1219.21983251586
1370.7114940789
1411.46342496007
1370.84864226508
1339.59882054293
1448.8664534732
1465.13344102167
1447.39075580853
1449.55027508535
1425.97370242231
1383.04374478901
1357.510220956
1311.44157323153
1347.41975642336
1314.02435289457
1266.14888540013
1388.7224344699
1444.8228265085
1426.05820358077
1384.2163848185
1431.13591248351
1415.0526491972
1374.36348903774
1292.37068985644
1252.49431136433
1347.27502760201
1415.3773348475
1385.34833164804
1290.19765927551
1238.96448698096
1272.63820467563
1415.22189072951
1455.46899657808
1452.25617574862
1411.27601836069
1414.47799558706
1398.90028236469
1380.62159913569
1287.76938929297
1337.94543984424
1419.44038268608
1441.84811960206
1400.12392308681
1309.66904216294
1245.6556506515
1379.9764490744
1415.22047752285
1365.91434577722
1301.93317800876
1361.47824073688
1435.55006878896
1443.62737574486
1416.5786247152
1334.31180763718
1266.81727174838
1401.36076725446
1432.39833845198
1394.18291482861
1366.37147218463
1359.30791213764
1323.4659043587
1305.80090366028
1283.90965414238
1257.98370418698
1204.1515685328
1186.212038381
1212.21532740681
1228.8665509322
1240.08951289816
1245.22166701355
1239.57210359059
1240.3922766609
1239.11177865437
1237.91477897309
1242.99477070501
1247.98918264543
1253.68377192975
1261.24026259869
1276.68986053779
1289.13653272258
1302.80735337194
1313.9170445656
1315.873094185
1303.82015630991
1294.28938031647
1282.61217832983
1272.38398292339
1277.5186887087
1289.55573745379
1288.41569378831
1254.73981366656
1214.3986166
1230.21217682154
1253.1839449977
1364.03005831983
1366.00658856391
1360.42713880604
1346.35767907343
1346.19352249222
1379.27589698363
1354.72764790566
1346.36473512938
1420.92997716284
1444.1433446857
1410.56123582069
1267.78862591522
1170.91289172167
1179.41807684977
1217.04765724272
1242.49024141037
1333.3517915389
1416.16700992503
1387.3344946335
1367.02999235569
1343.1168973697
1323.12773381862
1256.44657665975
1254.28385941939
1310.49303699028
1405.00498219757
1376.49337085218
1309.48768608185
1395.13332696198
1419.24557424006
1305.17316858722
1254.65333857604
1244.21300427218
1246.22710610867
1349.06708506286
1433.0924603807
1426.62433737827
1392.83236608
1443.69041002564
1456.16276562752
1427.84102756574
1473.37469776021
1405.8520548052
1387.85049627112
1351.01813459331
1288.05551122613
1265.90007504542
1227.27380808033
1357.45865498733
1380.62811792314
1407.71943227335
1433.42491955456
1408.65503229144
1290.93686909934
1276.95967046732
1231.29444082234
1423.37872683274
1481.39090047158
1465.54153813531
1404.10042375893
1409.15222740483
1410.84336479993
1492.1568282188
1498.15152771674
1459.57596582021
1416.45225828476
1332.2841288554
1330.7437769909
1316.12347445063
1326.83759367905
1347.44424745516
1319.58857224515
1205.50114060502
1256.39882203065
1227.78906983244
1248.72494969869
1243.20633846518
1224.28713952242
1220.48269139714
1232.7282750063
1242.26003719028
1240.97582571136
1236.79424319488
1227.3202516051
1231.88757603931
1236.30457412403
1251.08193176946
1264.14200151723
1272.48811389341
1292.58268594315
1369.46522409297
1392.29630467081
1419.85210497432
1449.00276052187
1407.71232856717
1337.04151020079
1274.01216634693
1390.68256622423
1420.61782334307
1382.80728953821
1326.73810527926
1375.50354416119
1372.5122950269
1275.14705034361
1339.80110464203
1417.1506624209
1391.13442916204
1319.1470729225
1378.78424708146
1424.24330786562
1431.19495527339
1424.99859649054
1469.20216444164
1462.40794582086
1407.56847080346
1354.2396390595
1405.48745992271
1392.84241750458
1353.50877352162
1297.53073181332
1269.63538072944
1292.3339351731
1336.83731246551
1345.05501746211
1296.86545177208
1233.21449877951
1237.3221084261
1240.28827294303
1335.14755738832
1369.98905105114
1369.01059163178
1376.04360396028
1405.55291611522
1420.76106365567
1406.62468341772
1403.26619000103
1392.61839712105
1342.42206477695
1373.91229705538
1413.49071450788
1406.85606939729
1352.48844727044
1366.5321071969
1405.53975397354
1374.72906421593
1431.79921776763
1407.2483789296
1404.79678245645
1360.88280171365
1272.85466570226
1219.14519233765
1180.58883613221
1217.1101018396
1409.90708913744
1366.24229183553
1279.47098443067
1370.58345240266
1368.10306629289
1297.70104415462
1252.50948100204
1210.99132944873
1360.01874987075
1418.0504222347
1426.02910208733
1413.03184677487
1433.31294559144
1398.0593692687
1347.56743801563
1385.37720495178
1403.29148789551
1379.32954728013
1327.97515036992
1281.73515204975
1131.03978709858
1149.66386391849
1184.94683425038
1227.77929612777
1242.6318843487
1231.18763801461
1220.28603204331
1225.02122430593
1236.14036419818
1444.12014735617
1466.06616494618
1450.88972702959
1422.60219316575
1373.58108606664
1255.55525565385
1331.04658070257
1396.74693484539
1372.92425137005
1316.89673095501
1291.58662117568
1281.02537055282
1283.30783524453
1271.07867577109
1246.19982346332
1256.85082647067
1233.45044489027
1248.35051167531
1261.46422858518
1241.96900122346
1229.09682287442
1239.70722350077
1325.66398457528
1428.52441351207
1459.41426606704
1446.79404201151
1392.85857142784
1380.86892933399
1381.45322034443
1390.32765922282
1353.14079090093
1301.56021758503
1223.6931804991
1228.58210958812
1257.79449831839
1272.59184344392
1280.61040133211
1274.82351719758
1266.73675244701
1263.43935351088
1261.28030191548
1271.99882075417
1276.92090592957
1270.75646762076
1263.06848587082
1257.1769962897
1075.26182857944
1267.17362661949
1286.95065950486
1292.26429185364
1289.63405662227
1290.01279063426
1275.33132949834
1273.56586009519
1313.71458087364
1382.32630011875
1423.2483971535
1417.14007776225
1448.21096529477
1443.63672715819
1371.52834458497
1267.30501458804
1279.68550824021
1327.85654345641
1381.02498167122
1417.83602719073
1404.92063832802
1369.88795162232
1391.24764150743
1414.24927081473
1387.25556405444
1301.36082621232
1462.46538420573
1453.79434584125
1414.38785345463
1364.73623825265
1336.05201994533
1417.62477404989
1436.5803144969
1432.02129872429
1422.27282896074
1410.79126733901
1355.68617312415
1336.26456961187
1247.96554439616
1366.76771984123
1361.32802806671
1335.89408262781
1263.30835507409
1244.76302965665
1226.93194595299
1234.08873262825
1242.59687751096
1358.4976996668
1367.51380248976
1306.91660024655
1262.40128326931
1380.18766839876
1406.33281978343
1399.16439348634
1378.86982706853
1396.73726949631
1395.79332280965
1485.74190221586
1491.75601222184
1467.32034675459
1413.73901410409
1375.66129552299
1303.92100987752
1261.77216643893
1234.19163827989
1259.97976174223
1254.38710133674
1232.0154219814
1218.59878549094
1222.2622468194
1235.32586793931
1246.22590247515
1245.28510791706
1239.66205072189
1233.05312132122
1236.10679150306
1241.46445780779
1243.34468270066
1242.78195995919
1241.46445780779
1241.0507644734
1239.81369568173
1243.27068653612
1244.24836748939
1245.1859298916
1242.78195995919
1241.2376887607
1242.44195035422
1244.24836748939
1245.04056158826
1245.15300264666
1244.73732168679
1244.62403962
1245.11284629145
1245.11284629145
1246.09068690846
1245.5292047961
1245.5292047961
1245.5292047961
1243.86775824442
1245.11284629145
1246.09068690846
1246.09068690846
1246.09068690846
1245.04056158826
1245.5292047961
1245.94622676904
1245.94622676904
1246.50752103628
1245.94622676904
1246.3639115443
1246.3639115443
1246.92501779377
1246.3639115443
1247.86457598571
1246.3639115443
1246.3639115443
1245.87559571572
1246.78225845574
1246.78225845574
1248.18147718992
1248.18147718992
1246.78225845574
1246.3639115443
1246.3639115443
1247.62093602184
1248.18147718992
1248.6016178109
1248.18147718992
1033.42005012483
1247.62093602184
1247.62093602184
1250.00439999226
1255.99044582353
1258.26269117383
1256.49313567564
1254.36438087184
1249.27899205902
1249.80038406139
1251.88897271284
1254.19815021391
1253.7120881606
1253.63631089722
1254.47997194056
1252.65398255065
1252.65398255065
1253.43288611716
1254.76571518352
1255.84593004078
1253.91905639878
1254.7999840612
1256.59500237746
1258.62504345019
1257.06085771533
1268.58385611673
1273.17359381979
1279.85819527009
1282.19733270663
1284.09656957723
1287.3224149373
1287.27658255714
1284.91789620972
1284.05217962511
1282.60087322596
1279.11688285317
1278.59649616288
1279.34553581118
1273.19833490309
1274.71133987268
1280.34565645376
1281.79561553315
1283.1465231999
1282.69559911929
1283.08573369047
1285.15407636594
1289.10162516382
1291.93072569701
1289.55573745379
1288.6248484334
1112.649989889
1291.01859010628
1290.56344284192
1291.57191050286
1290.05387484399
1290.56344284192
1289.59916253075
1290.56344284192
1292.48365560265
1293.39785062447
1294.88416470355
1296.26077623293
1296.72086433434
1296.16897046643
1296.72086433434
1297.18156015263
1297.18156015263
1296.62986237399
1297.18156015263
1297.18156015263
1296.67459294921
1297.1360761308
1296.72086433434
1296.26077623293
1296.72086433434
1296.72086433434
1297.73379396547
1297.73379396547
1298.19490062163
1297.73379396547
1297.73379396547
1296.24611860557
1296.70698309217
1296.24611860557
1296.24611860557
1295.69402252229
1295.69402252229
1295.18647306093
1295.78586193862
1297.259418929
1297.27329425993
1295.80129649572
1294.33148768003
1293.30352199319
1292.86387527845
1290.01046507383
1289.55573745379
1288.74900581921
1289.24590361963
1286.98873343942
1287.23346755746
1287.79074387107
