753;509;621;610
813;684;668;593
789;644;648;616
798;670;667;607
784;660;688;622
747;424;593;585
795;591;654;642
795;664;635;574
802;669;624;593
780;559;639;615
768;509;624;613
787;623;633;604
808;623;662;672
764;570;651;613
766;548;631;610
764;501;610;630
787;539;635;613
743;589;627;550
776;554;631;616
801;564;639;625
774;527;630;614
747;524;623;598
769;576;659;619
783;605;650;617
766;598;655;603
746;637;651;566
791;620;668;624
792;581;632;624
794;606;667;644
746;572;644;600
766;615;645;577
748;531;624;597
780;551;622;602
789;574;600;587
748;535;625;607
741;569;648;596
746;492;620;594
783;581;631;606
771;586;617;598
763;573;623;604
765;559;619;597
772;638;658;607
790;657;628;542
755;551;624;606
743;477;623;606
707;576;576;510
756;550;610;588
763;559;648;629
799;633;670;659
788;537;590;597
750;482;604;574
760;648;677;610
746;575;606;585
784;629;693;638
741;447;603;602
696;622;658;481
778;619;652;583
797;529;621;609
739;434;601;601
768;658;686;603
738;506;599;572
816;576;546;639
770;503;613;580
753;492;622;588
774;602;657;617
749;464;616;585
777;591;627;596
749;554;610;569
800;566;624;585
763;640;680;616
753;571;625;569
749;502;611;594
752;542;624;575
759;572;640;583
757;646;662;573
766;519;630;610
755;629;627;550
763;510;619;604
774;597;616;567
749;544;624;565
739;651;672;563
766;480;585;587
779;621;638;528
781;608;649;621
794;653;651;614
808;682;645;595
743;558;636;567
754;610;632;563
783;645;637;585
755;613;643;601
812;605;628;611
748;535;637;569
759;486;630;608
753;509;596;585
796;576;600;568
769;572;609;583
743;601;664;608
785;473;574;577
765;473;626;634
786;550;651;647
735;506;598;526
756;667;684;578
761;620;636;571
785;624;641;598
763;524;617;601
794;417;542;626
770;671;683;592
772;598;613;566
773;519;619;595
754;482;615;601
775;568;630;604
773;695;704;638
778;542;635;601
742;453;609;591
765;522;609;593
786;688;696;648
756;652;660;576
783;506;618;576
772;559;648;603
813;668;684;654
758;539;641;604
754;519;648;607
764;617;657;573
777;573;652;626
779;622;615;557
779;570;635;606
812;650;654;587
810;641;635;597
747;573;660;607
738;437;605;588
785;621;676;635
777;622;636;571
806;653;632;593
747;499;616;600
754;494;615;592
744;484;604;578
794;570;621;578
756;595;643;586
787;700;650;556
786;637;614;573
772;594;633;582
794;668;642;579
754;592;638;555
730;377;575;581
783;643;684;636
768;593;617;578
739;557;627;568
769;553;631;617
758;482;621;612
740;429;609;594
780;612;638;573
745;349;576;589
773;609;655;582
740;434;593;578
763;505;626;627
791;587;661;639
773;607;654;575
748;601;655;576
768;548;624;579
746;540;631;582
775;548;617;578
829;659;651;598
736;622;662;565
790;536;646;602
755;516;616;577
794;613;650;606
761;413;580;587
798;598;629;579
757;521;623;591
747;602;614;560
772;508;621;628
791;583;663;644
802;666;698;657
758;729;721;466
795;560;613;561
781;637;613;508
803;654;637;553
752;537;642;587
806;581;677;619
749;493;619;590
769;506;609;581
812;569;554;634
743;553;617;529
762;645;669;590
779;654;629;563
792;554;634;614
787;623;628;597
793;648;632;587
807;633;634;585
731;523;620;561
808;666;664;619
799;622;657;606
769;552;620;589
753;548;614;582
728;606;642;543
752;609;627;545
779;610;603;558
755;566;634;593
784;445;623;722
755;500;629;613
779;540;631;597
775;669;648;553
808;717;660;602
768;369;589;558
788;656;651;605
824;718;630;541
731;713;680;274
789;505;611;589
797;593;664;631
781;596;648;571
765;531;624;597
776;528;628;593
763;539;621;584
796;587;610;583
801;627;639;593
698;633;634;462
767;632;659;605
750;529;616;588
794;618;662;628
789;641;652;584
807;673;629;593
785;511;612;619
794;657;668;618
764;697;685;453
758;609;642;593
775;670;642;572
806;584;635;600
823;675;661;602
787;642;657;607
790;538;622;628
773;586;668;621
753;533;640;602
823;586;560;616
715;678;645;368
783;551;641;614
795;662;664;621
780;623;637;563
794;629;626;573
793;620;620;576
765;589;633;563
769;652;679;596
760;499;616;608
759;550;589;563
801;592;673;629
776;551;607;578
775;563;660;617
754;483;626;595
748;458;616;591
619;662;655;297
743;602;620;539
748;450;603;587
781;551;654;624
754;574;651;562
778;644;641;546
790;563;631;579
821;616;627;629
741;507;611;554
759;614;638;563
755;516;608;575
776;601;608;560
750;649;680;613
829;631;601;634
802;583;636;603
789;514;612;592
684;650;620;384
769;564;622;581
790;534;619;635
776;616;677;625
754;526;634;605
740;453;606;601
790;547;635;612
678;597;587;446
757;485;535;540
734;446;603;594
767;624;644;597
743;571;625;568
783;636;661;626
791;510;614;630
773;563;635;599
785;609;640;592
771;532;602;592
776;530;626;589
811;641;633;578
741;447;611;567
785;549;635;595
735;476;618;584
766;583;622;570
737;452;616;602
770;530;620;569
758;551;626;584
775;608;659;604
714;656;637;418
789;622;653;588
800;585;637;644
806;603;647;578
749;529;634;598
794;637;626;568
711;506;617;559
776;632;631;588
755;571;632;592
741;461;614;603
797;517;651;719
759;476;609;653
772;615;645;583
743;461;614;599
786;679;683;609
807;720;688;588
736;451;611;578
764;553;637;594
755;502;613;594
805;648;644;573
802;663;642;576
806;644;608;572
738;644;667;554
801;586;622;603
783;610;644;601
759;532;636;621
809;626;678;682
738;409;583;591
777;561;601;591
755;620;658;595
755;584;630;569
746;513;618;595
762;525;621;601
821;643;631;589
786;506;609;700
767;523;617;610
742;458;621;614
762;681;705;608
748;532;624;602
786;614;646;624
807;575;589;603
757;487;615;589
823;659;663;622
802;593;625;594
736;430;606;600
724;586;640;557
747;486;625;609
744;470;616;611
739;479;615;608
742;478;617;603
809;628;684;653
808;609;632;602
750;631;679;601
759;565;653;634
800;561;645;651
800;615;665;650
790;644;699;658
777;606;621;592
805;572;642;650
813;673;698;666
769;575;665;629
739;562;633;571
799;674;638;510
768;531;623;598
789;655;621;577
792;585;638;645
797;582;608;587
751;580;648;569
741;472;617;590
770;625;635;569
809;583;619;613
778;573;630;584
806;625;639;585
763;523;623;583
784;636;621;578
791;645;626;580
748;591;649;602
772;603;659;628
759;550;611;587
811;432;622;781
744;435;579;576
765;525;625;616
780;569;649;630
740;438;617;588
775;543;646;603
800;557;632;609
747;565;658;606
796;572;620;606
770;619;666;589
796;706;689;599
751;459;611;591
739;459;614;591
782;701;714;632
824;536;571;683
754;525;653;584
798;616;634;570
735;572;644;574
781;603;668;627
804;579;661;671
820;643;694;689
816;660;672;645
797;624;666;585
757;518;627;592
738;642;660;576
799;622;688;675
813;694;656;549
782;546;608;570
716;659;658;459
786;590;627;585
762;530;615;589
736;432;605;595
782;570;643;594
743;615;665;596
754;565;634;585
804;680;654;576
776;542;623;605
792;543;636;609
770;616;656;593
743;452;610;585
782;577;650;606
795;594;669;649
828;667;703;706
775;588;643;597
809;699;640;541
765;629;609;460
791;667;659;590
778;630;638;581
743;542;641;588
788;606;624;588
775;467;615;630
753;522;635;605
752;527;629;605
751;670;682;564
786;650;641;588
787;631;652;630
780;571;639;591
736;671;688;546
801;614;664;639
803;672;654;607
807;674;679;621
785;551;642;633
750;654;665;563
767;667;672;588
769;586;651;603
750;552;626;557
788;584;622;576
804;579;641;631
777;584;645;592
776;569;650;627
796;634;673;638
782;618;626;549
742;461;614;599
745;481;620;597
777;537;627;577
804;615;646;591
767;567;617;570
771;604;640;593
738;583;661;596
775;652;679;620
783;646;643;602
745;562;611;566
786;262;606;737
776;488;633;672
776;520;638;658
781;439;623;701
784;501;643;705
769;501;640;657
766;487;635;654
760;553;625;538
828;687;632;519
757;569;619;528
725;521;622;505
745;590;634;522
793;682;650;557
765;637;641;552
774;558;637;595
749;614;640;558
769;579;617;557
744;489;609;578
747;474;616;584
801;667;657;575
735;453;613;592
737;455;614;592
747;567;625;558
780;624;658;611
793;662;637;579
753;580;648;603
738;461;611;597
705;615;621;527
742;537;607;576
737;424;593;592
792;538;642;636
787;592;644;577
758;557;634;578
803;655;635;556
747;658;682;554
796;564;623;604
738;441;614;586
793;718;698;586
757;473;625;602
823;611;645;607
769;626;663;539
742;468;619;593
804;619;635;604
785;514;575;564
805;607;636;596
811;636;642;589
718;624;641;512
780;559;629;581
819;631;684;658
831;663;696;665
825;655;682;640
782;622;655;520
752;591;666;555
781;612;610;543
781;612;610;543
794;649;662;619
794;625;640;616
767;504;624;618
755;501;616;618
798;549;652;733
785;469;623;710
776;447;620;698
780;534;645;691
756;545;627;576
767;575;650;607
800;626;654;600
826;682;698;686
740;473;612;562
763;593;628;567
748;532;623;581
776;673;683;571
762;695;694;492
772;618;636;566
781;426;539;562
786;639;701;600
738;322;561;581
745;506;642;588
681;710;661;451
770;507;626;591
773;651;666;561
795;689;661;553
733;435;612;587
733;674;678;563
741;471;622;589
791;608;637;594
777;619;605;558
764;561;620;583
737;458;617;594
737;540;629;553
740;468;612;594
756;426;591;605
790;588;669;639
755;526;638;588
773;585;651;622
762;571;609;551
766;513;636;618
777;576;649;623
746;550;628;574
739;458;604;596
731;537;627;560
776;657;683;608
814;620;656;642
840;653;662;706
818;723;753;710
745;455;609;591
749;562;644;565
740;472;611;589
760;549;603;564
747;578;631;560
788;643;713;665
726;663;657;451
768;662;662;564
755;540;619;584
781;575;646;606
783;471;641;616
744;436;613;581
726;696;672;280
773;666;649;519
767;456;629;610
805;542;666;669
799;627;633;579
827;671;645;556
727;450;612;558
745;495;627;583
803;555;619;595
828;640;667;704
758;494;627;574
762;554;612;551
727;708;702;389
788;565;647;585
790;638;638;557
748;473;623;573
807;605;687;661
803;434;615;725
776;510;632;647
754;486;615;570
791;492;601;556
745;487;600;555
771;618;603;552
774;507;580;566
814;569;618;609
745;577;634;584
780;605;633;619
781;519;631;630
786;611;606;563
811;653;638;591
724;497;594;560
762;513;627;616
784;574;631;600
777;547;628;622
807;309;609;776
800;538;612;633
788;533;625;646
763;549;635;592
802;621;630;562
753;643;670;621
801;639;675;629
767;522;601;574
779;593;638;594
740;454;597;593
767;694;673;461
803;573;632;613
794;557;647;731
786;614;629;600
832;698;625;556
787;629;612;556
709;640;627;456
775;543;616;596
802;599;644;631
762;530;621;616
774;646;666;585
751;653;660;501
795;654;681;634
794;552;617;638
833;672;680;699
799;662;629;582
835;720;638;567
698;687;659;532
