738;562;704;542
743;599;665;536
739;615;687;599
757;662;697;596
720;595;693;580
742;505;650;596
732;491;682;602
740;508;648;562
738;518;672;582
759;521;671;619
732;549;679;592
728;499;665;621
715;415;639;597
740;547;706;624
726;520;678;606
755;543;667;652
766;575;665;606
708;581;698;553
743;554;682;630
760;552;674;631
758;569;687;657
739;567;689;624
750;587;716;639
742;462;651;623
731;524;655;605
725;600;702;559
748;558;698;615
762;566;704;660
749;549;678;645
731;635;717;586
748;661;680;526
751;539;674;622
741;592;671;595
781;634;672;595
732;526;666;627
732;586;682;601
743;550;691;632
773;550;657;589
741;502;658;616
750;552;645;605
730;497;666;604
740;565;677;612
740;528;640;601
732;445;655;606
757;569;712;637
739;588;687;577
752;580;668;592
760;594;697;629
747;560;680;661
749;558;666;627
778;590;698;655
757;520;656;631
738;560;694;599
731;553;685;603
735;561;675;613
744;520;664;630
739;495;666;624
728;596;722;599
731;527;681;592
747;525;671;595
758;559;669;601
737;591;708;586
743;508;664;611
729;491;677;641
744;608;687;528
740;458;652;584
741;496;660;611
732;631;724;532
744;511;679;647
752;575;719;634
744;605;668;561
726;574;691;578
744;527;656;587
721;558;705;573
735;530;664;585
770;591;703;631
734;583;698;598
760;589;697;606
726;599;686;544
758;550;664;638
741;646;691;528
718;503;662;584
717;467;668;588
728;546;692;543
725;620;709;530
767;562;693;623
739;515;661;572
737;519;684;621
717;456;653;562
743;516;665;593
726;550;689;577
760;592;682;595
761;639;664;542
736;585;668;575
763;530;681;634
714;577;679;540
769;603;731;642
733;565;681;574
755;621;698;572
730;531;659;585
723;537;683;591
769;558;689;613
748;508;671;636
724;390;639;601
735;588;666;548
714;611;705;531
742;616;704;590
763;570;667;597
775;565;697;633
768;558;679;628
726;564;701;567
759;631;684;564
741;510;670;597
783;596;697;602
746;583;657;541
712;525;672;541
769;562;682;613
756;567;668;598
757;619;670;551
733;561;680;573
727;638;710;533
763;558;671;616
742;543;674;605
755;558;687;625
723;551;687;582
727;573;707;597
720;605;722;581
729;538;674;609
718;520;668;603
705;405;642;581
711;413;647;583
754;567;679;577
725;557;694;580
731;555;690;606
752;538;653;576
732;552;657;581
739;490;646;598
729;587;666;552
728;607;706;575
741;645;720;568
741;520;663;602
746;639;720;586
766;640;686;582
753;592;697;662
742;585;680;645
725;603;683;572
748;658;697;556
743;552;666;609
744;601;664;566
763;548;654;592
731;610;703;575
734;572;665;574
730;577;690;582
753;621;678;569
721;615;697;557
763;666;684;557
761;567;691;636
769;588;712;643
748;585;700;597
730;560;672;589
733;612;712;585
757;599;674;581
736;531;685;622
740;498;668;624
741;576;672;589
740;659;716;565
758;588;682;574
728;523;668;597
749;551;663;604
727;508;663;600
729;589;710;565
766;546;666;622
759;580;710;617
769;582;678;592
763;540;665;589
783;582;681;617
723;608;708;568
729;562;679;593
734;486;668;622
738;509;672;624
734;570;693;595
749;662;743;611
748;563;672;598
739;572;662;584
727;482;670;611
756;548;694;666
756;548;694;666
743;562;702;619
737;570;680;592
739;648;737;598
742;561;685;597
753;523;654;614
747;604;667;583
746;682;745;592
741;601;673;574
743;538;664;605
733;547;663;593
722;481;657;600
770;577;649;594
723;517;672;612
752;572;673;593
772;606;696;620
738;564;652;585
754;607;674;565
731;622;702;557
741;615;698;591
724;493;660;604
743;645;685;493
752;608;662;549
764;577;678;629
733;531;669;599
743;516;655;601
715;605;695;531
747;562;675;610
745;568;674;622
737;527;670;607
773;602;681;597
748;555;675;619
734;553;691;593
774;571;658;574
770;575;684;618
739;631;732;594
737;602;705;585
741;539;680;620
767;628;716;640
745;536;674;611
752;608;683;593
736;543;677;606
759;590;692;637
732;610;698;579
752;652;671;554
743;605;678;597
747;574;686;616
770;581;670;583
743;582;687;590
749;571;682;619
745;443;687;680
743;545;687;664
746;560;678;606
722;480;662;604
752;592;726;642
760;602;733;648
734;523;667;602
748;500;689;663
770;578;704;566
743;640;711;571
757;596;690;625
751;646;705;593
740;616;700;567
747;583;713;618
749;636;673;533
730;578;713;579
741;669;746;591
744;580;695;608
741;600;685;582
755;607;717;610
752;662;683;544
731;571;696;597
733;577;692;595
768;622;713;627
741;618;710;600
748;647;723;606
756;601;707;642
768;632;712;632
751;644;725;611
749;519;674;617
743;540;688;587
752;578;681;617
743;653;742;610
751;619;693;591
749;621;711;599
743;589;668;588
732;616;708;568
765;607;693;622
765;597;667;550
772;567;672;627
730;561;683;592
751;614;699;599
747;527;670;631
750;587;698;621
755;604;712;641
740;578;691;611
751;551;666;602
731;573;695;587
752;589;692;599
732;582;696;564
744;591;690;587
733;605;709;568
747;614;707;573
751;611;724;601
749;604;700;584
753;586;701;595
729;464;666;602
752;554;675;598
776;615;691;577
741;578;699;594
770;594;693;587
743;634;731;599
749;628;709;565
760;608;711;641
752;604;686;591
736;563;695;614
737;578;684;607
727;649;723;547
759;628;697;606
772;643;722;651
745;598;687;602
755;620;665;593
744;546;668;613
740;616;695;587
742;608;686;591
738;602;716;617
757;473;672;646
748;631;719;575
775;625;713;583
733;644;734;570
761;619;725;611
767;626;716;600
781;608;704;601
769;632;680;529
766;543;687;601
744;654;745;619
742;515;676;607
747;537;656;586
774;600;727;650
766;569;707;637
726;418;635;384
780;658;743;632
727;607;706;543
734;594;696;571
725;503;669;596
746;567;665;599
782;631;683;578
732;535;680;614
730;614;714;577
731;568;689;579
731;568;668;560
736;512;667;582
741;518;657;576
738;513;659;584
737;522;674;589
728;540;681;586
733;593;698;553
741;591;711;614
750;545;667;587
751;586;725;634
739;518;674;621
716;461;653;595
771;575;676;611
747;638;705;567
733;529;668;606
744;534;676;618
772;610;715;646
733;533;682;614
721;507;663;600
755;592;696;623
766;645;730;633
752;538;700;637
718;507;665;602
760;634;712;619
700;676;735;391
744;598;683;583
751;620;702;587
763;665;671;552
745;590;703;647
719;545;675;599
727;642;709;552
729;607;686;552
750;631;672;583
743;540;672;620
749;531;665;617
742;528;684;623
766;599;712;651
706;378;631;598
729;500;678;608
720;601;711;553
740;543;690;620
725;510;664;588
752;542;681;623
737;575;679;592
749;568;692;620
735;627;703;584
780;603;662;590
726;586;698;581
763;610;699;629
752;598;693;625
749;558;685;630
756;553;679;629
726;596;708;576
749;645;738;618
721;557;673;592
724;554;675;583
761;597;678;586
725;609;712;578
733;602;678;577
748;608;701;641
731;574;682;600
735;611;706;546
762;567;673;592
719;536;688;577
719;518;672;589
738;600;685;587
765;586;700;626
768;552;676;626
720;546;687;596
751;591;678;601
749;598;687;599
740;608;695;601
764;561;697;638
724;572;678;569
750;638;715;616
752;623;677;616
736;576;681;616
728;532;669;625
746;650;707;569
771;609;674;599
742;564;693;626
747;590;694;615
751;643;712;596
751;551;676;614
759;558;660;628
755;567;675;631
766;597;702;647
743;595;692;594
766;655;666;569
726;580;678;570
751;619;685;553
771;649;689;600
733;640;722;563
752;600;687;598
769;620;722;651
747;628;719;620
739;608;700;615
721;609;699;574
754;617;712;619
751;470;644;645
723;543;669;616
745;613;694;579
764;635;712;648
766;677;717;621
750;559;684;612
740;524;684;630
728;598;706;583
743;614;689;595
748;577;693;636
726;615;695;564
750;588;676;603
773;604;699;640
764;607;674;580
770;615;716;657
748;619;700;605
732;560;646;382
722;576;703;566
736;578;679;578
754;617;695;603
721;489;661;604
751;561;667;596
722;511;666;602
724;486;656;606
751;656;744;642
727;477;656;601
721;476;646;560
739;552;691;576
746;608;690;583
748;628;711;588
776;629;678;581
749;583;684;599
743;576;696;615
725;663;722;553
743;624;699;574
758;656;691;567
744;598;693;593
765;605;687;598
736;576;698;601
753;632;680;551
748;500;662;620
765;579;700;633
780;621;700;611
745;563;666;606
751;538;662;616
730;504;663;616
769;626;703;623
766;681;748;634
755;626;677;568
784;638;690;608
754;622;700;600
734;631;721;575
753;608;692;600
748;607;695;597
746;590;685;607
776;651;703;576
762;618;687;612
730;610;696;591
762;643;719;647
782;655;719;668
757;588;681;624
732;568;689;582
751;548;687;617
729;646;741;567
775;641;695;608
753;602;698;602
753;554;669;632
735;592;679;586
747;586;676;598
764;589;695;659
746;640;707;569
764;634;695;609
764;629;691;611
734;584;681;591
710;648;694;461
758;627;670;585
751;558;674;603
723;489;662;600
766;609;716;651
726;535;666;603
709;624;696;490
754;600;680;576
735;649;685;530
728;584;682;593
739;605;707;585
723;658;698;517
722;592;687;575
727;595;690;596
780;688;649;488
717;509;679;568
787;629;740;637
737;702;735;497
726;653;653;252
734;495;677;569
742;549;688;569
729;544;669;563
724;699;740;499
745;585;671;578
737;526;674;605
761;645;665;508
745;635;671;542
750;535;655;581
731;619;695;543
728;562;677;574
749;560;686;583
775;586;677;606
724;551;672;569
743;616;687;534
734;472;671;619
776;594;699;602
707;626;703;483
762;611;676;557
752;617;693;559
741;615;708;618
767;527;691;695
778;623;684;581
773;682;656;521
748;660;697;495
764;647;720;541
737;649;717;540
733;608;719;570
812;647;656;577
743;578;705;591
748;586;675;597
728;539;673;563
712;654;682;466
740;682;706;537
746;615;697;606
751;613;699;670
751;663;726;601
773;628;713;658
754;663;681;542
770;583;663;590
717;615;694;530
747;638;708;595
744;537;672;606
743;507;683;647
772;596;694;613
763;581;690;625
750;547;666;595
745;573;655;576
732;658;728;557
749;604;688;589
745;623;684;581
742;544;673;604
741;540;675;598
743;633;713;575
754;627;691;592
779;625;668;574
744;565;675;601
736;569;692;600
751;522;688;631
761;629;685;580
768;619;679;589
761;487;693;702
768;617;684;598
772;624;695;587
713;656;712;465
751;566;674;589
732;556;679;632
725;548;669;587
749;577;676;597
741;505;655;619
723;491;650;593
759;638;723;620
754;569;664;598
737;597;676;595
749;580;665;598
783;622;665;552
767;592;707;648
761;547;705;696
743;534;685;598
759;550;673;629
742;681;727;501
739;511;655;580
762;548;651;577
725;484;657;591
729;616;713;566
777;609;707;628
763;603;699;626
752;622;695;595
755;562;655;578
728;590;698;568
758;625;689;597
772;640;704;623
726;530;665;590
753;615;663;560
748;531;664;605
724;563;685;587
738;632;695;549
