720;624;629;663
740;675;631;654
710;643;622;659
727;629;616;669
682;661;638;657
741;640;621;677
712;646;636;676
707;625;608;667
759;721;634;654
739;617;618;670
710;729;680;618
682;551;613;658
736;576;608;684
699;625;649;658
702;588;631;661
711;584;625;675
757;626;611;670
692;638;635;644
707;616;626;676
734;620;615;671
698;582;624;674
719;671;650;667
707;629;642;676
749;628;601;666
724;700;677;674
696;659;647;654
738;612;614;671
732;603;623;688
742;665;668;718
687;653;643;631
707;681;610;604
732;635;643;693
757;668;619;660
751;646;638;684
700;607;637;682
679;681;637;653
684;561;606;663
756;661;622;667
736;690;620;636
713;648;619;659
696;609;621;663
691;649;642;657
730;689;629;661
714;649;640;669
700;631;636;665
671;724;672;631
700;643;611;659
736;671;672;706
738;641;647;699
731;609;607;679
710;644;639;669
677;638;626;650
700;664;629;633
696;568;603;670
740;642;624;671
671;706;644;546
690;579;617;667
698;564;623;698
729;664;653;698
675;554;611;670
722;584;594;670
649;711;643;579
702;640;631;663
735;592;615;685
742;639;635;683
706;668;646;651
728;623;645;701
735;665;664;707
734;677;637;680
726;708;650;664
769;675;573;622
691;717;667;598
707;629;611;658
718;616;640;674
705;651;632;653
713;643;616;649
694;690;642;607
731;550;600;689
723;700;657;648
717;614;618;665
731;656;626;666
726;692;667;667
726;726;683;657
742;655;643;673
728;665;649;672
711;610;635;680
713;633;623;666
676;549;609;666
688;697;652;644
743;695;644;659
746;701;632;657
683;621;596;657
747;654;644;685
688;646;640;656
735;615;646;683
744;680;635;626
764;658;613;645
722;634;621;646
686;703;666;602
727;608;621;654
743;649;659;695
722;540;611;674
721;656;653;666
702;657;647;625
712;658;640;630
724;627;637;657
721;588;621;658
752;606;596;668
706;665;654;648
743;686;613;617
719;586;631;662
714;579;620;649
704;576;622;648
688;645;645;638
689;537;617;652
715;565;611;656
721;653;629;647
714;640;632;654
701;619;637;645
746;643;647;677
718;612;632;657
738;649;649;673
726;702;668;645
709;575;622;659
693;651;653;630
706;581;634;665
741;679;619;631
725;602;626;674
730;610;630;661
760;644;629;660
696;644;650;649
730;647;663;687
731;636;627;652
721;661;619;626
725;604;627;657
734;704;686;680
660;722;666;542
709;650;639;645
744;642;615;643
702;665;612;612
735;676;618;632
735;609;626;662
730;646;634;651
733;621;633;657
713;723;684;621
743;686;617;635
706;636;644;650
741;690;636;585
685;679;633;591
742;676;611;625
745;614;622;666
753;661;655;686
712;622;633;659
738;604;622;663
717;725;679;638
706;590;626;660
746;663;666;690
714;573;632;673
718;646;637;646
691;634;643;631
718;593;616;646
710;637;640;655
744;653;625;632
716;565;594;653
675;562;575;608
727;529;617;722
717;673;665;652
730;579;608;656
732;655;640;652
752;640;617;653
749;611;604;654
755;645;625;628
723;716;687;676
703;631;639;654
740;599;631;686
750;652;658;701
720;609;639;668
721;726;681;594
758;662;632;660
749;689;624;598
746;626;615;651
738;662;667;691
718;611;639;663
692;644;646;643
744;607;638;673
748;623;633;683
750;715;696;698
681;639;639;622
735;672;625;628
724;604;636;663
752;671;638;675
764;679;600;653
728;611;624;654
684;629;636;621
749;674;640;661
763;675;640;668
745;675;633;651
728;658;622;625
692;635;646;647
715;707;643;597
689;528;619;667
727;574;636;726
744;648;623;636
716;663;646;650
689;541;625;677
735;729;664;619
724;656;618;640
725;581;621;669
739;680;632;647
721;588;626;658
703;658;653;649
725;594;626;664
718;597;640;673
711;606;621;657
751;662;643;664
742;606;619;657
721;610;627;648
737;631;632;655
736;633;640;666
695;638;648;639
741;557;600;689
707;567;633;693
724;692;644;616
706;563;625;665
748;678;668;685
755;652;632;662
712;616;612;644
746;657;635;669
720;598;623;669
693;596;622;632
709;649;633;645
725;678;614;615
685;531;614;655
714;581;620;657
711;613;618;636
685;545;614;648
729;618;649;683
703;582;638;666
755;644;636;669
699;726;679;533
753;670;666;696
740;712;665;648
751;715;642;638
729;586;611;653
713;590;637;684
734;622;645;683
726;632;624;659
720;670;660;660
702;652;644;636
729;553;599;669
738;686;646;662
741;659;631;661
709;611;605;641
711;613;644;667
727;630;648;681
747;621;591;661
702;647;647;628
703;653;641;646
719;579;625;672
758;660;647;684
711;649;652;647
715;564;607;655
754;635;636;653
756;659;644;666
686;576;618;646
737;682;616;628
706;629;639;647
705;624;622;638
693;643;635;625
700;549;616;656
736;629;630;662
749;645;647;670
709;665;655;648
737;673;651;654
691;554;619;656
730;638;623;655
746;643;662;699
695;551;620;647
738;676;678;687
724;584;637;681
761;656;628;667
727;713;689;666
756;662;642;662
699;603;621;646
722;639;617;642
714;692;675;649
692;541;613;657
720;595;642;671
710;572;624;665
708;598;619;648
691;548;619;657
751;657;649;670
725;611;631;662
728;640;636;659
748;646;642;670
686;713;673;607
747;695;643;628
727;573;638;692
765;669;634;650
727;649;669;682
708;611;644;664
678;719;674;607
729;648;644;657
712;566;620;667
745;619;624;659
710;619;614;639
751;632;609;638
699;640;643;642
723;642;628;660
713;654;649;662
728;582;628;684
695;600;627;649
718;605;631;658
717;717;681;638
739;664;634;659
756;670;658;676
721;669;628;647
714;545;626;708
734;620;628;683
726;637;623;655
726;622;631;661
720;715;681;613
727;603;619;655
749;692;656;654
702;497;575;664
759;675;672;697
715;627;637;656
707;591;627;658
751;641;638;670
723;588;640;711
686;583;620;640
736;701;678;671
720;600;636;673
704;550;598;645
732;596;622;655
735;659;655;690
737;734;706;667
707;565;628;671
729;639;625;662
725;606;635;666
726;623;636;664
723;568;611;655
753;646;631;663
718;646;645;652
721;662;647;661
749;638;602;646
714;622;617;649
700;555;619;656
695;545;613;656
727;601;617;657
698;631;641;648
704;653;636;646
722;583;631;672
768;677;668;700
698;537;620;673
712;598;639;682
726;628;633;668
781;712;688;717
735;677;679;687
710;590;609;627
723;627;644;670
738;687;674;665
722;640;627;641
722;580;645;705
702;585;619;643
703;700;668;607
745;687;609;616
752;696;673;672
716;634;620;647
732;659;636;666
717;538;585;641
726;722;695;661
709;637;645;657
740;674;596;632
720;608;639;665
760;670;641;656
729;607;626;659
762;680;671;695
716;619;615;650
710;562;607;665
694;612;630;626
740;642;662;697
737;635;645;673
704;558;617;666
742;689;647;633
745;566;605;681
731;715;653;583
727;623;629;660
718;715;687;654
746;651;654;683
737;673;656;664
719;606;643;670
743;644;641;665
726;722;693;654
715;656;656;656
743;633;646;683
728;650;659;683
752;658;649;661
663;677;650;548
716;618;643;674
744;649;664;699
723;612;637;670
691;550;621;657
732;638;633;656
701;640;648;648
718;598;644;682
727;636;634;667
749;666;624;658
724;601;620;660
692;671;655;647
754;651;619;646
730;591;612;654
702;648;631;625
736;567;576;643
690;651;627;603
721;658;635;646
758;658;643;664
724;592;620;657
748;646;651;675
703;662;653;644
712;582;632;666
741;682;654;665
710;556;623;670
763;650;653;697
747;683;634;645
713;627;629;651
707;633;639;649
752;688;672;680
679;522;602;646
703;574;633;694
717;631;627;649
726;718;694;678
767;688;631;649
759;675;661;696
720;616;643;670
755;712;693;692
697;710;677;622
714;601;626;653
718;605;638;668
751;660;632;647
690;658;651;629
741;630;643;677
736;660;658;672
741;590;619;664
723;621;638;664
693;699;667;578
732;659;624;645
727;627;647;673
725;667;659;658
742;646;631;654
684;512;600;652
739;648;637;665
733;652;648;665
747;702;690;683
736;688;650;656
716;627;628;655
706;674;655;645
722;479;618;733
712;564;636;695
710;597;633;663
734;545;625;743
724;494;620;740
712;585;612;660
725;708;684;663
750;690;683;691
766;660;620;661
732;669;621;641
771;701;641;657
726;655;639;654
697;694;667;643
723;654;653;671
725;656;640;661
729;700;677;678
731;609;610;664
703;656;649;624
738;678;663;665
758;659;628;659
729;609;619;657
711;614;646;669
702;652;651;634
721;649;632;657
739;606;657;737
705;594;614;649
756;715;647;646
712;649;646;653
688;533;608;654
694;653;650;653
726;695;668;668
748;656;656;688
769;670;655;693
746;622;611;654
741;694;640;633
755;657;629;649
753;727;697;672
727;634;636;669
754;719;677;672
733;692;652;657
740;631;633;660
765;671;643;665
704;725;666;559
742;644;620;641
742;685;665;665
761;644;618;660
727;614;637;664
699;560;616;653
709;649;649;655
737;638;649;685
773;680;677;722
744;628;651;690
717;645;649;663
742;638;643;667
700;649;652;639
730;666;622;641
721;640;644;662
733;629;641;672
729;622;655;680
692;615;637;642
740;670;653;669
756;658;652;691
743;727;700;671
698;646;644;628
722;645;629;649
746;634;646;670
711;597;627;657
704;511;599;666
704;595;609;643
692;649;650;628
697;565;621;658
717;665;650;655
711;592;614;653
701;637;648;660
691;721;673;606
689;536;617;659
743;641;626;654
739;668;634;652
715;658;649;658
759;675;663;680
722;673;670;663
702;644;638;639
722;574;633;675
708;562;625;668
743;690;690;688
690;641;633;618
715;635;626;647
696;549;623;665
739;662;644;671
710;656;640;652
740;610;618;660
687;685;652;597
722;677;641;650
748;625;637;685
762;633;640;689
699;561;626;661
737;660;599;631
726;735;700;626
688;551;615;660
712;632;621;662
715;664;652;663
737;676;644;659
717;704;673;621
721;650;657;674
725;616;607;643
742;685;683;692
725;602;649;680
761;666;619;627
692;641;648;633
705;668;639;627
742;690;693;691
748;634;660;704
754;688;653;673
762;660;649;671
707;706;673;620
737;712;663;657
747;635;633;662
710;549;602;669
708;581;618;651
748;688;654;670
717;678;661;641
736;623;614;653
738;666;640;665
738;616;629;665
734;563;624;733
718;571;626;673
734;630;648;672
716;716;688;642
728;657;628;649
758;656;626;642
708;549;611;662
725;652;649;660
705;476;578;676
732;639;645;675
715;616;635;660
758;651;640;661
684;644;639;617
723;598;644;677
771;682;655;681
737;570;626;693
737;585;632;693
759;685;683;719
751;633;619;653
702;699;675;618
739;654;630;663
758;654;629;654
720;621;653;672
742;649;658;690
706;661;658;634
729;663;632;628
720;603;629;662
712;638;625;648
697;657;655;651
711;596;633;664
759;679;669;694
742;667;663;676
758;665;655;670
728;714;694;662
720;639;636;663
705;574;632;670
758;650;653;695
746;699;640;611
723;564;612;663
740;687;668;653
730;672;656;666
745;639;616;658
709;609;622;664
744;674;661;675
741;711;684;681
741;699;640;648
