758;689;698;685
797;754;680;642
783;800;703;623
810;769;678;643
725;713;665;626
717;584;617;644
752;648;639;643
730;649;651;643
709;598;624;652
808;789;640;635
760;777;665;385
763;644;663;648
760;640;666;655
701;541;625;616
737;623;655;644
709;565;611;629
763;615;642;693
709;562;601;636
732;626;636;657
723;554;606;656
792;679;631;640
763;793;676;476
744;645;663;667
744;645;663;667
805;671;627;635
714;586;625;677
707;534;618;676
693;511;591;640
740;617;624;643
741;710;675;638
744;719;681;644
752;728;697;684
712;602;623;680
752;577;633;746
739;649;666;672
722;629;645;651
731;654;625;636
740;779;700;671
706;537;589;652
729;474;620;698
783;660;630;669
772;676;679;699
701;643;612;635
759;689;653;696
756;478;641;756
722;539;587;665
716;563;605;655
713;578;616;650
742;772;677;632
771;700;666;689
817;717;595;635
803;710;605;621
743;645;632;670
787;764;621;619
751;782;679;598
723;602;638;675
720;582;622;675
697;787;698;596
738;719;699;683
782;639;613;650
731;645;604;634
778;732;652;666
764;834;713;625
734;714;694;663
761;738;609;638
747;689;661;670
719;591;638;662
738;663;668;678
694;600;620;638
751;652;633;654
787;692;669;678
746;612;624;649
776;724;669;609
758;769;701;641
750;727;642;605
739;637;652;658
696;537;609;649
665;741;674;616
727;606;610;651
746;765;698;662
750;685;638;617
776;696;627;639
732;627;653;655
747;790;709;601
717;602;638;642
720;633;640;652
793;690;664;679
782;741;679;583
720;719;677;660
736;641;645;646
779;721;658;666
764;756;675;643
754;759;655;622
735;810;703;610
791;783;615;624
773;704;676;679
744;636;656;653
723;543;616;691
751;579;654;753
756;632;657;666
712;558;625;651
787;782;684;639
689;752;702;664
694;520;603;648
717;659;626;611
810;714;634;661
793;755;631;644
790;805;698;630
686;752;661;506
779;759;693;664
700;531;614;651
761;717;673;656
800;754;704;717
797;761;673;684
789;696;601;626
750;765;674;567
775;736;659;584
763;731;616;607
731;701;621;617
795;701;622;640
741;762;674;603
707;618;611;642
753;469;603;754
761;658;648;658
725;640;628;647
813;765;702;730
787;729;654;682
830;800;667;631
816;832;699;579
749;743;662;623
744;733;640;651
800;783;637;641
759;634;639;740
732;576;628;701
738;448;602;741
756;644;606;631
781;754;662;661
782;815;690;638
775;662;663;676
814;712;655;679
745;795;701;604
728;589;625;674
730;581;623;682
734;603;630;699
777;646;627;660
794;726;673;664
773;649;672;688
770;721;655;639
816;702;646;671
812;787;629;624
815;829;698;668
817;771;663;640
747;642;656;645
721;554;624;666
778;750;716;705
704;731;662;594
761;749;667;645
746;710;668;648
745;630;642;718
743;598;624;731
725;668;637;650
758;648;614;647
824;716;654;680
694;505;610;656
796;772;722;711
735;632;620;641
808;696;642;651
806;719;656;655
759;732;619;653
781;799;690;633
793;706;621;652
738;642;655;649
798;777;647;643
735;633;605;646
733;799;703;595
820;763;689;659
753;655;632;629
738;667;674;669
706;642;630;634
773;809;727;652
777;785;723;681
725;604;654;669
777;745;656;647
777;633;682;733
778;665;648;663
830;754;654;641
819;772;673;648
760;723;698;677
792;706;647;658
806;792;650;639
841;822;674;663
792;684;642;662
697;621;631;648
724;613;645;658
767;639;596;650
738;736;646;619
760;766;666;651
732;620;648;668
696;538;608;661
730;598;626;657
715;586;628;666
765;717;624;647
784;817;684;566
730;647;625;645
740;670;655;657
769;756;677;655
684;793;684;575
763;764;652;651
792;764;623;636
771;674;656;677
713;622;638;643
815;708;663;694
815;708;663;694
775;756;676;619
765;663;631;675
784;665;678;720
750;638;643;672
748;802;698;612
682;729;665;646
706;651;654;648
742;688;632;650
735;647;621;647
739;650;615;635
782;800;683;625
809;772;669;654
715;628;627;657
806;731;658;650
847;799;681;660
833;797;682;662
721;820;708;619
720;568;616;679
740;634;640;677
792;721;691;711
718;770;722;703
792;698;607;633
789;774;618;646
801;795;640;639
785;704;668;679
766;649;655;687
783;645;648;684
799;694;611;637
777;710;673;660
674;558;584;637
674;558;584;637
778;737;624;644
731;649;613;651
781;694;658;657
844;823;673;663
864;822;689;697
835;831;715;648
759;702;626;647
769;657;640;663
810;803;632;642
797;778;618;641
768;747;642;639
717;659;650;647
705;610;621;657
720;703;607;584
739;724;603;623
734;665;655;669
750;717;645;658
815;753;639;571
694;812;693;570
786;756;668;636
730;649;655;650
694;543;610;651
803;701;620;640
829;773;683;692
735;642;653;658
812;745;656;663
777;686;635;642
839;825;697;568
731;747;623;566
748;754;672;662
726;708;673;639
774;689;638;653
777;703;661;658
811;771;651;677
807;804;713;668
760;776;715;681
748;767;624;509
782;756;638;626
827;784;655;641
839;775;658;661
783;772;685;628
789;700;661;689
737;645;667;673
767;708;695;694
740;616;620;650
766;774;698;635
710;581;614;654
736;745;686;626
734;657;633;654
771;641;653;694
789;783;638;601
752;749;659;634
717;741;689;659
716;579;628;659
767;710;616;642
706;543;613;661
701;537;613;659
740;657;670;685
763;703;697;706
789;677;662;683
737;794;683;525
697;530;612;643
770;751;689;677
790;720;674;675
787;728;698;682
799;782;709;663
731;608;628;636
775;642;655;676
803;743;688;669
787;806;676;586
736;674;660;648
775;754;664;649
761;759;678;661
735;642;621;648
760;663;622;647
808;738;668;657
794;747;674;651
685;525;587;653
797;738;696;722
729;650;662;683
733;654;662;685
726;603;630;661
811;702;640;657
700;732;691;628
817;668;585;648
736;719;686;660
764;752;660;653
725;745;678;661
787;783;680;638
760;629;657;683
730;599;638;659
735;643;653;651
733;594;621;651
826;749;667;666
840;760;644;651
783;780;703;659
829;775;690;688
735;810;711;617
788;749;586;630
771;604;650;712
800;644;619;663
776;673;685;689
755;670;691;693
688;754;683;620
705;573;613;650
790;711;681;721
786;721;670;659
790;768;641;656
813;755;640;656
734;816;706;596
775;770;604;607
752;722;653;657
795;709;691;730
783;725;676;694
810;730;643;642
707;752;631;538
774;738;677;662
746;628;631;654
834;771;653;646
812;786;628;665
728;690;626;656
777;773;643;586
773;672;658;667
750;696;663;663
777;737;678;682
769;675;675;691
767;712;673;668
754;710;688;663
732;763;686;679
755;777;638;557
782;729;671;703
812;732;626;572
695;521;607;659
744;645;634;663
728;756;694;689
758;634;649;732
811;779;675;687
824;741;669;694
727;622;629;659
714;584;620;660
844;780;677;658
760;753;687;663
700;814;713;617
725;728;682;631
746;658;615;672
768;736;647;657
775;596;624;726
798;670;668;690
849;756;645;668
796;809;693;527
708;691;640;624
784;740;674;678
742;593;624;690
781;663;670;708
792;738;666;672
735;632;611;665
796;790;704;654
800;814;727;683
772;786;688;626
754;748;664;663
766;686;619;661
804;786;634;649
754;664;631;653
810;736;661;682
705;767;659;504
712;743;690;630
742;663;593;652
745;674;611;655
813;736;640;654
824;755;674;646
773;666;665;687
748;692;614;641
746;667;682;688
721;766;688;515
750;642;672;697
754;638;617;655
695;543;609;661
698;473;609;658
763;626;647;706
782;743;663;663
739;650;667;666
747;748;681;663
746;713;642;662
748;663;623;643
799;736;693;684
765;761;709;699
813;769;700;733
826;767;704;701
721;838;717;581
692;539;606;654
727;662;648;665
798;747;713;720
790;704;633;665
738;798;694;628
760;791;705;706
713;589;610;665
797;717;686;724
820;803;712;715
830;805;718;706
729;833;714;600
725;554;625;685
771;755;651;628
825;802;647;642
793;694;665;685
792;743;684;688
803;710;641;643
772;649;623;654
715;588;614;659
714;609;620;682
755;643;621;656
739;620;627;663
715;672;655;647
807;727;664;686
730;772;677;542
682;495;586;650
818;745;653;655
799;713;622;640
762;607;622;663
736;753;680;606
798;683;631;650
781;721;670;661
802;754;703;707
791;711;695;724
760;703;637;638
787;769;629;647
743;740;632;619
804;808;702;666
781;796;657;647
700;786;692;633
818;713;640;656
710;496;578;655
741;666;676;678
722;604;638;676
713;758;686;660
762;703;663;662
789;730;695;714
823;760;664;655
746;798;670;467
705;755;677;652
781;734;708;691
822;776;699;688
809;751;699;692
683;800;709;625
792;774;640;650
753;676;659;678
696;619;632;658
790;686;631;668
822;728;631;675
796;761;694;673
784;690;688;706
786;712;676;690
796;816;711;628
727;779;665;563
752;733;690;653
770;695;641;656
788;780;615;649
826;806;651;650
856;833;702;680
795;841;717;646
714;736;690;642
796;794;654;659
792;821;649;516
722;765;659;625
707;661;671;676
722;709;666;650
768;711;662;663
801;648;622;651
765;665;690;684
719;750;697;614
733;693;637;629
790;745;654;646
763;686;622;662
747;691;631;647
693;515;607;667
706;520;618;689
746;682;615;658
822;788;678;655
713;828;728;608
735;709;648;638
777;725;688;696
785;686;675;691
797;713;668;665
709;630;648;662
810;769;647;646
762;775;648;531
750;656;683;663
773;752;720;691
766;769;692;653
725;545;608;657
826;739;659;681
817;755;653;638
804;755;633;641
750;691;668;656
806;737;649;674
816;720;625;651
859;814;689;662
827;827;707;580
752;654;677;702
766;611;629;704
804;712;699;730
796;745;687;691
807;781;701;674
782;814;693;582
724;726;644;627
800;787;651;662
800;787;651;662
833;729;697;753
718;780;707;644
761;680;677;662
757;668;676;682
765;746;688;660
712;800;691;619
699;601;630;658
814;780;665;642
806;749;704;678
687;478;596;651
812;790;652;628
791;720;635;654
710;559;616;659
738;726;703;700
772;659;627;658
696;541;608;661
675;785;692;565
751;676;645;663
786;702;641;661
773;753;627;646
716;710;673;682
803;704;646;690
782;761;682;627
745;750;686;646
721;601;647;669
786;676;684;731
805;739;715;740
670;787;664;524
724;650;622;662
766;666;665;710
771;738;639;674
752;760;660;648
820;788;684;666
815;711;620;664
716;735;667;631
743;700;668;667
754;652;639;683
753;633;622;685
742;615;592;661
778;776;677;640
798;713;623;641
777;754;612;652
777;810;667;622
752;774;683;663
700;832;706;605
739;754;671;657
734;651;624;659
726;644;664;668
758;532;586;705
794;687;655;678
751;779;684;626
690;537;607;655
743;723;680;672
775;637;664;726
806;770;687;698
822;804;686;661
790;743;676;670
744;766;670;631
691;552;609;664
737;657;632;661
776;594;632;702
784;659;641;663
773;742;624;645
661;791;679;600
816;736;569;581
746;516;643;748
742;537;624;745
757;587;641;751
762;581;635;753
764;628;650;745
723;592;622;692
724;558;618;672
812;717;611;616
753;684;640;653
689;797;701;548
814;764;653;660
790;750;611;652
802;726;656;704
790;718;673;666
687;723;637;548
734;741;658;646
799;756;626;645
791;719;645;652
805;806;703;628
713;764;687;667
736;621;638;688
754;712;621;662
814;806;698;661
783;831;701;599
774;672;692;725
760;684;649;680
751;388;605;762
730;558;602;656
767;626;661;713
713;554;616;667
742;601;643;688
776;639;670;762
726;597;629;692
722;578;610;668
724;630;654;658
816;715;641;666
758;815;701;626
727;616;623;666
679;538;615;665
786;685;652;667
705;514;601;680
713;560;620;655
747;702;642;659
755;646;591;660
728;652;606;669
784;767;622;655
