695;629;634;522
685;541;616;532
727;606;669;566
694;557;652;543
682;489;623;537
663;652;645;469
675;489;623;537
687;547;632;524
688;516;636;549
676;490;618;546
674;471;613;544
694;574;624;523
689;645;655;507
726;675;656;532
778;684;656;554
668;618;643;508
712;537;634;546
732;613;662;551
705;556;633;543
773;654;630;541
758;637;647;546
736;697;684;528
691;581;642;523
752;621;663;626
698;535;639;555
753;688;704;604
695;692;709;530
730;611;639;535
747;652;639;532
750;617;616;544
701;562;653;564
727;594;666;574
679;492;622;551
765;611;599;554
742;578;652;577
718;654;606;397
680;556;645;520
745;698;645;500
747;619;629;550
693;578;645;536
719;559;650;550
690;532;632;540
716;566;633;548
718;599;656;545
706;558;638;546
751;670;644;536
676;443;608;542
693;606;661;549
687;521;622;545
756;625;641;543
703;632;649;561
730;721;651;497
701;565;619;547
737;659;629;541
762;581;616;543
688;493;621;552
741;615;627;551
699;571;652;561
681;477;609;547
711;549;620;550
736;562;632;572
725;572;642;555
724;566;609;539
772;662;636;546
707;658;690;585
690;559;625;546
713;592;628;544
743;667;699;605
713;563;620;545
706;620;622;523
744;639;653;567
741;646;680;591
683;504;619;546
678;547;578;515
733;686;644;527
755;600;636;551
780;647;635;539
758;647;662;543
678;460;603;543
723;609;655;580
698;541;639;559
740;592;631;559
700;639;659;488
702;541;654;561
738;603;661;580
690;495;625;550
711;531;649;553
724;612;565;515
727;656;660;549
685;513;621;542
752;566;625;579
739;672;626;510
749;600;668;571
707;623;613;523
759;697;700;601
723;581;654;600
778;582;685;608
697;619;637;458
693;489;620;557
734;564;659;592
745;593;663;596
748;680;691;553
728;619;654;538
763;622;649;562
732;544;630;556
687;531;618;542
729;640;624;551
686;430;604;554
689;437;596;558
725;663;674;562
694;488;617;556
718;548;628;561
746;573;622;570
672;589;611;504
727;593;527;465
695;429;612;570
710;530;630;554
718;548;647;570
728;558;655;577
753;601;629;535
714;722;698;514
762;611;616;555
722;546;617;554
683;402;580;556
679;535;625;548
727;586;615;542
691;428;575;550
722;558;628;545
761;665;630;530
738;566;628;567
754;576;612;574
765;619;644;578
697;477;607;567
699;557;631;549
722;691;706;591
744;643;630;542
742;565;653;611
734;575;631;552
723;577;663;569
703;505;614;563
684;710;687;433
716;554;632;569
764;664;678;593
764;591;592;552
726;586;620;536
762;592;632;551
722;663;682;552
741;650;558;520
715;649;632;493
709;635;663;546
714;621;628;518
734;621;636;550
697;469;605;561
722;576;644;563
766;662;652;565
767;605;609;555
746;618;635;559
777;653;634;576
698;579;651;551
750;574;636;560
713;545;629;552
740;629;666;569
748;574;655;605
699;475;614;564
747;625;677;602
668;665;644;492
718;572;620;529
754;618;668;609
721;548;624;574
801;691;650;566
741;627;674;591
763;669;691;611
682;654;626;459
721;517;632;586
728;622;603;553
731;540;614;565
722;533;622;566
754;614;649;569
804;685;639;548
665;564;606;416
697;667;664;506
736;701;658;412
694;475;601;555
721;588;607;551
711;566;630;561
714;526;632;571
788;654;646;579
740;560;622;564
700;504;618;567
730;555;611;579
728;531;628;581
717;541;637;580
726;594;594;450
785;632;695;653
762;697;686;540
694;456;601;548
703;711;704;498
720;592;618;552
752;671;671;565
699;504;612;569
740;608;656;581
773;578;618;578
724;512;635;612
720;553;637;566
717;635;664;556
722;633;642;564
707;513;613;606
736;665;679;545
742;654;619;536
747;546;641;599
775;660;649;539
776;636;640;569
724;541;639;580
724;593;630;558
763;668;696;603
709;498;622;568
725;521;635;587
761;587;638;581
706;494;616;565
706;488;616;571
775;639;659;603
716;601;644;561
705;506;621;568
692;551;624;551
704;486;618;565
747;572;647;583
727;657;668;559
771;637;664;550
707;518;627;573
736;653;678;570
750;658;680;580
704;501;620;576
686;371;558;560
759;615;636;564
737;560;659;599
757;653;697;624
707;496;619;573
765;657;656;578
739;589;628;567
729;677;709;617
740;515;636;618
718;560;603;561
705;514;624;577
702;483;613;577
705;650;642;490
705;504;605;557
778;659;634;559
743;660;672;574
741;571;655;584
719;734;678;298
701;579;607;534
770;716;679;565
783;672;650;572
783;665;667;605
704;505;624;574
737;543;642;584
733;605;653;562
755;639;684;600
781;642;684;626
727;560;637;562
780;710;655;551
739;642;680;600
690;393;576;557
728;630;646;553
724;637;660;555
752;603;622;546
707;485;622;564
753;611;652;606
727;565;661;582
708;484;619;573
731;602;658;557
752;651;688;588
758;575;632;568
709;490;625;576
768;565;616;604
735;640;654;539
739;547;605;552
759;575;651;617
764;662;695;618
758;666;621;556
753;590;656;617
756;656;703;639
744;636;606;512
702;500;623;573
757;655;671;591
755;631;665;583
707;639;655;547
754;654;679;610
705;508;625;574
724;578;661;559
752;603;636;541
732;601;627;563
716;511;625;573
707;501;625;577
687;645;647;500
705;523;616;562
716;620;642;562
744;709;651;549
701;528;580;529
695;479;603;561
716;573;635;559
766;685;663;571
712;532;617;575
703;515;625;577
688;697;667;397
730;591;648;551
774;714;654;546
723;674;631;513
736;694;661;540
719;524;622;578
732;677;641;548
752;633;680;606
797;699;699;653
758;581;631;551
761;666;645;556
765;585;654;591
733;699;682;516
759;628;683;606
736;672;659;537
737;648;669;596
761;683;655;563
781;664;642;575
689;642;649;494
768;649;642;568
742;628;627;555
703;520;627;577
711;522;622;577
765;641;653;577
713;574;636;543
727;520;648;596
749;599;671;627
766;604;661;614
770;670;676;624
774;639;669;618
694;454;580;552
742;646;632;549
746;658;661;573
770;687;678;600
788;689;705;624
707;500;628;573
720;542;605;560
705;501;616;579
782;711;693;601
676;642;648;452
724;585;636;568
706;505;623;577
708;521;628;581
706;503;618;574
742;614;619;551
708;511;620;578
764;594;633;567
743;652;657;584
764;717;671;539
760;668;677;595
681;687;663;392
753;664;646;544
723;548;602;562
795;689;645;565
738;627;667;602
785;633;594;589
704;647;635;493
767;633;678;624
753;597;671;616
767;676;707;626
706;511;623;573
715;553;639;569
762;576;642;616
748;645;620;564
709;589;610;533
771;716;659;515
730;721;702;537
733;673;672;560
735;562;652;578
767;557;641;630
713;521;624;575
707;478;613;571
705;538;628;563
721;519;615;571
743;567;625;574
748;735;627;425
761;679;678;582
734;690;682;573
716;585;637;548
783;638;646;570
707;525;628;571
773;695;706;622
729;548;641;566
708;503;621;575
716;619;620;526
742;636;667;585
753;644;681;587
737;599;654;563
766;605;610;563
698;662;659;508
725;631;665;593
764;624;632;573
706;527;627;577
705;514;623;572
798;705;654;569
705;510;622;577
764;594;605;563
726;604;633;568
695;490;615;565
753;616;671;608
661;563;599;493
755;669;604;548
706;518;621;574
779;616;627;580
700;619;665;573
720;571;652;570
753;675;625;533
738;598;636;570
787;667;643;575
719;723;693;461
702;504;616;564
758;610;651;585
786;618;693;661
744;580;668;621
753;635;681;634
722;559;644;575
708;485;613;568
727;581;628;561
775;566;602;575
731;567;648;588
726;527;634;604
737;742;730;621
711;519;566;497
701;505;617;532
783;666;626;502
702;508;623;537
754;588;633;537
756;588;642;542
770;718;682;531
715;572;648;504
640;663;623;391
741;620;633;535
750;612;653;566
774;609;670;597
743;631;644;510
755;596;640;544
696;567;639;493
722;577;664;540
702;507;615;539
765;662;666;560
752;588;661;574
739;574;652;564
713;603;619;515
