729;612;621;702
733;621;604;699
719;610;609;697
758;674;643;692
707;631;628;696
726;612;611;699
741;605;608;720
735;630;612;695
746;648;607;694
761;645;627;717
644;637;631;687
737;672;628;700
710;614;604;709
685;606;589;696
699;617;608;706
751;625;613;740
706;589;548;687
692;635;612;696
718;602;599;722
744;630;583;698
718;595;576;714
701;662;624;696
692;621;614;705
726;606;577;703
704;645;638;709
670;640;607;693
693;608;566;694
706;611;596;702
753;642;614;726
728;715;660;701
709;665;610;693
695;581;591;707
763;642;579;700
753;626;557;691
707;632;620;713
675;651;612;680
704;623;606;707
753;619;564;706
737;645;642;728
682;612;577;700
706;693;658;709
706;649;614;690
744;673;585;693
721;650;616;705
710;630;614;711
675;681;620;662
758;708;598;677
735;626;614;718
767;681;645;735
752;658;605;707
722;659;634;712
718;670;631;710
726;683;610;687
733;635;609;709
767;663;605;711
684;679;638;686
749;695;607;682
734;628;597;698
747;638;610;711
685;662;633;698
717;650;618;701
730;613;612;763
737;700;636;702
753;645;622;718
765;649;620;713
692;635;617;687
752;656;639;731
727;640;627;705
736;658;605;696
712;653;563;675
772;685;621;702
721;694;654;711
748;678;621;702
704;619;599;698
740;704;632;694
733;669;630;704
748;705;646;704
741;621;598;715
755;739;652;666
784;676;585;686
766;649;604;699
712;662;626;695
701;723;651;678
781;684;582;707
759;688;635;703
712;598;601;710
735;657;608;696
774;713;602;684
723;671;635;698
744;675;620;702
767;708;597;689
703;640;627;713
738;632;608;703
698;678;634;697
719;621;614;706
749;651;582;693
765;656;599;699
788;709;618;703
692;671;636;696
758;644;566;698
755;671;632;716
722;632;617;708
707;712;662;692
692;678;635;689
716;668;628;700
758;650;608;691
784;689;615;694
738;635;609;697
711;709;645;695
661;635;601;680
670;641;609;695
717;644;615;704
730;715;602;681
601;680;635;650
702;616;601;706
710;680;634;711
705;681;593;686
684;705;647;702
668;738;672;687
718;671;641;710
673;622;600;692
713;633;605;717
673;648;627;690
706;724;664;698
700;719;668;701
677;609;622;712
690;652;587;687
676;603;608;713
712;633;605;704
743;669;607;708
654;680;639;676
662;567;571;696
728;660;612;697
756;721;594;685
757;727;592;681
695;651;610;688
625;654;622;671
677;658;634;702
729;677;610;702
693;650;635;716
694;659;579;682
685;623;616;708
709;681;608;695
729;674;590;693
681;708;653;687
688;652;610;694
687;677;635;698
702;677;639;704
683;687;631;690
709;677;612;699
677;611;605;698
713;631;610;712
713;675;627;705
736;687;631;713
653;693;654;700
663;646;623;706
695;643;625;731
660;624;616;711
694;681;610;702
649;663;639;700
693;628;606;702
647;659;624;692
679;632;604;698
730;676;616;702
656;704;659;692
702;642;615;707
665;634;619;699
699;657;615;697
701;641;604;698
722;674;620;703
658;666;637;695
689;700;646;699
660;618;585;690
656;599;582;693
677;648;627;704
682;733;666;665
698;656;603;688
734;714;608;672
686;622;597;697
678;627;613;709
708;658;633;713
671;672;636;693
708;630;612;699
717;636;607;716
679;670;631;688
690;771;689;643
694;662;582;683
724;674;635;713
719;675;610;694
731;710;620;699
727;653;612;705
649;636;605;687
697;650;621;701
732;658;594;690
739;699;617;700
708;673;603;681
669;642;622;694
684;661;628;698
721;653;602;696
681;667;634;705
706;705;620;688
709;624;603;712
691;679;606;691
743;719;619;695
667;672;632;683
720;648;574;686
703;648;627;709
702;661;630;708
713;642;609;699
742;660;615;711
706;653;625;710
733;663;607;694
751;689;622;702
682;652;629;693
684;678;623;694
715;648;618;713
740;721;662;721
710;631;606;701
724;689;578;678
701;636;616;711
721;718;656;702
689;732;667;666
707;693;595;679
721;687;607;693
740;652;619;712
750;661;614;711
713;657;592;684
741;677;619;715
726;684;654;712
710;655;610;698
736;695;635;710
731;727;647;702
691;632;612;705
717;725;664;714
695;680;624;698
716;688;634;709
734;695;601;679
659;626;585;669
687;678;634;701
719;646;627;712
710;657;602;691
742;675;628;714
708;640;555;688
702;614;597;703
687;620;608;699
726;659;628;714
677;648;601;683
666;679;597;666
698;704;634;702
709;672;632;720
714;739;659;700
729;652;589;694
734;664;591;691
738;690;622;706
702;729;647;686
738;699;585;688
697;693;636;682
715;698;627;698
656;649;584;676
729;637;624;716
712;626;599;700
733;649;611;701
699;700;662;706
705;655;613;688
732;667;625;712
710;648;624;703
700;624;609;704
734;646;627;728
701;605;587;698
700;681;633;686
691;582;551;687
665;571;581;692
751;714;598;672
689;682;647;700
732;679;624;690
734;620;610;724
730;676;636;713
699;634;601;695
713;632;609;704
751;659;596;689
756;672;616;698
698;659;633;698
750;656;562;696
684;644;618;692
697;624;562;686
711;569;564;716
740;636;609;709
705;638;618;706
707;641;616;704
666;704;648;664
723;671;605;681
715;614;594;711
745;637;601;709
731;685;596;678
767;733;623;701
664;672;615;674
743;713;604;681
699;663;611;689
727;632;619;721
701;660;607;688
744;655;589;691
679;655;624;698
709;634;608;697
729;638;610;709
773;685;599;699
747;655;605;700
762;702;599;689
668;692;649;673
748;643;542;702
723;662;628;702
686;576;579;696
757;672;625;727
758;722;644;707
710;640;604;697
730;687;626;696
712;679;596;685
727;666;619;702
760;671;568;683
779;691;609;685
707;633;621;697
653;659;615;681
701;585;588;708
731;678;586;681
738;656;598;696
706;618;598;697
745;647;571;682
766;682;599;693
720;713;654;696
696;676;638;703
687;611;594;696
761;707;611;695
715;662;629;702
694;621;613;703
750;651;610;708
777;689;614;705
717;703;651;692
728;709;651;701
713;648;613;697
754;691;640;717
745;683;637;716
742;705;639;705
742;646;577;700
737;707;635;696
737;713;640;698
688;654;618;691
719;651;586;691
751;714;640;709
720;657;593;694
723;584;580;727
744;639;593;697
708;700;641;682
684;639;607;683
717;664;611;705
713;660;601;697
705;620;597;697
749;671;606;695
712;598;580;708
717;654;605;703
727;669;639;714
682;690;633;677
715;654;626;710
746;653;614;715
731;657;633;722
686;591;570;691
701;599;574;702
697;618;599;699
754;699;618;699
672;638;608;688
753;672;616;718
731;732;674;708
744;667;621;716
707;641;609;699
697;694;646;695
719;685;652;710
704;629;614;703
740;674;643;718
741;629;554;677
698;673;621;672
713;658;623;710
759;680;640;742
776;705;643;749
735;738;667;695
736;666;590;687
692;650;610;690
717;603;596;724
714;643;597;706
755;691;602;698
722;629;607;704
724;683;637;702
748;678;617;698
775;696;611;704
712;711;643;687
683;639;608;698
711;708;658;703
716;695;635;709
723;639;594;695
758;665;598;699
756;667;618;713
714;689;628;705
739;632;563;694
735;673;609;696
726;626;616;722
760;668;637;729
740;671;617;705
739;483;604;766
721;657;601;694
764;741;602;674
679;618;603;693
719;657;580;683
745;696;611;690
690;682;628;691
766;662;598;687
727;635;593;702
741;674;638;718
700;631;604;701
717;698;639;698
724;626;579;699
738;696;641;704
741;629;614;768
708;643;593;694
753;720;664;724
722;640;607;714
757;662;607;694
685;676;632;683
694;615;604;696
736;688;649;712
731;666;627;710
725;654;625;711
732;687;648;719
744;706;623;698
719;656;625;707
739;679;649;720
759;671;592;688
765;665;581;703
710;647;593;692
751;696;650;720
734;692;638;707
727;675;619;702
697;693;636;687
743;706;654;709
753;699;624;691
767;716;623;713
745;688;612;698
770;735;637;697
698;705;655;695
692;640;598;684
752;729;621;700
694;635;594;694
704;628;590;694
719;726;663;699
724;676;618;690
736;628;588;696
730;627;594;697
676;581;578;692
676;691;625;667
743;723;632;676
740;710;614;703
703;684;600;681
772;728;630;696
701;704;650;682
708;687;595;671
736;685;638;712
765;690;639;733
765;693;631;718
740;669;612;704
744;685;616;697
670;680;629;685
759;656;603;725
728;739;660;691
725;688;622;695
761;685;610;700
766;661;595;707
691;690;644;691
756;679;607;689
749;709;653;714
746;672;596;690
754;673;613;703
778;707;615;707
671;657;609;680
714;642;622;717
742;666;636;726
767;712;657;731
727;695;645;699
734;672;609;702
707;688;624;670
709;654;594;691
693;619;571;688
770;732;660;729
772;703;650;738
696;723;657;687
717;655;607;696
758;706;651;720
736;697;646;709
676;717;645;667
737;696;623;702
755;674;625;729
704;607;599;696
674;547;574;708
685;569;541;718
760;689;625;702
729;653;625;717
696;598;561;696
726;668;588;689
694;660;610;685
734;628;586;694
708;702;630;709
769;721;602;682
698;654;615;696
705;711;647;697
740;670;621;702
760;690;596;701
753;701;611;702
711;678;635;708
738;645;605;709
747;710;639;703
652;667;597;669
725;672;595;715
726;679;618;724
684;648;595;689
701;714;668;716
696;673;606;700
707;648;627;720
727;650;598;719
696;662;556;675
747;679;600;687
677;655;618;693
677;696;600;663
707;619;582;700
756;702;643;719
768;708;655;733
710;638;611;705
678;650;613;687
740;656;618;703
764;733;599;680
679;610;582;691
715;673;623;699
692;741;652;671
715;715;649;687
746;653;589;692
687;631;608;706
750;665;638;736
756;653;573;705
678;658;619;699
721;703;617;692
742;724;638;716
716;520;592;746
674;567;548;694
746;655;607;727
744;691;622;717
765;720;592;694
704;721;655;699
732;742;636;661
678;612;590;699
693;637;597;728
725;626;600;706
670;578;573;698
760;647;606;709
733;664;586;685
681;689;634;696
746;656;586;692
757;718;593;687
749;640;589;720
718;632;605;712
713;698;651;711
746;703;573;678
765;680;607;702
775;691;616;714
698;669;616;688
721;609;591;728
756;705;608;695
685;623;571;696
755;692;609;703
679;651;616;701
726;650;626;729
740;649;613;714
747;660;617;722
758;660;606;738
701;641;607;704
763;680;607;699
714;680;617;688
701;642;598;698
723;628;565;699
742;641;575;703
682;572;564;709
705;680;640;712
714;669;603;697
768;699;614;707
760;662;588;702
672;665;618;692
719;631;583;700
738;652;620;716
742;670;630;725
721;669;611;698
683;673;625;687
711;650;614;701
