57.5659999999987
-19.5240000000013
4.48599999999874
19.3199999999988
71.9619999999987
24.9039999999987
-23.3920000000012
-20.3580000000013
9.30599999999873
13.2919999999987
73.7379999999991
19.1019999999991
48.1999999999991
65.1179999999991
39.0259999999992
136.723999999999
65.2999999999992
55.4179999999993
87.4619999999993
69.8059999999994
52.7699999999995
153.642
75.4599999999999
98.5220000000001
63.1220000000003
92.3400000000004
97.7300000000005
69.3940000000005
125.014
92.3960000000003
108.404
96.376
78.914
120.556
88.838
118.542
111.752
87.78
156.658
102.28
137.164
151.83
150.61
138.796
88.12
142.678
121.304
69.968
122.59
97.8999999999999
99.352
22.8960000000001
53.9839999999999
58.6659999999999
64.2499999999998
109.398
75.9239999999998
88.4699999999997
69.3959999999997
50.6939999999996
36.1239999999999
78.1619999999998
69.0039999999998
74.8339999999998
64.4919999999998
57.0939999999997
32.8779999999998
105.302
87.2219999999998
92.802
96.83
72.9220000000001
47.4260000000002
48.5280000000001
97.2640000000001
63.6000000000001
73.3340000000001
40.486
94.0880000000001
72.772
77.0300000000001
64.8180000000002
49.8860000000001
52.1580000000002
63.5480000000002
31.7260000000003
33.5300000000004
81.9860000000003
46.9420000000002
61.2740000000002
55.9720000000007
111.706000000001
18.4660000000006
98.8260000000005
22.6900000000003
80.3700000000003
71.1640000000002
27.6280000000002
39.3320000000002
57.2060000000002
35.3040000000003
76.7720000000003
44.4700000000003
-22.3839999999998
5.55000000000024
62.0960000000002
38.1220000000002
85.0100000000002
82.5120000000003
34.8460000000003
80.9960000000003
59.5900000000003
4.47400000000022
72.2740000000001
77.6860000000001
18.2400000000002
39.8420000000002
84.6800000000002
33.6700000000002
14.9380000000002
32.9860000000002
72.8
86.578
15.35
15.35
46.186
89.892
87.1900000000002
100.122
72.6480000000002
38.5820000000001
14.5400000000001
68.6040000000002
56.4720000000001
42.5540000000001
94.1780000000001
90.4620000000001
3.40400000000011
-10.6339999999998
68.6140000000001
69.4480000000002
20.6780000000001
39.768
33.278
30.63
28.1239999999997
34.7659999999997
66.0899999999997
36.6379999999998
74.9099999999997
47.0779999999999
91.9539999999999
85.8039999999999
89.942
85.4640000000002
67.114
77.102
109.734
50.39
109.672
98.3499999999999
74.1839999999999
54.0719999999998
53.8799999999998
111.242
84.1399999999998
101.606
104.758
48.1879999999998
67.0339999999999
98.1499999999999
90.3619999999998
92.1079999999998
113.48
-19.7380000000001
-19.7380000000001
-11.3820000000001
103.75
104.512
52.7899999999999
2.09799999999996
96.232
36.1
92.11
108.324
39.2960000000002
31.0400000000001
87.2840000000001
32.908
99.498
39.3919999999999
28.0319999999999
104.112
48.9399999999998
-23.1340000000002
109.038
91.1059999999999
48.8319999999998
108.06
72.0159999999998
98.1659999999999
61.148
90.5559999999999
96.7500000000001
53.8480000000001
104.158
55.3800000000002
111.604
106.364
81.3320000000002
69.5980000000001
25.0400000000001
55.7680000000001
101.884
113.38
20.1560000000001
57.2920000000001
20.8440000000001
82.1480000000001
16.7620000000002
79.3720000000001
26.8800000000001
92.8980000000001
79.2300000000001
111.326
52.008
79.28
92.616
32.5819999999999
-5.89799999999985
41.6460000000004
82.1020000000005
22.1400000000004
134.622
58.4100000000006
65.6000000000006
58.2900000000008
97.3020000000007
52.9200000000007
65.3560000000007
114.612000000001
118.342000000001
57.1520000000007
54.4440000000007
129.992000000001
121.582000000001
39.3180000000008
106.128000000001
115.610000000001
91.4200000000009
91.0200000000008
61.5420000000007
106.248000000001
56.5620000000004
75.8000000000003
109.196
81.5080000000003
110.79
73.5820000000003
107.664
28.3580000000001
104.34
96.444
39.9
9.66199999999998
15.254
65.802
101.274
103.41
85.9840000000001
71.4000000000001
108.02
51.6400000000002
9.61800000000017
32.1240000000001
51.7680000000001
25.4900000000002
100.014
46.2419999999999
58.0480000000003
-1.48999999999967
126.294
87.2280000000003
61.4840000000003
129.456
95.6580000000003
46.3520000000003
104.942
116.424
73.7240000000003
79.9320000000004
52.4440000000004
118.724
67.4280000000004
96.6380000000004
79.2420000000004
64.3120000000004
68.4660000000003
67.8940000000002
63.2660000000002
108.528
100.706
67.3460000000001
76.6080000000001
113.162
66.8700000000001
109.052
81.8240000000001
39.7700000000002
49.1800000000001
55.7880000000001
91.3660000000001
96.6160000000001
61.2360000000001
16.15
39.9300000000001
46.64
38.3960000000001
91.3220000000001
48.71
53.498
90.406
49.68
89.4139999999998
29.0940000000001
16.99
-0.148000000000025
84.1720000000001
68.284
56.032
95.3460000000001
48.9180000000001
49.176
16.904
72.848
55.374
86.358
54.13
51.456
23.224
74.694
61.836
98.838
78.31
63.318
45.422
99.394
44.9300000000001
90.144
70.252
12.32
89.3799999999999
90.3419999999999
68.5339999999999
43.8519999999998
102.724
65.5939999999998
89.0939999999999
54.5799999999999
48.5139999999998
96.4299999999998
-9.93800000000033
103.224
126.818
23.4619999999995
114.299999999999
114.722
91.8999999999995
103.047999999999
66.3919999999995
30.9659999999994
57.6719999999995
48.8019999999995
104.751999999999
17.4959999999995
79.6319999999995
19.0479999999995
96.8259999999995
124.071999999999
41.1479999999996
99.9179999999996
91.7879999999996
96.9359999999996
45.6939999999996
70.5999999999996
65.6259999999996
108.632
105.82
12.2739999999998
12.2739999999998
12.2739999999998
51.8839999999997
-13.5819999999999
-11.468
79.6020000000001
73.1040000000001
-15.4399999999999
-19.3399999999999
71.7220000000002
106.054
131.95
121.838
122.528
107.552
112.252
87.2440000000003
109.772
118.272
118.272
3.75600000000043
91.0860000000004
130.826
104.07
33.4260000000003
92.9460000000004
-10.6419999999997
114.796
-2.72399999999976
-22.3939999999998
107.446
88.3540000000001
-19.732
44.1199999999999
110.698
42.8419999999999
89.376
45.0319999999999
137.542
90.576
82.434
36.7019999999999
124.216
90.1859999999999
114.144
75.5839999999997
69.1739999999998
103.112
97.1339999999996
17.3959999999995
31.5979999999996
12.7939999999998
53.2659999999999
40.1539999999999
95.96
116.342
39.8320000000001
50.3640000000001
108.966
83.2880000000001
132.856
83.2280000000004
34.7120000000004
116.31
71.2580000000002
94.6260000000002
105.558
124.326
61.268
46.822
33.8080000000001
60.5700000000002
100.152
39.9240000000001
112.91
85.3340000000003
44.2260000000003
29.7980000000003
91.3160000000003
22.6020000000003
111.536
125.194
101.064
103.258
109.53
48.8280000000003
105.144
49.9980000000004
48.8780000000004
92.7800000000003
116.594
29.1860000000002
82.3240000000001
118.056
103.314
107.25
88.28
5.02000000000004
79.396
100.986
55.228
94.4239999999999
82.4139999999999
37.424
79.5720000000001
91.5420000000002
48.9660000000002
41.3160000000002
84.7420000000002
67.4760000000002
91.3460000000003
45.0220000000004
52.9340000000005
4.14000000000038
-23.0079999999996
80.3360000000004
75.4800000000004
48.2320000000004
106.458
89.9020000000003
46.2280000000003
112.868
21.8260000000003
66.6180000000003
51.1980000000003
106.438
77.3860000000003
59.3340000000003
64.2380000000003
117.274
111.37
56.2440000000001
-28.6699999999999
111.94
87.1720000000001
107.354
54.592
26.2040000000001
27.3080000000001
-17.6039999999998
26.7460000000002
66.3180000000002
108.284
100.958
127.69
47.2079999999999
101.83
68.8499999999998
84.2659999999998
56.1139999999999
78.2139999999998
104.516
101.916
64.3739999999997
107.838
95.8139999999997
38.5499999999997
42.1679999999998
110.284
98.6659999999998
94.8219999999998
39.5619999999998
12.8679999999998
31.1379999999998
102.624
31.1219999999999
126.83
-1.28199999999993
111.306
37.8099999999999
14.782
24.5720000000001
38.3240000000001
28.7840000000001
15.8900000000002
79.6560000000003
33.0820000000002
88.3500000000003
90.6680000000003
43.152
50.8779999999999
97.5739999999998
58.04
24.6020000000001
118.002
76.2000000000002
48.7740000000002
34.1740000000001
85.6500000000001
88.3060000000002
134.39
93.4040000000001
100.72
52.352
71.9340000000001
112.942
64.456
27.216
127.846
120.636
59.3319999999999
64.0039999999999
115.432
115.432
60.1480000000001
96.1120000000001
104.252
112.78
21.7520000000002
50.6660000000001
73.1980000000001
58.3340000000001
119.202
26.808
52.574
49.2040000000001
89.6680000000002
124.822
105.61
122.63
106.564
114.718000000001
58.8840000000006
77.4600000000005
94.6280000000005
88.8340000000005
14.5500000000005
67.8200000000006
122.266000000001
90.8980000000005
102.550000000001
24.4180000000005
-6.02599999999939
4.82800000000066
41.7500000000007
68.3940000000007
71.2760000000007
60.7080000000007
94.1980000000007
51.8560000000006
102.022000000001
91.8040000000005
101.632000000001
79.9400000000006
39.0840000000006
112.702000000001
88.9820000000004
102.182
69.4020000000004
12.3180000000004
66.0040000000002
-1.47999999999973
95.8740000000001
31.5940000000002
73.8180000000001
73.8180000000001
69.682
89.07
89.934
-2.53800000000007
103.148
-14.0940000000001
103.934
35.862
35.9699999999999
85.3079999999999
100.486
0.863999999999805
20.6379999999998
53.9139999999997
49.5559999999997
102.512
35.0599999999998
100.386
81.5419999999997
57.1699999999997
39.6499999999998
38.3219999999997
53.2359999999998
107.214
35.8219999999999
98.774
1.452
79.48
83.656
83.656
81.0960000000001
104.038
113.952
47.1660000000001
66.9320000000001
101.756
39.288
50.694
95.246
80.704
33.3179999999999
101.174
85.6079999999999
52.9479999999998
20.1919999999998
1.20399999999978
96.5759999999997
-21.1040000000002
-24.6580000000002
27.8659999999998
112.934
58.4779999999997
22.7359999999998
32.8339999999998
37.2799999999999
29.2619999999999
95.9399999999999
45.4719999999999
84.8959999999999
-15.3080000000002
-9.05800000000022
91.7619999999998
114.81
101.92
94.4879999999999
58.0959999999999
28.7179999999999
88.3079999999999
63.0239999999999
39.2399999999999
105.42
48.7579999999999
37.1599999999999
69.0459999999998
97.0219999999998
-7.96000000000015
-0.264000000000124
109.584
113.424
37.1140000000001
75.6920000000001
107.888
51.2400000000001
18.8680000000001
52.6660000000001
98.9500000000002
86.8940000000003
125.33
113.642
12.098
110.912
109.804
48.0440000000001
112.832
78.3560000000002
34.3580000000003
88.8140000000004
68.0480000000004
117.510000000001
-15.7539999999995
10.0080000000007
115.802000000001
115.802000000001
43.4300000000005
7.88600000000031
45.6700000000004
102.324
5.12600000000032
108.22
50.9000000000004
51.3900000000003
72.8020000000002
97.2820000000003
93.2480000000002
106.96
104.718
43.1700000000003
60.2540000000002
49.5020000000002
105.828
90.7520000000002
39.5580000000002
53.8320000000003
41.8140000000002
92.5680000000003
83.6180000000004
101.438
96.4140000000003
42.5100000000002
47.1040000000001
74.038
109.716
90.3819999999999
87.2799999999999
83.8179999999999
19.8719999999998
14.968
49.898
49.898
-13.276
51.61
10.028
43.776
72.528
67.482
-8.916
52.6599999999999
99.384
64.6179999999999
22.574
90.442
26.242
10.7860000000001
20.564
77.36
56.24
84.7180000000002
34.9640000000003
90.0740000000004
88.8660000000003
54.7260000000003
47.1620000000004
88.8260000000004
121.066
16.7180000000004
81.8080000000003
117.912
62.6160000000004
62.3620000000004
