14.884000000001
15.2560000000009
52.4240000000009
60.1640000000009
64.036000000001
13.788000000001
71.2600000000011
68.1800000000011
27.6840000000012
70.1680000000013
49.9480000000014
27.0420000000016
15.8700000000016
20.7160000000015
90.9860000000014
93.4960000000012
70.5380000000011
78.5580000000012
89.1240000000012
94.0720000000011
101.336000000001
59.836000000001
68.8960000000008
97.8380000000007
74.6620000000006
75.9000000000004
26.6600000000003
89.4580000000003
66.9180000000003
65.0880000000003
35.9160000000002
63.2080000000002
67.8260000000002
58.4560000000002
103.134
71.7400000000002
58.7020000000002
49.1000000000003
76.7940000000003
86.6820000000002
-14.2759999999998
23.3500000000002
19.7400000000001
63.6580000000002
81.8800000000002
62.5480000000002
82.0940000000002
14.4140000000002
81.5020000000002
96.8060000000001
96.8060000000001
74.0960000000001
37.2020000000001
54.52
54.36
44.2460000000001
56.1020000000001
41.8780000000002
87.8760000000001
79.5720000000002
18.3440000000002
51.9460000000003
63.5300000000002
0.278000000000191
52.9960000000002
57.22
32.946
38.562
57.942
17.078
72.3480000000001
70.938
87.9160000000001
120.326
77.9179999999999
115.348
40.1059999999999
72.5819999999999
69.3639999999999
16.7739999999999
79.268
5.78999999999996
64.668
49.1999999999999
56.8119999999999
82.424
80.188
77.204
59.214
49.818
91.18
78.552
86.122
54.8620000000001
39.7160000000001
108.452
58.554
86.186
53.5700000000001
61.3940000000001
71.236
62.6119999999999
41.0619999999998
-35.5640000000001
88.8399999999999
29.3159999999999
51.326
30.4680000000001
52.6440000000001
63.1500000000002
-27.5899999999997
66.4320000000003
56.1500000000004
97.5720000000005
87.0840000000004
80.7700000000004
-13.7819999999996
60.3700000000005
35.2260000000005
93.3720000000005
118.272
118.272
62.5180000000002
77.3160000000001
57.0660000000001
71.0160000000001
92.3800000000002
58.2780000000002
83.5240000000002
81.1720000000002
-42.5579999999998
28.5380000000001
29.1060000000001
74.9460000000001
69.2780000000002
66.6580000000001
57.5120000000002
63.0300000000001
93.5140000000001
23.3080000000001
23.3080000000001
23.3080000000001
90.1680000000001
108.754
44.1280000000001
89.0120000000001
92.3860000000001
94.8100000000001
94.8100000000001
42.956
90.6499999999999
-9.93600000000004
26.0019999999999
0.0839999999998327
37.0719999999998
50.2959999999999
13.7899999999999
91.3379999999999
-49.7480000000002
30.0859999999998
26.6179999999998
114.252
65.5139999999999
108.906
55.1779999999999
28.3139999999998
63.0679999999998
53.3259999999998
87.9439999999999
7.59799999999996
100.444
97.0659999999998
41.1579999999998
49.4799999999998
89.4879999999998
75.6039999999998
58.3139999999997
96.1679999999997
87.6539999999998
97.4579999999997
93.3439999999997
103.314
44.7979999999997
83.8339999999998
100.83
25.1599999999998
93.0679999999998
76.4859999999999
98.6539999999999
98.2419999999998
100.286
66.598
39.446
82.418
50.3840000000001
26.9180000000001
86.5240000000001
40.464
46.7379999999999
30.0379999999999
68.3559999999999
39.6660000000001
62.2380000000001
60.8060000000002
107.464
30.732
44.85
33.514
11.396
95.842
90.134
61.782
60.734
61.15
44.83
78.8400000000001
71.0300000000001
88.5880000000001
105.564
105.266
44.7720000000001
59.918
71.452
61.796
44.048
97.996
13.596
2.37999999999994
50.1999999999999
99.3699999999999
99.8939999999999
67.61
67.1540000000001
-11.3759999999999
73.5180000000001
80.7320000000002
69.2260000000003
92.6680000000002
96.1940000000001
103.972
82.104
30.6640000000001
51.3640000000001
51.3640000000001
64.8720000000002
65.4800000000001
91.2340000000003
85.4120000000003
83.8200000000003
-11.2479999999997
33.2240000000003
5.27400000000023
19.1100000000002
80.5860000000002
82.3600000000001
97.2000000000002
34.1640000000001
78.6620000000001
45.9560000000001
39.6640000000002
50.1980000000002
68.9140000000002
35.5120000000003
78.1360000000002
86.1720000000001
26.2660000000001
7.81000000000012
-0.362000000000023
15.83
33.426
14.3579999999999
-8.89000000000004
22.2759999999998
99.2819999999999
68.4759999999999
50.252
20.702
73.628
86.2859999999999
83.3619999999999
40.7520000000001
54.4800000000001
78.2080000000001
64.3720000000001
16.1320000000001
30.8380000000001
30.1580000000001
81.3620000000001
81.3620000000001
51.1420000000001
53.5720000000001
50.668
116.364
97.0579999999997
34.8239999999997
90.6119999999997
84.5339999999998
-19.6420000000001
5.26199999999977
-32.9480000000002
80.766
109.998
35.124
39.4880000000001
43.5160000000002
88.5180000000002
52.5240000000002
56.8300000000003
71.3440000000002
77.2379999999999
86.2599999999999
68.358
89.732
60.884
92.26
65.088
69.4999999999999
20.2599999999999
84.3539999999999
6.52999999999992
69.3899999999999
64.7519999999999
82.752
56.636
37.988
83.328
114.508
66.3140000000001
7.94800000000009
21.3180000000002
98.3560000000002
-14.6039999999998
24.9440000000002
38.6620000000002
6.63600000000025
1.83400000000029
15.2880000000002
-40.0319999999998
16.5960000000004
25.9460000000003
65.7860000000001
109.366
77.868
94.324
69.428
90.298
65.418
49.998
82.81
95.606
95.606
86.9120000000001
-7.97799999999995
13.632
29.246
37.7960000000001
76.0100000000002
100.33
92.6300000000001
105.476
-42.9079999999998
1.12000000000018
-15.8519999999998
-67.4379999999998
-47.7939999999998
39.9180000000002
79.2940000000003
54.4700000000003
1.40600000000023
45.2640000000002
5.86200000000025
49.0880000000003
60.3980000000001
91.1000000000002
53.5960000000001
29.3620000000001
75.4020000000001
88.7980000000001
-51.2399999999999
49.0300000000001
73.374
76.7220000000001
92.6780000000003
24.9500000000002
95.688
5.89400000000012
67.2560000000001
39.0480000000001
74.9100000000001
76.6300000000002
71.7680000000001
38.0400000000001
105.214
86.0080000000001
73.7260000000001
78.5980000000001
51.4080000000001
83.45
56.3580000000001
54.964
77.27
67.486
94.03
56.96
76.9900000000001
74.244
37.0580000000001
70.702
95.534
31.0880000000001
37.128
101.624
93.564
3.85600000000005
70.3
75.14
74.594
32.8679999999999
20.4599999999999
98.5779999999999
105.554
-42.522
-40.666
104.848
84.6159999999998
99.1959999999997
38.7719999999997
23.3039999999996
100.318
85.2739999999996
16.3499999999996
45.4459999999996
19.5839999999995
99.0959999999994
79.5499999999995
92.3059999999995
83.4879999999995
38.9719999999996
-20.5880000000004
-7.95200000000045
41.4339999999996
107.132
83.8679999999995
-4.14000000000044
91.7359999999995
84.5559999999996
66.7799999999995
91.3719999999996
-7.93000000000058
-46.4700000000005
-23.3060000000006
114.235999999999
108.595999999999
-28.6060000000005
84.3179999999995
89.0799999999998
25.1439999999998
60.1899999999998
17.1199999999999
19.004
52.1680000000001
4.64600000000002
-29.2699999999999
31.4040000000001
32.9520000000001
103.506
43.5160000000001
94.3220000000002
86.708
89.342
125.228
106.072
21.9840000000002
51.5300000000001
112.314
60.2520000000001
55.648
18.746
49.09
33.44
-30.206
52.7140000000002
7.57400000000013
24.2080000000003
77.1320000000002
82.9360000000002
29.5660000000003
95.7980000000002
102.614
109.492
68.5760000000003
23.9280000000003
43.6620000000003
92.0560000000004
122.584
49.0840000000002
69.4300000000001
95.4880000000001
94.75
37.8679999999999
7.36599999999999
30.276
5.93399999999997
35.828
108.282
118.108
51.7580000000001
114.588
53.5480000000001
64.7700000000002
90.0860000000001
107.606
72.6760000000001
113.39
88.8720000000001
29.5120000000002
23.3180000000002
94.1600000000001
106.942
16.3759999999999
13.9039999999998
-0.934000000000083
-0.372000000000071
28.2139999999999
14.6439999999998
83.1859999999999
24.2079999999999
80.2119999999998
73.9559999999999
8.86199999999997
24.6679999999999
0.541999999999916
52.76
90.17
74.292
91.26
78.03
85.478
58.432
46.2220000000001
63.706
92.3100000000001
0.704000000000178
40.3040000000001
37.6760000000002
68.7880000000001
69.0600000000001
56.3240000000001
9.33600000000013
86.058
28.1520000000002
64.1200000000002
89.2100000000002
45.1260000000001
24.9460000000001
27.668
26.8160000000001
81.5460000000002
48.6100000000001
74.0400000000002
44.3580000000003
79.6720000000003
13.4320000000001
69.2900000000001
-20.136
92.3240000000001
51.0820000000001
100
37.5600000000003
44.4660000000002
33.5820000000002
6.73600000000022
74.8540000000003
-11.1719999999997
29.9280000000002
27.7840000000002
7.18000000000029
81.1600000000002
43.8420000000002
49.1960000000003
125.462
66.7900000000002
92.0360000000002
87.7320000000002
91.8100000000003
52.1220000000002
45.4380000000002
84.8160000000001
33.0260000000002
64.024
46.224
-2.81999999999982
42.0180000000001
89.7500000000001
60.3600000000002
54.4540000000002
44.1540000000001
10.1320000000003
50.7120000000003
89.9020000000004
47.3900000000004
100.968
37.4680000000004
30.1880000000004
33.6380000000004
48.2620000000003
85.9040000000002
17.8440000000002
14.9960000000002
11.1980000000002
92.1900000000002
44.5980000000001
21.7040000000002
72.6240000000001
56.8260000000001
70.9780000000002
51.3580000000002
52.3940000000001
9.90400000000011
53.2900000000002
37.3720000000001
52.1060000000001
26.3500000000001
45.922
57.2340000000001
130.866
124.952
71.6940000000005
106.536000000001
77.0740000000003
39.5740000000002
44.814
54.314
80.3099999999998
53.336
38.0120000000001
5.03800000000012
69.5520000000001
65.2120000000001
31.4280000000001
35.6700000000001
83.95
59.4180000000001
70.6840000000001
23.878
51.5400000000001
19.8080000000001
57.7680000000001
63.6580000000001
14.3260000000001
52.9980000000002
18.6480000000003
79.7920000000001
45.2700000000002
-21.3499999999999
59.3380000000002
63.5940000000001
26.1980000000001
12.8440000000001
32.186
48.8799999999999
49.7339999999998
57.1579999999999
97.0419999999999
89.2080000000001
105.63
75.9400000000002
60.9280000000001
24.1640000000001
67.404
73.4059999999999
29.6999999999999
60.774
19.322
44.0199999999999
91.5619999999998
43.4519999999998
50.9599999999997
95.1059999999998
99.8039999999997
49.1399999999998
81.3099999999997
84.3959999999996
86.7439999999997
1.39399999999966
20.7759999999996
19.7919999999997
1.91399999999987
33.6839999999997
52.5179999999998
51.3159999999998
93.8539999999999
87.0059999999999
78.6699999999997
107.008
20.2739999999998
86.9379999999998
35.7559999999997
67.5979999999997
103.128
99.9599999999998
107.108
61.4159999999998
91.0099999999999
48.2379999999997
27.7099999999998
58.9919999999998
32.7579999999998
71.7719999999998
95.1780000000002
21.4040000000002
35.1420000000002
33.0420000000001
40.0080000000002
-42.1639999999999
80.4740000000002
69.7620000000001
66.678
56.404
56.404
56.404
56.404
56.404
88.696
58.0839999999999
58.0839999999999
58.0839999999999
74.3139999999999
74.3139999999999
29.9119999999999
56.1419999999999
65.446
78.3720000000001
32.2280000000002
79.6920000000001
17.7880000000001
42.2520000000002
70.9160000000003
36.2280000000004
1.80200000000036
65.2900000000002
77.6680000000003
82.5400000000002
1.27600000000018
112.278
99.1460000000003
63.3140000000002
17.6340000000001
107.058
77.088
83.6299999999998
48.5839999999997
40.5239999999998
52.3699999999999
44.4239999999998
58.7459999999999
94.522
80.362
81.554
82.384
31.636
22.7699999999999
65.9899999999999
55.1319999999998
44.8819999999999
11.5259999999998
34.7799999999999
-0.628000000000156
66.2819999999998
71.0239999999998
76.7899999999995
8.47999999999956
7.7379999999996
53.0199999999996
74.6099999999997
68.1939999999996
67.1939999999997
72.6159999999996
36.2639999999997
58.2339999999996
62.5619999999998
90.9239999999998
41.8419999999999
50.45
32.494
97.4520000000001
38.8440000000002
55.3240000000001
44.4640000000002
21.1460000000002
31.1600000000002
35.3840000000002
66.7660000000002
-3.20399999999972
27.9940000000003
56.0760000000002
54.9340000000003
92.4740000000002
77.2800000000003
35.2240000000004
53.3240000000004
17.0760000000004
31.4040000000003
33.9140000000004
77.6460000000004
85.3100000000003
74.1340000000004
48.1240000000003
84.5280000000002
16.0920000000002
80.4120000000001
90.1920000000002
63.1720000000003
86.1240000000001
49.76
68.2
72.0359999999998
87.472
70.404
14.952
59.7959999999999
-2.11200000000008
26.758
75.11
53.442
91.5000000000002
41.3280000000003
-8.6719999999998
-13.2659999999997
80.9920000000002
74.9560000000002
71.8740000000003
76.0660000000003
45.0460000000003
78.0440000000003
100.306
-60.4339999999995
38.9460000000005
38.9460000000005
103.13
34.8220000000003
-9.75399999999968
-11.5379999999997
23.3100000000002
83.5760000000002
97.4080000000001
45.5640000000002
62.8880000000001
-0.839999999999918
96.6020000000001
25.6280000000002
91.4300000000001
76.6140000000004
47.2180000000004
32.2480000000004
57.0680000000004
97.8900000000003
72.6520000000003
