104.142000000001
26.5420000000014
72.1580000000013
97.3660000000014
43.9000000000013
50.6680000000015
80.1860000000015
104.222000000002
96.7620000000018
60.1500000000018
66.268000000002
77.820000000002
72.0540000000019
71.0540000000019
84.3660000000019
20.300000000002
65.872000000002
48.4500000000021
39.0880000000021
66.1980000000016
78.4380000000014
98.7620000000013
22.0060000000011
82.338000000001
73.9460000000008
70.0580000000008
55.1920000000007
31.8980000000007
59.2200000000007
68.3980000000007
72.5700000000007
84.8720000000009
49.306000000001
62.5660000000009
73.748000000001
62.5360000000007
39.9180000000007
61.1900000000007
59.6760000000006
64.1440000000006
62.4060000000002
50.8360000000004
81.1900000000002
46.7440000000001
55.3040000000001
-2.40799999999979
57.2420000000001
66.4780000000001
47.1300000000002
17.1820000000001
18.0160000000002
37.0000000000002
13.9120000000001
56.9520000000002
81.3700000000002
21.5200000000002
65.1920000000001
7.90200000000004
59.5300000000001
68.0880000000001
41.736
21.8620000000001
35.992
61.526
38.278
78.4419999999999
31.8799999999999
64.1839999999997
65.7419999999998
41.0159999999998
19.5779999999999
-28.4240000000001
20.7819999999997
15.4219999999998
28.3159999999998
33.9939999999999
-19.0820000000001
24.3159999999999
28.792
48.47
-6.63599999999997
39.9259999999999
41.748
84.9179999999999
79.8499999999999
84.4639999999999
51.1839999999999
82.6099999999999
21.3819999999999
21.3819999999999
37.8439999999998
50.5559999999999
68.134
87.1959999999999
74.7379999999999
19.558
3.83799999999997
41.5799999999999
67.982
46.928
76.434
79.506
68.6040000000002
72.788
61.5540000000001
81.4240000000001
55.4639999999999
21.9320000000001
-6.79799999999977
24.4040000000001
42.5240000000001
84.99
57.1920000000001
-20.3959999999998
51.9180000000001
49.8220000000001
52.4240000000002
62.3740000000005
11.1580000000005
62.6400000000004
36.6480000000004
42.0300000000004
9.31200000000035
51.4480000000004
55.3900000000004
7.32800000000032
47.0260000000003
64.3000000000005
21.3580000000005
63.7480000000005
9.42200000000037
4.25000000000034
38.0020000000004
87.1160000000002
-4.18999999999983
-16.478
-16.5839999999998
46.9940000000001
54.6440000000001
70.4520000000001
81.0160000000001
69.596
23.4140000000001
25.802
73.674
46.734
46.4179999999999
54.2259999999999
79.6879999999999
79.348
46.1659999999999
-22.87
43.3000000000001
0.120000000000232
65.5960000000002
53.2260000000003
30.4040000000001
67.0500000000002
56.5360000000002
48.0860000000004
48.0860000000004
4.88400000000024
-3.78600000000006
27.744
7.73000000000002
3.10000000000014
54.1560000000001
-15.528
-21.2660000000002
60.4419999999999
51.0179999999999
33.3120000000002
22.0560000000003
35.0400000000002
82.8260000000001
53.5220000000003
71.4360000000001
65.9380000000002
12.1800000000002
61.2480000000002
-4.13199999999972
27.0120000000003
70.9720000000003
19.1140000000004
89.7920000000003
57.6180000000004
88.9860000000004
35.9380000000003
88.7920000000003
87.2880000000001
46.998
86.9100000000001
71.9320000000001
46.7660000000001
73.3680000000001
94.288
97.114
50.3140000000001
78.9879999999999
57.8739999999999
74.1339999999999
77.3059999999998
69.9379999999998
36.1919999999997
56.9899999999998
62.1519999999998
38.1499999999999
-21.5300000000002
27.7799999999997
28.7339999999999
-22.6480000000001
-25.6360000000003
-0.794000000000437
42.5679999999998
-6.65800000000024
-6.79400000000044
43.6219999999995
52.4699999999993
62.3239999999993
89.3359999999997
87.9819999999996
57.4459999999996
43.1319999999995
79.3259999999996
54.1239999999995
62.9279999999995
53.1859999999995
86.0319999999995
84.3319999999994
27.3819999999995
-4.85800000000063
75.9579999999994
77.8279999999995
65.5679999999995
22.0259999999995
72.6579999999996
59.3339999999996
49.4539999999996
42.0459999999997
4.0939999999996
57.4359999999996
38.1619999999997
77.1999999999998
11.4599999999999
62.9899999999998
43.8419999999998
37.7479999999996
59.6979999999998
69.5259999999997
65.2679999999998
42.29
50.41
50.41
44.27
70.92
61.052
72.504
36.14
35.8539999999999
28.67
40.14
10.472
27.052
19.784
77.732
43.1339999999999
50.3779999999999
15.254
68.776
17.78
68.432
58.61
73.454
73.224
49.8299999999999
22.806
7.94599999999991
47.784
52.712
64.2439999999999
62.792
64.6360000000001
27.612
79.7900000000001
33.8439999999999
60.5219999999999
75.6559999999997
42.2799999999999
56.7199999999998
52.3719999999998
4.1819999999999
27.588
59.5759999999999
49.3919999999998
49.524
16.252
44.622
29.002
44.646
4.35399999999981
40.1679999999999
-31.2280000000001
57.876
12.544
30.5799999999999
-8.67600000000004
71.576
39.2899999999999
39.8279999999999
43.9579999999999
85.5419999999999
6.428
67.078
61.9259999999999
69.7819999999999
43.2019999999999
48.9819999999999
48.5979999999997
29.7479999999998
54.8319999999997
51.0579999999997
47.1139999999997
38.6299999999999
50.8059999999998
40.9299999999997
-27.0500000000003
41.9759999999998
57.5899999999997
41.5919999999998
41.2459999999996
84.8759999999996
-24.1880000000002
59.1039999999997
66.6219999999997
55.8879999999998
35.6999999999997
49.2939999999998
73.3279999999996
69.8179999999996
57.3059999999997
29.7039999999996
7.57799999999963
56.8899999999996
-20.0920000000002
29.3619999999999
68.7719999999998
64.2519999999998
69.9039999999998
79.6439999999998
53.4779999999998
30.2980000000001
8.19800000000009
38.0100000000002
61.3460000000003
31.0740000000004
40.9940000000005
74.7160000000005
76.5080000000005
11.9000000000005
13.5680000000009
48.0400000000009
40.972000000001
77.152000000001
82.584000000001
67.3880000000011
57.4460000000009
44.3920000000011
79.7600000000011
85.5460000000011
58.398000000001
46.794000000001
41.4100000000009
33.3380000000009
65.246000000001
-11.965999999999
37.0500000000006
62.5480000000007
-15.0899999999993
30.4060000000005
32.2200000000005
65.6440000000006
63.9320000000005
33.9080000000004
38.5000000000003
0.878000000000497
43.4080000000006
20.2400000000004
44.4060000000003
53.806
57.5540000000001
56.704
65.47
32.936
57.904
59.662
28.274
17.606
13.226
40.2859999999999
42.328
56.8480000000001
26.918
26.918
26.918
26.918
26.918
33.144
30.4299999999998
35.8019999999999
33.308
-3.24800000000005
3.93399999999997
39.164
59.0040000000001
30.6500000000001
54.39
48.6039999999999
41.1120000000001
36.092
40.734
17.612
68.2480000000003
32.4600000000002
37.6460000000001
52.766
29.7020000000001
54.282
18.9800000000001
47.6160000000001
31.0700000000001
15.1299999999998
43.0499999999998
64.2439999999998
-10.8780000000003
32.0239999999999
41.6539999999998
37.6439999999998
36.1699999999997
41.3679999999998
39.1779999999998
-2.05000000000018
22.9099999999999
68.9059999999998
55.1980000000002
79.8520000000001
75.4820000000001
31.3200000000002
53.0120000000001
-3.28200000000015
46.2959999999998
33.9879999999999
33.9440000000001
46.544
47.1920000000001
81.314
70.732
65.2779999999999
35.7779999999999
-8.57799999999997
-33.1419999999998
-37.0799999999998
45.0840000000003
60.7380000000003
75.5820000000003
51.4800000000007
39.3460000000008
51.9780000000007
35.1300000000007
40.5920000000007
24.4800000000007
41.3280000000007
60.8520000000008
19.2860000000007
9.63800000000072
34.8360000000007
-9.8899999999993
55.9460000000007
64.6100000000007
42.7600000000007
44.5300000000007
66.5000000000006
48.9720000000005
31.8700000000007
30.8080000000007
32.1340000000008
57.0800000000007
63.5720000000007
65.8040000000007
17.7400000000007
58.0180000000007
28.7560000000007
68.7540000000006
50.1820000000007
38.5360000000006
44.2220000000007
10.8720000000009
2.4120000000006
-9.80399999999963
4.09200000000033
9.51000000000033
63.4840000000003
44.3580000000003
36.0980000000003
10.1740000000001
55.0700000000002
29.3520000000001
81.0160000000002
70.0480000000001
39.5240000000003
69.1780000000002
67.6639999999999
79.7079999999996
34.8119999999998
56.2799999999999
19.15
46.9339999999999
-1.26400000000012
26.3699999999999
34.3899999999999
11.3399999999999
-1.65000000000009
-27.7320000000001
35.1939999999998
49.1580000000001
27.9380000000001
27.9380000000001
66.5860000000001
53.394
49.3960000000001
-4.25799999999992
23.6560000000001
38.5379999999999
27.8239999999998
49.3879999999999
6.94799999999987
62.9999999999998
56.8439999999998
56.4779999999998
78.9619999999999
70.4679999999998
61.8699999999999
54.8019999999998
70.9139999999999
46.7359999999999
41.756
30.7900000000001
40.3880000000003
54.5740000000002
45.0420000000001
73.4340000000002
14.5500000000002
43.5480000000002
59.1800000000002
39.9320000000001
33.3780000000002
27.6560000000002
66.4420000000001
49.0600000000002
36.8840000000001
44.5620000000001
57.1120000000001
29.8620000000001
-11.096
57.8099999999999
35.1579999999999
64.9239999999999
30.55
61.454
66.1019999999999
44.2239999999999
24.3279999999999
45.058
3.45199999999988
39.3119999999999
53.2959999999999
45.1559999999999
14.2379999999999
-11.316
40.0659999999999
30.958
47.088
54.7580000000004
65.5080000000004
-11.9999999999998
26.1320000000002
38.4220000000004
60.0600000000004
23.998
-0.293999999999983
33.6999999999999
33.4460000000001
-10.0459999999997
-21.1319999999997
40.5000000000002
65.3860000000003
61.6520000000004
57.4120000000004
85.7960000000003
43.8840000000004
60.0740000000005
69.4620000000004
96.3720000000004
52.0540000000004
26.3460000000005
60.8040000000004
22.4120000000004
43.0260000000004
82.2740000000005
64.9580000000005
57.9540000000002
59.152
42.01
10.0080000000003
41.4940000000003
24.7760000000002
-35.568
25.3159999999999
50.708
57.2359999999999
57.1019999999999
61.8539999999999
46.1899999999997
28.7939999999998
58.0679999999999
16.3179999999999
25.1719999999999
18.3439999999998
21.4859999999999
1.31599999999992
3.96999999999957
2.4539999999995
27.2359999999995
49.3079999999994
28.0839999999994
59.4539999999995
46.7699999999993
43.5099999999993
-32.8160000000008
14.7299999999991
37.6059999999991
64.0779999999992
11.7419999999992
47.4619999999992
47.4619999999992
22.8279999999991
39.161999999999
39.5259999999992
2.92399999999918
-22.6140000000007
23.3019999999995
0.793999999999528
3.01199999999949
4.82999999999959
-9.8720000000003
26.1399999999996
14.4979999999996
54.0059999999996
65.992
-5.01800000000014
4.78399999999988
24.5399999999999
71.0579999999999
40.824
23.2339999999999
-2.50599999999997
23.5160000000001
20.7520000000001
13.6800000000002
47.2220000000003
57.0260000000004
20.9940000000004
40.6460000000004
45.0360000000004
59.5400000000003
54.8700000000003
45.0220000000004
49.9040000000003
35.2060000000004
38.4140000000004
29.7720000000004
63.1620000000003
0.224000000000274
-2.72999999999979
48.4080000000002
34.2580000000002
77.4580000000002
-12.2999999999998
44.6180000000001
40.766
31.972
21.5379999999999
69.3699999999999
-20.3260000000001
28.4639999999996
53.3919999999996
44.6739999999995
55.3419999999995
89.4299999999995
81.5559999999995
48.0179999999996
81.7079999999996
70.2199999999998
57.2699999999999
41.2199999999998
59.2219999999999
70.8339999999998
80.6559999999998
48.9059999999996
39.3379999999999
25.0279999999998
56.0679999999999
41.3479999999997
75.5619999999998
85.2799999999999
49.4119999999998
61.6439999999999
7.91399999999987
55.5239999999999
19.9719999999999
30.0199999999999
44.1419999999998
24.1499999999999
37.0179999999999
34.088
-2.89200000000005
4.60599999999999
-19.448
43.224
45.0360000000004
60.8460000000003
36.5080000000005
66.8340000000006
6.05200000000048
46.8120000000004
47.6760000000004
49.2600000000003
40.1080000000003
57.1880000000003
42.6600000000004
22.4580000000003
51.7800000000003
-21.1379999999998
2.42200000000025
4.29600000000016
-25.3820000000001
6.13
49.886
61.672
23.6980000000001
33.3440000000001
67.0880000000001
22.424
60.792
28.46
-12.3799999999999
51.104
33.768
49.954
66.5059999999999
66.5059999999999
35.3799999999998
25.0219999999998
67.0459999999997
58.8039999999997
64.7219999999998
83.4519999999998
71.0539999999996
73.6459999999997
43.5219999999998
43.5219999999998
43.5219999999998
43.5219999999998
43.5219999999998
43.5219999999998
43.5219999999998
64.5399999999999
62.4819999999999
37.3119999999998
22.6239999999998
32.2459999999999
10.5479999999998
29.4359999999998
66.458
35.544
12.38
46.5180000000001
58.6460000000003
64.9020000000005
42.0240000000005
79.9620000000004
30.9880000000004
44.5180000000004
36.0920000000004
47.8760000000004
60.9320000000004
16.8340000000004
29.8740000000004
-2.89799999999957
-37.2959999999995
-35.8379999999995
37.4640000000005
51.4440000000005
53.8680000000006
68.0720000000005
7.74800000000062
26.8920000000006
52.9620000000007
60.8600000000007
90.1620000000008
81.5460000000007
81.5460000000007
57.3900000000008
40.1820000000007
-13.6819999999993
57.3420000000007
16.2500000000006
19.1920000000006
30.4780000000006
60.4660000000007
42.7640000000006
82.8240000000006
74.9740000000007
47.9080000000006
64.7600000000003
49.6560000000003
49.6560000000003
15.4580000000003
36.1780000000003
59.1500000000003
13.3620000000003
68.4620000000003
48.3640000000003
43.0440000000003
62.7520000000004
56.0880000000005
74.7580000000005
73.1580000000006
75.7040000000005
52.5060000000007
66.1320000000006
20.5860000000006
41.2100000000006
64.2840000000007
33.6340000000006
42.5560000000005
50.2380000000005
-2.47799999999961
4.11400000000049
73.9680000000005
36.0980000000004
14.1960000000004
53.1600000000003
15.3880000000003
17.0240000000002
54.9260000000003
63.3520000000001
73.146
60.528
-59.8260000000001
-59.8260000000001
-59.8260000000001
-8.91600000000005
69.386
57.0519999999999
62.0239999999999
17.8019999999999
20.3719999999997
76.9059999999997
10.1559999999997
8.02799999999979
34.6079999999997
39.5439999999998
84.5259999999996
61.5659999999996
54.2059999999997
55.2099999999998
52.6819999999997
15.2939999999996
4.04999999999961
11.4719999999996
48.4779999999995
56.6499999999995
