-132.524682886599
-46.1806828865994
-92.8706828865995
-93.8306828865995
71.9973171134009
-58.9586828865995
-97.1746828865995
54.5233171134009
-50.0826828865994
-50.0926828865994
8.7393171134009
-145.986682886599
-42.2866828865994
-83.2066828865995
-84.0186828865995
-112.628682886599
-157.312682886599
-11.8006828865991
51.9513171134009
-72.1186828865991
-62.678682886599
-53.846682886599
-79.5006828865988
-40.0986828865987
-38.8306828865986
-24.5826828865985
-16.2826828865978
6.4733171134019
76.4633171134019
-65.3406828865978
112.871317113402
-4.3286828865981
20.1093171134019
120.923317113402
-59.1946828865978
-82.6586828865979
-28.8666828865978
-109.740682886598
71.7013171134019
105.729317113402
62.9333171134019
38.5593171134019
31.4493171134019
-5.7666828865981
29.2613171134019
15.6073171134019
63.4433171134019
114.501317113402
-22.3026828865979
21.7253171134019
-35.2346828865978
197.471317113402
-128.100682886598
-47.7926828865979
-59.8706828865981
10.5773171134019
17.5233171134019
57.9953171134019
-20.346682886598
94.7193171134019
55.3813171134019
162.641317113402
-36.246682886598
82.0313171134019
124.385317113402
-82.0326828865981
104.391317113402
126.371317113402
50.2593171134019
38.0053171134019
-166.414682886598
106.103317113402
57.8553171134019
42.2513171134019
-97.6506828865981
6.6693171134019
-40.4926828865983
105.715317113402
-55.1086828865983
-30.3366828865983
25.1893171134019
166.345317113402
95.2813171134019
-12.6946828865981
-7.7946828865981
-26.5106828865982
129.597317113402
-56.7546828865982
42.2693171134019
-84.3486828865982
19.7373171134019
-27.2706828865981
-91.9386828865981
57.2053171134019
-59.9406828865982
-4.5686828865981
115.661317113402
201.141317113402
81.5873171134019
48.0053171134019
6.8573171134019
119.013317113402
66.5533171134019
81.4393171134019
97.2333171134019
178.549317113402
118.733317113402
21.4373171134019
58.3553171134019
33.9753171134019
60.0733171134019
106.721317113402
-36.490682886598
-76.540682886598
24.3693171134019
91.3753171134019
92.0033171134019
-108.340682886598
-26.8946828865978
170.899317113402
12.8373171134019
45.9813171134019
-57.376682886598
-34.112682886598
-55.1066828865981
-83.664682886598
-98.526682886598
-12.2286828865981
55.7113171134019
12.0413171134019
20.5013171134019
62.7893171134019
150.413317113402
-25.102682886598
-148.276682886598
55.9573171134019
-92.9106828865979
-116.794682886598
139.699317113402
-82.2706828865977
15.5393171134019
-56.8046828865977
4.9213171134019
10.6033171134019
-95.8986828865977
110.151317113402
44.3413171134019
-68.9446828865978
-59.5566828865978
-36.7866828865978
-102.578682886598
104.665317113402
22.2913171134019
77.2533171134019
-81.0706828865978
13.8753171134019
160.263317113402
-23.1766828865978
-3.4166828865981
-117.012682886598
20.2233171134019
-73.5146828865979
-35.7466828865979
13.1633171134019
11.4733171134019
-1.6546828865981
29.3713171134019
2.95931711340191
81.0573171134019
97.0453171134019
53.9773171134019
70.6813171134019
-129.310682886598
-79.784682886598
38.3493171134019
-66.6766828865981
40.6233171134019
49.6693171134019
112.761317113402
94.6493171134019
24.9193171134019
10.7133171134019
-101.200682886598
12.5593171134019
-0.108682886598103
-1.8346828865981
57.3613171134019
157.247317113402
-9.2626828865981
-34.1526828865979
-65.966682886598
52.4453171134019
-71.476682886598
18.5033171134019
19.8333171134019
-75.1466828865981
177.745317113402
-46.5406828865981
-14.0186828865981
-41.8886828865981
34.4733171134019
12.3233171134019
-79.4226828865983
-64.6226828865983
-91.2266828865983
-15.9906828865983
148.765317113402
-23.5406828865984
-75.1206828865983
3.6213171134019
20.0493171134019
83.8813171134019
25.1033171134019
-48.1306828865982
-39.4286828865982
-74.2366828865982
-56.1766828865982
99.3353171134019
29.4253171134019
-96.2586828865981
78.5693171134019
-164.618682886598
28.9433171134019
-109.058682886598
-89.3926828865981
-109.932682886598
133.895317113402
-26.8526828865979
-206.544682886598
49.2613171134019
8.2053171134019
5.5853171134019
34.5273171134019
51.8013171134019
71.4533171134019
143.431317113402
-61.2886828865978
1.0253171134019
1.0253171134019
208.317317113402
44.5093171134019
-106.500682886598
72.0833171134019
-123.744682886598
149.517317113402
-27.3006828865977
35.7473171134019
-50.3106828865977
86.5073171134019
31.8753171134019
-3.9046828865981
50.5533171134019
-73.6946828865979
81.9733171134019
47.2853171134019
-23.2266828865979
-34.5866828865979
58.0613171134019
-41.5666828865979
107.713317113402
56.2533171134019
3.2113171134019
39.4633171134019
-20.456682886598
30.9213171134019
29.5493171134019
-124.816682886598
48.6613171134019
-2.1546828865981
31.0053171134019
-232.444682886598
-110.322682886598
-160.184682886598
-105.872682886598
-59.380682886598
-34.5386828865981
-51.4166828865981
-67.6706828865981
78.5213171134019
88.3273171134019
-74.0566828865981
-55.1686828865981
-11.9186828865981
33.7253171134019
187.347317113402
29.2633171134019
-42.6926828865981
-16.9646828865981
9.6993171134019
-108.222682886598
-50.2246828865981
-6.4046828865981
4.6993171134019
-108.040682886598
2.8973171134019
10.9273171134019
112.651317113402
-6.53468288659809
29.1853171134019
-27.2886828865979
16.6193171134019
-110.482682886598
73.6753171134019
63.2853171134019
70.5393171134019
-138.248682886598
49.3193171134019
121.593317113402
10.5973171134019
26.8913171134019
18.5413171134019
-45.656682886598
87.9073171134019
-54.0506828865979
-95.670682886598
68.5853171134019
50.3313171134019
90.8133171134019
-120.696682886598
-29.6386828865979
-22.8026828865979
42.3413171134019
14.0873171134019
-21.9026828865978
-84.0166828865978
67.3473171134019
-90.7226828865981
48.2613171134019
-71.3566828865981
126.831317113402
-58.7826828865982
114.631317113402
10.1833171134019
0.135317113401896
-86.9166828865981
-101.980682886598
158.123317113402
-281.826682886598
-133.486682886598
-109.944682886598
-161.936682886598
-40.1826828865984
-96.2486828865984
-97.3506828865984
-119.060682886598
-127.298682886598
-83.7106828865984
-18.8226828865984
-22.7946828865984
30.2713171134019
-3.7886828865981
-43.2426828865983
-19.4986828865982
-27.8466828865983
-33.4426828865983
-28.3606828865983
26.8913171134019
6.75931711340191
-7.85668288659809
30.5373171134019
-159.084682886598
57.4353171134019
-18.5626828865982
-73.3806828865982
10.8693171134019
-16.5106828865981
97.6893171134019
-34.1506828865982
19.6953171134019
-2.9286828865981
17.4353171134019
24.0573171134019
-34.8446828865983
-19.1326828865982
15.6693171134019
3.4153171134019
19.2753171134019
118.963317113402
-78.9686828865983
-64.2386828865982
-146.872682886598
51.4693171134019
-49.6166828865982
-49.6166828865982
-62.7606828865982
55.8493171134019
-115.292682886598
13.7013171134019
-28.6186828865984
-93.6666828865984
150.273317113402
-28.9166828865983
-110.056682886598
-68.3306828865983
-5.2066828865981
123.079317113402
-81.3166828865982
62.4673171134019
29.6473171134019
54.2553171134019
129.805317113402
-79.4166828865982
27.1973171134019
-61.9706828865982
-87.9766828865982
-178.880682886598
-70.4006828865982
0.765317113401906
-31.3566828865982
-41.8546828865981
-34.2366828865981
-92.3846828865981
73.2893171134019
-15.9166828865981
-64.8546828865981
-59.1746828865981
80.9873171134019
-86.488682886598
192.839317113402
53.6813171134019
19.5373171134019
-39.6606828865978
43.7193171134019
52.0193171134019
37.1393171134019
152.123317113402
240.371317113402
56.1013171134019
21.9893171134019
142.549317113402
57.2893171134019
-4.1646828865981
37.6633171134019
44.1633171134019
-56.1326828865978
98.7753171134019
33.3673171134019
104.159317113402
104.373317113402
46.3133171134019
174.599317113402
132.651317113402
25.6193171134019
-36.266682886598
-124.146682886598
43.0013171134019
55.1953171134019
64.9253171134019
58.4773171134019
11.6733171134019
-47.886682886598
45.0033171134019
145.469317113402
-93.6526828865982
15.9373171134019
53.8873171134019
107.313317113402
49.2573171134019
-86.5986828865983
-119.612682886598
-40.7426828865983
-11.5846828865981
58.0833171134019
-155.732682886598
-145.022682886598
-37.2706828865984
-96.8146828865984
-49.0146828865985
57.1333171134019
17.9873171134019
31.8373171134019
-65.1346828865981
19.8453171134019
-4.36268288659809
-52.4006828865982
51.9953171134019
-25.8826828865981
-187.724682886598
-197.990682886598
69.6473171134019
-75.0626828865981
-176.766682886598
-80.514682886598
-13.3246828865981
16.9073171134019
28.0053171134019
113.585317113402
-57.8726828865979
91.6413171134019
95.0853171134019
53.2733171134019
82.1213171134019
40.3653171134019
8.33731711340191
193.169317113402
-30.9486828865979
-58.8586828865979
23.7173171134019
-89.5366828865979
46.0173171134019
5.5013171134019
8.17931711340191
124.375317113402
59.6773171134019
0.887317113401906
67.7553171134019
75.6553171134019
111.267317113402
74.6293171134019
75.4793171134019
45.8553171134019
-50.9926828865979
-50.9926828865979
-18.2086828865979
122.183317113402
-84.2046828865979
-97.1346828865979
-75.754682886598
10.8953171134019
-30.7226828865981
93.7653171134019
-9.2986828865981
-72.6666828865981
18.2193171134019
-27.750682886598
-12.0366828865981
33.2913171134019
67.4733171134019
-48.858682886598
-132.740682886598
125.835317113402
94.1213171134019
64.7713171134019
-36.3106828865981
11.7333171134019
-143.616682886598
-27.840682886598
-55.794682886598
23.9513171134019
51.9993171134019
140.153317113402
10.0313171134019
-83.6706828865982
58.5793171134019
25.9333171134019
107.075317113402
49.5433171134019
-144.592682886598
-29.9846828865981
39.6413171134019
-51.886682886598
-19.3006828865981
92.0453171134019
172.059317113402
50.6513171134019
60.0953171134019
48.0773171134019
124.219317113402
36.3433171134019
152.413317113402
-120.206682886598
-25.4506828865981
43.0133171134019
-11.8386828865981
27.8633171134019
1.34931711340191
127.587317113402
44.9353171134019
56.9293171134019
-90.166682886598
-46.414682886598
28.6753171134019
41.2133171134019
20.2213171134019
7.6013171134019
-172.252682886598
1.86331711340191
26.7593171134019
16.1333171134019
134.707317113402
55.0393171134019
-67.2206828865978
-53.2226828865978
86.3893171134019
59.2433171134019
146.211317113402
42.4713171134019
-95.5166828865985
29.8493171134019
99.2493171134019
-101.088682886598
23.7033171134019
-151.330682886598
-56.0466828865983
-21.3466828865984
-51.7206828865984
19.6253171134019
15.2953171134019
-108.536682886598
-14.3386828865981
17.0313171134019
12.7853171134019
-45.9146828865985
-35.3366828865985
-72.4606828865984
65.1673171134019
78.5253171134019
-121.470682886598
27.2813171134019
-78.0886828865982
32.4953171134019
101.253317113402
19.9333171134019
-119.328682886598
48.9373171134019
-61.9526828865983
-56.6986828865983
-12.2946828865981
39.4293171134019
-55.6866828865982
-2.7326828865981
50.3193171134019
-99.0886828865981
84.7893171134019
49.9653171134019
-34.8566828865981
-176.560682886598
-102.788682886598
-98.0486828865981
34.7213171134019
56.4733171134019
-26.574682886598
-107.806682886598
-28.066682886598
-111.562682886598
90.4273171134019
-13.3866828865981
-58.7286828865981
41.6013171134019
-14.7806828865981
130.775317113402
156.349317113402
63.7553171134019
73.3033171134019
8.4993171134019
-25.974682886598
-76.8286828865981
6.2853171134019
-30.8606828865983
-55.1766828865983
-20.9006828865983
-19.7966828865983
-99.5966828865982
-68.4206828865983
-99.3586828865983
-82.1926828865983
57.6893171134019
-75.8146828865983
-147.002682886598
-39.0766828865983
-103.054682886598
-160.578682886598
-173.480682886598
33.4353171134019
-45.9686828865983
-101.604682886598
-96.7026828865984
-132.652682886598
-24.9226828865979
63.2313171134019
-149.784682886598
27.3033171134019
-66.1286828865979
-13.3626828865981
1.6273171134019
-105.312682886598
41.4993171134019
-70.1126828865978
77.4193171134019
0.463317113401899
-136.260682886598
116.211317113402
61.1773171134019
-128.332682886598
-29.9686828865979
33.6933171134019
-25.2226828865978
115.713317113402
13.5013171134019
-121.678682886598
106.013317113402
-17.4686828865977
76.5993171134019
-110.558682886598
-65.6606828865978
-47.2826828865979
-139.728682886598
-1.8946828865981
-74.6766828865979
-83.2826828865979
89.2753171134019
111.423317113402
103.913317113402
-133.460682886598
-4.35068288659809
53.2033171134019
38.7453171134019
66.3093171134019
-48.782682886598
100.741317113402
62.8433171134019
-13.2366828865981
-22.1606828865979
22.8453171134019
93.8033171134019
125.413317113402
-60.008682886598
10.9073171134019
34.6813171134019
157.901317113402
108.101317113402
-59.7686828865979
-95.1066828865978
51.0833171134019
-59.5646828865979
-109.012682886598
-88.554682886598
-70.738682886598
63.5453171134019
64.3593171134019
-2.0626828865981
-18.6946828865981
60.3253171134019
-21.8566828865982
40.2673171134019
-58.7366828865982
8.83131711340191
39.3853171134019
-31.5786828865981
72.9473171134019
-104.896682886598
-44.4086828865982
53.6513171134019
-75.8846828865981
-75.8846828865981
-97.1166828865982
-53.9826828865982
-34.2626828865982
-20.0706828865982
-66.0346828865982
-28.5546828865982
-59.0866828865982
-98.8206828865981
-84.9006828865982
-75.0606828865982
-76.9626828865981
-77.8226828865981
-39.9406828865981
-52.120682886598
-21.006682886598
1.46531711340191
-18.9326828865981
-62.1746828865983
-149.938682886598
43.4133171134019
-77.9766828865981
-58.3126828865981
-8.91268288659809
-72.3966828865981
-98.0746828865981
128.713317113402
81.2613171134019
-39.5686828865981
-144.082682886598
18.0053171134019
84.9153171134019
151.601317113402
-7.1206828865981
17.7973171134019
29.8713171134019
35.7953171134019
-116.396682886598
125.847317113402
-130.162682886598
-78.3766828865983
55.2893171134019
-20.2626828865983
-106.172682886598
-57.2326828865983
14.6453171134019
149.755317113402
-14.1666828865981
-53.3826828865983
32.3573171134019
-34.2546828865984
-54.1886828865983
176.933317113402
124.737317113402
-75.2286828865985
117.301317113402
43.9513171134019
96.5013171134019
67.6313171134019
-94.9746828865983
23.2273171134019
34.6053171134019
173.355317113402
-4.8546828865981
109.627317113402
64.1033171134019
40.3353171134019
88.7533171134019
-44.4886828865984
-63.9446828865984
-77.4066828865984
94.6153171134019
4.36331711340191
1.1013171134019
88.1613171134019
28.9393171134019
-10.5466828865981
11.9633171134019
-68.4226828865982
5.28331711340191
18.2233171134019
44.4073171134019
-46.9006828865983
-34.2686828865982
-59.1366828865983
-30.3246828865982
-68.5166828865982
57.3573171134019
-35.1046828865982
-88.1586828865982
3.72731711340191
