86.0720000000003
59.8260000000003
86.1600000000003
126.572
80.6280000000003
147.164
160.258
103.804
110.806
118.492
133.766
106.568
147.65
90.5239999999999
61.3119999999999
61.4899999999999
34.7679999999998
101.356
173.876
157.528
72.9959999999998
152.54
127.784
128.572
90.3539999999996
66.5199999999996
53.9339999999996
70.5379999999997
139.642
149.45
97.4839999999999
31.0739999999999
11.3899999999999
89.3319999999998
114.994
67.7179999999997
83.9259999999997
66.5219999999997
46.4879999999997
106.078
5.18599999999969
114.584
66.3519999999997
62.8499999999998
73.6519999999998
96.0799999999997
36.2519999999997
83.7099999999998
43.6479999999998
72.7999999999998
37.9239999999999
73.568
98.644
96.6800000000001
55.1400000000002
50.6860000000003
13.8080000000001
77.3000000000001
77.006
106.262
48.0280000000004
61.6460000000003
-12.8479999999995
83.6500000000004
51.3880000000004
64.2200000000004
-17.1559999999996
-23.0319999999996
-37.0179999999995
42.5660000000006
87.1220000000003
72.7220000000003
87.2100000000002
109.154
43.6019999999997
53.3839999999998
12.1919999999998
61.1899999999998
68.5659999999998
-4.5300000000002
55.7479999999998
30.3659999999999
69.3939999999998
112.302
35.1039999999998
60.9239999999999
36.6219999999998
93.2539999999998
-10.8980000000001
52.5519999999998
0.571999999999889
20.0919999999999
55.5399999999999
95.3879999999997
54.4159999999996
108.792
63.5659999999999
66.1059999999998
40.0259999999997
57.9939999999997
89.1639999999996
59.6039999999996
93.9539999999996
50.4879999999996
47.2939999999995
72.7999999999995
110.075999999999
96.4839999999995
58.4799999999996
51.0659999999996
44.1379999999996
-12.1520000000005
-23.7380000000004
29.7319999999996
83.5859999999996
44.3419999999996
60.2839999999995
79.6279999999996
95.4959999999995
93.6739999999995
24.3459999999995
22.2679999999995
77.8499999999995
51.6779999999994
45.5519999999995
45.5519999999995
48.0539999999995
121.178
92.0039999999997
73.6499999999996
97.0619999999997
68.3459999999998
54.5319999999997
79.6179999999996
-5.58200000000045
26.3299999999998
10.5799999999998
54.1460000000001
36.034
18.4180000000001
72.7160000000001
84.3620000000002
75.1100000000002
5.91400000000021
59.0880000000002
52.9880000000003
10.5840000000003
85.3920000000003
84.0500000000002
81.8700000000002
55.2740000000003
44.9900000000001
-35.2779999999999
29.4140000000002
60.9420000000002
81.3300000000003
66.6620000000003
90.0120000000004
38.8340000000003
63.4120000000006
26.9260000000006
10.6280000000007
45.3100000000007
-35.2379999999994
26.5180000000006
21.2920000000006
72.0580000000006
87.2880000000006
101.192
62.2020000000005
102.77
82.0140000000005
114.954000000001
121.608000000001
71.7960000000006
90.5100000000007
84.2640000000006
102.216000000001
130.332
104.928
24.2140000000005
22.0540000000005
37.9700000000005
58.5440000000006
55.8540000000006
7.0220000000005
57.2220000000005
53.5740000000005
62.3260000000005
77.7520000000004
76.1500000000004
-9.76999999999953
73.5240000000005
90.8320000000003
64.1620000000003
68.8920000000003
65.0220000000003
73.4360000000003
29.6700000000001
43.6580000000001
25.768
58.27
53.13
67.7799999999999
60.6519999999998
72.91
96.8279999999999
59.458
71.2139999999998
-13.3940000000001
71.7219999999999
50.0479999999999
16.3639999999998
71.3859999999999
97.7339999999998
-10.1060000000001
44.0799999999998
85.8039999999999
95.0079999999999
107.526
48.924
112.4
54.6619999999999
97.2339999999999
78.7699999999999
28.4039999999999
10.1279999999998
63.3079999999998
23.1239999999998
59.4579999999997
97.6979999999998
75.8039999999996
53.0119999999996
-2.07800000000043
8.85999999999956
47.8119999999996
40.5239999999995
-5.19200000000046
24.1179999999997
83.8719999999996
13.4499999999998
45.6039999999998
27.0579999999998
39.4659999999998
48.1279999999997
20.9039999999998
-2.26600000000019
76.5459999999999
66.798
82.7439999999999
47.3240000000002
126.62
26.2360000000002
54.3320000000002
95.8680000000003
93.3880000000001
69.2420000000002
103.78
30.1100000000002
37.9380000000002
42.3280000000003
43.2420000000004
121.7
81.4440000000004
119.27
141.762
45.3020000000007
26.1660000000006
105.270000000001
105.402000000001
100.030000000001
36.6360000000006
86.1880000000006
86.6140000000007
76.9240000000007
81.4020000000005
130.944
62.9960000000004
118.732
23.0280000000005
29.0760000000005
63.4600000000005
87.8100000000005
58.3540000000004
61.3000000000003
83.9040000000002
29.1700000000003
-26.3079999999997
22.3100000000005
60.9080000000005
85.2200000000004
-22.9939999999996
91.9680000000004
36.9200000000004
15.6200000000003
61.7340000000004
86.2880000000004
122.106
132.046
25.6020000000003
22.9800000000002
20.8100000000003
75.0220000000003
104.43
101.46
59.6300000000005
95.8060000000005
72.8780000000005
101.328000000001
9.29800000000046
44.5260000000005
57.3060000000005
21.8980000000005
45.7040000000004
67.6360000000004
40.0520000000005
86.3540000000004
65.4840000000004
48.7540000000004
88.7680000000005
53.0920000000003
96.6760000000003
52.3860000000001
102.044
64.8520000000001
4.99800000000005
78.83
50.2060000000001
97.7420000000001
23.7580000000002
27.4960000000002
-42.0079999999999
-32.6819999999999
2.25200000000007
47.934
31.104
78.0579999999998
114.632
48.5879999999999
92.5359999999996
53.4759999999997
78.5159999999995
56.2319999999995
23.5419999999995
14.5839999999995
85.2899999999995
70.9639999999996
36.6999999999996
80.7959999999996
122.138
8.5399999999994
74.8259999999993
102.112
89.8519999999996
91.0659999999995
53.1779999999994
81.3739999999995
4.81599999999946
89.0439999999995
40.9259999999995
64.3539999999995
87.0579999999995
10.3479999999995
-19.4980000000006
75.5319999999994
34.8559999999997
83.5459999999996
69.9359999999996
27.7959999999995
54.1079999999995
76.8419999999996
75.7419999999996
-14.2880000000002
18.5379999999997
73.5079999999997
26.0639999999997
48.9859999999998
89.6259999999997
97.8799999999998
64.7959999999998
-14.9980000000002
-21.9380000000002
-9.38400000000024
-11.7600000000001
36.71
26.0999999999999
70.6980000000001
63.0600000000002
64.5920000000002
70.1899999999998
59.1739999999998
0.603999999999814
1.548
89.9160000000001
89.0179999999999
98.3240000000001
87.47
83.5839999999999
15.902
85.8140000000001
-32.972
67.654
58.816
41.6020000000001
-0.510000000000105
76.6919999999999
41.6579999999999
38.304
52.602
29.71
91.672
-4.63600000000008
37.75
45.6500000000001
86.648
85.426
83.092
-10.62
26.1020000000001
38.23
-23.7779999999998
27.8880000000003
38.0360000000004
-8.74399999999969
80.6840000000003
90.0940000000004
78.7959999999999
62.55
22.412
10.3680000000002
92.3580000000007
72.5780000000008
84.1180000000007
96.2580000000007
96.2580000000007
53.7740000000008
51.3260000000007
98.0820000000007
99.6440000000006
93.7560000000007
98.6160000000006
57.0800000000007
55.2460000000007
46.9840000000007
66.6600000000007
52.7720000000006
52.7720000000006
95.1980000000003
89.9580000000007
39.2500000000005
19.1700000000004
39.7380000000003
87.9220000000003
52.4060000000002
80.4400000000001
19
88.8700000000001
43.4660000000001
87.8600000000002
91.8560000000002
72.5880000000002
38.3880000000003
-3.928
25.822
6.92199999999991
61.8340000000001
6.19200000000001
69.3140000000001
70.6220000000001
65.2280000000001
24.484
29.7040000000001
45.9400000000001
44.042
41.09
22.6100000000001
78.374
88.756
65.998
84.5600000000001
64.1400000000001
58
83.3160000000001
89.4080000000002
51.5280000000001
63.1900000000001
41.2080000000001
70.3680000000001
17.97
-4.31999999999971
50.2920000000003
-12.7719999999996
54.9960000000003
9.11200000000019
-24.0599999999996
-6.97399999999993
53.5920000000001
59.4160000000001
90.9560000000001
84.6640000000001
-32.5199999999999
19.7800000000001
97.7080000000001
98.4420000000001
-16.9899999999999
46.728
-0.746000000000322
69.0119999999997
74.5519999999997
87.6559999999997
99.2619999999998
87.0959999999998
118.544
78.7779999999999
120.938
116.782
43.7940000000001
112.056
31.288
10.6779999999999
32.0519999999999
56.8019999999999
48.5039999999999
27.9079999999999
91.1319999999998
48.6799999999998
55.4799999999999
59.7439999999999
18.6379999999999
31.04
85.4159999999999
46.4239999999999
65.428
91.2719999999999
84.6579999999999
57.0719999999999
82.218
89.7379999999999
77.222
83.194
24.6659999999999
13.686
84.04
97.96
28.61
89.2680000000001
44.6180000000001
62.8380000000001
56.676
81.1360000000001
57.3920000000001
72.22
87.6959999999999
52.3839999999999
-6.33400000000017
9.95599999999979
86.5639999999999
54.7679999999998
83.5399999999997
126.902
62.9419999999999
56.3879999999999
83.3879999999999
51.8500000000001
107.432
97.5100000000003
120.182
57.1320000000004
42.4540000000004
83.5220000000004
47.7460000000004
75.1480000000005
76.9700000000005
12.4780000000005
12.2660000000004
-10.6139999999996
-46.5039999999996
-22.3459999999993
58.7280000000006
71.1360000000005
60.4200000000006
47.7540000000006
15.9740000000007
6.12800000000072
-3.28599999999949
48.9040000000005
51.5540000000004
54.8340000000005
-23.0879999999994
-29.5359999999995
54.6500000000004
27.6840000000005
-32.1399999999995
-2.83999999999946
32.9660000000005
96.9580000000005
42.9920000000006
31.1720000000007
96.3820000000006
71.4380000000004
94.5460000000005
68.6240000000006
90.2200000000006
98.2880000000004
44.2180000000004
15.9180000000002
24.8280000000002
14.2520000000002
32.1140000000001
36.7340000000002
29.4380000000001
79.0160000000003
27.7260000000003
70.0180000000003
117.766
117.766
109.138
88.2900000000001
34.1120000000001
73.9700000000001
4.13400000000001
77.498
94.2779999999999
72.068
19.5099999999999
61.8100000000001
81.4260000000002
92.0839999999996
97.6359999999995
124.598
76.7879999999996
63.0759999999996
77.8359999999997
43.6379999999997
-12.8380000000004
64.7319999999996
20.4859999999996
82.9099999999992
74.5159999999991
59.245999999999
-2.96200000000101
29.695999999999
28.1359999999992
41.3579999999992
60.9779999999992
70.085999999999
66.971999999999
24.3099999999989
-7.88000000000113
-1.82400000000109
-23.424000000001
19.8219999999991
49.3779999999992
52.2599999999992
9.06399999999928
-6.64800000000071
-14.7160000000007
-4.01400000000069
43.6079999999998
76.1059999999998
101.042
62.6039999999998
14.7799999999997
40.0639999999997
24.2859999999997
53.7499999999998
49.4839999999997
63.5519999999997
90.974
22.724
44.1280000000002
93.208
93.208
68.21
61.894
85.6819999999999
53.43
83.3359999999999
31.3759999999999
68.212
43.4400000000001
44.6360000000001
50.854
70.692
33.6120000000003
13.7000000000002
15.3600000000002
33.7360000000002
29.8040000000002
49.2040000000001
74.3119999999998
15.3759999999999
54.27
60.386
56.2959999999999
78.9519999999999
18.9019999999998
-2.88800000000015
-19.498
63.298
72.694
7.15599999999984
39.2599999999999
63.8459999999999
28.6239999999999
79.6299999999999
79.456
3.11199999999997
9.53400000000011
51.808
88.87
64.02
38.0599999999999
24.074
55.3519999999999
81.1199999999999
101.282
67.8419999999999
25.0299999999999
75.6099999999999
109.03
103.958
34.7079999999996
67.8019999999997
27.0539999999997
99.5779999999997
89.0259999999996
63.0039999999997
53.4959999999996
25.1619999999997
84.4039999999998
84.4039999999998
52.0739999999997
67.3179999999996
44.7819999999997
-6.03000000000031
-14.8860000000004
48.0439999999996
48.8039999999997
66.1359999999995
78.0519999999995
99.6279999999995
30.0559999999996
39.2059999999996
32.9379999999996
57.5439999999996
85.3079999999997
6.04599999999971
-33.3200000000003
73.9759999999999
21.9659999999999
24.7579999999999
-4.58600000000001
24.318
70.5719999999999
91.4179999999998
75.2499999999997
-18.6780000000005
9.45799999999963
42.1239999999999
57.028
90.6080000000001
85.5620000000001
51.216
70.6000000000001
-12.4359999999999
-6.2919999999998
2.67800000000011
59.3380000000001
33.8440000000002
22.7500000000001
106.322
20.2360000000001
-45.1719999999999
13.624
84.384
92.124
81.4680000000002
18.3640000000003
46.8940000000003
21.2720000000004
17.2140000000003
57.5900000000001
30.242
90.86
66.4580000000001
18.4580000000001
76.4680000000001
53.3860000000001
45.2640000000001
96.2080000000001
-43.6339999999999
0.300000000000068
6.94399999999985
-11.7940000000001
-24.6440000000002
44.0239999999997
13.6819999999999
73.2039999999998
-27.1100000000002
37.4039999999998
48.2519999999997
72.3399999999997
71.5419999999997
45.9219999999997
52.7039999999997
45.1079999999997
57.4659999999998
63.1059999999998
5.50999999999965
76.5279999999998
83.2199999999997
91.3359999999997
91.3359999999997
87.0079999999996
111.508
69.5639999999996
14.2999999999996
40.4799999999998
15.5319999999999
47.1359999999999
64.192
82.186
77.6939999999998
10.5399999999997
103.262
103.262
50.3619999999999
93.4119999999999
79.4639999999997
3.19599999999969
41.5779999999997
75.6779999999997
-1.64400000000023
75.0619999999997
66.6519999999995
65.5359999999995
15.7279999999995
62.6399999999995
96.9259999999995
1.75799999999947
60.3719999999995
68.1339999999994
50.6999999999997
98.0439999999996
49.6719999999998
10.6659999999997
60.4239999999996
36.7799999999995
70.5899999999995
33.1519999999992
21.1699999999993
38.3799999999993
0.0639999999993961
94.3199999999996
