68.392
149.048
131.81
89.626
104.1
127.42
110.018
86.1100000000001
151.256
166.844
106.354
95.3000000000003
52.1620000000003
44.5000000000003
120.372
113.868
132.118
87.0620000000003
77.5000000000003
96.6280000000004
96.3520000000004
135.256
92.7020000000005
51.3960000000006
95.9820000000007
99.8840000000008
96.6520000000008
98.1520000000005
108.888
106.798
94.1920000000001
96.768
72.2139999999999
65.9779999999999
67.5179999999999
43.8459999999998
44.7779999999997
81.4479999999997
105.194
57.7119999999997
63.7279999999997
54.3319999999997
97.7619999999998
67.6339999999998
68.4979999999998
63.1559999999998
44.8179999999998
73.3019999999998
85.4019999999999
67.7219999999999
65.4259999999999
75.2619999999999
96.9159999999999
57.7899999999999
58.1179999999999
27.0759999999999
62.9359999999999
42.9159999999999
57.6619999999999
87.2379999999999
104.81
59.4019999999999
75.8159999999999
56.3019999999999
85.864
11.8039999999999
29.992
44.5179999999998
104.83
110.05
68.5239999999998
86.1439999999998
76.124
78.7380000000001
52.3460000000001
83.1080000000002
56.9160000000002
129.53
117.696
97.3100000000002
59.6480000000002
85.8100000000002
91.6820000000001
41.4980000000002
43.6120000000001
68.4700000000001
33.1300000000002
54.6020000000001
71.9720000000002
67.9120000000001
38.9860000000002
47.8220000000002
35.7040000000002
26.2160000000001
5.40600000000012
51.4760000000001
87.0260000000001
86.6140000000001
59.8320000000001
96.5620000000001
92.1560000000001
7.5440000000001
59.6800000000001
45.644
44.352
77.86
54.794
45.1199999999999
-71.9
37.7739999999999
95.8939999999999
108.158
37.9760000000002
95.7840000000003
29.7600000000001
37.28
52.74
37.418
89.214
96.054
31.2260000000002
83.8320000000003
49.1680000000002
74.1480000000003
98.5860000000004
98.8200000000004
56.9160000000004
86.9760000000004
89.3840000000004
79.1020000000004
61.4200000000003
65.4000000000003
98.1040000000003
38.7660000000003
92.4560000000002
77.3760000000002
36.4640000000002
64.7920000000002
43.3340000000002
34.2380000000002
-22.9539999999997
-4.06399999999962
-10.9799999999996
4.0720000000004
17.7780000000004
4.18200000000041
27.4340000000004
82.3340000000007
90.3500000000004
67.3420000000004
102.762
87.6420000000003
58.6300000000003
82.7980000000002
64.9560000000004
76.0720000000005
93.8240000000005
87.5440000000004
74.1080000000007
83.6280000000007
111.752000000001
20.9780000000004
22.5160000000004
95.9220000000004
67.7200000000003
61.1000000000003
87.8040000000003
63.9360000000003
70.0740000000003
84.1860000000003
109.138
39.6500000000002
82.1740000000003
122.638
93.0500000000002
78.5340000000002
51.6360000000001
40.2360000000001
-22.892
-30.394
-1.41400000000004
60.5039999999999
12.9279999999998
71.3479999999998
65.2059999999998
97.0379999999999
74.1439999999998
52.9779999999998
25.3939999999998
59.1639999999998
37.2959999999999
20.5059999999999
17.672
51.4499999999999
140.99
160.33
51.6640000000002
39.9340000000002
54.2340000000002
78.6860000000003
30.5920000000003
82.8840000000003
-27.0179999999998
-5.12599999999981
30.2300000000002
46.7740000000002
54.7900000000002
77.0520000000003
101.014
45.3020000000003
78.4440000000003
88.6080000000003
91.0360000000003
91.1900000000003
55.4980000000003
29.2880000000004
71.9760000000006
40.8720000000006
76.8520000000005
31.1440000000006
24.6760000000006
4.37800000000055
76.5200000000006
65.1100000000006
47.6660000000006
40.0420000000004
40.0420000000004
28.0660000000004
48.2500000000005
47.9920000000004
48.9440000000002
81.9280000000002
42.8000000000003
78.5220000000003
71.8040000000003
67.2300000000003
80.2040000000003
54.0860000000003
59.2380000000003
7.65400000000028
33.4060000000003
26.6420000000001
42.6780000000001
66.756
26.3800000000001
52.3620000000001
33.534
60.9480000000001
73.6440000000001
80.4520000000001
27.978
51.9640000000001
23.178
72.818
33.188
70.452
90.988
11.602
77.06
47.108
76.194
70.536
86.504
108.798
35.0840000000001
83.8840000000001
83.8840000000001
18.7000000000002
69.1660000000003
41.8760000000004
42.2140000000003
94.9580000000003
69.5480000000005
89.6600000000001
61.2160000000002
78.9320000000002
48.4560000000002
13.4220000000003
58.5320000000001
87.1280000000001
36.8120000000001
27.8160000000001
38.3700000000001
66.1640000000001
35.2860000000001
40.2780000000001
37.6560000000001
85.4040000000001
1.88200000000012
-6.46399999999983
6.05200000000013
26.8080000000001
26.8760000000001
97.9600000000001
34.652
24.1920000000001
54.384
11.7679999999998
40.3220000000001
59.1500000000001
40.8940000000001
26.2660000000001
-6.92399999999992
72.8200000000001
32.5100000000001
40.9180000000002
43.3160000000002
-29.8659999999998
61.6640000000002
-10.7099999999998
0.504000000000246
15.2920000000003
52.1760000000003
43.1700000000002
39.8260000000002
82.5580000000003
35.4540000000002
61.8440000000002
37.5420000000002
74.3300000000003
97.4720000000003
108.182
73.1840000000003
94.0660000000002
90.3320000000002
109.884
44.0440000000001
91.9360000000001
84.8920000000001
96.9560000000001
101.806
93.3799999999999
60.5119999999999
82.5999999999999
39.9479999999998
22.0139999999998
35.2779999999998
77.9039999999998
54.2819999999998
36.2739999999999
17.314
12.0359999999999
-37.9399999999999
-23.5640000000001
26.534
82.4119999999998
97.2379999999997
93.0519999999998
82.9399999999998
68.8119999999999
24.5479999999999
45.9779999999998
54.0959999999998
93.8619999999999
66.1319999999998
30.7499999999998
81.7099999999998
71.7619999999999
68.588
-0.816000000000031
68.4459999999999
18.2499999999999
63.8439999999999
62.2979999999998
30.3579999999999
17.572
5.26000000000005
8.74399999999997
18.45
-7.80800000000005
53.7979999999999
49.9019999999999
88.5619999999999
47.0480000000001
97.718
73.786
65.8580000000001
85.9040000000002
33.2100000000002
79.7100000000002
8.79400000000015
39.3020000000002
31.9320000000002
70.7900000000002
74.8080000000001
49.4900000000002
33.5860000000001
57.942
31.7600000000001
51.7020000000001
54.7840000000002
76.192
70.9000000000001
54.748
-29.25
-23.668
60.6739999999999
47.3240000000001
93.2000000000002
30.1500000000001
46.2420000000001
74.4460000000001
76.7840000000001
69.1999999999999
53.41
75.146
22.6179999999999
72.5379999999999
37.3779999999999
8.20799999999974
66.3979999999998
62.7739999999998
44.0599999999997
46.7379999999997
30.6699999999997
-9.81800000000021
-0.880000000000223
81.7719999999998
15.4959999999998
24.5239999999998
69.6479999999998
67.5479999999998
36.8819999999997
23.0959999999998
24.8939999999998
36.5859999999997
41.3999999999999
32.1679999999998
36.5979999999998
36.0059999999999
61.9799999999999
71.186
54.234
24.74
97.712
69.3120000000001
81.9640000000002
97.3840000000001
62.8240000000001
30.5960000000003
64.3540000000004
88.4080000000004
96.2240000000004
74.8660000000002
25.5740000000004
69.3420000000003
55.0600000000004
7.34000000000037
70.8840000000002
27.7220000000003
69.1960000000004
2.61400000000049
-45.4939999999995
-9.42599999999936
48.4680000000005
78.2260000000006
35.5900000000005
35.0120000000005
-34.3659999999995
68.5040000000005
63.7640000000005
88.5000000000005
43.5840000000005
41.4100000000005
52.7820000000005
58.3580000000004
50.6000000000003
27.6540000000002
23.8760000000002
17.7880000000002
86.9360000000003
42.4940000000001
62.0720000000001
75.008
81.3399999999999
11.5919999999999
67.948
81
52.13
69.874
77.6179999999999
77.0839999999998
57.8939999999998
85.2099999999999
53.524
83.944
43.7059999999999
75.7759999999997
88.8599999999998
65.8899999999998
59.9099999999997
43.6899999999997
10.4479999999998
58.5419999999998
55.3899999999998
48.3059999999998
17.7299999999998
84.6879999999999
67.8000000000001
47.744
61.228
49.8659999999999
63.6039999999999
67.1539999999999
41.9099999999999
69.4139999999999
88.6239999999999
71.6719999999998
1.9939999999998
-4.61200000000031
-20.5000000000003
-7.43200000000036
6.39999999999952
51.6139999999995
99.9319999999997
35.1799999999995
47.2879999999994
60.9319999999992
87.5019999999994
66.1639999999992
45.4999999999992
4.16599999999914
16.2819999999992
22.6039999999991
58.6899999999991
83.1579999999991
51.8419999999991
23.083999999999
16.2739999999991
55.165999999999
59.7699999999992
13.1399999999992
62.6439999999992
39.9879999999993
17.8759999999993
20.4359999999991
59.6639999999991
6.36399999999912
62.2819999999991
57.7519999999992
57.3579999999993
64.6459999999994
43.7379999999996
43.3679999999996
79.9979999999996
11.2039999999998
34.9959999999998
58.3439999999996
20.8459999999997
80.4419999999998
51.2620000000003
49.8360000000001
60.0440000000002
9.24200000000019
75.7880000000002
53.2840000000003
86.8060000000004
35.8440000000004
16.7300000000004
76.8360000000004
85.9120000000004
16.4160000000004
35.9480000000003
83.9160000000003
83.9160000000003
56.5440000000003
89.2520000000003
74.2640000000004
76.2840000000003
79.3420000000002
15.0220000000003
71.3100000000002
26.3860000000002
75.6000000000003
0.944000000000301
25.9120000000003
65.3380000000002
75.6760000000003
77.1040000000002
15.5660000000001
41.7220000000002
57.3320000000001
65.284
64.1600000000001
63.1540000000001
21.2680000000001
73.2660000000001
74.8800000000001
18.776
59.3979999999999
93.9139999999998
60.9379999999999
30.5519999999999
75.2619999999999
38.4340000000002
74.2480000000003
92.2900000000004
58.4560000000005
65.7600000000004
64.4040000000005
87.4220000000005
37.2200000000005
19.7820000000004
36.1200000000003
-66.3939999999996
69.4640000000005
69.4860000000004
71.0020000000005
68.6980000000004
43.3000000000003
86.8600000000004
41.4820000000003
24.4800000000004
30.7260000000005
86.3140000000004
70.9180000000005
53.8420000000003
60.4440000000008
61.1880000000007
70.5700000000005
85.2320000000007
52.0200000000006
17.0400000000005
65.6320000000005
60.8720000000005
19.3720000000002
49.7520000000002
67.064
77.578
-0.451999999999884
-1.11999999999989
71.5060000000002
30.8120000000001
75.4300000000002
52.0240000000001
76.6720000000001
59.9560000000002
14.9260000000002
35.5040000000002
32.8760000000002
16.7980000000002
32.2320000000002
53.3540000000002
46.3380000000003
51.4260000000003
31.3840000000004
47.6180000000004
10.0440000000004
77.9120000000003
47.4560000000002
56.6160000000002
36.3940000000001
59.3760000000001
23.3620000000001
52.7000000000002
50.9760000000003
28.6560000000003
70.408
64.04
62.956
67.5679999999999
51.6239999999998
100.022
110.698
32.9259999999997
46.0699999999997
46.5379999999997
29.8479999999998
78.5879999999997
59.0019999999997
73.8739999999998
62.5619999999998
29.7579999999998
43.8419999999998
42.1779999999998
28.5479999999998
50.9999999999998
61.8719999999997
32.4019999999997
49.0819999999995
77.1639999999995
50.0599999999996
20.8759999999995
67.8479999999995
94.1139999999995
96.3479999999994
61.7839999999994
68.6839999999994
63.9039999999995
64.9419999999994
75.6059999999993
14.9719999999994
6.0019999999995
36.5959999999995
59.8599999999996
58.4699999999995
-16.7460000000004
45.6939999999995
43.0819999999994
24.5599999999994
43.1199999999996
80.7919999999997
80.7919999999997
55.9819999999997
51.0459999999997
47.0659999999997
10.6319999999996
6.3099999999996
74.8579999999996
58.4779999999997
76.2879999999997
69.2259999999998
-36.9700000000003
38.9639999999997
0.701999999999771
51.6379999999997
39.6979999999998
37.9819999999999
53.5359999999998
74.4739999999998
76.9699999999999
60.4619999999999
38.3919999999999
59.098
60.4559999999999
7.49999999999989
56.622
10.622
67.27
81.5059999999999
36.5119999999998
28.2939999999999
28.2939999999999
22.1279999999999
28.412
48.208
76.7819999999998
1.52399999999977
41.2579999999998
53.7359999999996
23.8419999999998
81.7179999999997
64.7459999999998
73.564
79.2239999999999
12.978
3.28999999999985
12.2759999999997
63.0719999999997
56.8599999999996
38.0999999999997
52.0899999999997
63.7839999999997
-4.36400000000026
-49.3160000000004
43.5159999999996
68.2539999999997
62.3559999999997
-34.4780000000003
-63.7820000000003
-47.6640000000002
35.2219999999998
22.1099999999997
74.7159999999998
87.4339999999999
82.9839999999998
8.36799999999971
60.1579999999998
64.53
43.1700000000001
63.0880000000001
87.8759999999999
101.55
67.9259999999998
33.8959999999997
-5.62400000000002
0.725999999999999
70.7959999999999
73.5320000000004
35.7420000000004
68.8320000000004
42.3660000000004
66.5100000000004
65.2500000000005
32.3040000000004
27.7380000000003
67.0920000000003
16.9420000000002
16.9420000000002
78.1300000000003
47.5300000000002
44.5160000000002
8.08400000000006
41.7600000000002
15.2040000000002
59.1380000000001
40.2200000000003
13.2020000000003
11.2440000000003
55.9840000000003
39.6720000000003
48.908
-2.58799999999997
64.9460000000001
112.41
32.3660000000002
34.7060000000002
61.0280000000002
62.7280000000001
69.326
44.4259999999999
31.6219999999998
48.5479999999995
76.2059999999996
19.6799999999995
40.5939999999996
35.3379999999995
14.1099999999996
72.8239999999996
76.2359999999995
56.1319999999996
69.4599999999996
77.2379999999996
69.6619999999997
57.5139999999997
-1.44600000000037
2.21999999999969
36.5299999999997
50.2159999999998
90.5159999999997
132.352
138.792
54.158
70.2019999999999
77.3899999999999
68.4779999999998
63.9319999999997
19.2179999999996
31.8939999999996
69.3219999999997
31.6839999999996
71.5219999999998
64.2959999999998
93.2039999999997
69.8759999999995
52.7459999999995
108.28
