761;771;605;555
767;758;603;573
662;250;522;548
763;557;564;540
691;272;527;549
739;650;586;502
696;388;553;538
758;608;588;548
687;372;541;538
708;362;554;547
788;627;596;567
723;364;523;541
747;534;539;553
755;611;547;540
704;403;549;558
706;352;527;566
701;445;553;553
717;543;557;522
751;618;581;526
767;681;625;601
705;398;541;521
706;394;547;535
743;535;554;547
724;462;560;557
759;639;622;604
738;600;569;530
729;616;573;527
738;705;623;535
710;519;573;536
739;655;598;546
731;616;582;546
771;631;572;531
799;694;602;551
758;575;571;581
711;515;571;553
754;648;597;545
716;544;577;553
753;698;629;560
720;642;610;537
696;418;557;574
784;708;646;620
759;754;655;549
708;512;561;538
756;682;610;580
712;563;579;556
736;746;638;522
745;566;578;536
728;591;587;536
731;618;600;537
768;743;628;524
710;499;582;562
725;513;580;559
707;419;569;572
714;411;576;569
779;757;651;491
738;571;582;565
726;642;629;549
718;625;576;513
761;761;617;532
732;653;606;550
720;480;584;562
728;541;572;555
751;703;583;539
729;614;590;552
711;413;573;566
752;711;587;542
752;723;593;552
713;488;584;561
710;465;578;555
631;588;565;535
706;711;595;534
746;650;634;585
678;467;584;563
736;640;601;586
683;583;614;533
739;538;579;556
722;560;585;550
743;530;618;614
702;321;554;582
786;572;545;577
691;389;562;568
742;519;567;560
726;585;605;528
676;391;553;552
712;457;585;652
698;442;563;560
701;482;573;555
682;477;572;561
706;521;579;574
663;433;594;567
692;633;652;602
672;538;604;551
677;404;579;559
705;549;585;561
685;548;578;539
705;671;614;507
700;506;583;547
718;595;607;567
681;402;583;556
782;663;625;557
687;407;580;565
716;487;567;576
691;479;590;558
710;569;601;562
698;480;581;562
714;676;660;555
743;653;612;578
716;467;586;598
703;515;591;581
688;584;608;541
695;404;575;567
743;571;533;574
724;566;606;565
702;373;562;585
729;635;607;565
746;577;588;599
758;587;572;581
734;488;521;588
686;336;493;593
729;486;556;589
753;523;593;626
713;468;551;573
713;475;553;575
703;449;564;573
716;638;541;571
737;685;581;555
749;608;590;580
688;449;566;582
729;639;578;557
715;635;579;550
704;548;593;559
726;698;656;572
704;528;582;567
718;593;583;594
704;641;623;548
698;500;571;565
731;621;591;564
701;655;616;512
712;582;551;556
689;680;592;532
719;475;565;577
685;480;572;552
690;424;556;566
734;636;573;570
754;615;595;576
741;671;627;568
699;479;574;574
735;589;585;561
721;556;590;580
738;621;598;580
742;586;599;587
734;609;597;576
705;434;566;584
719;500;576;583
715;507;585;582
725;584;579;571
709;659;627;558
706;604;606;554
704;499;585;571
712;480;581;585
732;675;625;547
704;596;575;520
753;715;595;561
757;741;634;571
702;449;574;560
712;467;569;589
695;411;560;576
698;480;574;580
752;656;594;565
699;461;576;585
697;471;579;588
723;563;591;581
733;674;608;548
700;506;582;576
734;574;607;608
711;659;620;568
697;497;582;547
743;656;607;577
709;391;551;588
732;542;577;583
713;418;569;597
750;675;577;580
718;423;567;602
750;632;620;600
710;524;585;567
736;522;591;639
730;531;580;627
735;499;581;637
741;545;592;640
734;543;593;631
741;553;595;643
768;423;565;713
728;571;596;582
779;666;620;632
725;668;635;583
733;614;596;576
757;642;591;575
709;564;588;571
720;661;611;540
717;584;585;538
717;589;605;573
720;508;584;588
727;492;579;615
722;522;586;583
717;506;579;593
715;449;573;591
691;393;546;564
742;666;603;550
743;571;594;591
711;478;577;592
765;670;628;601
762;590;614;635
715;480;574;583
736;616;614;584
742;515;593;651
729;551;591;581
729;551;588;581
727;549;584;585
771;597;605;645
733;664;642;569
736;720;675;599
697;442;570;571
748;544;574;615
728;657;628;551
703;449;576;571
736;649;598;576
707;461;582;599
731;491;553;578
709;437;576;598
732;598;585;592
737;586;581;586
763;677;642;600
737;569;596;573
749;619;613;579
712;511;591;583
759;623;624;612
766;629;643;633
766;676;633;590
757;664;628;586
763;711;654;589
722;564;556;562
727;636;575;557
724;504;596;586
717;464;585;585
720;502;583;595
739;600;581;580
761;577;594;592
704;636;634;554
781;664;597;578
740;585;585;583
773;709;590;563
737;549;592;601
794;698;620;570
722;519;584;591
752;681;638;549
750;593;610;585
784;550;588;587
710;350;554;596
770;597;573;601
756;648;583;586
713;389;572;609
716;576;621;567
706;512;588;572
702;600;560;539
743;714;566;517
709;552;561;535
690;490;555;549
711;561;559;536
715;561;569;548
716;551;545;554
753;578;590;667
739;535;589;654
718;556;582;562
741;626;574;542
702;509;581;563
719;607;583;560
751;631;585;673
703;508;575;568
720;543;584;563
703;509;579;567
736;567;594;600
772;660;627;637
747;643;599;527
705;511;578;570
743;685;657;592
727;567;587;563
779;700;645;622
725;571;595;567
757;519;574;671
722;608;585;564
745;707;594;545
725;564;588;568
719;552;582;571
715;545;578;570
765;713;640;572
740;643;576;538
771;663;609;553
696;635;588;559
694;525;589;569
748;670;624;561
691;517;582;570
700;541;591;574
696;537;594;574
693;644;609;544
704;532;591;553
776;668;593;554
698;523;591;569
732;551;585;566
744;585;606;603
784;683;615;560
774;667;615;557
709;534;592;568
753;664;602;553
704;564;583;555
693;512;589;557
703;545;587;562
714;594;603;588
722;608;600;574
745;623;610;646
719;549;593;578
701;540;576;561
700;632;594;504
730;556;593;576
771;665;610;578
701;449;539;561
737;659;594;571
730;568;591;585
700;531;591;582
731;540;585;650
722;525;586;599
721;438;575;622
715;479;578;584
733;565;591;588
733;558;588;584
757;701;646;589
746;550;586;591
722;499;589;580
735;587;614;597
726;549;590;590
724;548;583;591
729;583;591;597
775;675;631;620
739;642;624;588
771;715;630;566
726;460;573;581
723;481;573;582
719;506;586;584
725;550;593;585
724;548;593;574
758;632;614;570
716;654;630;563
719;476;587;583
754;595;592;587
735;627;625;575
723;520;580;579
731;553;584;582
737;623;603;577
737;651;606;571
719;480;583;598
758;680;620;598
776;646;618;593
765;619;616;623
778;659;643;638
799;677;652;666
774;761;680;583
712;519;587;576
776;645;623;620
753;654;641;603
723;425;556;596
741;601;619;587
724;451;581;587
728;641;587;574
742;690;582;567
715;402;565;594
719;506;587;592
751;700;597;558
781;734;624;588
779;626;580;587
717;416;567;602
713;400;542;585
720;506;561;580
739;628;586;581
783;738;596;577
721;345;553;613
718;367;560;606
728;408;557;597
774;537;596;656
784;601;612;657
758;641;632;600
731;617;623;573
711;410;569;575
737;409;568;615
765;631;644;651
765;618;610;572
792;708;647;594
792;708;647;594
760;727;630;480
711;404;567;583
716;307;481;621
737;309;536;602
742;371;563;626
785;609;598;581
749;438;583;620
727;388;558;596
750;549;589;596
717;495;588;579
767;580;604;588
720;575;614;580
721;514;598;584
747;563;596;588
757;676;586;583
739;387;587;624
788;644;589;599
716;411;575;588
737;469;576;587
770;658;579;578
749;490;609;625
766;557;622;634
782;641;627;619
721;507;583;584
723;393;585;604
735;603;647;622
729;405;570;589
728;414;578;598
767;530;619;646
743;481;601;609
750;520;580;596
743;624;636;510
753;486;532;605
757;456;586;612
762;529;571;608
787;684;649;598
732;412;567;594
769;551;602;588
743;500;581;599
765;652;590;532
756;670;653;606
731;487;588;588
764;587;584;587
736;503;582;578
744;664;645;526
727;444;582;593
801;652;589;587
719;377;549;598
725;412;575;607
754;529;583;592
751;558;591;589
728;485;583;588
726;261;538;614
759;549;578;587
744;415;546;586
793;658;583;557
742;522;595;593
788;672;623;593
727;591;617;570
732;453;571;587
725;423;578;600
755;494;591;655
756;417;578;667
767;510;602;679
753;537;598;626
759;516;601;658
732;462;582;593
752;547;580;595
750;498;549;596
758;574;586;601
783;660;623;567
713;543;601;571
784;650;627;593
775;672;651;641
725;447;580;593
792;662;645;643
728;418;528;569
741;572;589;588
731;424;579;609
712;478;513;566
744;616;592;588
794;659;627;598
746;611;613;565
721;407;543;591
767;628;575;585
724;501;589;589
776;623;602;596
733;526;559;612
767;562;559;588
650;577;579;537
704;561;610;610
714;524;592;641
748;603;627;664
741;596;598;608
683;513;577;598
686;502;573;603
686;522;581;605
713;572;595;591
683;522;574;588
691;515;582;602
727;516;562;694
711;614;587;616
714;675;579;580
742;621;565;591
690;513;574;582
730;663;586;543
716;650;607;569
695;520;588;586
743;664;625;596
744;665;588;580
718;658;618;599
687;490;570;591
708;649;628;583
720;612;606;589
744;622;601;587
733;717;608;588
740;735;610;574
758;701;627;578
716;617;572;584
731;685;569;580
780;751;640;629
698;470;559;590
753;587;574;593
710;468;576;595
722;524;588;610
716;615;620;582
718;528;575;594
721;542;579;591
737;520;586;659
739;545;588;671
712;505;568;598
739;581;609;615
708;475;576;598
706;458;561;593
725;658;625;586
706;511;572;598
750;687;587;588
726;606;598;595
758;679;587;596
725;646;608;578
680;538;556;602
752;633;597;593
756;665;631;648
702;446;561;603
739;654;594;601
710;508;559;608
715;526;581;594
780;692;644;668
708;571;596;583
705;460;566;594
738;604;579;598
725;579;573;595
740;719;647;586
708;458;563;596
728;573;591;613
676;526;572;599
753;631;606;613
741;623;598;574
727;676;554;576
727;676;554;576
732;607;600;594
752;679;632;592
700;481;562;589
766;664;622;600
705;489;573;600
707;474;571;598
705;464;566;591
719;545;559;593
717;710;598;580
750;725;609;592
699;472;594;608
701;421;562;608
767;667;622;621
744;588;615;605
783;653;630;665
760;718;660;618
735;521;577;618
761;637;598;599
791;735;633;587
785;747;660;577
712;458;564;595
717;501;561;601
752;597;605;602
714;500;568;610
716;458;569;605
790;661;633;664
768;699;614;607
726;559;587;599
713;475;575;599
723;671;604;589
748;746;593;591
765;666;619;607
703;451;558;600
765;616;595;645
695;650;599;512
695;401;555;593
740;587;574;607
739;653;627;599
712;523;581;592
715;463;565;608
743;522;551;680
707;604;598;575
755;635;578;607
729;540;564;604
711;422;563;605
732;535;578;607
715;414;562;610
737;594;598;599
730;618;599;596
746;555;552;609
760;596;596;611
721;528;575;602
741;563;589;643
727;560;580;601
761;662;637;626
730;638;638;613
713;408;555;602
750;589;589;606
711;425;562;608
751;685;608;590
771;720;628;593
735;590;564;594
764;679;604;602
715;554;591;590
734;584;581;589
718;413;558;611
748;680;613;582
738;604;571;598
717;406;559;613
743;578;593;627
713;386;551;625
771;729;637;593
771;729;637;593
718;429;562;606
726;463;572;622
716;525;585;571
722;546;578;598
722;491;570;610
759;704;645;612
742;557;575;609
745;551;584;613
714;536;588;605
718;554;572;603
725;548;582;615
714;526;587;604
731;569;572;596
732;542;579;606
744;679;589;593
775;661;611;617
732;643;652;613
733;587;563;605
761;701;540;601
795;746;645;665
747;674;589;592
728;627;628;600
730;629;623;593
719;518;546;577
718;540;587;604
756;628;612;634
760;689;643;597
733;547;575;606
724;575;584;592
710;422;560;609
716;449;569;611
783;653;571;594
716;451;572;608
713;401;553;608
756;676;616;570
705;500;555;592
791;640;627;656
752;574;605;642
735;415;550;601
791;648;595;602
722;433;574;608
723;437;566;602
737;419;562;625
769;655;642;646
731;496;565;606
718;431;563;600
784;656;585;606
754;575;596;606
761;618;610;603
777;716;654;612
708;456;570;595
754;577;599;597
710;404;559;609
760;649;605;609
778;633;634;672
735;560;593;613
735;617;596;588
715;555;594;599
763;636;620;609
723;382;556;619
759;655;614;596
716;447;577;609
743;507;561;615
781;655;649;632
728;599;600;600
735;601;582;592
701;462;564;614
713;472;564;610
730;518;571;607
747;615;622;623
760;585;611;611
752;552;592;603
714;484;576;604
727;520;585;621
752;569;610;632
705;463;595;611
717;429;549;608
748;655;562;598
714;418;563;616
722;517;565;605
730;534;564;602
730;517;568;600
739;620;623;615
735;557;577;596
762;639;610;603
708;492;549;614
715;500;569;617
747;654;575;604
779;666;615;605
808;707;619;603
758;677;632;573
740;572;559;585
726;533;588;601
712;395;553;615
744;528;555;604
751;464;577;621
728;501;595;608
728;551;585;602
713;421;564;601
752;451;567;644
739;439;571;610
746;619;641;629
735;440;559;617
766;686;596;574
721;395;557;606
721;405;557;612
775;647;615;649
749;561;598;615
727;560;606;578
717;409;559;609
733;491;562;600
725;628;564;582
697;702;638;437
750;519;597;611
768;639;623;604
759;623;602;601
790;678;608;604
794;682;617;608
743;571;628;607
723;410;561;612
718;593;580;593
740;754;601;580
770;676;631;600
710;605;609;606
755;749;583;581
742;718;657;588
705;433;563;603
736;587;601;608
754;655;562;603
736;487;600;632
712;402;554;626
716;385;557;615
738;526;508;597
701;535;582;583
738;599;612;614
769;610;607;608
774;706;625;609
760;728;591;586
789;689;598;617
736;683;522;537
752;696;556;597
785;688;622;660
706;437;550;601
759;573;580;600
772;570;619;657
714;411;551;614
765;617;620;631
746;644;618;591
717;412;549;609
762;628;597;639
719;438;550;615
775;692;623;606
717;668;620;576
715;524;583;597
715;524;573;603
765;664;630;639
735;577;570;598
765;659;603;605
712;624;574;595
719;639;618;579
733;552;544;591
755;615;602;630
742;614;615;635
697;463;540;584
717;507;578;606
774;687;638;651
750;566;572;607
720;490;568;610
744;600;591;604
766;622;612;625
759;655;622;646
741;581;568;592
743;557;577;606
733;579;593;604
731;593;598;593
795;724;647;621
744;551;595;614
766;664;631;639
764;669;589;608
767;658;613;610
772;701;636;576
711;617;582;576
734;683;591;580
756;719;645;591
751;741;638;566
719;600;589;583
737;710;613;589
780;664;639;679
750;624;598;601
742;579;575;606
714;506;576;599
773;571;607;662
724;459;555;601
718;442;569;611
698;533;591;578
757;682;630;583
774;702;582;587
766;696;592;593
751;568;609;624
733;537;565;608
737;552;565;607
772;647;590;602
743;475;557;617
739;513;588;631
714;603;611;572
716;441;571;605
759;616;609;611
748;589;595;608
714;452;572;616
720;434;563;604
740;678;629;582
744;523;546;607
769;658;619;612
754;650;615;598
720;437;566;603
732;557;586;600
757;581;573;642
763;675;615;570
711;485;567;597
719;482;583;642
727;527;585;600
751;652;588;600
739;635;591;596
725;558;591;601
778;708;632;604
718;520;580;590
753;624;614;589
791;649;641;687
788;661;650;682
721;482;562;596
772;656;616;582
734;644;604;586
758;681;568;583
782;720;584;572
801;697;622;606
751;678;638;573
750;562;582;600
759;600;591;595
727;577;582;595
721;509;557;594
737;593;585;600
792;686;656;667
766;692;637;618
749;683;633;581
710;501;564;588
768;647;620;609
784;703;659;656
747;597;591;595
774;680;598;603
745;645;624;609
772;648;612;605
745;567;587;603
740;647;593;591
791;701;614;610
757;667;659;623
723;435;566;614
749;689;612;603
762;761;619;588
760;764;612;581
759;758;610;586
764;758;606;587
756;741;604;585
755;731;603;588
753;730;603;590
753;724;604;591
752;716;603;591
752;716;603;591
753;721;602;591
755;727;605;592
754;726;605;593
752;726;605;593
751;725;605;593
756;728;611;596
759;734;615;595
760;719;604;599
760;715;604;605
731;512;590;611
750;687;609;600
788;773;622;599
748;595;615;621
728;536;577;607
730;349;561;625
769;479;574;627
724;600;614;567
728;374;560;612
759;391;566;639
737;415;563;615
739;445;560;619
734;482;575;603
721;460;579;602
719;446;563;597
767;553;602;642
724;260;537;634
728;470;599;600
708;385;520;638
755;540;598;607
782;585;601;611
778;559;578;609
723;306;519;635
746;400;541;615
743;388;552;621
760;545;579;606
741;495;571;606
785;668;665;659
729;407;548;614
775;535;553;662
788;680;570;591
734;483;578;608
744;564;591;584
733;350;529;617
773;522;563;627
754;466;551;609
737;427;556;603
740;437;552;612
809;675;647;630
721;433;559;600
722;269;516;628
766;497;574;655
729;406;554;613
782;545;570;610
775;421;592;661
735;327;549;616
743;318;545;633
727;489;588;600
763;646;648;607
733;623;638;600
729;414;564;600
756;531;595;606
733;567;602;601
738;473;536;568
789;644;623;614
768;650;612;614
766;668;637;594
742;493;581;624
741;487;578;615
765;550;586;605
739;594;607;584
747;545;586;604
746;588;591;607
749;567;558;597
762;565;587;614
771;655;632;590
721;396;540;603
797;622;630;678
732;559;591;592
733;429;552;606
740;501;568;609
799;699;641;628
764;624;613;613
803;655;600;604
755;647;591;594
731;473;568;604
733;287;528;646
764;437;588;658
781;537;599;625
757;444;576;636
730;396;560;625
738;479;555;613
758;579;505;565
776;613;560;608
726;395;552;623
755;615;652;612
742;470;558;611
750;519;561;610
760;558;568;605
741;425;554;611
725;685;578;563
763;747;587;568
764;747;586;568
765;744;587;571
766;746;592;573
766;746;593;573
766;741;590;572
767;744;590;571
766;743;595;572
768;754;598;564
782;760;601;569
791;739;614;568
739;637;540;577
744;433;553;604
770;551;566;594
756;462;597;625
737;419;558;606
710;297;538;607
713;490;587;582
772;596;597;607
722;289;461;620
750;352;510;619
663;394;548;594
740;550;578;590
717;639;639;578
740;455;547;581
772;655;634;572
742;524;566;579
762;639;595;583
706;419;558;575
772;548;591;599
800;658;617;608
718;628;628;545
726;424;566;598
718;298;530;602
737;480;579;614
771;569;555;592
790;632;599;590
716;379;552;603
717;370;549;600
722;357;542;606
792;554;609;655
801;629;636;658
736;616;619;587
717;474;557;554
786;626;591;582
729;496;563;588
719;437;562;592
739;527;560;596
742;543;552;581
759;574;585;593
722;435;565;598
746;551;583;571
708;448;556;591
754;643;603;580
716;469;544;591
726;539;552;587
793;737;621;633
759;561;620;606
739;554;568;581
788;665;566;578
742;533;572;585
721;532;569;574
724;542;565;588
732;539;556;589
781;677;598;592
719;428;561;603
749;543;575;594
696;444;554;591
712;414;548;594
737;543;566;597
764;559;552;605
727;444;556;604
791;626;566;594
755;634;571;585
780;675;591;590
760;549;577;600
779;677;605;595
749;614;609;567
727;467;559;589
783;625;608;657
731;622;617;575
761;475;559;600
775;500;565;626
731;482;584;606
734;434;569;601
741;516;572;600
759;565;605;655
753;643;577;601
783;749;573;595
730;398;554;614
730;304;536;622
795;416;550;615
731;363;553;606
734;378;560;606
749;564;601;588
743;410;546;612
763;553;595;605
810;652;594;613
728;408;560;615
728;488;572;603
736;498;579;596
727;440;563;607
774;685;641;610
744;466;557;601
750;562;570;598
760;499;586;628
733;443;568;612
741;564;605;600
727;425;562;607
731;301;528;616
764;378;555;645
773;369;558;658
743;532;575;627
751;546;599;604
712;427;556;594
706;371;552;611
749;436;593;656
739;396;555;602
747;523;624;630
752;528;618;638
717;379;562;614
739;498;578;627
725;509;605;587
718;369;549;614
741;589;594;597
736;544;561;568
708;458;567;589
759;655;644;580
716;497;581;591
774;640;626;595
701;407;555;603
789;649;604;605
716;365;546;598
722;407;559;610
721;424;566;605
758;575;563;600
726;501;558;587
757;673;632;605
721;473;567;587
722;475;568;591
722;470;563;589
730;523;571;601
763;545;593;650
745;637;626;591
728;503;558;585
769;617;617;629
742;603;595;573
731;510;566;590
742;535;570;596
782;608;622;658
766;577;568;595
730;493;572;602
719;505;600;572
732;530;579;599
758;707;598;602
781;732;597;580
773;650;645;626
761;648;605;605
726;520;582;600
738;546;579;600
760;695;662;604
744;645;596;591
717;496;575;602
747;582;600;602
772;599;583;592
739;530;575;597
743;542;560;592
750;573;579;601
767;557;599;680
730;529;590;606
768;632;598;619
751;564;581;602
771;643;576;599
801;636;633;669
759;572;571;609
751;566;573;591
728;492;569;603
759;575;605;601
749;492;551;598
730;435;564;614
738;458;568;613
739;502;564;607
793;597;588;639
732;460;573;607
786;653;620;615
746;535;556;589
781;646;556;569
752;512;570;606
733;409;564;608
743;441;561;604
753;572;606;607
770;660;569;510
752;642;626;599
727;355;553;601
742;389;542;621
758;460;573;606
735;503;586;599
782;649;620;600
751;632;576;582
804;666;617;597
726;428;569;609
728;424;568;612
733;426;568;606
756;529;564;607
744;636;628;587
725;444;559;596
782;639;632;635
765;638;613;599
780;649;590;602
734;434;565;612
773;677;662;623
736;475;566;600
768;627;603;612
738;502;580;610
748;619;603;596
760;552;580;619
761;545;572;610
796;647;608;611
730;340;542;628
758;516;565;610
731;410;561;616
735;393;559;608
748;482;531;607
724;401;535;617
724;420;537;618
729;421;541;619
747;523;539;610
743;520;540;604
751;534;526;591
791;650;579;606
721;418;567;607
746;460;546;610
743;484;544;613
747;475;548;608
787;594;472;643
726;429;544;610
738;517;552;597
744;542;557;602
775;687;590;582
760;616;590;596
769;671;596;625
742;579;564;596
713;399;517;599
732;527;579;609
791;643;578;610
723;426;549;610
773;558;595;650
755;538;590;621
729;521;573;604
