24.2099999999993
7.71999999999935
1.30199999999934
27.2019999999994
-17.1780000000006
39.0799999999994
21.6119999999994
82.2279999999993
59.5399999999993
25.7739999999993
114.781999999999
75.4879999999991
29.6239999999991
79.275999999999
100.833999999999
81.2599999999989
92.4439999999989
109.447999999999
156.061999999999
129.563999999999
42.8999999999995
8.86599999999953
48.6599999999996
55.4399999999999
63.2080000000001
71.7060000000001
72.1480000000003
52.7980000000004
21.5660000000006
105.064000000001
71.6140000000004
88.7680000000004
108.892
27.5700000000002
103.118
55.122
105.284
48.7639999999998
80.2279999999999
44.5960000000001
47.3140000000001
79.7520000000001
62.5460000000002
58.9700000000003
58.9700000000003
62.0100000000003
32.8600000000003
34.7400000000003
-26.4619999999998
-15.1239999999999
29.7160000000002
-15.0599999999999
-1.27999999999986
55.5040000000001
0.594000000000165
30.5220000000002
43.2380000000002
52.5540000000003
52.5540000000003
16.5560000000003
21.3980000000003
13.2160000000002
59.9700000000002
23.2040000000002
44.9820000000001
101.682
25.3820000000002
32.1400000000002
96.5020000000002
86.1660000000002
-5.22399999999971
10.6560000000003
40.0380000000004
31.7500000000004
21.6900000000004
39.2100000000004
11.7480000000003
-9.39799999999963
-13.5899999999996
31.9000000000004
14.0860000000004
33.5260000000005
20.5140000000004
-1.1539999999996
49.4680000000004
131.534
133.09
79.1000000000005
165.296
75.8460000000003
24.3520000000003
112.832
88.7980000000001
71.1960000000002
72.9860000000002
34.9720000000002
32.8960000000002
101.482
1.31800000000015
16.0200000000002
59.9700000000001
59.9700000000001
51.1740000000002
47.5760000000002
28.8840000000002
24.6560000000002
30.9480000000002
32.1900000000002
65.1420000000002
54.1600000000002
54.7700000000002
22.6720000000002
62.4440000000002
103.56
101.746
98.7180000000001
71.8940000000001
78.0520000000001
68.7940000000001
54.8660000000001
62.9840000000002
24.0000000000001
12.7700000000001
16.1240000000001
66.4340000000002
104.42
75.2980000000001
38.1800000000002
33.3520000000002
17.7500000000002
36.6440000000002
58.3860000000003
44.9940000000004
25.1720000000005
76.4020000000004
39.2680000000004
68.8060000000005
60.7120000000004
40.0580000000006
98.9800000000006
35.9920000000006
0.126000000000658
17.9340000000007
28.1880000000008
44.5900000000007
47.5320000000008
103.038000000001
63.4900000000008
32.9140000000009
86.3840000000009
80.8280000000009
30.3480000000009
54.5400000000009
53.764000000001
90.6620000000011
81.974000000001
47.3820000000009
65.6660000000008
56.3360000000009
81.2000000000008
66.4240000000008
56.7480000000007
36.0780000000008
98.0360000000007
24.4260000000007
51.7460000000007
86.8220000000006
64.9480000000007
55.6080000000006
60.4520000000006
59.1860000000005
45.9480000000005
39.9520000000006
52.1200000000006
23.5620000000006
79.2220000000005
68.5200000000006
65.5960000000005
73.0900000000006
29.8980000000005
10.1500000000004
8.78800000000058
17.4760000000006
19.0560000000005
52.2080000000004
29.2240000000004
59.2620000000004
73.7080000000004
88.1140000000005
82.1800000000005
85.5080000000005
85.1760000000006
81.5840000000006
43.3300000000005
73.0540000000003
45.7060000000002
22.3860000000002
45.4760000000001
45.4760000000001
63.1800000000001
60.692
29.502
53.2960000000002
56.7640000000001
49.9400000000001
48.9440000000001
54.7299999999999
64.154
52.4319999999999
62.2879999999997
77.0659999999997
72.9359999999997
53.8419999999996
82.0759999999997
55.8579999999997
55.1919999999997
62.9959999999996
74.2839999999998
73.1939999999997
77.7939999999998
71.8239999999997
51.4659999999998
28.3879999999998
32.3359999999998
27.2859999999998
54.9459999999997
91.4699999999997
53.7639999999997
38.0119999999998
49.0659999999998
1.37999999999988
20.2479999999998
38.3659999999999
25.7359999999999
56.4459999999999
53.954
24.802
38.456
19.2059999999999
36.0099999999999
25.8999999999998
-50.5760000000002
36.4799999999998
18.4639999999997
73.5579999999998
23.8979999999997
-10.6640000000003
50.3019999999997
30.9079999999998
43.0699999999998
52.7459999999999
51.7219999999999
29.7059999999998
-3.47200000000009
26.9639999999999
27.9079999999999
21.2579999999998
34.3699999999999
42.2019999999999
80.944
14.034
71.71
62.9460000000004
70.6820000000004
50.5240000000003
64.7780000000004
70.5800000000003
70.5800000000003
60.6160000000003
68.5380000000004
20.6140000000004
67.0360000000004
75.0400000000003
46.7240000000004
37.6220000000004
32.1260000000003
41.3820000000003
43.0360000000003
35.5960000000003
15.6800000000002
31.4960000000002
67.4900000000004
83.5900000000003
76.2620000000004
46.8140000000004
4.90600000000052
63.6820000000006
52.3780000000006
42.9700000000005
26.3300000000004
66.7440000000004
60.7580000000003
94.7900000000002
76.796
68.794
38.66
82.3380000000001
70.452
46.6499999999999
37.7239999999999
28.8679999999999
14.6399999999999
45.298
37.774
38.8379999999999
59.954
64.0979999999998
60.22
40.1099999999999
-5.88800000000015
52.5579999999998
16.7639999999998
56.4399999999997
6.08599999999967
3.1999999999997
5.16199999999969
17.7039999999997
16.5379999999997
27.2099999999997
45.7659999999997
50.3339999999997
21.1599999999997
44.8039999999996
42.4379999999996
50.0639999999996
27.6959999999997
64.6099999999997
21.6759999999997
58.7459999999996
58.7459999999996
33.3459999999997
36.2979999999997
18.1159999999996
-0.180000000000291
60.6799999999997
14.6219999999997
53.4979999999996
89.8579999999996
95.5779999999995
81.1739999999995
59.6599999999996
75.0799999999996
62.3519999999996
81.0779999999996
67.3279999999997
7.49799999999959
-2.24400000000026
58.8279999999997
51.4339999999997
74.9159999999997
79.9879999999997
41.6259999999996
56.2959999999997
65.9099999999997
68.7879999999998
26.3339999999998
35.4919999999997
23.1099999999997
78.4199999999996
71.0839999999997
44.5119999999996
52.9079999999999
70.7239999999997
52.4159999999997
13.3859999999997
72.2199999999997
8.27399999999966
7.2099999999997
65.1499999999998
58.9679999999997
82.5439999999998
66.4719999999998
-50.3360000000002
-74.5700000000002
-61.6840000000001
-25.2740000000001
-16.6680000000001
-38.9560000000001
1.20999999999981
-13.8060000000002
-15.9160000000002
15.6779999999999
7.74799999999982
12.7479999999998
9.33599999999979
3.7679999999998
16.5119999999998
-3.75400000000013
46.9999999999998
36.0599999999998
36.0599999999998
1.70799999999997
-31.1179999999999
7.67600000000004
9.77000000000021
66.8180000000003
6.91400000000021
55.3580000000002
30.6780000000006
67.6420000000006
48.0740000000005
91.2300000000006
92.5460000000007
93.9420000000008
113.372000000001
131.010000000001
90.2040000000009
60.1380000000007
9.9800000000007
10.0680000000007
56.7800000000007
76.6780000000007
76.7000000000006
66.7600000000007
64.4500000000006
58.2260000000007
59.0920000000007
40.4620000000007
69.3740000000006
65.5580000000007
82.3400000000007
132.482000000001
132.930000000001
129.600000000001
104.030000000001
19.7720000000007
39.3240000000008
59.7720000000008
60.6600000000008
65.5200000000009
59.4280000000009
54.3760000000009
54.5140000000007
79.6060000000006
120.774
90.7540000000005
96.5140000000004
91.8240000000003
94.3400000000003
67.4140000000003
-12.8359999999998
11.2180000000002
41.6560000000001
64.9360000000001
54.5560000000002
59.966
63.702
36.4
33.8339999999998
12.3859999999997
18.1199999999997
32.8599999999997
36.9759999999997
60.5999999999996
33.1239999999997
39.3499999999996
53.8299999999995
45.6179999999995
-37.2900000000006
-37.2900000000006
-32.1220000000006
36.8379999999994
66.5999999999995
60.1319999999992
72.5819999999989
50.2179999999989
43.7619999999989
34.615999999999
18.3499999999989
31.153999999999
27.9399999999989
-10.0560000000011
-10.486000000001
34.245999999999
34.7259999999991
46.175999999999
11.101999999999
10.4919999999991
30.2079999999991
7.02399999999909
36.6059999999991
61.7699999999991
60.6699999999991
78.809999999999
75.5339999999991
32.0299999999991
-12.6820000000009
-21.3760000000009
27.733999999999
12.1519999999991
20.5379999999993
16.8819999999994
68.8619999999994
45.4739999999994
10.0659999999992
22.0419999999993
-12.4700000000007
52.9119999999994
-2.61400000000071
71.2299999999993
5.10399999999947
-4.05200000000059
52.4799999999993
21.2239999999995
16.5079999999995
44.7539999999996
48.5019999999994
-2.07200000000057
1.69399999999962
8.22199999999987
26.324
54.8380000000002
51.7000000000002
43.3560000000001
-14.7379999999999
46.3300000000002
59.2240000000002
55.3360000000002
54.0160000000002
56.8940000000001
47.6220000000001
44.7000000000002
87.4440000000001
48.152
-28.6779999999999
-7.43600000000004
13.8299999999999
14.62
8.71600000000012
36.6899999999999
57.782
86.046
23.2020000000001
-24.184
35.1900000000001
23.2740000000001
67.8700000000001
61.0440000000001
26.0360000000001
66.196
56.3880000000001
76.8580000000002
82.2560000000002
60.5760000000002
54.7300000000004
75.5460000000004
58.8620000000004
72.4000000000005
98.4620000000003
63.8800000000002
74.7440000000004
52.5840000000003
72.0080000000002
80.6620000000001
72.778
32.028
57.622
60.426
83.004
-9.82600000000002
34.8039999999999
60.8619999999999
63.1979999999998
44.2659999999998
53.796
9.9799999999999
7.1640000000001
52.0300000000001
54.6940000000001
31.3440000000002
-6.28399999999999
41.9780000000001
29.58
55.8260000000001
38.7340000000002
67.1060000000001
86.75
25.5000000000001
36.8340000000002
52.4460000000001
88.9620000000001
67.7459999999998
32.1099999999996
-9.20600000000036
39.8839999999996
4.92999999999961
73.2119999999995
84.6379999999996
57.1119999999996
53.7679999999996
27.0599999999995
21.1719999999993
18.0319999999994
40.7719999999994
34.9979999999994
48.8019999999993
47.7539999999992
47.4899999999992
49.3139999999993
52.8419999999993
62.9859999999994
85.3139999999995
68.0099999999995
78.1919999999998
89.4100000000001
91.002
85.2119999999999
79.1159999999996
49.8839999999996
53.2339999999996
51.7579999999996
15.9339999999996
38.4819999999995
60.2339999999996
57.7159999999996
55.9099999999995
70.3859999999995
83.9139999999995
24.9659999999996
20.9359999999995
-6.66400000000044
36.6499999999995
48.8179999999994
66.6039999999995
57.3039999999995
73.4199999999995
37.5299999999995
11.0359999999998
50.7239999999997
49.5459999999998
42.9159999999998
62.2399999999998
48.9099999999997
67.0379999999998
57.9319999999998
74.1259999999997
87.6179999999996
64.1679999999997
53.6439999999998
37.5259999999997
55.4259999999995
42.7559999999994
43.6599999999993
31.8539999999994
48.8059999999994
53.0659999999995
29.0539999999992
32.0939999999991
45.8939999999992
47.1419999999995
43.4019999999995
64.0639999999993
43.1059999999993
55.0899999999994
42.7019999999993
29.9179999999993
9.24999999999932
27.3459999999993
54.3859999999993
52.1679999999993
82.8659999999993
43.2679999999993
44.1859999999994
39.4219999999993
24.5359999999994
24.9839999999994
4.58199999999943
7.19799999999941
29.9219999999993
26.8199999999994
-70.0640000000006
2.29799999999943
-58.4920000000008
-63.4880000000006
-27.5480000000006
0.651999999999362
36.2059999999993
48.2199999999993
46.5539999999994
41.3739999999995
7.10599999999954
-56.2000000000004
-64.2380000000003
-64.2380000000003
1.0599999999996
47.8099999999999
-75.932
-50.8260000000001
-19.1759999999999
-3.28599999999983
7.49600000000009
20.1520000000002
33.866
34.304
30.3100000000001
11.342
21.0320000000002
59.1700000000001
54.8040000000004
56.4040000000005
64.2340000000004
41.9700000000005
53.9000000000004
54.8840000000005
46.7560000000004
54.6140000000005
62.8680000000005
58.3840000000005
94.1580000000005
87.2240000000004
55.5780000000003
30.3840000000004
33.6400000000003
8.76400000000035
41.5460000000004
40.5100000000004
9.72000000000071
50.3580000000006
75.5660000000005
48.9060000000005
33.9940000000006
78.5640000000005
96.1440000000008
91.6760000000007
72.0780000000007
94.7940000000006
43.6520000000005
105.286000000001
108.922000000001
68.4560000000006
45.4560000000006
26.1980000000007
15.1060000000007
47.1660000000006
19.3720000000009
-8.99999999999909
7.31200000000092
13.1660000000007
65.7580000000011
11.918000000001
50.9980000000011
84.6700000000009
54.4120000000006
67.0540000000008
81.3000000000009
86.6360000000009
77.2560000000009
65.5080000000008
47.1180000000008
61.7380000000007
55.0780000000008
38.6340000000009
38.6340000000009
77.1480000000009
43.0340000000009
17.3400000000009
24.2800000000009
18.5000000000008
43.9580000000009
48.252000000001
39.7880000000008
40.3340000000009
32.1900000000007
9.54200000000071
9.99200000000076
22.6220000000008
7.48800000000051
46.5540000000005
0.750000000000455
57.9380000000004
51.0200000000003
27.7840000000003
22.9860000000004
21.0480000000005
18.3840000000006
26.2900000000006
72.6580000000007
47.8340000000007
14.8580000000006
24.9280000000006
64.4720000000004
68.8080000000006
54.3200000000005
53.8020000000005
63.8060000000005
55.3220000000003
32.3780000000004
67.1800000000004
49.9960000000004
54.8020000000007
6.71800000000076
37.9060000000005
38.1920000000006
38.1920000000006
32.9900000000006
34.3520000000007
4.66600000000062
14.2520000000006
15.6520000000006
-0.667999999999438
-74.9779999999995
-61.1119999999995
-3.82999999999947
-9.17199999999946
4.68200000000047
-59.2239999999994
-48.0519999999993
-2.0299999999994
2.01000000000067
