14.325999999998
48.825999999998
57.803999999998
42.909999999998
31.8119999999979
73.0659999999979
55.4059999999979
31.4299999999979
71.903999999998
25.287999999998
40.921999999998
24.9739999999979
25.999999999998
2.97199999999805
14.923999999998
56.8419999999981
76.8639999999983
16.2899999999984
28.8519999999988
65.7119999999989
50.309999999999
76.6839999999991
55.2179999999994
62.8499999999995
54.6239999999995
59.0079999999995
57.4599999999997
122.73
98.5679999999997
90.7239999999998
123.486
40.6739999999999
110.602
110.124
95.1299999999999
124.772
83.002
57.026
106.174
113.34
112.208
106.35
117.258
59.2859999999998
104.394
-0.262000000000228
-0.262000000000228
81.4279999999998
81.4279999999998
44.3179999999998
84.6199999999998
94.9619999999998
86.6439999999998
57.4719999999998
63.9599999999999
51.3839999999998
59.2639999999999
58.0959999999999
74.2519999999998
20.5779999999999
108.722
57.4819999999999
57.4819999999999
78.0759999999999
62.4419999999998
58.0159999999998
75.0899999999999
58.7019999999998
94.5779999999998
95.5579999999998
84.2499999999998
25.2059999999997
36.8179999999997
57.1819999999997
68.8399999999997
82.6179999999998
-3.48200000000008
-41.432
-30.624
23.102
1.66599999999994
42.264
-1.50799999999998
14.388
33.908
-17.1059999999998
22.4420000000002
-9.83799999999979
28.4980000000002
46.3760000000001
5.11599999999999
8.31000000000017
29.2040000000003
48.2780000000004
44.3480000000004
47.6500000000004
32.7420000000004
54.1120000000004
47.4040000000004
48.8480000000004
77.5160000000004
27.7340000000004
43.9700000000004
52.3900000000004
62.0520000000004
38.2600000000005
102.354000000001
136.616
76.2440000000004
111.052
103.784
103.784
103.784
103.784
98.7960000000004
78.9080000000004
39.6380000000004
79.6740000000004
74.1820000000004
108.268
54.3880000000004
116.948
100.392
114.34
126.42
130.664
113.484
109.916
62.4260000000003
5.25000000000023
70.8180000000003
33.8740000000003
66.5380000000003
104.798
81.0120000000003
42.8640000000003
-38.6199999999997
40.5020000000003
-13.4719999999998
30.8660000000002
47.8180000000002
73.1480000000003
15.6960000000001
15.6960000000001
15.6960000000001
15.6960000000001
15.6960000000001
61.1220000000002
43.5960000000002
6.77600000000024
33.0080000000004
28.1120000000003
19.9160000000003
44.9220000000002
43.1540000000003
21.6120000000003
49.3120000000003
35.2260000000002
49.6680000000002
54.8360000000002
23.9700000000003
55.0260000000002
6.98600000000027
6.98600000000027
-1.93799999999976
-4.65399999999977
139.03
174.496
85.5320000000003
21.8660000000003
41.8660000000003
107.182
47.9720000000003
-31.3899999999998
-4.94399999999979
30.2320000000002
90.2060000000002
88.1300000000002
26.3840000000002
76.7540000000002
68.8040000000001
58.1
105.27
90.34
109.584
72.0980000000001
65.7720000000001
59.1880000000001
89.3460000000001
122.62
114.532
78.1020000000003
56.8660000000004
44.5620000000004
80.3180000000004
49.6720000000003
49.6480000000004
32.6160000000005
91.6100000000004
97.8220000000004
125.924
64.0700000000006
39.4900000000006
50.0280000000006
57.3600000000006
49.9940000000006
12.4800000000005
118.814000000001
125.376000000001
122.030000000001
92.1340000000005
86.3780000000005
108.318
77.8260000000002
134.624
139.884
142.266
72.4160000000001
60.162
92.3100000000002
113.998
109.342
56.3500000000001
72.0200000000002
89.4140000000002
117.14
37.2580000000002
4.78800000000012
68.0980000000001
95.3960000000002
46.34
93.1080000000002
14.3680000000002
19.9380000000003
15.2500000000003
74.3380000000003
27.7620000000003
70.3520000000003
47.5580000000003
64.2860000000004
108.848
133.204
73.6000000000004
94.1240000000003
117.462
43.3720000000002
120.164
80.8520000000002
48.3480000000002
70.09
71.2000000000002
55.0980000000001
76.39
73.5120000000001
66.86
7.04800000000012
63.5980000000002
82.5820000000001
43.6040000000002
54.9
36.4699999999999
39.544
71.1379999999998
64.9559999999998
57.5539999999996
39.4899999999997
-33.2380000000003
-27.4880000000003
-14.7320000000003
33.8419999999998
-31.6720000000003
-1.8760000000002
-36.1440000000001
-1.56600000000014
-11.8180000000002
-23.4460000000003
-5.48600000000033
14.7699999999998
1.75199999999973
-43.7720000000002
-21.0180000000003
55.9339999999997
45.4379999999998
21.3099999999998
94.3839999999999
72.6739999999999
76.9699999999998
100.032
88.6539999999998
64.8399999999998
63.3419999999998
50.2979999999997
108.958
89.8139999999997
61.3959999999998
80.9919999999998
5.59599999999989
43.7759999999998
20.9379999999998
57.8499999999999
92.7799999999999
59.3039999999999
57.4999999999998
84.6419999999997
68.9359999999998
85.0059999999999
101.346
94.85
109.63
104.17
98.0220000000002
100.76
109.556
109.556
95.2460000000001
97.982
92.8260000000002
45.5960000000003
-44.7699999999996
-28.5799999999996
28.3940000000003
19.9380000000003
54.3660000000003
51.1560000000004
51.1560000000004
58.9140000000004
41.1320000000005
72.2420000000004
54.2800000000004
76.0940000000004
51.2280000000004
42.8440000000004
42.8440000000004
42.8440000000004
88.9960000000004
96.1280000000004
72.4100000000004
18.1080000000004
23.2440000000006
16.3920000000005
19.3740000000005
-45.4459999999995
-31.5539999999994
13.5620000000005
20.8020000000004
7.5980000000003
18.6080000000003
21.1080000000003
8.20800000000031
30.0740000000005
30.0740000000005
39.3400000000004
47.4020000000004
23.7640000000005
58.1140000000005
55.9840000000005
55.9840000000005
17.2220000000003
17.2220000000003
17.2220000000003
27.1640000000002
38.0060000000004
41.0180000000004
59.9500000000003
55.3660000000002
25.6800000000003
50.6020000000002
47.4900000000002
54.2820000000002
71.2540000000001
-23.1819999999999
-68.2999999999998
7.41200000000015
9.84600000000023
75.2080000000002
77.3260000000002
100.932
101.63
73.6720000000001
81.9820000000002
94.5440000000001
78.5480000000001
83.4860000000001
76.4800000000001
95.2660000000002
95.8100000000002
71.9120000000001
75.1180000000002
42.97
82.2840000000001
65.504
65.504
94.0459999999999
95.8919999999997
91.8759999999999
62.9979999999999
79.048
62.6380000000001
71.8040000000003
56.4820000000003
46.7560000000003
91.1660000000005
97.5800000000005
103.328
27.9920000000004
10.2200000000004
-0.373999999999683
56.2300000000004
53.1740000000003
57.2640000000002
74.7760000000004
2.49000000000035
62.1180000000003
68.768
64.4019999999999
61.8119999999999
35.7499999999999
76.1559999999998
-15.6640000000001
76.1199999999999
84.8859999999999
8.21799999999985
24.0479999999998
-10.4680000000002
13.5939999999998
43.1679999999998
32.8439999999997
34.0499999999997
2.78199999999981
-20.5100000000002
42.5919999999998
35.7319999999997
2.81999999999982
-31.7760000000002
22.5599999999997
-33.0260000000003
20.0239999999997
23.2439999999997
41.7579999999996
57.6439999999998
27.5979999999998
51.3119999999998
32.4219999999998
12.9959999999998
51.2699999999998
30.7619999999997
-12.9520000000003
32.6799999999996
17.8299999999996
29.1659999999996
42.1199999999994
29.0599999999994
49.8939999999993
23.2039999999993
57.1639999999992
40.2079999999992
88.9879999999991
88.079999999999
38.5699999999991
38.5699999999991
41.6039999999991
38.4799999999993
69.8179999999996
28.8939999999996
14.8799999999997
36.7659999999996
59.2039999999996
44.9099999999996
95.9019999999997
97.3279999999996
97.1079999999996
51.1139999999996
50.0099999999997
100.192
18.1059999999998
81.3939999999998
81.3939999999998
81.3939999999998
81.3939999999998
81.3939999999998
81.3939999999998
81.3939999999998
81.3939999999998
81.3939999999998
81.3939999999998
81.3939999999998
88.0199999999999
14.4279999999999
57.5939999999998
39.4019999999997
34.2339999999998
65.3639999999998
96.1139999999998
89.9199999999998
32.2439999999998
17.1039999999999
76.0539999999999
-84.6919999999999
-150.336
-47.0759999999998
50.1420000000002
61.9560000000001
-11.8879999999999
62.2220000000001
86.0880000000001
86.0880000000001
-1.73799999999983
15.6740000000002
-68.9379999999999
35.0860000000001
-29.5439999999999
0.87600000000009
65.7600000000002
-22.3139999999997
10.1260000000003
55.6720000000004
35.2300000000004
43.2120000000003
95.0980000000004
-31.3759999999996
49.7920000000004
89.6000000000004
50.4960000000003
91.9000000000003
105.116
95.0580000000003
58.8100000000003
100.196
97.5360000000004
61.6560000000004
75.4540000000004
82.0780000000004
79.2580000000005
90.7020000000005
48.9440000000005
15.5780000000003
62.6160000000003
-52.8939999999997
5.3240000000003
34.3360000000004
19.1440000000003
30.3920000000003
38.9040000000003
43.7240000000003
60.7120000000002
48.2400000000002
-63.3779999999998
45.6400000000002
26.4440000000001
26.4440000000001
36.6000000000001
45.582
81.5279999999999
61.876
19.304
105.144
81.8460000000002
37.4500000000002
-33.9359999999998
-9.86199999999985
-9.49200000000019
2.72799999999984
-37.4320000000001
-37.4320000000001
5.21399999999971
-94.0420000000001
2.50599999999986
0.103999999999814
0.103999999999814
5.71599999999978
21.8119999999998
-22.0320000000002
18.5759999999997
36.4499999999996
81.0199999999995
81.0199999999995
59.5859999999996
98.1659999999996
84.7419999999996
55.9679999999996
34.2359999999995
31.3079999999995
66.1299999999995
48.5599999999997
83.8339999999997
76.9539999999997
-75.8160000000004
19.6559999999996
-77.5560000000003
-56.3260000000002
43.3119999999998
12.0519999999998
62.0539999999997
63.5559999999999
54.6460000000001
104.462
96.71
37.24
32.1800000000003
65.4900000000001
83.072
83.558
82.7300000000001
44.1760000000003
51.4180000000002
56.2660000000002
94.5660000000001
116.17
69.2100000000002
99.9640000000001
24.2860000000001
39.612
61.0940000000001
62.6740000000002
91.3980000000003
64.1920000000002
32.8840000000002
83.2680000000003
90.7300000000001
41.134
80.0140000000001
99.5100000000001
72.5620000000001
48.7740000000001
85.4140000000001
-2.52399999999977
3.69400000000019
90.3100000000002
18.6840000000002
51.4620000000001
66.0400000000001
70.3480000000002
92.2280000000002
115.054
106.484
86.576
-4.92399999999998
-11.3679999999999
-53.9239999999999
13.7320000000001
36.1180000000001
-18.9839999999999
14.1080000000001
17.9280000000001
73.7380000000001
5.79000000000008
38.7740000000001
-19.6499999999999
-1.12799999999993
-12.6559999999999
-11.352
-11.352
-81.4340000000001
-57.6680000000001
3.47599999999989
18.2499999999999
-7.15600000000006
11.0859999999999
8.35599999999988
94.2599999999999
33.09
41.7920000000003
56.3780000000002
62.8260000000002
67.5260000000002
39.7260000000001
31.1020000000002
30.6240000000003
67.6780000000002
73.5580000000002
-42.8419999999998
-0.847999999999729
1.70600000000024
39.2260000000001
23.2720000000002
23.7600000000002
21.1140000000001
46.5140000000002
51.3740000000001
55.8100000000003
59.4980000000003
96.2960000000002
47.9820000000002
27.3180000000002
35.3480000000002
52.5880000000002
71.4780000000004
44.6720000000003
41.9060000000003
31.6160000000003
46.9940000000003
72.2380000000003
34.7940000000003
80.2360000000003
86.9920000000003
24.1400000000003
57.9100000000002
13.2940000000002
53.2040000000002
114.79
137.664
111.54
86.4660000000001
116.958
111.874
95.8780000000002
-26.93
35.1600000000001
63.378
35.992
51.986
71.0820000000001
64.1160000000001
73.028
-1.37399999999991
102.62
87.2599999999999
74.88
91.5160000000002
59.6820000000001
49.0060000000001
35.9820000000001
50.1760000000002
68.9580000000001
82.754
50.966
55.6680000000001
44.3240000000001
60.01
58.4380000000001
63.7080000000001
45.5600000000002
13.3560000000002
33.7000000000002
37.638
26.6540000000001
12.9140000000001
-5.67399999999986
39.3560000000001
86.1680000000001
97.5880000000001
87.7220000000001
84.1560000000001
80.3080000000001
100.766
103.548
99.6360000000002
93.2280000000002
94.5540000000001
130.11
76.4939999999999
13.6239999999999
13.6239999999999
13.6239999999999
70.8979999999999
69.2999999999998
69.2999999999998
69.2999999999998
69.2999999999998
78.654
71.6639999999999
98.276
30.2620000000001
57.354
60.4339999999999
-138.458
26.3620000000002
97.5980000000002
15.3620000000003
13.6140000000005
32.6520000000004
-12.2299999999997
20.9500000000003
29.8300000000003
16.5060000000003
40.5900000000003
11.7220000000002
75.1800000000003
41.6400000000003
48.1600000000004
53.7360000000004
59.5680000000002
-0.259999999999764
