99.4100000000025
96.0140000000025
132.320000000003
127.986000000003
128.356000000003
133.014000000003
152.908000000003
154.528000000003
87.6780000000027
146.292000000003
152.734000000003
127.632000000003
127.632000000003
101.414000000003
110.252000000003
95.3300000000031
46.2760000000031
47.490000000003
99.7880000000029
87.2940000000029
109.202000000003
108.944000000003
98.2680000000024
98.2680000000024
71.332000000002
71.332000000002
122.020000000002
90.5520000000015
66.3360000000015
38.5440000000011
55.3500000000008
113.710000000001
39.3740000000003
27.8820000000002
54.1180000000002
41.4780000000003
49.1840000000002
37.862
-17.8080000000001
-9.8520000000002
-33.6700000000002
45.466
17.0279999999998
12.8959999999997
22.7419999999997
-0.368000000000279
85.3319999999998
83.0519999999998
44.3679999999998
44.3679999999998
-45.2480000000002
-45.2480000000002
-45.2480000000002
-45.2480000000002
-32.3020000000002
-15.4740000000003
-23.5500000000008
14.3479999999993
32.1799999999993
50.0019999999993
-4.19400000000064
-30.5500000000006
18.4099999999994
18.4099999999994
17.5079999999994
46.8919999999994
65.2499999999994
44.6699999999995
23.7979999999994
12.6699999999994
14.8399999999995
25.7899999999995
39.1679999999996
44.0819999999995
50.5899999999995
23.5819999999994
29.1259999999994
-11.1020000000007
23.1159999999993
-9.30000000000075
7.51599999999928
17.2699999999991
19.2239999999991
53.641999999999
-13.6660000000011
56.689999999999
21.847999999999
47.7719999999991
56.9679999999993
71.4959999999993
3.43599999999935
3.43599999999935
50.9939999999993
87.8999999999993
77.2919999999991
79.4939999999993
59.7999999999995
66.2019999999994
27.0479999999995
-46.8300000000004
-0.132000000000403
20.8319999999995
11.2299999999996
46.9519999999995
46.9519999999995
56.9479999999996
27.9319999999997
46.1619999999997
50.5559999999999
36.8239999999998
28.9319999999998
48.8719999999998
58.2699999999999
17.7439999999999
41.6059999999999
41.6059999999999
6.05399999999986
28.3979999999998
47.2959999999997
-25.5420000000004
21.5039999999998
81.8979999999996
-31.6160000000003
-31.6160000000003
-3.71600000000024
24.9379999999996
32.6979999999998
70.3299999999996
89.9379999999996
59.5059999999996
89.2319999999995
49.9619999999995
71.5919999999996
64.0699999999998
103.432
113.11
87.5760000000002
117.34
86.7880000000001
71.1840000000001
74.148
159.728
80.5659999999999
24.7379999999998
32.5299999999997
59.7119999999996
88.6319999999997
86.0499999999997
76.8859999999999
39.7739999999997
84.3739999999997
99.8559999999998
95.1959999999997
105.74
102.846
135.238
109.434
102.752
77.0639999999999
74.0019999999998
63.7479999999998
52.8859999999999
4.09399999999982
48.5299999999997
30.6799999999998
50.6039999999998
61.8239999999998
80.4699999999999
108.718
12.1999999999999
41.976
89.8100000000001
56.932
-60.2339999999999
46.5920000000001
46.7680000000001
65.1040000000002
45.8160000000003
-37.4519999999998
67.9100000000003
55.7640000000001
33.3260000000002
50.6620000000003
66.4120000000001
69.9560000000004
65.3960000000004
49.4960000000004
47.5540000000005
80.4840000000006
63.5800000000005
67.3900000000004
-13.9159999999995
56.7660000000004
55.2120000000003
77.8260000000002
77.8260000000002
74.8680000000002
73.2020000000002
71.5340000000002
77.7020000000002
37.9560000000002
55.4800000000004
59.6660000000003
50.2600000000003
65.6940000000004
49.0220000000006
37.0640000000005
-52.7959999999995
-52.7959999999995
36.4420000000006
85.8320000000007
79.9760000000006
77.8020000000006
87.0200000000004
94.4380000000004
76.4500000000004
88.6780000000003
132.556
86.7240000000004
72.5860000000004
83.4440000000003
83.8860000000004
33.3220000000003
77.3640000000004
56.1320000000004
23.0960000000003
4.57800000000032
50.2340000000003
40.3520000000003
39.3860000000003
64.5520000000004
55.6680000000003
16.0960000000003
37.0780000000003
46.0560000000003
44.8280000000003
56.6560000000003
1.1460000000003
-4.7919999999998
19.4580000000003
18.2780000000002
35.3820000000003
14.3380000000002
45.3500000000003
57.4060000000003
70.0740000000001
57.7220000000001
47.6060000000002
61.8840000000001
35.3780000000002
54.7900000000001
28.9920000000002
48.1920000000001
62.3260000000001
-43.0280000000001
-2.75
10.5419999999999
-13.1300000000001
59.2520000000001
-31.8060000000003
14.5659999999998
60.482
23.7559999999997
75.61
69.7280000000002
56.6680000000001
52.7580000000002
-8.2399999999999
21.3460000000001
37.1680000000001
32.586
101.048
59.9620000000001
67.2600000000001
-13.9019999999999
-13.9019999999999
9.97200000000009
1.64400000000012
44.5320000000002
45.4660000000001
43.1240000000001
34.182
62.878
44.4420000000001
32.3880000000001
43.0920000000002
80.5940000000002
57.0580000000002
55.1560000000003
66.4280000000002
61.2360000000002
74.0100000000002
62.5780000000004
74.2240000000003
69.6520000000004
79.5920000000004
121.956000000001
76.8300000000007
32.1300000000007
81.0560000000006
55.8480000000006
37.9640000000009
56.6580000000007
88.4300000000007
54.5960000000008
71.1680000000007
91.6500000000007
83.2600000000009
33.7200000000008
32.9600000000008
15.9080000000008
15.9080000000008
15.9080000000008
15.9080000000008
15.9080000000008
27.5420000000008
44.0420000000008
40.604000000001
56.4160000000008
58.1520000000008
41.0240000000008
31.3460000000008
38.8980000000009
47.6440000000009
35.4760000000008
35.4760000000008
11.1520000000007
7.57400000000075
-15.7579999999994
39.3480000000008
-25.4719999999994
-3.45999999999935
-70.9039999999993
-90.1019999999993
-86.0639999999993
-60.9979999999993
-26.3359999999993
-15.8719999999992
-26.8899999999992
-39.1259999999991
-74.8819999999993
-59.5799999999994
-59.0619999999994
-33.6619999999995
-1.7519999999995
16.8100000000005
21.9420000000005
-24.2379999999995
-19.6699999999995
-13.2039999999995
-8.07199999999955
12.9240000000005
-40.8939999999994
-4.15799999999933
34.0700000000006
26.0960000000006
7.4080000000007
31.112
75.4860000000002
30.7020000000003
41.1500000000002
59.8160000000003
52.9420000000002
33.4500000000003
59.2060000000002
53.9300000000002
91.7780000000002
105.552
32.6840000000002
46.6340000000002
60.2540000000004
69.0080000000004
102.448
89.7840000000002
77.3660000000002
78.538
-72.662
-0.919999999999959
4.63
38.216
-12.612
20.4139999999999
-1.54800000000012
32.9379999999999
1.19199999999989
38.1899999999999
13.7319999999997
10.2819999999996
55.5479999999995
61.6539999999995
61.6539999999995
26.8359999999996
32.2239999999996
43.7339999999995
42.5839999999994
66.1339999999993
58.6179999999993
85.2179999999992
63.2799999999993
-20.8280000000008
15.1159999999993
59.3639999999992
46.1139999999992
28.2859999999993
54.2699999999992
56.5879999999992
51.0899999999991
56.3139999999991
15.2879999999991
33.025999999999
36.1879999999991
63.8559999999991
74.9579999999992
48.7419999999992
51.213999999999
13.3179999999991
2.2259999999992
51.5339999999992
59.3199999999993
55.9419999999992
54.0239999999992
79.9259999999992
97.7499999999992
87.9379999999993
73.7119999999993
61.5679999999993
66.2659999999994
80.3419999999993
4.09199999999964
47.4039999999998
36.4739999999998
73.1559999999995
76.6479999999993
-15.5560000000007
8.49999999999932
36.8879999999994
21.7219999999994
11.0819999999994
35.0599999999996
87.1219999999997
68.5919999999996
68.5919999999996
24.056
22.39
41.77
60.4319999999999
110.35
65.146
59.754
107.12
81.582
130.92
90.2199999999999
121.798
62.296
99.064
91.3199999999999
116.856
92.9540000000002
106.758
60.8700000000001
42.798
33.8240000000001
35.12
36.8720000000001
66.7460000000001
57.414
76.9140000000001
89.4279999999999
60.0899999999998
35.3999999999998
22.4679999999997
51.3219999999997
38.9799999999997
7.33999999999969
6.10599999999977
54.0139999999998
66.8179999999999
80.8819999999998
38.7399999999999
23.9939999999998
70.6539999999999
33.2999999999998
39.8279999999999
52.4019999999998
78.8599999999998
84.2959999999997
51.3199999999995
41.6819999999994
34.2819999999995
35.1259999999995
39.7559999999995
-24.8080000000004
10.8319999999995
4.37399999999957
4.61799999999948
31.6379999999996
29.8899999999995
29.8899999999995
7.0739999999995
37.0559999999996
46.0999999999996
31.0759999999996
18.4699999999996
24.9039999999994
83.5659999999995
39.7159999999994
33.5819999999995
34.1379999999995
31.6219999999995
22.5619999999996
45.2019999999999
52.2679999999998
97.1559999999997
57.0059999999996
38.2179999999997
51.9339999999997
52.3859999999997
46.0419999999999
44.4019999999998
26.0359999999998
55.7799999999997
44.3379999999996
73.0319999999997
50.1239999999997
41.1179999999997
72.2659999999996
37.4979999999997
90.6819999999996
83.1159999999996
22.2359999999996
8.86999999999966
-36.1240000000003
-21.7540000000002
56.8859999999999
58.4239999999999
17.8199999999999
55.102
-34.2460000000001
18.198
44.2879999999999
45.2299999999999
55.2419999999998
60.6479999999998
-1.03000000000031
25.3959999999997
46.4319999999998
-3.0300000000002
37.0119999999998
50.3599999999999
65.7719999999999
70.6059999999999
64.5679999999999
39.5679999999998
20.9819999999999
36.3439999999998
13.3599999999998
50.0659999999998
52.3759999999999
46.6299999999999
43.9859999999999
41.7659999999998
19.0259999999998
50.8819999999998
59.6419999999998
56.7420000000003
74.8320000000003
63.5880000000003
67.1880000000003
50.8640000000003
81.3080000000002
57.4380000000002
39.446
38.3280000000001
67.1180000000001
41.0840000000002
30.6720000000001
30.6780000000002
42.3540000000003
65.5140000000002
6.03400000000022
37.0540000000002
50.5980000000003
37.9940000000003
29.7520000000003
-5.32599999999968
46.7460000000002
10.9240000000002
-5.7399999999999
15.9560000000001
30.388
25.3420000000001
64.5840000000002
28.0460000000002
9.06800000000021
31.2640000000001
41.7020000000001
18.7800000000001
50.7740000000001
68.2160000000001
34.1120000000002
40.7920000000001
50.412
38.4360000000001
38.1240000000001
39.1260000000001
20.7860000000001
32.148
35.8180000000001
52.684
52.6420000000001
57.538
79.6280000000002
77.8220000000002
60.5340000000002
12.8080000000002
63.9140000000003
13.3400000000003
-35.1899999999998
42.5800000000002
-36.3339999999997
29.9900000000002
29.9900000000002
24.4680000000002
51.5180000000003
20.4600000000003
79.6260000000003
52.6560000000003
51.1980000000003
86.5160000000005
48.7660000000004
68.4180000000006
23.1840000000008
-26.4119999999991
-25.1079999999993
17.1080000000007
9.00200000000075
49.7640000000007
33.0500000000006
68.0600000000007
54.6740000000008
77.2060000000007
11.6760000000006
15.9800000000006
44.1840000000005
23.6200000000007
26.3200000000006
62.9940000000006
29.5160000000006
32.8300000000005
20.3300000000005
41.3040000000005
-2.57199999999943
28.0480000000006
16.3620000000005
43.4380000000006
65.9100000000005
10.1080000000005
15.2220000000005
42.3720000000005
26.9280000000006
21.8600000000006
21.8600000000006
69.8360000000007
81.9260000000006
81.9260000000006
81.9260000000006
83.6580000000006
74.6320000000004
24.3240000000003
-30.5019999999997
-86.2619999999997
10.6560000000003
29.6140000000005
20.3540000000005
-42.6319999999996
-75.1059999999997
-22.4199999999997
21.6900000000002
11.4780000000003
14.3840000000002
18.614
-0.850000000000023
2.14199999999994
23.5079999999999
7.42399999999998
7.42399999999998
8.846
24.2920000000001
35.498
50.7479999999999
62.2279999999998
61.9239999999998
37.0619999999998
46.0819999999999
37.7819999999998
65.5939999999998
21.9899999999999
38.2119999999998
24.1499999999998
0.0199999999997544
43.4579999999997
-59.1300000000002
73.6359999999997
6.38999999999976
6.38999999999976
10.7439999999998
42.0879999999997
11.1019999999997
21.3799999999998
27.7239999999998
-17.3020000000001
12.3119999999998
27.2499999999999
-7.74600000000009
84.208
117.092
68.898
94.3820000000001
122.552
104.788
109.002
85.0160000000003
64.6780000000002
51.6440000000002
59.7720000000003
72.3800000000002
74.9240000000001
51.874
52.7060000000001
64.0360000000002
100.896
97.5260000000002
58.1940000000003
72.6340000000002
72.6340000000002
15.5940000000003
46.4260000000003
39.1780000000003
34.7960000000003
64.6440000000003
29.1260000000004
66.7900000000005
70.9480000000008
29.4280000000008
27.5060000000009
36.4340000000009
77.9320000000008
-1.2499999999992
47.4960000000009
52.8140000000009
62.9700000000008
64.2000000000008
0.45400000000086
62.4240000000008
34.8020000000008
52.2800000000008
46.0120000000007
47.0500000000006
7.63200000000074
46.8440000000008
51.4420000000008
51.7540000000008
25.8200000000006
14.2480000000007
85.9640000000007
64.1960000000007
-7.8379999999994
14.8840000000007
40.4560000000008
50.1380000000008
-43.6039999999991
14.0360000000007
39.9520000000007
41.8240000000008
43.8900000000007
57.9260000000007
68.1560000000007
44.1300000000008
