69.6139999999991
98.9899999999991
58.5339999999992
57.0099999999992
94.1959999999993
86.1139999999995
98.4659999999996
109.538
124.128
119.59
117.5
59.8859999999997
103.088
97.8479999999997
109.064
95.8939999999998
95.6519999999999
108.304
61.072
94.288
70.8659999999999
89.522
109.056
87.9499999999997
75.8399999999998
36.8179999999998
80.6999999999997
56.1439999999997
58.2379999999997
82.1859999999997
54.1259999999997
76.4739999999997
16.8219999999997
43.2379999999997
55.7259999999997
90.5759999999997
85.8659999999996
39.0359999999997
107.686
107.686
78.284
74.9300000000002
51.7960000000003
70.9820000000002
40.8220000000003
30.6840000000004
40.8040000000005
67.4960000000005
35.4060000000005
56.3080000000004
56.3080000000004
90.1000000000004
105.676
68.3980000000005
85.3440000000004
120.984
76.0000000000005
77.3960000000002
58.3520000000002
31.0940000000003
66.2240000000002
66.6899999999999
65.744
68.5
58.322
74.426
66.438
-14.282
52.4399999999999
55.544
36.83
0.779999999999973
12.59
-5.73800000000006
39.1179999999999
11.922
9.74599999999998
32.7959999999999
-34.15
16.2520000000001
71.316
-3.63599999999997
-15.708
9.38600000000008
19.3339999999999
12.434
8.53399999999999
18.296
8.27200000000005
9.44800000000009
-3.57999999999981
62.0960000000001
75.2420000000001
75.2420000000001
75.2420000000001
75.2420000000001
79.1620000000001
53.5380000000001
46.6340000000001
48.3060000000002
37.4040000000002
41.8200000000003
8.63600000000019
50.2900000000002
8.46000000000015
-6.95799999999986
60.1660000000001
32.4340000000001
7.18000000000018
27.1340000000002
31.0880000000002
43.1640000000003
-5.91399999999953
20.3100000000005
61.4020000000005
22.5980000000004
49.5780000000004
61.0280000000005
85.5120000000004
82.3940000000002
40.2560000000004
31.5200000000006
49.1760000000004
-8.46999999999969
21.8800000000005
58.1820000000005
38.7680000000005
36.6460000000004
46.6800000000005
31.9920000000005
59.4520000000006
75.8020000000006
77.2780000000006
83.3480000000005
77.1180000000006
69.2460000000005
55.1860000000006
101.752000000001
41.4640000000006
56.7880000000006
46.4160000000005
12.8340000000005
33.6060000000004
25.6040000000004
44.3600000000002
67.7300000000005
65.0400000000004
72.8840000000005
74.3760000000004
65.7320000000003
79.7260000000005
62.7940000000006
10.3780000000006
58.6680000000006
35.7500000000007
46.7560000000005
22.5500000000005
-4.83799999999951
10.4880000000004
11.9620000000004
-10.4919999999996
51.4660000000003
71.7800000000004
141.65
22.3679999999999
28.244
23.8299999999999
18.9539999999997
15.5299999999997
38.3759999999997
88.6559999999997
119.378
31.5979999999997
26.2579999999997
-0.668000000000347
-56.5280000000002
-6.61000000000013
39.0399999999999
-0.51600000000019
13.6199999999998
15.6719999999998
20.6499999999998
-19.5080000000003
36.2139999999998
32.6159999999998
33.1899999999997
-32.2340000000003
15.9399999999998
8.87999999999977
5.59399999999971
16.0979999999997
13.1439999999998
-12.5
45.654
50.2819999999999
75.9580000000001
42.3560000000001
52.898
0.260000000000105
14.5840000000001
32.8220000000002
53.9720000000003
47.4700000000004
36.9280000000003
15.6860000000003
43.2260000000003
65.5500000000005
43.3960000000003
34.3920000000004
83.9360000000005
17.6440000000005
23.6719999999999
20.502
48.1319999999999
55.0199999999999
42.6279999999999
26.274
15.15
41.5079999999999
60.41
68.222
-49.2180000000001
69.812
69.812
79.6179999999999
24.8439999999999
4.36399999999992
-21.5820000000001
4.59199999999987
-48.8520000000002
23.9679999999998
30.8859999999999
45.7499999999999
99.064
112.49
96.2480000000003
45.8940000000002
60.2460000000002
-16.6919999999999
18.296
38.1220000000001
25.6740000000001
80.0500000000002
23.2660000000002
23.5680000000001
8.8900000000001
7.90600000000029
10.1280000000002
-6.93999999999994
34.1
-15.67
37.276
34.888
65.0999999999999
38.5279999999999
59.0959999999999
17.1759999999998
-8.596
40.5940000000002
78.77
-6.45400000000018
-36.0600000000002
7.28399999999988
49.3460000000001
50.7660000000001
37.46
33.9240000000001
20.658
-46.9979999999999
-7.20999999999992
-17.63
8.6819999999999
59.9839999999999
41.37
3.54399999999998
88.096
52.85
50.2900000000001
8.45800000000008
6.90599999999995
-42.0480000000001
-45.0860000000001
-41.8680000000002
59.3479999999998
41.1879999999999
55.8179999999999
60.7759999999997
59.0739999999997
70.2939999999998
62.6599999999996
73.8979999999997
81.0779999999996
71.9679999999997
59.1359999999996
45.4859999999996
98.4319999999997
103.972
105.082
73.554
36.21
-0.950000000000159
3.654
14.2879999999998
13.0219999999998
36.8859999999997
105.356
56.5459999999998
17.9319999999999
17.2839999999999
43.8019999999998
39.5359999999998
67.7299999999999
66.6759999999999
55.754
64.1299999999999
45.914
74.664
82.446
13.86
35.338
73.002
6.73799999999994
25.36
-33.9879999999999
42.612
36.1419999999999
12.478
44.598
-42.1120000000001
51.3459999999999
32.4739999999998
103.402
127.818
89.0919999999999
78.3599999999999
64.848
21.12
87.772
76.2239999999998
33.0599999999999
72.7520000000001
39.5000000000002
82.5040000000004
50.5780000000003
29.8920000000002
35.1940000000003
-18.5519999999996
34.7780000000004
16.2760000000004
70.3500000000004
78.9940000000004
85.2660000000004
68.5800000000005
68.2720000000005
50.6980000000004
68.9160000000005
16.0280000000005
77.3620000000004
42.6980000000005
20.3000000000005
85.6960000000006
63.9080000000006
78.8160000000006
66.1560000000006
69.4660000000006
87.7360000000006
76.3740000000006
80.5300000000005
79.6060000000006
57.3500000000006
52.3540000000006
73.1480000000005
29.2860000000004
62.2300000000004
21.5640000000005
51.9260000000006
10.9860000000006
20.3800000000005
51.6240000000004
71.9340000000004
65.4400000000005
69.2240000000006
71.6420000000005
84.0140000000006
81.2420000000005
52.4440000000005
46.6060000000004
56.9480000000004
-3.25799999999958
13.1140000000004
2.09200000000044
32.1720000000005
6.6800000000004
14.0360000000003
9.96800000000019
2.21400000000006
63.7999999999995
25.5999999999996
-5.16400000000044
-4.35600000000034
36.1519999999996
40.0399999999995
47.1059999999995
45.7639999999994
2.94999999999948
68.8339999999995
58.0499999999995
65.7159999999994
28.1119999999994
-13.3740000000006
-44.8760000000005
-0.140000000000555
12.8699999999994
-13.1680000000006
0.50999999999965
-51.6660000000004
-19.9420000000003
13.8779999999998
-27.2540000000001
28.7059999999998
98.9579999999999
96.3639999999998
90.1819999999998
82.644
57.566
34.438
-21.3439999999999
48.996
2.952
81.096
68.9079999999999
81.1219999999998
48.3039999999997
41.7439999999998
51.5699999999998
14.6059999999998
50.2559999999997
72.9059999999997
70.8739999999997
-22.5860000000002
23.5919999999998
21.0059999999996
29.1979999999996
16.3659999999996
15.3359999999997
15.3359999999997
45.2119999999998
67.2719999999998
4.6719999999998
29.1439999999999
3.16399999999976
-21.8780000000002
51.3399999999998
69.5879999999997
110.024
67.0399999999999
44.9259999999998
41.324
66.8
141.396
137.258
105.178
94.51
120.98
26.966
9.57399999999996
43.7199999999999
55.208
53.9059999999999
47.1199999999999
15.8539999999998
62.3679999999998
2.68199999999979
46.5939999999998
28.4219999999998
52.5879999999999
91.9980000000002
43.34
79.508
58.604
20.4960000000002
92.6000000000003
-3.66399999999976
80.7440000000001
93.5480000000002
57.9360000000003
80.6560000000003
80.8080000000002
117.55
95.3120000000002
59.7380000000001
57.8680000000001
107.946
67.546
76.794
87.9860000000001
89.274
55.174
34.5219999999999
55.218
58.3979999999999
90.7779999999999
72.064
77.5320000000002
45.8080000000001
64.2860000000002
79.4020000000002
85.7440000000003
88.8520000000002
108.694
64.2060000000001
58.4100000000001
64.378
88.4259999999999
95.74
70.116
74.732
107.456
68.6279999999999
-9.59000000000003
-34.192
1.81200000000001
16.932
-8.27800000000002
7.02399999999989
-13.0000000000001
16.6720000000001
15.074
61.8760000000001
45.9120000000001
-19.3679999999998
0.968000000000302
18.4240000000002
29.4120000000001
-4.70799999999986
3.34400000000016
38.9360000000001
52.1940000000002
62.9560000000001
60.1120000000002
35.7440000000001
27.2380000000002
40.1760000000002
8.45600000000013
54.7540000000002
78.4280000000002
38.8580000000002
31.7200000000003
55.1160000000002
92.9580000000002
61.8420000000003
54.4520000000002
40.5340000000002
54.6020000000002
60.9620000000001
59.5720000000002
58.7180000000002
53.2480000000003
96.4280000000002
-1.31399999999974
42.0320000000003
56.9820000000003
33.7680000000003
37.7980000000003
46.5560000000003
10.3720000000004
24.8580000000004
11.8880000000003
48.2840000000002
71.0580000000003
47.2600000000002
-9.76199999999972
29.1120000000002
-5.94999999999982
17.8980000000001
72.7620000000001
50.9120000000001
46.9940000000003
48.7200000000001
45.7780000000001
64.8680000000002
91.1560000000004
89.5860000000005
41.9820000000004
5.34800000000041
45.2460000000005
20.8000000000004
-4.34399999999948
96.6700000000005
84.1860000000004
82.9100000000003
79.0400000000003
45.9040000000003
65.7120000000003
62.0980000000003
50.0720000000003
12.5220000000004
6.18600000000038
32.8200000000003
68.5600000000002
85.5160000000002
79.1680000000003
68.5920000000003
67.1280000000003
82.6100000000004
90.6120000000003
46.7120000000003
55.5920000000003
64.0240000000003
94.8000000000003
82.3900000000003
60.1200000000005
103.676
136.704
107.812
111.418
76.6040000000004
82.3680000000003
73.1380000000004
54.1960000000003
48.7360000000002
100.05
85.0600000000002
46.5540000000002
67.2660000000001
22.818
32.48
58.6100000000001
23.5980000000004
47.0320000000004
49.6440000000005
61.9920000000005
12.4860000000006
29.2840000000004
56.2040000000006
45.4980000000008
28.1140000000008
81.5420000000008
19.7940000000009
48.7780000000009
58.1540000000009
65.5860000000009
10.0560000000009
64.4360000000009
49.4220000000009
46.904000000001
35.568000000001
21.4800000000009
32.218000000001
49.3600000000008
61.9880000000007
50.1820000000007
40.7320000000008
41.3980000000007
34.2940000000007
26.4840000000007
-27.8299999999992
25.9660000000009
58.2940000000009
76.080000000001
22.5800000000008
33.3980000000008
14.1700000000012
16.4340000000013
45.0120000000013
73.1540000000012
2.30600000000129
54.8960000000014
17.4020000000013
37.4940000000013
49.8820000000014
40.7060000000014
30.1360000000014
39.5260000000014
39.4340000000014
43.7700000000016
57.9560000000014
19.0060000000013
8.95800000000145
-5.60799999999881
1.32200000000103
42.4980000000008
53.7500000000008
39.2880000000008
11.2540000000007
32.1100000000004
99.0620000000004
55.0360000000003
65.6740000000003
80.6180000000003
86.9280000000003
32.6660000000003
15.8960000000003
50.2660000000003
49.4340000000003
89.9880000000003
64.4140000000004
62.2840000000004
55.5360000000004
109.09
60.0400000000003
61.4480000000003
61.4480000000003
-13.9719999999996
44.7240000000003
40.8260000000002
65.1000000000004
47.9240000000002
59.5480000000002
35.2120000000001
68.366
24.052
29.934
43.8339999999999
35.5699999999998
25.5999999999999
68.278
74.6039999999999
70.6700000000001
60.2420000000001
43.4860000000001
70.1859999999999
84.756
53.7939999999998
55.7299999999998
51.0899999999998
63.9299999999997
60.7119999999999
44.5599999999998
12.8899999999998
31.3299999999997
-37.8880000000005
-3.95600000000036
-3.72000000000014
22.6859999999999
-44.4719999999999
-18.3939999999998
12.7980000000002
36.2760000000003
-22.9639999999997
38.9160000000003
24.7960000000003
-23.4639999999996
36.9200000000003
24.3360000000004
-29.3159999999996
3.43200000000047
13.9820000000004
45.9440000000004
27.3220000000003
0.164000000000442
56.2200000000004
38.9860000000004
42.8740000000004
41.5740000000005
29.2700000000004
11.8040000000004
31.1740000000004
47.2360000000004
58.7940000000004
58.6860000000005
58.5940000000004
47.5960000000003
26.8040000000003
23.3340000000004
34.9780000000004
15.6720000000004
42.8160000000005
71.5780000000004
64.6760000000003
54.5360000000003
51.2000000000004
44.0940000000004
55.0480000000003
65.8260000000002
55.9980000000004
97.2580000000004
86.3700000000002
79.224
58.0740000000001
15.2000000000002
37.3820000000002
44.376
62.2359999999998
61.3339999999995
41.3719999999994
-7.48000000000059
43.6319999999994
-41.4640000000006
-14.4320000000006
58.2499999999994
48.9819999999994
48.7439999999993
34.3879999999994
-4.60200000000066
-16.2100000000006
-16.6220000000006
35.5459999999994
59.8379999999995
81.9159999999995
80.7159999999994
87.4719999999994
19.4319999999994
57.7319999999995
38.3179999999995
22.8719999999996
69.7079999999996
67.1259999999997
78.6279999999996
42.9459999999996
54.2059999999997
62.0839999999996
74.3919999999997
86.0379999999997
79.2339999999997
13.2139999999998
57.4659999999999
32.1539999999998
50.0019999999998
79.0579999999998
81.3619999999997
66.2619999999998
33.2019999999999
41.9400000000001
62.604
49.3900000000001
56.6140000000005
66.4160000000004
79.8000000000005
68.5480000000003
77.4840000000004
59.0100000000003
