761;771;605;555
767;758;603;573
690;732;639;492
649;393;526;477
649;393;526;477
662;250;522;548
763;557;564;540
788;614;559;533
733;424;544;541
691;224;527;549
739;650;586;502
789;633;580;536
696;388;553;538
696;388;553;538
693;495;561;528
758;608;588;548
715;498;571;532
687;372;541;538
717;424;568;539
708;362;554;547
788;627;596;567
672;563;556;482
690;394;535;521
723;364;523;541
747;534;539;553
747;534;539;553
755;611;547;540
748;619;565;533
719;518;556;534
704;403;549;558
706;352;527;566
706;352;527;566
731;530;557;558
701;445;553;553
691;530;565;544
717;543;557;522
751;618;581;526
791;643;604;633
767;681;625;601
740;705;632;509
693;631;584;468
705;398;541;521
735;564;553;511
706;394;547;535
733;406;553;579
743;535;554;547
733;514;559;555
724;462;560;557
759;639;622;604
660;387;531;499
709;462;557;535
738;600;569;530
729;616;573;527
729;616;573;527
738;705;623;535
676;504;540;458
701;481;556;524
710;519;573;536
733;566;574;540
739;655;598;546
727;613;575;539
731;616;582;546
726;522;570;571
771;631;572;531
799;694;602;551
787;673;590;530
742;561;587;563
758;575;571;581
738;551;583;572
711;515;571;553
754;648;597;545
776;628;541;538
751;608;575;548
716;544;577;553
753;698;629;560
769;659;587;548
717;531;553;532
720;642;610;537
718;664;615;536
696;418;557;574
784;708;646;620
776;750;651;580
759;754;655;549
725;708;636;522
710;535;564;530
708;512;561;538
756;682;610;580
760;730;587;548
724;649;581;547
712;563;579;556
736;746;638;522
709;724;639;511
705;572;578;515
745;566;578;536
736;582;587;532
728;591;587;536
737;578;593;572
731;618;600;537
768;743;628;524
767;724;615;539
740;655;600;548
710;499;582;562
728;538;591;569
725;513;580;559
737;559;609;592
707;419;569;572
738;535;584;571
714;411;576;569
779;757;651;491
745;531;589;572
708;467;563;527
738;571;582;565
721;552;580;551
726;642;629;549
730;417;600;554
718;625;576;513
761;761;617;532
756;736;619;545
732;653;606;550
765;593;618;617
743;557;598;587
720;480;584;562
712;439;557;556
728;541;572;555
751;703;583;539
760;739;585;523
729;614;590;552
736;635;602;627
733;453;580;610
711;413;573;566
752;711;587;542
768;728;585;567
752;723;593;552
732;574;593;554
719;490;583;564
713;488;584;561
713;536;597;544
710;465;578;555
671;650;626;557
631;588;565;535
706;711;595;534
746;650;634;585
746;650;634;585
726;649;630;574
700;573;608;559
678;467;584;563
736;640;601;586
717;618;608;585
717;618;608;585
683;583;614;533
681;503;585;508
739;538;579;556
722;497;579;552
722;560;585;550
727;576;582;564
743;530;618;614
743;530;618;614
702;321;554;582
786;572;545;577
778;576;569;569
729;436;555;557
691;389;562;568
673;381;554;558
742;519;567;560
726;585;605;528
726;597;626;558
694;483;586;547
676;391;553;552
705;494;583;556
712;457;585;652
702;471;589;601
698;442;563;560
697;448;568;551
701;482;573;555
689;437;565;595
682;477;572;561
679;443;582;558
706;521;579;574
708;532;595;561
663;433;594;567
685;565;618;574
692;633;652;602
681;629;641;541
672;538;604;551
623;428;523;470
677;404;579;559
703;583;589;555
705;549;585;561
685;548;578;539
751;682;588;548
705;671;614;507
702;638;627;530
674;535;603;518
700;506;583;547
671;473;584;552
718;595;607;567
704;522;591;557
681;402;583;556
782;663;625;557
763;642;606;541
723;561;591;544
687;407;580;565
709;496;583;568
716;487;567;576
690;471;592;563
691;479;590;558
722;606;610;562
710;569;601;562
696;477;570;556
698;480;581;562
714;676;660;555
718;669;635;528
743;653;612;578
711;537;581;568
716;467;586;598
716;467;586;598
703;515;591;581
751;647;588;546
688;584;608;541
688;584;608;541
706;373;571;585
695;404;575;567
707;472;591;587
743;571;533;574
724;566;606;565
724;566;606;565
704;359;552;594
702;373;562;585
729;635;607;565
693;495;558;536
696;452;560;556
746;577;588;599
758;587;572;581
769;632;576;552
730;508;547;569
734;488;521;588
716;336;516;592
686;92;493;593
729;486;556;589
729;486;556;589
753;523;593;626
718;562;578;566
704;391;545;571
713;468;551;573
723;510;552;575
713;475;553;575
706;470;572;582
703;449;564;573
703;585;566;563
716;638;541;571
737;685;581;555
749;608;590;580
749;608;590;580
749;524;567;625
712;410;549;600
688;449;566;582
711;539;576;564
729;639;578;557
707;652;582;547
715;635;579;550
688;564;592;561
704;548;593;559
726;698;656;572
705;683;632;549
695;530;576;557
704;528;582;567
718;593;583;594
718;593;583;594
698;646;607;532
704;641;623;548
701;625;594;541
698;500;571;565
721;527;593;597
731;621;591;564
716;522;578;569
701;655;616;512
688;560;596;543
712;582;551;556
689;680;592;532
697;686;619;537
690;632;599;555
719;475;565;577
665;569;601;540
685;480;572;552
685;480;572;552
690;424;556;566
728;587;585;572
734;636;573;570
754;615;595;576
764;668;625;591
741;671;627;568
668;648;605;530
683;559;573;551
699;479;574;574
720;528;575;600
735;589;585;561
731;590;597;577
721;556;590;580
704;514;571;569
738;621;598;580
742;586;599;587
746;504;571;630
718;476;571;597
734;609;597;576
716;548;578;580
705;434;566;584
712;472;582;580
719;500;576;583
731;586;595;577
715;507;585;582
705;560;592;577
725;584;579;571
740;649;595;574
709;659;627;558
706;604;606;554
690;501;573;560
697;487;572;568
704;499;585;571
755;627;627;620
712;480;581;585
732;675;625;547
642;730;610;352
687;549;599;525
704;596;575;520
753;715;595;561
757;741;634;571
721;715;651;532
704;636;622;538
706;558;599;550
702;449;574;560
712;467;569;589
738;604;588;559
719;532;573;570
695;411;560;576
695;411;560;576
698;480;574;580
724;504;581;622
752;656;594;565
717;527;583;581
699;461;576;585
728;566;575;576
697;471;579;588
717;526;580;571
723;563;591;581
733;674;608;548
712;664;622;550
702;579;595;563
700;506;582;576
721;546;586;573
734;574;607;608
711;659;620;568
708;664;634;533
691;587;603;531
697;497;582;547
743;656;607;577
747;717;596;563
723;450;534;579
709;391;551;588
725;433;577;598
732;542;577;583
724;540;578;584
713;418;569;597
733;621;568;587
750;675;577;580
724;580;578;594
718;423;567;602
750;632;620;600
705;700;624;545
707;599;596;549
710;524;585;567
722;482;589;613
736;522;591;639
728;534;589;609
730;531;580;627
725;532;582;578
735;499;581;637
724;518;579;559
741;545;592;640
732;544;593;613
734;543;593;631
735;575;602;607
741;553;595;643
729;551;589;609
768;423;565;713
742;585;595;626
728;571;596;582
779;666;620;632
767;712;658;608
725;668;635;583
711;677;636;558
714;632;610;564
733;614;596;576
757;642;591;575
754;686;633;585
754;686;633;585
709;564;588;571
720;661;611;540
735;509;616;577
697;534;595;536
717;584;585;538
717;589;605;573
771;656;598;582
716;535;589;579
720;508;584;588
728;508;582;602
727;492;579;615
730;528;593;611
722;522;586;583
725;516;582;616
717;506;579;593
724;475;590;602
715;449;573;591
733;554;594;585
691;393;546;564
691;393;546;564
742;666;603;550
699;414;554;594
743;571;594;591
740;567;581;589
711;478;577;592
765;670;628;601
768;658;637;636
762;590;614;635
741;677;640;578
717;494;577;584
715;480;574;583
736;535;599;614
736;616;614;584
729;544;605;602
742;515;593;651
736;576;604;622
729;551;591;581
734;552;586;611
729;551;588;581
741;658;629;594
727;549;584;585
771;597;605;645
743;647;593;568
743;647;593;568
733;664;642;569
736;720;675;599
723;713;662;563
701;541;582;566
697;442;570;571
734;517;588;624
748;544;574;615
728;657;628;551
678;682;636;493
699;563;596;547
703;449;576;571
736;649;598;576
736;649;598;576
726;599;580;580
707;461;582;599
731;528;588;598
25;491;553;578
734;545;588;589
709;437;576;598
728;514;581;595
732;598;585;592
737;586;581;586
760;631;609;607
763;677;642;600
10;692;648;555
708;417;563;601
737;569;596;573
749;619;613;579
742;596;612;578
733;586;611;592
712;511;591;583
759;623;624;612
759;623;624;612
766;629;643;633
775;633;627;644
719;507;578;586
766;676;633;590
757;664;628;586
776;702;653;606
763;711;654;589
710;675;640;561
711;541;594;571
722;564;556;562
727;636;575;557
749;676;645;613
724;504;596;586
724;504;596;586
724;504;596;586
717;464;585;585
733;544;597;596
720;502;583;595
739;600;581;580
704;475;585;587
708;472;590;598
761;577;594;592
721;654;645;574
704;636;634;554
743;599;588;563
781;664;597;578
739;553;583;582
740;585;585;583
773;709;590;563
746;654;602;575
736;583;592;581
737;549;592;601
794;698;620;570
793;697;626;580
731;542;591;586
722;519;584;591
752;681;638;549
723;656;601;502
704;443;577;570
750;593;610;585
784;550;588;587
742;543;603;566
712;525;605;567
710;350;554;596
770;597;573;601
780;689;588;571
756;648;583;586
750;442;556;619
701;363;538;609
713;389;572;609
703;417;590;594
716;576;621;567
722;581;619;582
706;512;588;572
675;613;600;543
702;600;560;539
743;714;566;517
756;715;566;515
709;552;561;535
709;552;561;535
709;533;567;556
690;490;555;549
711;561;559;536
711;561;559;536
716;530;577;559
715;561;569;548
732;620;602;575
716;551;545;554
736;596;592;609
753;578;590;667
742;592;599;635
739;535;589;654
702;422;549;599
718;556;582;562
741;626;574;542
775;641;586;565
723;537;580;556
702;509;581;563
719;414;520;641
719;607;583;560
751;631;585;673
763;747;572;477
703;508;575;568
771;625;585;564
736;577;588;559
720;543;584;563
702;490;566;561
703;509;579;567
717;552;591;575
736;567;594;600
772;660;627;637
751;680;639;592
747;643;599;527
747;643;599;527
719;543;564;559
705;511;578;570
743;685;657;592
704;695;647;549
724;629;600;552
727;567;587;563
779;700;645;622
734;712;647;565
729;670;626;554
725;571;595;567
737;588;606;598
757;519;574;671
732;552;595;604
722;608;585;564
745;707;594;545
768;733;639;609
710;666;616;533
725;564;588;568
744;578;601;617
719;552;582;571
735;622;612;573
715;545;578;570
765;713;640;572
681;687;636;540
649;546;514;438
740;643;576;538
771;663;609;553
791;694;608;553
714;589;593;558
696;635;588;559
715;656;593;557
694;525;589;569
748;670;624;561
761;667;603;559
696;565;590;565
691;517;582;570
710;587;604;574
700;541;591;574
707;543;586;568
696;537;594;574
693;644;609;544
693;644;609;544
695;636;610;537
704;532;591;553
776;668;593;554
767;670;612;559
722;574;592;559
698;523;591;569
724;573;588;562
732;551;585;566
741;614;615;582
744;585;606;603
776;665;591;548
784;683;615;560
774;667;615;557
747;602;606;563
724;561;594;563
709;534;592;568
753;664;602;553
725;733;655;537
669;608;609;524
704;564;583;555
693;512;589;557
693;512;589;557
683;530;573;553
703;545;587;562
713;543;580;611
714;594;603;588
740;527;574;669
722;608;600;574
725;555;572;609
745;623;610;646
739;591;594;623
719;549;593;578
689;354;529;612
701;540;576;561
700;632;594;504
700;632;594;504
702;579;591;563
730;556;593;576
771;665;610;578
769;658;594;558
719;565;592;569
701;449;539;561
729;589;609;594
737;659;594;571
723;665;593;564
730;568;591;585
745;634;600;582
700;531;591;582
704;520;597;549
731;540;585;650
728;541;588;614
722;525;586;599
732;522;595;634
721;438;575;622
741;514;601;666
715;479;578;584
733;509;582;612
733;565;591;588
745;548;588;624
733;558;588;584
757;701;646;589
734;712;651;559
732;586;591;574
746;550;586;591
739;550;588;578
722;499;589;580
716;419;573;594
735;587;614;597
725;563;587;586
726;549;590;590
741;574;599;602
724;548;583;591
739;608;600;589
729;583;591;597
775;675;631;620
765;680;628;597
739;581;591;588
739;642;624;588
771;715;630;566
735;666;628;564
719;561;592;565
726;460;573;581
733;524;574;580
723;481;573;582
9;561;601;595
719;506;586;584
731;523;591;594
725;550;593;585
743;592;614;577
724;548;593;574
727;605;599;575
758;632;614;570
744;666;644;584
716;654;630;563
724;645;627;572
719;476;587;583
754;595;592;587
735;627;625;575
735;627;625;575
735;627;625;575
723;604;609;570
723;520;580;579
751;569;599;604
731;553;584;582
743;637;614;575
737;623;603;577
737;651;606;571
769;628;609;616
737;560;594;577
719;480;583;598
758;680;620;598
765;686;596;565
765;629;584;579
776;646;618;593
733;582;593;578
765;619;616;623
778;659;643;638
799;677;652;666
777;743;674;606
774;761;680;583
748;730;661;586
743;723;660;580
728;595;605;578
712;519;587;576
776;645;623;620
788;665;630;637
766;612;623;630
753;654;641;603
729;580;607;582
723;425;556;596
724;431;567;594
741;601;619;587
700;379;527;565
724;451;581;587
706;581;580;570
728;641;587;574
742;690;582;567
767;667;611;620
767;667;611;620
715;402;565;594
732;439;584;628
719;506;587;592
751;700;597;558
781;734;624;588
794;717;627;609
725;512;580;589
725;512;580;589
779;626;580;587
736;516;587;596
717;416;567;602
737;433;590;635
713;400;542;585
745;503;597;654
720;506;561;580
754;550;592;671
739;628;586;581
783;738;596;577
783;738;596;577
730;442;578;598
721;345;553;613
711;337;545;604
718;367;560;606
749;482;580;593
728;408;557;597
774;537;596;656
774;537;596;656
784;601;612;657
763;643;628;600
758;641;632;600
774;647;606;599
731;617;623;573
727;551;602;581
727;551;602;581
711;410;569;575
746;518;586;601
737;409;568;615
765;631;644;651
730;644;636;588
765;618;610;572
745;562;598;584
721;508;592;585
792;708;647;594
792;708;647;594
760;727;630;480
745;689;648;554
721;666;632;551
721;666;632;551
711;404;567;583
740;478;579;587
716;0;481;621
737;309;536;602
737;309;536;602
751;392;584;634
742;371;563;626
785;609;598;581
799;634;597;577
742;522;590;596
749;438;583;620
723;422;594;589
727;388;558;596
760;543;598;604
750;549;589;596
717;495;588;579
717;495;588;579
767;580;604;588
767;603;615;599
720;575;614;580
720;575;614;580
720;549;606;581
721;514;598;584
747;563;596;588
747;563;596;588
757;676;586;583
755;615;631;642
757;536;610;625
739;387;587;624
788;644;589;599
776;603;581;599
744;577;594;576
716;411;575;588
716;411;575;588
737;469;576;587
770;658;579;578
754;632;600;569
739;538;592;584
749;490;609;625
766;557;622;634
782;620;622;633
782;641;627;619
782;641;627;619
756;568;587;593
721;507;583;584
718;583;619;588
723;393;585;604
749;420;592;597
735;603;647;622
673;397;497;512
729;405;570;589
736;484;580;593
728;414;578;598
767;530;619;646
782;563;611;645
743;481;601;609
743;481;601;609
726;397;571;603
750;520;580;596
744;556;595;582
743;624;636;510
753;486;532;605
749;492;573;601
749;492;573;601
757;456;586;612
762;529;571;608
787;684;649;598
787;684;649;598
741;534;597;587
741;534;597;587
732;412;567;594
769;551;602;588
735;528;606;590
743;500;581;599
743;500;581;599
54;652;590;532
54;652;590;532
756;670;653;606
724;524;572;564
733;470;580;595
731;487;588;588
764;587;584;587
763;589;599;598
736;503;582;578
736;503;582;578
729;580;603;542
744;664;645;526
709;486;582;572
727;444;582;593
801;652;589;587
801;652;589;587
740;493;585;591
719;377;549;598
747;579;576;589
725;412;575;607
739;546;597;593
754;529;583;592
751;558;591;589
751;558;591;589
726;550;590;584
728;485;583;588
752;363;536;611
726;261;538;614
759;549;578;587
759;549;578;587
723;225;564;635
744;415;546;586
793;658;583;557
757;571;589;610
723;342;536;600
742;522;595;593
788;672;623;593
737;648;629;557
727;591;617;570
724;547;597;579
724;547;597;579
732;453;571;587
741;522;592;590
725;423;578;600
748;467;591;635
755;494;591;655
745;444;583;633
756;417;578;667
756;478;579;653
767;510;602;679
752;528;593;618
753;537;598;626
733;486;553;578
759;516;601;658
750;493;592;621
732;462;582;593
764;575;587;606
752;547;580;595
750;498;549;596
750;498;549;596
758;574;586;601
802;685;626;587
783;660;623;567
754;690;650;554
722;588;605;567
713;543;601;571
784;650;627;593
785;654;642;630
775;672;651;641
745;689;660;565
733;624;626;575
725;447;580;593
792;662;645;643
781;696;648;618
735;509;571;583
728;418;528;569
741;572;589;588
741;572;589;588
773;587;631;624
731;424;579;609
712;481;581;599
712;478;513;566
744;616;592;588
774;627;598;604
794;659;627;598
792;655;614;586
742;550;590;590
746;611;613;565
724;621;614;566
721;407;543;591
767;628;575;585
744;465;547;598
699;396;540;582
724;501;589;589
776;623;602;596
744;643;622;565
716;553;590;576
733;526;559;612
767;562;559;588
769;542;539;604
662;507;572;578
650;577;579;537
674;383;529;582
704;561;610;610
659;390;537;582
714;524;592;641
748;603;627;664
741;596;598;608
741;596;598;608
701;562;588;607
701;562;588;607
683;513;577;598
705;542;570;601
686;502;573;603
689;516;575;602
686;522;581;605
690;620;608;586
713;572;595;591
688;546;590;595
683;522;574;588
691;510;556;600
691;515;582;602
706;542;602;641
727;516;562;694
711;614;587;616
711;614;587;616
714;675;579;580
749;655;606;585
723;580;597;588
742;621;565;591
703;597;596;570
690;513;574;582
738;621;587;612
730;663;586;543
716;650;607;569
716;650;607;569
692;630;609;563
695;520;588;586
743;664;625;596
763;667;607;590
744;665;588;580
738;726;597;577
706;672;591;580
718;658;618;599
703;546;570;590
687;490;570;591
732;626;586;585
708;649;628;583
683;595;603;564
720;612;606;589
744;622;601;587
725;617;615;600
733;717;608;588
749;743;615;559
740;735;610;574
758;701;627;578
758;701;627;578
723;673;627;580
689;444;557;580
716;617;572;584
731;685;569;580
780;751;640;629
730;740;627;559
711;684;634;564
711;684;634;564
698;470;559;590
753;587;574;593
745;534;591;631
720;515;590;612
710;468;576;595
710;484;575;613
722;524;588;610
714;505;578;614
716;615;620;582
712;552;585;593
718;528;575;594
737;550;597;662
721;542;579;591
731;537;585;628
737;520;586;659
736;547;587;631
739;545;588;671
726;464;566;628
712;505;568;598
739;581;609;615
713;533;597;593
706;476;562;597
708;475;576;598
719;526;588;600
706;458;561;593
725;658;625;586
725;658;625;586
701;567;596;587
706;511;572;598
722;570;574;602
750;687;587;588
722;556;587;603
726;606;598;595
758;679;587;596
759;659;600;604
725;646;608;578
725;646;608;578
710;595;603;595
680;538;556;602
752;633;597;593
753;616;607;635
756;665;631;648
718;640;602;601
701;565;590;589
702;446;561;603
739;654;594;601
753;640;572;595
729;552;584;609
710;508;559;608
698;568;602;587
715;526;581;594
780;692;644;668
708;623;613;578
708;571;596;583
707;496;575;590
704;448;559;592
705;460;566;594
730;557;574;609
738;604;579;598
730;597;577;591
725;579;573;595
740;719;647;586
708;646;617;576
710;515;567;572
708;458;563;596
728;573;591;613
728;573;591;613
729;684;593;587
676;526;572;599
753;631;606;613
770;658;588;596
741;623;598;574
707;569;595;585
704;489;576;597
727;676;554;576
727;676;554;576
731;635;611;610
715;495;580;609
732;607;600;594
752;679;632;592
702;516;562;582
702;516;562;582
700;481;562;589
766;664;622;600
754;638;590;612
708;524;576;601
705;489;573;600
728;555;589;601
707;474;571;598
722;554;596;608
705;464;566;591
733;619;591;590
719;545;559;593
732;671;584;592
717;710;598;580
750;725;609;592
764;696;593;584
699;472;594;608
699;472;594;608
718;546;605;611
701;421;562;608
767;667;622;621
725;672;632;580
744;588;615;605
744;588;615;605
783;653;630;665
753;684;634;602
760;718;660;618
719;666;615;583
724;603;597;593
735;521;577;618
761;637;598;599
786;728;645;615
791;735;633;587
785;747;660;577
785;747;660;577
740;630;596;574
740;630;596;574
712;458;564;595
723;563;588;589
717;501;561;601
757;589;598;628
752;597;605;602
735;554;586;607
714;500;568;610
724;581;603;597
716;458;569;605
790;661;633;664
768;699;614;607
768;699;614;607
756;669;616;584
727;556;583;598
726;559;587;599
728;593;616;594
713;475;575;599
724;675;624;593
723;671;604;589
748;746;593;591
783;712;628;613
765;666;619;607
709;513;593;608
702;454;553;600
703;451;558;600
765;616;595;645
759;644;598;616
695;650;599;512
695;650;599;512
703;415;588;629
695;401;555;593
738;563;590;613
740;587;574;607
739;653;627;599
725;681;629;505
696;568;586;575
712;523;581;592
706;469;550;602
715;463;565;608
723;486;560;609
743;522;551;680
741;595;597;596
707;604;598;575
716;549;593;597
755;635;578;607
729;540;564;604
766;546;601;656
711;422;563;605
711;422;563;605
739;560;590;606
732;535;578;607
731;539;584;606
715;414;562;610
740;490;591;636
737;594;598;599
730;618;599;596
751;643;612;625
744;607;616;613
746;555;552;609
760;596;596;611
750;614;611;623
734;537;593;621
721;528;575;602
734;557;597;632
741;563;589;643
728;555;570;601
727;560;580;601
761;662;637;626
754;630;615;620
754;630;615;620
730;638;638;613
706;538;573;583
713;408;555;602
750;589;589;606
715;505;583;604
710;460;566;606
711;425;562;608
751;685;608;590
771;720;628;593
771;720;628;593
716;465;576;609
716;465;576;609
735;590;564;594
764;679;604;602
753;715;643;532
715;554;591;590
715;554;591;590
707;352;549;636
734;584;581;589
724;566;579;595
718;413;558;611
748;680;613;582
744;707;637;531
717;610;608;583
738;604;571;598
732;543;592;606
717;406;559;613
743;578;593;627
743;578;593;627
731;514;559;611
713;386;551;625
771;729;637;593
771;729;637;593
755;729;640;588
741;651;608;594
716;530;580;591
718;429;562;606
748;542;621;677
726;463;572;622
725;443;564;629
716;525;585;571
731;639;604;593
722;546;578;598
738;545;565;609
722;491;570;610
759;704;645;612
745;597;579;605
720;553;590;608
742;557;575;609
777;638;597;618
745;551;584;613
735;549;587;609
714;536;588;605
727;564;602;611
718;554;572;603
741;546;591;611
725;548;582;615
729;638;592;597
714;526;587;604
731;569;572;596
731;569;572;596
732;542;579;606
732;542;579;606
744;679;589;593
758;663;600;601
775;661;611;617
802;700;606;611
746;666;622;574
732;643;652;613
701;418;557;597
733;587;563;605
761;701;540;601
795;746;645;665
743;705;643;604
726;647;627;587
706;448;564;588
747;674;589;592
715;559;571;598
728;627;628;600
714;440;586;617
730;629;623;593
721;616;611;592
719;518;546;577
727;637;622;605
718;540;587;604
756;628;612;634
769;685;637;587
760;689;643;597
721;670;617;575
707;557;591;589
733;547;575;606
724;575;584;592
724;575;584;592
717;468;589;603
710;422;560;609
726;504;585;624
716;449;569;611
746;505;574;636
783;653;571;594
744;559;589;605
716;451;572;608
754;550;585;602
713;401;553;608
756;676;616;570
731;639;627;590
709;555;585;597
705;500;555;592
791;640;627;656
776;594;606;663
752;574;605;642
722;644;629;579
713;475;572;597
735;415;550;601
791;648;595;602
791;620;594;606
721;438;565;604
722;433;574;608
731;438;562;630
723;437;566;602
737;419;562;625
737;419;562;625
742;561;594;611
769;655;642;646
739;459;575;629
731;496;565;606
730;651;620;585
718;431;563;600
784;656;585;606
785;652;623;648
734;570;611;614
754;575;596;606
761;618;610;603
784;689;641;628
777;716;654;612
751;721;667;585
692;650;631;563
708;456;570;595
754;577;599;597
741;723;594;572
723;532;564;597
710;404;559;609
760;649;605;609
782;641;632;661
778;633;634;672
728;512;591;615
718;486;586;613
735;560;593;613
728;569;584;598
735;617;596;588
722;570;579;596
715;555;594;599
763;636;620;609
769;620;622;642
741;475;570;630
723;382;556;619
759;655;614;596
773;573;624;657
736;486;591;635
716;447;577;609
7;507;561;615
7;507;561;615
781;655;649;632
756;649;666;654
661;616;610;566
728;599;600;600
735;601;582;592
744;575;569;602
716;533;586;608
701;462;564;614
708;459;558;619
713;472;564;610
724;495;579;639
730;518;571;607
747;615;622;623
755;585;620;648
760;585;611;611
760;585;611;611
752;552;592;603
731;519;596;617
709;444;568;606
714;484;576;604
727;520;585;621
778;614;630;662
752;569;610;632
761;599;596;611
749;557;600;610
705;463;595;611
693;494;567;595
717;429;549;608
748;655;562;598
736;598;562;597
715;512;571;605
714;418;563;616
720;517;579;606
722;517;565;605
745;559;603;661
730;534;564;602
741;555;584;631
730;517;568;600
714;546;594;598
739;620;623;615
727;562;587;600
735;557;577;596
762;639;610;603
749;719;604;593
699;451;548;615
708;492;549;614
715;500;569;617
715;500;569;617
750;618;595;601
747;654;575;604
779;666;615;605
790;682;622;612
808;707;619;603
810;702;608;607
758;677;632;573
98;614;610;569
704;418;561;621
740;572;559;585
735;569;582;594
726;533;588;601
755;593;603;605
712;395;553;615
735;423;569;620
744;528;555;604
741;518;566;601
751;464;577;621
728;501;595;608
728;501;595;608
728;551;585;602
728;551;585;602
740;653;625;582
713;421;564;601
747;494;589;640
752;451;567;644
739;439;571;610
771;585;611;641
739;609;613;577
746;619;641;629
711;535;573;591
735;440;559;617
766;686;596;574
725;643;595;581
722;463;574;603
721;395;557;606
738;417;572;632
721;405;557;612
775;647;615;649
776;676;608;627
734;545;562;596
749;561;598;615
736;527;580;606
727;560;606;578
719;539;597;595
717;409;559;609
752;581;565;599
733;491;562;600
758;483;576;644
725;628;564;582
736;588;590;601
697;702;638;437
726;598;618;594
750;519;597;611
768;639;623;604
767;641;624;613
759;623;602;601
759;623;602;601
790;678;608;604
788;657;583;613
749;586;598;606
794;682;617;608
730;477;570;616
743;571;628;607
728;477;592;607
723;410;561;612
703;583;606;578
718;593;580;593
740;754;601;580
781;677;631;607
770;676;631;600
755;611;554;601
735;619;604;600
710;605;609;606
755;749;583;581
780;728;630;609
742;718;657;588
704;595;616;592
667;477;516;494
705;433;563;603
736;587;601;608
736;587;601;608
748;653;583;612
754;655;562;603
725;546;565;607
736;487;600;632
720;418;559;632
712;402;554;626
739;400;593;658
716;385;557;615
738;526;508;597
744;582;589;602
739;563;585;598
701;535;582;583
738;599;612;614
762;604;596;596
769;610;607;608
735;534;570;600
774;706;625;609
759;679;608;622
760;728;591;586
789;689;598;617
789;689;598;617
717;548;592;598
709;348;532;608
736;683;522;537
752;696;556;597
785;688;622;660
736;675;614;576
735;417;595;622
706;437;550;601
706;437;550;601
759;573;580;600
761;559;585;626
772;570;619;657
738;466;562;614
713;410;552;614
714;411;551;614
765;617;620;631
777;670;580;601
746;644;618;591
754;653;641;609
721;539;579;596
717;412;549;609
762;628;597;639
735;679;559;600
721;679;574;602
719;438;550;615
775;692;623;606
776;677;579;600
717;668;620;576
712;678;636;545
713;606;612;582
715;524;583;597
752;604;607;606
715;524;573;603
765;664;630;639
714;702;628;545
723;666;628;580
735;577;570;598
765;659;603;605
731;663;587;600
731;663;587;600
712;624;574;595
719;639;618;579
719;639;618;579
709;568;579;596
733;552;544;591
755;615;602;630
774;665;655;665
742;614;615;6
742;614;615;6
723;540;585;601
697;463;540;584
741;581;591;602
717;507;578;606
774;687;638;651
771;680;634;647
724;565;599;610
750;566;572;607
737;541;566;609
720;490;568;610
689;451;532;552
744;600;591;604
766;622;612;625
774;588;594;659
759;655;622;646
731;679;644;585
748;596;596;6
741;581;568;592
737;566;578;604
743;557;577;606
733;579;593;604
733;579;593;604
734;663;597;592
731;593;598;593
795;724;647;621
732;703;638;572
718;635;612;576
744;551;595;614
766;664;631;639
758;675;591;604
764;669;589;608
764;669;589;608
767;658;613;610
786;679;610;599
772;701;636;576
692;686;636;537
677;568;602;585
711;617;582;576
734;683;591;580
711;564;591;588
693;414;536;599
756;719;645;591
751;741;638;566
729;721;647;558
707;505;561;585
719;600;589;583
737;710;613;589
775;656;628;673
780;664;639;679
742;670;639;602
750;624;598;601
750;624;598;601
742;579;575;606
742;579;575;606
711;669;622;588
714;506;576;599
773;571;607;662
768;692;640;629
724;644;623;606
724;459;555;601
746;559;584;606
718;442;569;611
711;370;540;602
698;533;591;578
757;682;630;583
751;648;597;553
774;702;582;587
766;696;592;593
766;696;592;593
798;700;614;610
746;574;593;607
751;568;609;624
730;506;582;622
733;537;565;608
737;552;565;607
730;680;632;590
714;586;590;589
772;647;590;602
743;475;557;617
766;581;608;634
739;513;588;631
749;537;599;596
749;616;623;589
714;603;611;572
716;576;596;592
716;441;571;605
759;616;609;611
766;636;601;600
743;564;585;606
748;589;595;608
718;536;564;610
714;452;572;616
732;479;575;630
720;434;563;604
740;678;629;582
728;604;460;444
744;523;546;607
744;523;546;607
769;658;619;612
760;583;586;618
754;650;615;598
751;693;647;615
719;557;580;599
720;437;566;603
742;624;615;601
732;557;586;600
757;581;573;642
757;581;573;642
763;675;615;570
755;685;640;581
711;649;610;574
711;485;567;597
730;494;583;620
719;482;583;642
740;561;598;632
727;527;585;600
730;573;595;600
751;652;588;600
739;635;591;596
755;684;634;607
735;609;610;607
725;558;591;601
778;708;632;604
727;694;635;567
731;639;610;591
718;520;580;590
739;561;605;628
753;624;614;589
742;570;593;592
791;649;641;687
788;661;650;682
762;554;603;650
760;591;622;648
721;482;562;596
757;631;636;639
772;656;616;582
734;644;604;586
752;658;606;601
758;681;568;583
758;681;568;583
782;720;584;572
794;699;628;599
801;697;622;606
795;685;597;592
751;678;638;573
751;678;638;573
719;566;597;586
750;562;582;600
759;600;591;595
794;669;616;650
735;520;584;608
727;577;582;595
740;602;616;618
721;509;557;594
764;665;629;642
737;593;585;600
792;686;656;667
774;709;649;629
766;692;637;618
766;692;637;618
749;683;633;581
737;670;633;582
726;648;624;587
710;501;564;588
768;647;620;609
783;627;614;662
784;703;659;656
716;684;634;514
723;629;616;576
747;597;591;595
774;680;598;603
748;443;536;622
745;645;624;609
749;663;644;623
710;615;603;577
772;648;612;605
745;567;587;603
758;616;566;579
740;647;593;591
740;647;593;591
791;701;614;610
748;599;605;613
717;536;606;613
757;667;659;623
703;381;527;602
723;435;566;614
714;557;576;593
749;689;612;603
762;761;619;588
760;764;612;581
759;758;610;586
764;758;606;587
756;741;604;585
755;731;603;588
753;730;603;590
753;724;604;591
752;716;603;591
752;716;603;591
753;721;602;591
755;727;605;592
754;726;605;593
752;726;605;593
751;725;605;593
756;728;611;596
759;734;615;595
760;719;604;599
760;715;604;605
731;512;590;611
731;512;590;611
750;687;609;600
788;773;622;599
764;677;603;604
721;510;589;608
748;595;615;621
735;533;571;606
728;536;577;607
719;487;552;595
730;349;561;625
769;479;574;627
769;479;574;627
752;408;549;618
724;600;614;567
727;435;566;597
728;374;560;612
763;453;569;622
759;391;566;639
762;446;582;636
737;415;563;615
743;449;571;639
739;445;560;619
743;492;563;593
734;482;575;603
748;524;576;602
721;460;579;602
728;472;545;593
719;446;563;597
767;553;602;642
778;589;584;603
750;486;570;621
724;260;537;634
748;468;563;615
728;470;599;600
719;385;548;603
708;192;520;638
769;616;583;596
755;540;598;607
753;523;594;604
782;585;601;611
778;559;578;609
792;603;597;610
754;425;551;622
723;166;519;635
747;390;541;620
746;400;541;615
744;417;556;615
743;388;552;621
760;545;579;606
791;547;609;661
748;511;588;613
741;495;571;606
785;668;665;659
747;655;638;617
736;429;570;613
729;407;548;614
775;535;553;662
778;668;564;591
788;680;570;591
787;644;602;608
748;431;559;622
734;483;578;608
747;538;580;600
744;564;591;584
717;304;512;604
733;350;529;617
773;522;563;627
773;576;602;607
754;466;551;609
754;466;551;609
735;559;588;590
737;427;556;603
752;519;583;608
1;437;552;612
809;675;647;630
747;690;644;586
724;638;607;583
721;433;559;600
782;609;584;600
722;142;516;628
766;497;574;655
774;542;589;666
750;508;594;636
729;406;554;613
782;545;570;610
785;430;579;664
775;421;592;661
775;421;592;661
758;399;576;645
735;327;549;616
737;323;554;627
743;318;545;633
754;487;588;604
727;489;588;600
763;646;648;607
770;621;631;621
740;522;570;594
733;623;638;600
732;591;610;591
729;414;564;600
755;433;571;640
756;531;595;606
751;625;618;592
733;567;602;601
733;567;602;601
738;473;536;568
789;644;623;614
786;669;637;620
768;650;612;614
748;657;623;610
766;668;637;594
783;649;636;636
765;573;564;587
742;493;581;624
766;544;603;676
741;487;578;615
735;421;563;634
765;550;586;605
757;546;577;595
739;594;607;584
734;495;581;606
747;545;586;604
746;588;591;607
772;551;607;651
731;443;546;605
749;567;558;597
748;563;594;602
762;565;587;614
771;655;632;590
771;655;632;590
709;573;608;577
721;396;540;603
797;622;630;678
755;643;625;595
737;629;615;569
732;559;591;592
732;515;581;600
733;429;552;606
756;585;609;613
740;501;568;609
799;699;641;628
746;682;646;594
764;624;613;613
764;624;613;613
803;655;600;604
799;666;616;601
775;579;584;597
755;647;591;594
737;486;587;609
731;473;568;604
738;501;565;606
733;287;528;646
764;437;588;658
772;580;626;615
781;537;599;625
750;425;563;620
725;408;565;612
757;444;576;636
752;413;566;624
730;396;560;625
724;465;535;604
738;479;555;613
758;579;505;565
773;577;565;608
776;613;560;608
724;400;554;618
726;395;552;623
726;395;552;623
755;615;652;612
736;507;595;602
737;388;557;619
742;470;558;611
751;505;564;624
750;519;561;610
764;544;580;643
760;558;568;605
770;646;645;607
741;425;554;611
712;543;590;574
725;685;578;563
763;747;587;568
764;747;586;568
765;744;587;571
766;746;592;573
766;746;593;573
766;741;590;572
767;744;590;571
766;743;595;572
768;754;598;564
782;760;601;569
791;739;614;568
797;644;611;580
746;510;584;575
739;637;540;577
718;208;498;603
744;433;553;604
770;551;566;594
787;599;622;638
756;462;597;625
756;421;573;635
740;419;585;618
737;419;558;606
730;415;541;600
710;297;538;607
722;461;564;591
713;490;587;582
772;596;597;607
767;560;612;616
743;416;578;618
722;0;461;620
750;352;510;619
697;207;477;622
695;363;535;623
663;394;548;594
740;550;578;590
725;524;550;541
717;639;639;578
710;627;624;561
689;412;553;574
740;455;547;581
772;655;634;572
756;634;622;581
734;494;554;563
742;524;566;579
762;639;595;583
707;599;607;554
704;543;591;562
706;419;558;575
772;548;591;599
800;658;617;608
790;676;625;581
718;628;628;545
718;628;628;545
705;450;564;564
705;450;564;564
726;424;566;598
711;404;563;591
718;298;530;602
730;540;562;582
737;480;579;614
734;523;583;583
771;569;555;592
790;632;599;590
770;579;585;589
714;388;550;599
716;379;552;603
712;359;549;604
717;370;549;600
735;486;552;597
722;357;542;606
792;554;609;655
801;629;636;658
762;615;627;615
736;616;619;587
736;616;619;587
736;662;662;614
712;505;568;577
717;474;557;554
786;626;591;582
785;614;584;586
740;505;573;586
729;496;563;588
715;429;562;588
719;437;562;592
731;459;574;616
739;527;560;596
727;391;536;600
742;543;552;581
759;574;585;593
759;574;585;593
759;623;612;580
722;435;565;598
722;492;570;594
746;551;583;571
701;507;583;593
708;448;556;591
754;643;603;580
722;645;595;541
708;616;625;571
716;469;544;591
726;539;552;587
793;737;621;633
748;709;633;573
742;684;639;578
726;610;622;559
759;561;620;606
740;546;600;587
739;554;568;581
788;665;566;578
790;655;589;591
742;533;572;585
742;533;572;585
682;599;624;559
721;532;569;574
724;542;565;588
743;538;570;609
738;478;580;622
732;539;556;589
781;677;598;592
787;651;569;594
719;450;559;599
719;428;561;603
730;447;561;627
749;543;575;594
744;551;582;595
696;444;554;591
722;623;610;571
712;414;548;594
730;440;557;613
737;543;566;597
756;544;587;651
764;559;552;605
754;571;582;605
727;444;556;604
734;428;561;611
791;626;566;594
755;638;584;587
755;634;571;585
780;675;591;590
795;646;607;604
750;529;583;599
760;549;577;600
779;677;605;595
779;684;605;576
749;614;609;567
718;607;616;564
719;541;588;582
727;467;559;589
783;625;608;657
768;642;603;610
734;609;620;596
731;622;617;575
721;548;587;588
761;475;559;600
775;500;565;626
775;500;565;626
750;463;571;622
731;482;584;606
758;448;577;640
734;434;569;601
741;467;566;626
741;516;572;600
744;553;574;604
759;565;605;655
746;567;594;623
753;643;577;601
783;749;573;595
809;669;581;603
775;518;560;604
730;398;554;614
784;414;542;612
730;304;536;622
749;298;539;624
795;416;550;615
756;355;546;607
731;363;553;606
747;369;554;627
734;378;560;606
764;369;548;642
749;564;601;588
731;520;562;595
743;410;546;612
765;527;585;618
763;553;595;605
810;652;594;613
811;647;588;612
758;531;569;607
728;408;560;615
710;503;571;588
728;488;572;603
746;558;598;599
736;498;579;596
728;461;568;607
727;440;563;607
774;685;641;610
762;677;657;631
733;639;621;588
744;466;557;601
750;562;570;598
750;562;570;598
760;499;586;628
740;569;612;603
716;525;570;590
733;443;568;612
741;564;605;600
783;644;601;597
756;556;576;597
727;425;562;607
738;434;551;610
731;301;528;616
735;342;525;620
764;378;555;645
773;369;558;658
770;558;603;631
743;532;575;627
751;557;602;614
37;546;599;604
37;546;599;604
706;542;605;585
712;427;556;594
733;466;571;614
706;371;552;611
749;436;593;656
727;603;643;602
710;494;596;590
739;396;555;602
758;503;561;589
747;523;624;630
752;528;618;638
766;550;609;639
725;435;562;614
717;379;562;614
739;498;578;627
717;412;578;617
717;412;578;617
725;509;605;587
729;518;603;591
718;369;549;614
741;589;594;597
747;430;542;636
736;410;562;629
35;544;561;568
731;548;571;575
708;458;567;589
759;655;644;580
736;629;631;575
708;643;634;563
716;497;581;591
774;640;626;595
763;630;622;610
731;544;597;599
701;407;555;603
789;649;604;605
739;643;614;582
734;594;608;588
716;365;546;598
760;637;589;603
722;407;559;610
732;515;575;592
721;424;566;605
739;395;542;643
758;575;563;600
744;544;558;592
726;501;558;587
757;673;632;605
757;700;673;655
720;635;618;575
721;473;567;587
735;547;569;583
722;475;568;591
727;555;598;590
722;470;563;589
749;580;610;619
730;523;571;601
763;545;593;650
772;606;606;606
745;637;626;591
745;637;626;591
732;614;622;585
728;503;558;585
769;617;617;629
767;628;622;614
742;603;595;573
742;603;595;573
722;581;608;579
731;510;566;590
747;579;595;594
742;535;570;596
782;608;622;658
776;683;655;630
737;559;601;600
766;577;568;595
765;597;601;600
730;493;572;602
741;536;598;612
719;505;600;572
737;556;599;596
732;530;579;599
740;673;607;570
758;707;598;602
781;732;597;580
768;624;616;613
773;650;645;626
773;650;645;626
720;512;564;583
761;648;605;605
742;577;572;592
726;520;582;600
745;531;578;614
738;546;579;600
760;695;662;604
752;676;645;599
735;597;607;590
744;645;596;591
753;558;579;601
717;496;575;602
763;648;633;606
747;582;600;602
772;599;583;592
772;599;583;592
738;639;629;593
739;530;575;597
755;569;611;643
743;542;560;592
758;583;595;626
750;573;579;601
758;575;593;627
767;557;599;680
741;515;579;633
730;529;590;606
750;542;581;606
768;632;598;619
743;539;568;602
751;564;581;602
771;643;576;599
798;643;630;656
801;636;633;669
794;568;619;678
766;552;609;640
759;572;571;609
743;517;566;600
751;566;573;591
735;553;565;602
728;492;569;603
759;575;605;59
774;615;622;626
749;434;566;626
749;492;551;598
739;482;575;612
730;435;564;614
740;487;560;599
738;458;568;613
753;466;562;647
739;502;564;607
793;597;588;639
757;554;585;595
750;504;570;607
732;460;573;607
786;653;620;615
750;674;641;578
723;552;597;585
746;535;556;589
762;618;569;591
781;646;556;569
735;412;560;607
752;512;570;606
754;528;576;607
733;409;564;608
743;441;561;604
743;441;561;604
702;512;597;540
753;572;606;607
749;572;565;604
770;660;569;510
752;642;626;599
732;667;637;569
729;551;584;577
727;355;553;601
758;470;565;603
742;389;542;621
740;435;558;607
758;460;573;606
775;557;595;598
735;503;586;599
745;564;599;631
782;649;620;600
750;576;580;592
751;632;576;582
804;666;617;597
813;668;614;586
760;554;588;585
726;428;569;609
759;566;566;603
728;424;568;612
761;463;588;672
733;426;568;606
759;413;561;674
756;529;564;607
744;636;628;587
737;671;645;514
724;539;571;582
725;444;559;596
782;639;632;635
776;616;616;621
759;559;585;610
765;638;613;599
780;649;590;602
797;695;611;592
755;543;575;609
734;434;565;612
773;677;662;623
752;695;656;578
746;617;614;582
736;475;566;600
759;555;603;633
768;627;603;612
751;571;588;607
738;502;580;610
737;652;637;587
748;619;603;596
730;558;581;589
760;552;580;619
735;511;559;602
761;545;572;610
796;647;608;611
801;649;599;607
770;565;587;613
730;340;542;628
750;466;557;613
758;516;565;610
751;506;562;609
731;410;561;616
734;515;588;601
735;393;559;608
720;416;505;603
748;482;531;607
748;470;531;608
724;401;535;617
735;501;541;609
724;420;537;618
752;452;553;631
729;421;541;619
742;416;541;654
747;523;539;610
753;566;542;603
743;520;540;604
751;443;544;628
751;534;526;591
791;650;579;606
788;627;555;601
749;527;562;603
721;418;567;607
727;485;558;603
746;460;546;610
739;430;524;611
743;484;544;613
744;493;542;621
747;475;548;608
787;594;472;643
751;559;580;610
751;559;580;610
726;429;544;610
735;567;590;594
738;517;552;597
745;524;577;620
744;542;557;602
775;687;590;582
753;683;624;586
746;409;595;620
760;616;590;596
750;572;561;597
769;671;596;625
742;579;564;596
742;579;564;596
729;510;547;595
713;399;517;599
757;605;587;597
732;527;579;609
791;643;578;610
791;643;578;610
757;577;593;605
723;426;549;610
773;558;595;650
6;552;551;648
755;538;590;621
755;538;590;621
760;585;573;602
729;521;573;604
718;550;581;569
723;535;578;594
643;388;466;502
