671;698;634;717
692;749;757;743
722;745;702;719
694;710;662;719
713;722;663;719
655;667;621;714
661;670;614;715
672;678;604;715
662;660;597;716
723;712;663;748
763;728;665;732
777;756;674;727
737;737;617;713
720;724;619;717
642;659;609;720
647;653;585;717
668;669;617;720
636;758;677;641
615;683;628;682
677;681;610;691
704;731;674;703
691;730;653;690
656;712;653;690
618;674;626;684
579;608;534;679
635;700;635;691
611;686;605;682
612;649;556;684
620;668;593;686
594;689;572;638
620;683;629;690
665;694;632;693
658;710;629;685
658;727;623;690
658;727;623;690
701;744;610;691
745;727;609;701
652;664;583;688
593;638;592;689
588;692;607;675
635;711;575;681
676;585;568;707
715;666;669;718
710;700;664;715
638;718;670;687
599;634;570;685
597;605;548;684
743;750;637;685
699;745;613;678
636;685;611;692
610;649;612;696
588;669;614;681
578;573;564;692
712;670;604;710
713;707;674;721
580;695;636;698
591;748;697;694
617;684;616;688
614;648;566;692
610;653;600;695
655;660;613;712
660;674;630;706
655;693;646;699
649;693;641;707
637;682;624;706
621;697;618;688
646;686;612;703
661;694;623;708
700;702;632;733
641;677;569;676
635;703;601;666
614;655;589;690
605;635;564;691
626;672;589;693
606;649;581;697
661;741;654;681
684;711;649;704
720;743;636;70
722;754;613;697
640;687;602;689
691;705;635;714
626;633;580;717
623;647;604;704
632;664;630;710
607;638;572;699
709;698;613;704
645;658;571;699
623;663;598;705
683;712;619;700
666;697;619;703
672;632;632;737
642;660;621;714
624;641;553;696
682;690;602;700
620;652;592;703
650;667;586;704
640;669;617;707
590;678;536;643
669;704;645;704
616;637;569;68
675;692;633;704
664;688;623;703
616;656;604;704
660;696;615;702
675;679;623;712
736;724;652;714
759;741;645;703
747;737;649;695
735;732;652;693
664;690;636;696
678;704;641;699
738;769;679;703
739;756;654;706
675;690;630;702
630;661;624;705
631;670;625;703
651;694;665;703
676;750;706;706
678;733;661;681
637;702;644;673
623;650;632;696
686;753;753;715
647;701;697;706
624;644;623;695
681;672;612;695
664;670;608;694
641;667;620;699
668;727;667;694
659;691;633;708
694;727;617;704
730;750;559;697
678;696;600;707
637;666;587;702
662;701;623;704
625;659;591;700
621;671;591;686
583;586;520;691
728;747;610;703
665;742;647;691
631;698;643;687
690;717;667;706
646;680;632;702
691;704;645;706
677;690;631;704
682;696;639;704
672;692;640;704
672;692;640;704
665;670;616;706
672;666;615;719
693;703;651;718
694;763;696;717
626;666;613;709
668;701;636;706
646;659;583;705
619;625;558;708
677;738;635;691
687;742;639;684
667;694;599;699
633;662;603;709
650;725;635;690
641;695;619;701
719;719;675;729
621;653;573;690
625;657;588;695
613;646;593;699
661;654;562;698
621;641;597;709
615;667;612;693
680;710;638;704
637;653;613;709
620;639;588;704
571;613;507;669
711;712;642;736
695;699;615;710
731;717;642;728
724;715;637;715
718;709;635;723
697;688;626;716
651;662;610;703
743;737;663;715
712;735;667;688
688;706;642;690
651;673;612;697
624;713;655;682
671;706;629;701
669;701;631;701
639;695;625;698
624;637;568;698
693;730;656;706
679;712;660;708
678;703;661;713
693;676;623;719
693;676;623;719
666;705;649;714
667;706;638;708
698;712;637;707
635;652;600;704
720;697;596;699
708;757;654;675
649;688;634;705
609;609;557;692
693;682;621;704
630;649;603;703
640;697;642;692
662;686;619;701
678;693;588;700
633;651;598;700
644;674;597;697
623;648;591;699
659;688;602;697
617;630;564;697
627;653;610;696
645;670;628;702
662;707;631;703
722;701;620;718
663;679;618;702
691;704;592;698
658;684;616;699
711;692;633;716
727;717;645;714
739;713;634;721
721;709;658;719
714;714;665;717
684;697;657;711
671;744;677;698
648;703;631;704
636;677;608;701
629;706;634;689
714;742;618;703
669;683;639;711
718;736;637;703
705;724;621;685
632;648;599;698
644;653;622;704
630;653;606;698
669;679;592;697
733;754;601;689
672;685;590;687
636;644;593;696
614;688;639;686
711;723;596;694
678;695;628;697
657;692;638;704
653;675;624;706
676;722;642;703
647;685;617;682
658;660;609;701
738;722;636;720
738;751;626;709
762;757;622;698
752;702;572;705
703;657;569;704
645;648;608;704
727;700;633;715
648;660;619;711
672;728;651;701
649;649;591;707
670;676;637;712
682;693;635;707
676;691;624;708
647;664;617;705
620;657;587;688
650;669;607;699
682;680;639;722
637;652;595;701
687;737;691;711
664;744;682;704
632;714;641;680
708;750;622;683
706;722;574;690
672;732;596;662
710;747;670;706
749;771;639;691
669;680;615;707
610;602;583;700
608;689;642;693
711;706;653;709
761;744;674;718
722;735;629;695
727;734;667;714
719;731;668;711
743;724;632;699
761;737;636;699
729;710;629;702
750;736;670;711
645;674;603;694
732;704;636;742
714;703;623;717
703;707;610;707
700;700;611;716
695;709;621;703
664;722;644;676
698;662;643;707
749;709;660;724
715;695;655;719
661;665;635;713
638;642;597;707
644;746;670;681
643;648;612;694
699;708;644;697
633;658;624;696
651;677;622;698
635;660;622;701
670;703;633;708
706;700;632;713
651;656;612;701
665;685;648;711
715;736;667;712
659;689;647;709
658;684;628;709
690;751;716;733
620;686;626;687
690;710;641;708
702;710;641;706
674;676;635;711
648;675;615;707
680;691;629;713
733;700;627;725
728;706;652;720
672;672;627;707
672;672;627;707
694;688;626;701
645;705;645;706
652;695;637;696
724;695;602;705
706;725;650;705
671;698;652;711
701;692;614;704
738;689;615;765
707;707;631;706
682;687;605;701
703;703;634;710
754;729;650;715
657;671;590;700
657;671;590;700
627;678;636;692
661;697;667;708
637;665;620;707
688;686;609;704
761;737;633;704
769;754;633;701
646;656;593;700
621;657;607;700
633;703;653;702
649;694;627;707
653;692;649;714
646;667;629;717
672;691;618;708
642;660;614;713
664;723;656;709
666;711;631;712
678;702;626;707
654;672;626;713
755;765;696;713
753;742;653;711
650;678;611;710
639;664;622;715
646;682;635;712
648;664;631;715
704;688;622;710
647;663;623;71
716;717;664;720
758;729;635;712
664;672;616;705
625;730;661;708
638;701;645;709
722;726;626;700
714;701;627;714
715;707;655;721
639;672;640;705
627;720;643;688
634;695;636;690
642;624;569;696
695;676;621;707
695;676;621;707
721;698;611;708
721;698;611;708
683;667;604;708
642;649;598;708
655;660;623;716
663;674;608;705
673;683;615;720
664;688;618;703
682;694;636;717
662;692;617;704
701;706;655;733
716;700;639;745
689;680;604;716
677;673;596;705
699;675;598;715
663;665;594;703
670;665;563;702
663;677;601;705
699;697;646;721
661;672;599;704
678;692;651;712
682;694;619;705
698;740;663;705
678;756;686;710
644;691;639;695
699;679;651;718
759;715;644;723
690;719;677;710
753;728;615;695
753;728;615;695
699;700;649;710
699;700;649;710
638;679;627;70
705;715;637;703
691;700;635;708
695;701;627;707
668;665;606;707
731;740;598;691
678;698;621;702
644;656;613;704
648;647;606;706
675;722;661;701
654;682;618;711
692;687;631;717
672;675;631;713
694;716;639;708
679;695;633;709
729;696;648;720
749;715;653;721
738;714;657;724
711;665;592;716
764;762;715;738
764;762;715;738
689;730;676;706
668;732;661;710
728;790;740;733
640;690;631;687
624;626;574;695
740;737;668;714
730;691;633;723
665;669;626;709
657;668;627;703
681;713;638;698
681;713;638;698
662;709;662;705
718;698;662;713
701;679;621;710
668;682;633;703
653;667;615;709
703;695;643;708
684;673;601;704
643;648;595;708
640;681;625;70
698;710;625;710
717;719;631;709
757;737;650;713
666;670;613;710
642;656;609;710
664;685;620;709
697;672;616;716
680;680;619;709
646;665;619;711
656;711;635;704
737;727;672;726
715;693;612;706
741;710;623;705
691;702;651;702
680;701;628;704
766;774;643;705
759;733;634;711
681;688;640;709
712;737;677;713
718;767;715;714
702;769;697;699
665;739;669;695
694;722;667;706
688;730;718;730
688;731;724;732
698;737;731;736
698;737;731;736
702;749;744;727
665;690;672;718
707;703;629;711
679;684;618;712
714;707;640;713
687;702;648;711
655;674;630;721
655;725;648;689
718;712;642;721
682;698;643;711
659;674;619;706
676;694;633;706
699;695;648;719
656;685;632;710
657;699;635;705
655;685;626;706
678;701;668;718
647;653;600;707
748;716;628;706
672;676;614;704
677;707;660;708
676;725;673;717
665;747;664;710
695;730;654;708
681;720;662;710
748;775;695;704
756;750;666;710
684;711;655;707
700;728;672;714
736;756;681;712
740;769;668;701
693;730;665;704
642;682;640;705
674;713;662;715
708;712;632;711
678;717;629;688
678;701;632;699
747;780;702;702
740;737;649;704
666;699;647;704
642;682;641;710
733;783;675;704
768;792;639;705
707;722;621;702
684;688;623;711
681;689;642;710
686;700;624;703
686;700;624;703
783;748;589;703
668;675;619;707
643;652;608;710
626;679;627;696
677;714;641;700
725;744;675;719
676;754;673;704
651;732;666;716
634;711;642;714
670;662;597;711
634;648;597;707
605;671;599;691
689;686;634;717
715;697;651;721
710;693;626;708
771;731;592;701
746;726;606;675
711;716;660;695
701;722;636;703
767;777;674;708
728;720;643;707
728;720;643;707
624;647;595;701
657;671;631;710
659;679;600;703
728;736;676;716
728;778;708;716
677;709;638;709
680;704;626;704
634;725;654;686
704;712;648;709
775;740;674;729
731;748;658;711
731;748;658;711
737;747;655;712
719;740;604;692
761;731;639;710
663;672;622;704
625;622;586;705
624;729;668;692
723;717;643;711
780;764;651;709
774;790;649;702
651;687;641;705
658;686;625;715
678;701;632;727
695;718;625;716
707;727;651;717
639;680;614;713
724;743;651;708
762;733;635;720
642;673;597;701
658;700;631;705
667;728;606;686
763;752;648;716
673;659;569;709
739;653;703;749
662;585;548;708
644;630;613;712
663;530;655;717
645;647;604;707
704;711;636;717
766;737;635;713
639;659;594;703
639;659;594;703
626;642;599;712
621;633;574;705
645;665;642;717
703;684;627;709
642;652;593;702
658;686;626;705
655;713;643;710
631;698;652;714
630;695;650;715
658;678;633;709
766;734;661;730
757;738;660;726
649;665;606;711
713;665;596;717
701;722;662;717
701;722;662;717
630;686;631;697
645;652;569;702
671;695;620;708
637;656;618;716
701;727;640;713
668;697;618;709
653;673;588;708
653;673;588;708
715;697;668;734
719;708;669;725
685;692;624;709
657;664;590;705
660;649;585;721
665;668;609;712
679;664;606;713
696;696;642;710
641;664;629;709
634;627;556;706
642;692;621;706
684;708;658;716
655;667;627;711
676;690;570;700
665;685;599;700
653;667;629;710
746;715;651;725
740;708;650;728
715;680;626;723
737;697;646;733
749;742;687;729
673;718;664;713
665;692;622;708
655;674;591;705
645;709;645;687
645;660;620;711
758;733;647;713
735;711;641;719
647;656;606;711
688;680;617;712
715;700;623;713
710;713;650;715
670;687;634;713
551;771;692;633
651;711;640;698
702;725;638;704
642;700;632;690
640;678;629;701
662;709;660;710
648;670;626;716
659;650;595;710
731;704;639;717
699;691;636;711
744;731;637;707
698;710;655;718
717;702;645;721
684;683;634;710
678;689;651;713
642;631;588;709
659;675;631;712
644;644;593;712
641;639;606;715
624;698;641;684
693;685;632;71
777;767;640;709
762;773;639;704
672;692;628;704
644;657;604;711
684;692;653;716
651;669;630;711
728;709;623;712
698;710;624;706
669;700;643;718
649;652;598;708
702;686;633;713
640;656;605;710
673;728;651;705
667;685;618;709
703;694;625;718
691;680;616;720
726;705;651;734
660;788;722;715
630;723;659;701
701;712;641;705
734;715;648;719
691;689;633;711
723;710;625;712
744;730;626;709
676;684;629;709
635;652;601;708
681;694;657;725
701;729;669;725
732;739;672;723
748;739;670;724
716;711;642;714
660;676;628;716
658;685;638;712
655;687;647;720
730;710;654;732
691;676;625;728
722;706;649;731
736;776;718;731
674;707;650;724
710;719;646;721
704;707;646;721
698;737;677;729
636;668;633;713
663;677;633;717
681;694;642;719
716;722;670;731
655;672;592;716
644;660;584;713
663;654;593;727
692;678;622;747
654;672;630;711
678;697;653;719
645;659;599;71
638;649;601;711
657;656;593;712
682;704;630;709
653;665;587;705
730;689;636;725
693;674;610;710
655;665;621;716
643;698;629;705
652;661;601;715
724;704;639;725
729;694;624;726
723;730;689;738
660;768;706;709
640;705;645;704
630;703;585;697
654;686;601;706
688;677;626;725
719;725;675;729
718;755;709;728
664;688;633;717
674;678;637;717
660;664;625;721
689;701;667;722
653;655;605;719
691;704;621;712
688;705;636;714
687;687;629;721
748;750;698;732
740;770;711;729
658;683;628;719
693;692;626;719
676;707;637;713
730;747;652;721
702;724;649;718
658;681;641;722
701;698;642;726
701;698;642;726
752;725;670;737
758;736;678;733
690;685;628;714
713;662;588;720
683;684;629;709
650;660;611;713
704;739;639;710
688;722;633;712
700;711;631;707
682;693;616;706
692;734;673;716
711;720;667;723
698;702;643;721
670;684;603;707
697;704;635;714
723;693;603;712
703;699;626;711
703;699;626;711
661;715;661;714
718;711;640;715
684;703;648;711
696;704;604;703
713;720;625;709
663;718;629;714
726;749;679;724
680;703;666;727
744;737;674;738
744;737;674;738
713;717;643;722
706;719;653;721
703;713;642;725
720;677;611;755
693;691;613;719
690;685;600;710
673;693;632;695
728;685;598;718
738;707;616;718
753;744;673;724
692;700;620;713
717;717;633;712
674;663;600;712
709;711;636;714
692;697;630;712
719;730;670;720
727;766;716;726
696;765;698;707
689;740;674;709
669;679;626;716
726;755;722;724
723;755;722;722
738;766;725;724
738;766;725;724
752;764;722;725
750;761;724;726
743;748;722;727
717;734;720;726
702;732;718;726
704;733;722;727
704;737;725;727
744;755;726;724
720;742;724;722
674;677;639;724
706;615;548;767
666;667;655;722
651;651;593;710
649;662;680;723
674;687;652;710
620;587;556;703
649;644;598;707
733;762;642;695
767;745;650;714
694;698;630;711
725;709;656;720
712;707;655;722
703;705;656;724
709;698;637;726
731;730;654;725
754;765;701;729
735;772;686;723
703;727;647;718
712;685;606;712
704;687;594;705
654;725;668;726
639;723;657;705
655;667;618;721
726;709;630;724
694;694;641;723
659;682;655;716
648;656;604;712
681;673;605;714
648;696;635;718
675;712;658;715
716;724;638;713
679;697;619;708
675;698;611;707
658;728;659;701
685;726;676;718
728;743;691;728
762;753;678;741
712;716;636;721
678;679;613;714
707;696;639;717
669;677;605;712
711;680;643;742
711;680;643;742
716;673;585;716
711;691;633;718
694;670;596;709
652;660;607;714
709;698;650;729
764;740;665;715
733;711;635;718
640;647;589;710
626;710;651;696
724;724;644;717
707;710;633;714
680;687;637;717
749;721;651;726
670;686;641;719
757;738;663;717
749;727;659;717
664;696;640;715
640;655;598;714
664;682;607;713
678;702;605;711
720;735;623;715
759;732;630;718
688;681;588;710
686;713;604;701
677;682;599;713
670;705;660;718
730;760;708;727
714;774;694;711
682;717;664;726
658;674;637;722
722;757;658;708
742;754;627;719
653;681;608;718
646;662;605;721
676;688;654;726
704;701;643;721
675;695;626;710
650;687;634;716
650;673;612;713
650;673;612;713
677;693;649;721
690;705;578;705
669;681;587;707
669;681;587;707
656;669;614;720
654;678;637;719
686;714;673;720
720;722;674;722
746;740;668;726
677;736;667;713
692;726;645;713
674;716;667;701
747;779;701;699
676;700;657;708
656;697;654;708
642;680;643;715
728;782;675;707
740;776;642;713
717;745;633;718
732;728;660;735
669;684;635;715
669;684;635;715
727;750;557;667
782;772;636;717
632;660;607;715
634;646;594;716
628;689;630;705
716;706;650;722
749;731;667;730
746;738;676;736
658;669;613;716
723;719;641;715
693;702;637;717
660;682;629;718
660;722;665;717
657;700;648;720
738;789;683;719
705;688;597;722
717;680;602;730
730;773;724;724
688;724;674;719
728;711;655;732
679;676;633;722
678;685;638;722
672;684;633;721
690;708;605;714
677;694;606;714
710;692;628;727
706;700;626;715
740;752;702;729
714;707;612;714
712;680;545;702
692;690;626;712
643;643;585;712
668;657;585;714
653;658;601;716
622;676;603;697
726;721;662;713
765;749;681;718
692;714;667;717
651;655;585;711
754;733;659;720
689;670;583;703
731;714;650;721
687;697;641;716
668;727;687;723
660;718;640;713
698;690;639;728
673;663;610;719
694;679;630;720
652;676;625;707
667;687;610;710
682;691;646;714
714;711;638;708
782;757;667;716
769;748;670;717
722;725;664;712
688;705;636;711
699;704;643;716
710;647;554;725
730;733;678;724
701;752;695;720
651;667;602;712
687;686;603;710
680;728;650;706
660;682;629;721
735;771;690;726
708;744;658;723
668;685;611;710
688;716;655;717
679;699;639;720
661;717;672;722
733;754;676;692
741;732;639;707
672;668;601;718
643;658;609;714
671;667;625;723
652;653;594;708
721;700;643;708
738;713;650;724
697;734;675;720
697;734;675;720
636;687;640;711
670;679;624;713
717;703;617;711
782;756;649;716
750;715;631;715
751;727;652;718
761;733;639;713
688;697;644;713
645;658;623;712
640;639;592;715
597;666;584;690
704;708;645;705
718;776;723;721
736;710;653;722
670;677;625;710
720;722;639;714
694;709;648;711
728;711;646;718
710;718;654;706
655;678;604;710
732;737;681;726
735;735;664;720
735;735;664;720
662;687;612;708
607;725;660;674
735;742;672;724
712;724;658;707
699;696;614;697
706;718;641;710
716;717;644;712
740;755;667;711
721;779;659;700
628;706;637;702
618;690;626;706
648;683;633;709
648;683;633;709
655;677;634;700
712;736;670;718
724;782;719;722
696;788;712;713
685;779;708;713
710;730;643;721
728;757;626;712
714;775;684;722
704;756;661;720
704;756;661;720
660;690;607;722
646;686;626;725
610;702;633;714
741;736;656;757
710;726;640;716
731;728;651;743
00;711;622;723
711;715;637;730
694;695;586;709
725;713;643;745
685;677;612;724
692;684;618;728
696;689;605;727
688;680;586;713
700;678;613;724
687;732;668;716
676;717;650;711
725;720;666;764
708;717;653;729
693;725;668;717
706;745;702;723
679;783;722;705
664;745;682;711
677;704;669;720
709;743;721;733
705;740;718;732
696;725;708;728
699;727;707;728
709;738;710;729
708;736;709;7
708;735;707;729
707;735;699;726
708;738;704;727
738;759;724;731
738;759;724;731
689;702;622;720
697;688;639;721
697;688;639;721
649;674;638;709
750;700;656;730
676;678;589;702
648;654;596;715
601;720;658;700
633;665;622;715
706;718;641;721
639;673;612;720
612;696;592;702
737;774;639;697
658;707;648;712
658;707;648;712
697;739;675;723
747;746;706;756
687;696;656;730
687;696;656;730
662;684;638;719
640;645;608;709
666;678;614;709
687;713;667;719
725;787;742;733
687;779;693;697
684;759;682;708
739;736;665;714
743;720;672;724
705;705;646;713
678;696;635;719
776;766;604;700
677;683;618;706
620;661;619;709
621;704;636;710
639;655;601;715
659;671;639;721
736;701;651;725
773;741;622;711
742;707;586;712
702;723;675;718
690;712;640;714
661;664;585;713
690;695;657;724
700;732;679;716
722;778;705;708
689;729;639;707
691;716;628;709
692;768;676;690
650;666;604;715
750;809;702;731
752;747;687;741
751;730;663;744
751;730;663;744
756;724;653;740
756;724;653;740
681;695;633;721
701;705;644;720
697;705;656;722
698;710;583;706
703;721;619;713
654;661;587;714
724;727;665;722
716;735;681;725
664;706;644;717
658;667;624;712
671;681;590;706
650;662;614;715
0;693;607;713
0;693;607;713
647;751;677;716
644;664;623;718
675;697;628;722
667;699;631;720
633;640;580;709
688;665;612;727
769;732;673;751
709;704;647;724
699;680;590;717
699;680;590;717
676;682;620;716
625;643;604;708
620;698;636;708
744;718;648;728
765;728;651;734
729;735;668;728
722;713;608;713
722;713;608;713
702;681;591;714
629;659;609;718
622;681;621;704
754;755;680;721
726;740;669;719
728;772;705;718
758;797;706;713
764;759;662;718
714;724;653;709
710;725;655;707
688;732;667;720
688;732;667;720
695;705;651;716
644;659;603;715
637;696;634;707
647;667;637;716
707;694;605;718
707;694;605;718
708;718;649;723
744;720;641;720
694;686;606;713
694;686;606;713
625;717;653;697
717;733;662;718
683;701;635;715
673;691;646;722
682;703;625;716
687;708;625;715
725;730;630;724
33;723;685;738
665;677;635;715
654;671;626;716
693;737;648;722
693;683;602;725
685;685;635;723
696;706;608;715
699;710;637;717
766;716;636;736
706;674;587;718
702;637;502;721
748;715;653;733
724;736;683;725
724;736;683;725
702;772;710;709
665;711;628;710
665;711;628;710
668;762;673;693
651;682;623;711
655;669;629;717
655;669;602;713
657;669;622;718
689;701;591;708
679;696;623;710
684;717;666;717
670;703;643;718
670;703;643;718
667;703;641;719
700;709;652;724
709;698;602;707
764;794;687;712
670;695;599;708
664;706;664;721
701;743;704;728
730;784;711;721
714;756;680;719
712;740;676;729
750;769;685;730
732;726;650;732
687;685;639;726
649;655;599;710
699;695;633;709
654;658;597;713
634;694;633;705
756;733;663;728
732;721;653;727
770;777;701;733
770;777;701;733
750;764;608;712
788;769;644;707
788;759;686;730
684;668;590;707
654;662;604;716
655;714;647;710
684;684;607;717
676;688;660;726
716;706;645;720
779;741;617;703
750;720;625;706
677;689;626;711
650;670;619;716
740;740;691;724
729;708;655;726
690;722;653;714
691;752;685;725
656;693;624;719
653;667;601;714
645;695;631;712
732;705;643;727
705;693;622;720
684;701;611;719
693;690;603;721
668;679;578;714
695;734;658;716
709;705;598;719
698;699;614;718
657;696;571;705
699;773;692;710
759;737;610;718
713;692;592;721
716;688;591;721
676;678;599;714
654;673;613;721
622;465;573;708
653;684;612;717
716;705;592;724
758;766;622;710
777;773;628;711
785;756;626;723
679;690;641;720
660;676;631;719
707;704;641;718
707;704;641;718
668;652;587;718
689;724;667;718
699;745;631;713
733;720;656;735
671;673;621;724
641;631;572;715
695;691;651;730
690;705;620;719
682;688;587;712
665;667;611;719
778;754;668;723
722;725;659;716
661;674;604;713
683;712;644;715
661;679;600;714
673;770;705;723
640;709;657;718
713;700;655;733
746;744;668;733
698;756;660;726
649;775;675;710
706;790;712;728
670;707;631;709
719;743;651;718
681;708;629;710
662;695;629;715
667;691;626;721
721;706;632;736
708;736;661;727
684;736;660;720
750;735;624;716
769;742;618;715
667;697;644;719
677;729;655;712
753;773;662;716
752;748;654;724
695;710;642;721
695;710;642;721
695;703;636;725
719;679;559;704
644;658;603;713
722;764;688;723
705;746;663;717
701;716;619;718
724;725;662;740
713;739;675;723
740;774;728;734
699;788;731;725
651;746;677;708
657;687;660;720
702;738;703;719
684;719;669;706
668;701;677;710
668;697;629;709
709;743;657;720
764;760;697;743
713;726;644;716
724;703;619;722
748;710;634;724
741;739;672;721
742;715;595;715
767;724;612;712
766;746;652;703
749;732;638;702
694;700;630;721
723;789;717;701
627;713;653;715
719;708;657;730
671;691;628;719
672;742;666;723
739;785;647;716
740;782;673;718
686;724;639;715
686;724;639;715
700;716;670;733
741;732;684;748
663;671;633;727
687;700;665;727
671;686;639;720
671;686;639;720
670;682;595;712
651;667;596;721
689;744;651;718
666;722;680;722
654;724;657;716
651;703;650;719
740;719;668;743
772;758;680;744
678;703;639;718
660;670;592;713
666;665;611;726
661;676;638;722
642;635;603;724
642;659;590;719
599;618;548;683
686;734;672;722
754;778;693;718
756;756;661;719
673;699;630;717
656;678;625;720
693;729;630;713
738;725;648;729
777;769;670;734
770;786;684;742
761;795;689;726
723;729;610;717
745;724;634;727
765;712;625;722
681;677;613;722
647;652;591;721
657;709;629;719
709;710;607;723
727;717;625;735
722;716;602;721
731;700;613;735
740;703;593;735
740;703;593;735
729;714;613;720
689;691;612;721
704;718;647;720
676;682;622;724
678;685;614;721
687;691;595;714
712;677;611;728
721;721;651;730
730;733;657;729
688;731;661;722
739;730;666;732
730;709;653;731
692;707;641;724
701;711;593;708
701;711;593;708
754;748;679;736
745;722;617;713
739;724;623;711
656;662;609;720
666;644;609;718
674;681;596;716
701;693;623;730
703;701;616;717
732;719;653;740
722;727;665;726
754;729;639;725
763;729;623;716
679;709;640;711
668;694;626;722
676;712;628;716
721;717;673;734
651;633;590;721
767;729;637;720
780;737;625;714
769;732;624;699
688;683;605;709
657;661;612;722
748;740;653;723
760;743;685;745
759;766;717;738
698;723;659;723
691;708;636;722
702;707;646;725
703;747;661;709
694;730;639;718
678;681;603;717
678;681;603;717
681;685;622;718
681;685;622;718
674;672;599;716
674;672;599;716
678;676;604;717
700;694;637;726
695;703;652;729
690;702;633;726
688;705;618;714
722;707;636;728
730;739;678;727
718;747;675;723
695;663;560;715
695;663;560;715
684;692;626;717
681;694;618;716
697;708;629;721
660;669;619;725
648;719;644;714
704;709;632;725
701;714;635;723
676;715;659;725
692;708;629;724
698;695;605;728
738;679;593;743
750;738;683;736
672;677;621;717
717;688;620;719
657;669;596;719
611;663;601;710
640;684;622;716
706;718;680;727
788;769;705;738
788;769;705;738
690;712;660;723
768;758;646;711
754;734;655;724
712;750;674;721
656;732;662;712
733;752;668;731
700;714;638;716
677;704;653;723
693;712;656;724
650;674;638;717
756;767;648;725
720;723;648;726
672;685;647;724
648;657;598;719
655;711;611;713
751;724;678;741
659;656;593;717
676;689;603;710
696;708;637;720
661;677;627;724
780;724;647;741
719;660;534;726
718;673;591;729
723;764;717;719
720;767;726;728
678;728;654;724
678;739;651;720
708;753;668;719
680;737;650;704
707;727;639;716
741;753;668;727
746;710;603;727
700;708;648;719
737;692;588;721
720;712;640;720
684;701;634;717
696;727;657;723
665;662;598;724
752;794;669;722
737;722;663;735
698;694;655;728
701;750;694;724
682;693;622;721
705;707;643;733
721;715;635;726
735;737;655;724
764;776;698;732
776;768;679;741
733;725;657;728
712;751;678;729
751;779;682;733
761;784;671;729
716;727;658;727
749;719;656;737
750;718;644;738
750;718;644;738
756;754;705;743
741;767;704;739
719;732;672;734
719;732;672;734
718;716;652;730
718;716;652;730
647;738;672;712
665;694;654;727
743;729;645;726
717;677;601;737
667;685;633;724
658;679;634;725
744;738;661;729
717;733;674;731
703;718;655;730
684;704;643;730
673;738;664;710
687;711;624;716
672;691;604;720
730;699;642;743
740;736;684;739
725;763;712;733
669;708;663;725
730;710;621;718
703;704;633;718
636;662;632;720
630;684;605;709
709;697;628;725
692;704;628;714
706;719;657;722
686;696;624;720
706;712;627;723
717;713;635;733
721;717;639;735
727;721;640;724
724;714;640;734
737;723;668;738
752;723;667;743
682;702;657;724
685;679;627;729
680;687;635;729
661;672;602;719
683;687;639;728
676;673;594;717
776;723;656;774
767;725;605;723
704;709;614;715
711;716;636;732
710;715;635;726
720;726;627;719
735;731;632;725
726;731;624;721
755;744;653;736
721;722;624;723
701;702;639;727
704;707;648;726
702;704;650;727
757;728;642;717
709;681;608;719
693;742;671;723
673;737;647;728
728;719;638;750
716;715;629;722
715;726;637;716
724;756;706;724
692;769;701;716
686;709;632;719
726;693;642;741
716;694;633;730
705;692;610;724
718;694;651;731
661;677;618;722
658;726;678;717
702;728;672;720
705;703;644;720
705;703;644;720
688;699;615;723
666;675;604;723
675;693;649;725
666;682;638;726
756;775;668;722
777;734;635;722
737;708;630;717
633;666;623;715
688;676;661;740
718;706;642;734
726;721;658;731
710;675;618;741
679;670;639;732
668;697;654;725
664;679;607;721
664;679;607;721
690;701;599;716
709;658;572;731
757;735;682;745
758;754;709;750
706;706;660;732
686;692;646;724
699;709;604;715
680;693;619;721
625;698;629;714
731;721;664;728
777;741;671;739
726;708;593;728
676;695;640;726
721;709;645;724
685;695;632;720
652;657;609;726
617;650;615;726
695;714;649;728
698;714;645;725
710;730;654;724
682;685;603;723
682;713;618;718
735;746;627;725
703;716;639;728
663;681;642;724
650;666;625;718
699;749;666;722
717;713;652;733
714;727;657;725
714;727;657;725
678;697;634;716
660;683;641;720
739;726;666;726
719;680;578;716
752;708;648;737
733;751;705;727
733;751;705;727
684;737;664;717
680;724;654;723
681;728;660;719
700;753;663;709
679;708;668;723
748;764;675;726
658;649;591;718
707;713;583;700
760;781;664;723
670;696;606;714
691;704;601;714
714;724;627;718
704;707;661;728
732;695;633;734
765;716;608;727
626;627;575;715
674;730;674;722
632;695;638;720
673;699;633;724
750;769;686;732
742;769;639;721
673;697;623;717
677;729;664;721
737;787;676;702
750;743;637;714
662;683;605;712
670;708;662;726
670;759;712;728
672;741;676;723
695;710;650;725
695;710;650;725
709;752;658;720
710;746;677;725
699;722;626;716
699;722;626;716
679;679;588;723
531;729;618;705
629;723;662;708
729;748;683;730
726;729;673;728
744;750;678;734
687;703;633;727
687;703;633;727
660;687;640;720
717;750;674;727
710;751;690;727
668;692;631;723
638;699;628;712
689;685;636;725
738;722;676;736
738;722;676;736
678;684;619;724
639;636;586;717
733;713;616;717
654;662;598;719
641;758;684;711
685;680;632;724
739;738;632;720
728;737;670;726
700;720;668;723
668;694;655;723
698;719;627;717
710;706;633;727
649;670;631;718
664;729;657;704
675;704;642;718
666;691;645;722
709;707;632;717
707;716;640;719
709;719;635;715
675;689;642;724
768;707;642;735
756;717;637;735
756;717;637;735
695;752;704;719
668;743;656;719
657;735;652;714
667;718;626;718
672;698;597;716
696;752;649;706
705;741;695;735
682;708;654;731
697;715;668;734
696;708;639;730
709;733;681;739
686;732;664;727
766;771;633;727
697;708;623;725
708;723;656;733
777;776;680;728
783;757;650;727
706;717;650;731
679;710;657;734
729;730;656;727
729;730;656;727
697;696;620;719
651;668;611;717
730;739;669;734
748;735;660;737
674;680;619;717
651;660;608;720
642;700;644;722
726;711;619;722
669;676;622;722
657;658;612;724
664;662;615;722
676;690;652;727
734;728;658;728
734;728;658;728
678;677;624;723
678;677;624;723
675;677;574;715
646;648;586;719
670;688;606;724
684;686;617;724
716;702;643;728
716;702;643;728
706;682;623;724
646;639;567;718
642;705;621;708
771;748;671;722
703;708;652;720
701;755;670;705
752;796;714;713
734;745;665;714
680;712;649;708
645;693;644;716
641;653;579;716
683;700;617;715
694;739;648;716
655;665;609;722
672;684;628;720
702;701;645;730
724;752;698;746
713;705;639;736
669;688;655;724
662;665;616;718
683;654;584;716
656;654;595;717
649;703;639;717
702;710;663;732
709;709;654;726
679;694;657;729
685;701;593;716
722;648;601;738
683;687;642;722
683;687;642;722
699;695;618;716
681;665;605;716
803;779;655;703
741;729;650;718
685;686;626;716
732;753;670;724
671;671;591;717
651;648;590;716
677;709;672;722
