687;583;593;679
729;663;651;684
732;609;554;677
692;541;526;671
725;628;565;660
688;556;560;677
707;569;547;670
713;637;614;682
713;637;614;682
710;657;621;675
700;670;623;665
699;658;570;675
712;672;578;677
703;602;547;671
726;618;593;694
719;621;592;679
735;656;616;674
760;667;642;692
741;613;557;671
700;587;549;668
696;600;516;647
749;677;601;674
729;678;611;666
726;689;647;699
712;693;643;679
705;636;586;686
719;636;578;685
714;624;575;680
735;633;599;696
735;646;595;688
710;651;595;683
775;685;617;688
754;669;592;668
734;641;595;680
715;619;580;679
730;636;592;687
727;637;590;688
713;604;585;690
712;614;592;691
733;644;608;693
724;604;592;697
742;659;625;702
721;630;614;695
694;551;555;686
691;620;578;676
707;619;570;683
724;613;560;686
701;576;550;678
719;606;569;690
736;630;584;700
738;634;586;695
713;626;590;682
704;588;582;687
718;624;619;697
699;599;581;677
734;630;572;688
735;622;581;690
734;628;576;685
739;644;589;692
752;656;616;708
755;645;596;712
743;645;609;705
725;684;624;670
694;629;569;675
694;629;569;675
744;672;588;672
749;659;573;680
743;665;583;675
731;666;606;681
741;675;626;691
752;649;613;708
726;642;592;687
736;690;603;671
753;695;625;681
751;674;621;691
728;655;608;689
704;676;627;669
684;650;591;680
720;650;612;669
718;667;590;675
731;677;568;676
724;662;564;678
726;676;600;694
688;639;558;665
689;641;550;663
694;601;550;667
711;576;581;702
675;523;541;640
726;551;551;719
726;622;573;677
726;622;573;677
692;546;535;666
674;498;529;671
704;603;562;644
700;622;572;663
664;606;573;652
685;625;604;675
687;563;556;668
678;503;533;671
707;563;551;671
689;627;604;680
637;576;580;675
685;619;577;698
685;618;578;699
698;607;561;699
705;605;563;706
707;597;551;710
685;599;557;699
691;591;550;698
715;625;559;690
715;625;559;690
689;588;554;688
659;557;552;690
669;564;553;685
638;492;523;689
699;534;515;723
697;590;555;700
668;536;515;681
672;547;523;683
716;626;547;679
722;619;541;680
652;515;524;677
667;552;527;680
669;591;542;669
670;620;573;671
688;630;569;681
716;647;552;658
674;573;538;678
670;593;556;670
687;621;568;687
691;626;565;683
673;614;549;675
670;616;560;677
665;589;553;685
708;625;570;689
691;593;555;684
698;585;554;696
655;546;569;686
701;604;560;685
730;642;559;677
746;642;566;689
697;593;560;685
688;585;553;681
704;620;556;679
679;578;554;685
726;648;575;679
721;633;574;682
685;603;569;683
704;623;575;687
689;617;574;684
690;632;589;684
693;617;558;688
719;636;576;707
8;661;614;725
767;683;626;722
760;679;622;716
737;679;609;693
718;674;595;684
663;604;571;678
688;619;561;682
701;626;556;682
675;571;548;684
684;614;550;686
671;588;555;685
699;630;544;686
686;593;556;691
668;567;562;683
683;628;575;694
722;650;571;691
713;654;583;686
665;563;534;685
668;512;478;679
666;551;523;676
672;554;552;688
660;551;527;683
682;572;516;691
715;639;578;692
723;670;621;687
708;665;600;681
725;662;602;695
727;688;633;693
717;694;646;699
706;706;649;684
709;691;616;689
724;683;611;690
724;679;602;700
722;681;603;699
670;646;561;680
662;615;531;673
717;688;636;675
716;688;622;680
713;693;641;696
705;704;648;675
669;601;559;688
683;626;536;682
730;703;568;678
718;678;625;691
718;678;625;691
698;648;593;691
698;648;593;691
717;645;615;710
691;606;572;695
705;623;558;675
738;641;563;683
747;665;568;678
745;656;562;676
696;654;578;677
708;632;608;708
691;629;605;696
691;629;605;696
672;600;572;684
683;636;599;671
651;537;522;683
704;621;557;688
704;621;557;688
742;652;560;682
736;638;540;676
681;561;540;679
682;590;550;678
697;624;559;671
691;688;632;670
660;600;533;681
669;568;561;690
714;633;560;690
709;624;565;688
724;651;598;686
710;663;611;694
725;673;613;696
726;652;579;685
679;580;540;685
657;570;534;682
670;491;500;693
686;545;545;700
684;519;525;706
715;607;528;682
707;591;539;682
682;550;536;681
698;573;557;698
702;533;525;718
735;635;542;703
744;646;524;691
721;607;547;687
691;585;528;676
701;590;531;677
685;549;530;683
0;543;534;697
685;550;530;683
739;638;564;696
721;648;551;674
708;604;525;678
711;597;529;682
732;649;603;702
733;618;563;703
682;532;511;683
705;585;522;668
683;548;522;679
725;597;555;700
706;599;543;678
707;625;600;686
688;572;538;679
688;572;538;679
724;677;612;689
732;670;597;692
689;637;548;669
707;662;631;707
708;660;565;667
722;645;559;673
687;561;542;678
682;593;542;685
710;639;531;670
710;639;531;670
719;651;524;671
713;668;611;683
698;677;629;675
695;676;615;673
713;683;634;682
714;662;564;671
696;550;543;692
710;551;533;701
707;590;555;699
739;656;589;691
729;677;608;678
692;695;636;671
684;604;549;686
702;587;570;700
688;554;557;694
710;636;592;684
683;575;544;689
678;595;612;694
672;530;546;682
690;611;590;681
677;573;560;682
678;584;590;691
712;673;665;697
707;652;603;683
679;620;573;684
679;620;573;684
680;624;563;685
712;632;572;698
709;615;558;694
725;631;563;696
701;594;561;697
703;619;558;690
699;594;562;696
690;591;560;695
752;661;577;695
760;671;587;699
711;621;563;687
702;619;563;686
687;612;547;685
677;647;589;682
684;621;594;693
668;679;625;685
672;595;543;674
666;557;547;685
705;677;660;682
732;667;623;711
728;688;637;704
685;708;649;680
690;658;569;685
730;644;593;703
717;651;591;691
721;645;586;697
746;674;599;698
746;674;599;698
739;670;593;703
732;647;587;706
713;634;594;706
677;528;520;682
685;535;547;703
680;511;527;703
688;515;538;707
668;515;526;683
721;595;559;697
719;587;549;696
705;566;520;684
685;579;550;681
686;647;598;672
686;647;598;672
690;649;567;675
697;656;570;672
713;664;599;677
715;676;619;685
724;670;623;708
677;683;626;678
707;676;599;679
717;676;611;684
718;674;622;684
718;674;622;684
737;693;612;678
721;704;601;671
702;688;568;682
676;572;517;680
676;559;524;684
675;623;551;678
680;622;558;686
706;634;540;675
711;638;547;678
704;659;591;677
697;681;614;687
704;673;605;693
8;662;570;693
717;651;568;692
721;650;570;698
693;630;542;680
706;627;555;701
707;596;527;707
707;608;551;698
721;567;526;722
700;524;507;709
727;597;546;723
730;626;529;703
750;667;565;692
745;663;553;693
760;699;634;719
702;618;558;691
721;680;648;712
716;682;593;677
716;662;566;679
700;626;546;684
706;670;611;684
698;707;658;691
741;689;645;717
748;690;635;715
737;703;643;695
729;720;667;693
701;703;648;693
692;622;569;689
714;632;577;698
735;672;630;695
729;678;595;669
723;675;611;671
737;676;643;702
720;666;646;681
732;668;649;691
737;688;610;662
724;680;613;660
707;685;634;665
676;684;615;671
718;653;619;681
718;653;619;681
746;653;620;694
749;653;637;702
730;687;634;671
715;690;623;654
699;619;584;66
726;623;570;668
736;674;620;673
698;478;554;733
707;579;543;689
732;629;515;668
747;661;547;681
758;677;548;682
726;671;549;684
742;687;605;700
678;602;532;683
679;635;524;663
673;633;543;679
676;574;529;679
710;590;538;699
721;616;547;716
719;609;524;701
731;625;552;718
726;618;545;718
709;626;547;699
698;596;523;700
695;611;541;684
706;621;543;694
729;649;557;677
723;639;558;679
724;639;549;680
672;648;555;665
665;639;556;667
733;630;543;677
728;656;559;675
733;672;580;682
735;659;574;689
694;644;556;686
721;661;575;689
707;676;569;674
717;620;588;703
690;573;558;686
679;600;553;676
657;500;488;678
712;621;560;688
683;556;532;687
684;560;547;691
661;537;511;674
723;624;576;698
722;648;570;689
741;682;552;663
716;639;572;693
696;604;573;687
698;617;570;685
681;551;525;680
701;582;545;693
720;572;539;720
703;557;524;670
704;573;518;696
735;640;561;698
735;640;561;698
749;655;550;672
736;627;544;671
687;573;545;678
685;613;562;667
684;610;566;676
653;483;507;671
722;622;566;685
722;622;566;685
686;609;544;675
709;587;538;679
705;647;596;664
705;647;596;664
726;646;607;700
736;653;623;708
743;656;599;688
740;660;592;682
747;661;580;683
746;646;599;704
732;656;605;695
734;652;589;682
751;676;576;678
756;687;587;677
728;699;636;676
720;704;639;700
726;719;645;690
735;707;614;675
719;648;571;673
741;685;621;692
706;652;604;686
722;665;583;685
719;666;608;694
713;660;604;696
701;639;586;702
734;676;631;699
704;647;599;688
725;645;598;658
745;647;596;679
740;646;621;695
702;569;584;680
697;571;580;695
722;635;579;694
738;651;580;700
704;591;565;699
671;536;539;687
729;664;555;678
729;678;531;639
703;605;535;681
703;579;518;686
706;602;557;688
715;648;596;664
707;646;583;666
734;659;599;682
742;661;582;679
744;654;586;687
743;675;592;679
760;702;628;663
742;699;623;647
732;710;636;632
758;707;627;678
767;709;636;685
2;715;648;669
750;717;649;674
751;714;647;685
747;651;610;699
700;559;578;679
714;599;567;663
725;670;617;663
711;680;625;6
687;594;578;669
698;553;572;678
708;604;581;670
700;593;564;668
696;583;564;666
700;573;539;657
698;563;550;668
722;643;597;670
692;574;556;673
692;622;567;679
699;659;603;691
703;680;601;682
697;646;585;691
712;566;551;702
733;664;606;696
727;669;610;690
728;691;624;685
697;705;624;685
699;656;614;693
746;672;594;693
742;663;579;698
740;670;578;697
740;685;591;689
738;635;590;728
707;600;560;697
714;592;547;703
728;607;553;695
727;615;544;676
722;615;550;681
713;618;536;663
745;663;585;686
748;652;556;685
724;683;604;679
722;702;643;695
689;628;579;689
674;525;529;685
698;561;573;712
706;533;541;721
689;529;529;694
718;561;558;728
702;575;557;698
724;580;565;728
707;579;555;703
716;642;574;690
705;620;567;685
704;621;570;687
703;655;594;681
703;655;594;681
695;649;606;690
713;676;592;687
743;714;580;679
750;706;636;702
738;687;627;696
727;694;642;695
730;665;605;691
737;683;628;688
765;694;628;691
753;685;609;683
751;676;603;686
751;689;556;676
723;633;549;687
711;622;558;687
717;686;595;682
715;692;641;695
682;646;608;687
703;644;603;682
740;697;647;704
749;697;631;707
756;698;620;702
761;693;625;692
751;683;606;680
750;698;615;669
737;707;641;673
731;717;661;681
721;686;619;686
725;684;590;685
726;680;570;672
727;695;631;686
724;680;586;681
718;670;583;686
722;686;603;679
716;698;641;683
687;630;597;687
693;646;599;676
745;676;625;700
756;678;591;696
729;684;581;687
676;584;540;679
686;588;533;692
685;655;554;680
725;678;579;692
733;680;590;683
764;699;602;671
768;710;621;666
757;724;644;666
712;729;656;666
702;678;644;681
714;702;627;677
752;749;637;676
726;698;633;686
705;674;634;673
702;663;606;670
698;643;568;679
703;645;572;670
705;636;576;674
680;572;562;674
708;615;573;677
672;551;558;684
710;612;564;685
709;625;574;690
743;701;641;692
736;708;645;681
733;688;614;685
705;600;572;705
705;600;572;705
696;581;564;704
697;576;555;697
702;575;557;706
698;572;543;699
708;573;550;717
702;573;550;698
714;609;539;695
730;604;560;713
716;634;571;681
740;675;597;687
723;718;630;646
736;683;578;688
741;682;578;686
749;693;597;669
716;699;620;680
725;697;619;666
722;689;580;631
741;705;619;666
746;691;609;668
747;705;607;669
751;685;588;677
708;666;575;671
687;685;601;657
668;634;574;672
725;622;571;679
755;666;588;676
752;684;600;669
754;711;613;669
757;706;625;675
722;703;621;677
698;700;638;682
688;639;604;684
710;616;554;679
728;652;582;689
727;622;568;689
749;672;633;716
718;689;637;696
693;638;595;682
720;656;622;694
728;641;559;685
732;652;570;690
717;629;562;689
737;643;549;688
713;598;534;685
698;563;534;685
717;574;537;701
719;573;539;699
740;640;570;708
743;656;556;691
710;607;537;680
701;595;533;677
713;645;552;689
725;651;559;693
715;695;597;677
715;696;600;681
701;660;583;687
715;652;596;681
722;635;553;683
749;656;535;679
747;639;532;685
740;632;533;682
739;667;578;682
725;697;612;682
706;670;589;693
717;669;598;697
737;672;605;697
738;702;619;690
737;682;618;700
741;664;591;703
713;682;620;681
713;682;620;681
704;648;599;692
700;635;575;685
685;585;544;676
697;608;545;678
688;582;535;679
682;619;567;680
695;645;575;688
748;670;580;691
751;696;607;685
745;705;612;685
747;703;606;687
734;698;590;677
749;699;580;682
754;685;592;693
729;689;618;679
686;672;580;656
695;685;572;67
700;683;554;669
738;711;565;679
725;665;595;690
705;683;617;685
689;692;636;682
681;685;580;685
727;661;583;685
741;660;565;686
746;664;563;692
737;666;558;690
750;700;614;707
716;671;576;694
719;671;590;696
689;583;549;685
704;603;565;685
722;647;583;692
701;645;587;679
704;654;572;678
713;664;563;665
716;642;574;690
716;642;574;690
718;651;573;680
722;649;543;667
735;667;567;679
738;707;636;675
714;629;536;680
726;627;543;680
751;668;598;694
751;675;575;682
721;687;587;664
691;696;575;646
694;665;579;670
689;557;534;688
710;594;564;692
677;541;519;670
693;635;571;682
713;640;563;683
688;582;534;676
669;511;520;681
746;632;548;684
764;668;551;688
743;670;560;677
743;670;560;677
719;620;536;678
707;640;539;680
721;661;558;684
731;637;542;682
729;676;549;672
729;676;549;672
706;652;540;674
685;580;537;684
703;579;545;696
708;575;532;708
700;568;527;704
721;592;563;719
757;638;582;712
752;655;597;698
709;658;555;673
711;693;568;668
692;667;553;670
678;633;550;673
670;542;530;677
704;590;543;673
700;582;538;677
687;659;577;643
666;589;556;678
709;625;545;673
731;656;571;687
741;655;606;706
714;657;611;697
688;654;600;684
704;683;595;671
721;685;587;684
733;697;562;679
749;693;614;705
749;693;614;705
705;684;622;691
692;638;577;687
680;518;540;680
729;672;598;684
749;652;556;689
736;639;555;685
712;591;534;681
669;517;524;679
694;596;544;678
683;559;531;679
646;578;538;659
670;632;573;679
724;686;589;690
720;635;564;685
727;650;587;695
733;688;637;692
718;698;639;680
710;683;615;679
737;690;619;684
750;688;600;686
735;664;592;681
720;686;564;668
720;686;564;668
706;669;544;675
706;614;536;676
692;561;527;683
678;596;530;669
689;612;551;685
719;637;552;687
706;606;545;684
722;635;560;692
719;623;564;692
723;622;570;697
758;681;581;698
750;670;611;711
723;650;593;700
724;665;597;696
701;624;568;691
734;625;561;703
706;616;555;680
701;615;550;678
703;605;552;690
714;584;555;717
716;657;576;671
698;632;524;687
712;638;543;710
698;643;548;684
744;653;562;706
744;653;562;706
700;660;570;678
710;642;541;681
741;623;573;706
758;664;625;721
707;594;563;687
98;619;560;676
704;625;550;677
727;661;564;678
724;625;544;674
734;633;555;686
742;700;640;691
710;686;610;670
709;656;572;674
771;698;625;712
759;688;601;702
701;588;542;684
752;692;598;679
751;668;610;710
727;680;604;688
1;683;606;685
765;712;603;666
765;709;611;668
696;633;597;669
710;657;595;672
717;654;591;678
682;591;557;672
699;631;588;684
687;561;526;677
688;629;548;674
691;587;546;678
728;679;631;679
726;666;548;671
697;611;543;676
692;620;571;680
720;662;557;67
734;684;572;683
702;663;567;674
702;663;567;674
690;632;559;681
734;611;545;694
746;648;570;694
738;646;574;695
751;674;596;694
762;688;598;688
717;655;589;683
704;679;561;648
719;715;637;684
706;708;647;683
701;680;553;677
701;680;553;677
741;711;549;680
750;721;638;702
744;719;647;707
698;684;615;683
690;637;581;688
715;623;544;677
723;648;544;671
725;656;550;677
699;599;525;678
703;648;577;674
731;684;613;685
734;651;559;681
696;560;516;678
710;550;532;717
703;608;564;692
702;598;562;700
748;620;578;751
707;625;577;696
702;656;573;677
675;529;548;681
736;613;536;678
687;639;516;662
689;637;567;682
694;577;530;673
707;641;561;676
740;629;577;696
726;673;591;676
724;697;634;684
722;663;581;684
737;676;597;696
728;663;608;694
746;668;586;686
762;694;612;696
750;689;609;691
726;665;616;697
678;533;530;686
705;551;559;713
709;526;525;720
701;567;549;702
707;580;566;709
710;582;561;701
722;647;606;691
749;692;661;719
749;701;674;722
749;701;674;722
744;673;643;710
731;642;576;699
748;616;569;735
735;625;561;702
729;647;605;685
757;703;680;706
745;665;609;691
732;639;569;690
763;714;648;699
752;709;631;689
769;710;630;697
764;713;625;704
730;641;553;705
738;662;572;705
754;703;604;679
744;703;611;686
747;704;619;690
733;694;612;696
735;649;565;691
743;687;605;682
695;702;633;666
711;704;647;685
725;665;615;704
749;688;635;706
749;691;620;695
727;652;594;685
729;660;595;686
708;637;584;691
704;658;598;686
702;636;580;687
684;569;565;689
748;664;619;698
750;672;626;705
720;627;605;703
706;654;614;693
722;674;612;690
733;636;577;692
710;615;581;693
697;603;582;695
699;653;613;688
739;691;581;676
692;633;542;680
698;616;530;685
711;613;539;698
728;611;504;693
731;654;551;670
731;654;551;670
734;662;580;688
734;662;580;688
712;621;572;687
691;563;541;681
695;598;559;682
699;623;588;683
695;602;564;682
696;645;577;669
709;641;564;679
752;666;566;695
734;663;592;693
703;611;580;689
735;630;561;701
752;666;528;688
712;596;529;678
712;596;529;678
756;671;583;689
753;667;558;686
742;694;618;684
752;712;652;714
716;656;594;695
743;679;575;675
722;666;572;673
726;666;561;675
699;615;551;681
705;642;564;678
705;605;559;685
709;613;520;677
708;666;562;659
708;693;625;677
698;673;588;678
734;689;612;691
758;701;605;696
761;701;598;693
741;719;636;679
730;721;642;682
737;708;643;693
757;695;643;708
734;653;606;694
731;658;589;680
743;688;607;685
731;693;625;678
715;650;603;684
739;664;591;682
748;673;596;693
751;684;607;699
733;686;618;686
742;661;606;697
738;670;612;690
708;669;611;669
711;645;588;683
741;627;580;694
734;624;580;691
740;619;570;694
718;617;582;696
736;638;595;700
722;636;601;698
698;623;587;685
701;584;534;685
701;584;534;685
712;693;626;691
714;692;625;696
732;693;604;698
761;713;573;678
713;672;562;669
727;673;571;685
731;688;594;687
731;690;609;689
715;686;622;691
721;687;637;698
706;602;579;689
734;670;563;645
759;715;606;659
752;679;613;671
744;658;630;667
731;669;634;667
698;612;597;660
684;471;512;647
702;543;564;663
696;497;552;663
712;545;561;661
730;535;539;665
710;523;542;659
707;539;556;663
727;573;555;661
749;666;607;672
721;651;587;679
741;648;568;674
737;661;569;664
711;674;600;644
703;624;577;667
725;627;609;683
718;590;567;680
743;637;583;689
772;669;600;703
772;667;587;694
737;681;608;667
736;690;623;667
699;651;619;678
744;656;627;683
711;586;587;684
727;632;577;666
724;621;574;669
728;671;626;673
704;629;583;677
729;623;597;698
731;646;590;684
722;652;593;669
719;626;567;672
699;537;547;677
746;598;574;710
758;627;561;695
722;609;560;670
728;630;543;666
710;595;558;669
696;610;549;657
702;618;571;666
682;523;549;671
711;633;584;662
713;658;613;659
707;605;596;683
704;636;591;671
695;565;544;672
686;510;539;675
728;623;601;680
714;612;598;684
709;659;621;672
708;642;607;673
703;611;570;674
714;620;616;683
735;683;662;687
745;687;611;667
734;657;590;671
715;519;528;682
742;663;620;695
703;695;625;667
707;676;600;666
716;686;576;667
750;706;573;676
757;703;623;694
757;703;623;694
713;679;625;686
717;648;603;690
734;665;600;685
729;639;579;691
729;639;579;691
757;680;590;685
759;680;604;698
714;600;551;677
687;513;540;677
701;580;567;677
722;616;584;692
700;532;528;672
686;524;539;676
709;560;547;672
708;559;544;672
685;585;566;674
742;640;573;690
723;617;545;668
745;659;614;695
703;548;552;678
724;650;632;691
730;618;584;696
730;613;583;694
703;555;568;684
709;590;540;673
707;612;565;670
742;626;562;679
724;655;596;670
703;682;620;681
712;671;600;672
730;642;579;676
737;655;591;683
737;655;591;683
719;611;577;686
720;608;578;685
733;620;570;693
732;661;593;682
737;704;650;680
746;695;644;692
759;686;607;688
755;682;599;682
756;711;641;679
738;705;640;676
696;607;566;675
713;619;593;666
707;566;569;670
751;669;620;673
758;686;636;677
770;676;613;691
738;634;571;682
690;594;554;668
702;602;564;697
721;631;581;705
755;675;612;672
755;675;612;672
727;690;633;662
734;712;667;689
714;646;576;665
733;669;585;660
752;689;592;671
748;671;618;694
748;659;626;702
737;623;593;696
735;658;608;679
735;658;608;679
702;578;541;669
694;546;556;673
722;620;547;668
709;601;550;674
726;656;578;672
726;656;578;672
726;687;600;675
721;668;578;679
704;589;549;672
681;591;565;648
722;665;596;676
735;675;573;656
709;616;554;673
697;647;587;671
711;672;606;669
0;685;595;683
756;680;607;694
756;656;574;696
731;620;586;695
706;649;587;672
700;602;554;673
728;640;551;665
709;589;553;679
712;619;567;6
709;601;560;681
739;625;566;690
732;639;569;685
712;618;578;700
707;616;578;692
711;619;575;703
710;601;580;704
735;627;584;709
720;606;572;698
718;564;554;707
720;584;560;701
737;644;571;680
737;661;599;684
732;672;627;689
749;680;623;695
751;693;606;695
749;653;584;702
744;617;585;711
747;634;590;698
747;632;560;660
707;578;550;675
699;589;559;673
694;548;554;680
711;612;565;688
729;603;568;686
733;664;620;692
723;646;609;702
726;651;565;678
751;664;611;698
729;645;610;690
723;636;599;690
752;666;592;682
725;619;563;678
730;586;572;713
724;596;574;702
722;592;572;700
727;603;587;703
736;611;590;712
725;621;585;694
729;639;558;674
727;609;518;667
727;609;518;667
734;612;574;687
744;635;587;693
750;698;643;685
739;697;627;679
718;631;579;671
735;646;607;686
722;629;567;686
754;667;623;701
738;650;598;691
757;682;605;683
753;675;621;695
746;675;621;689
769;696;621;689
770;701;626;686
758;716;642;681
760;729;659;702
717;655;617;686
720;620;571;677
715;620;570;673
728;584;559;679
718;593;563;680
729;648;573;676
718;613;557;672
714;595;578;685
750;653;597;689
761;656;574;682
738;671;609;673
729;680;613;657
711;632;585;68
739;632;564;684
741;640;570;670
747;627;570;674
745;656;581;684
745;656;581;684
703;550;564;680
702;634;599;676
689;582;566;674
727;644;606;690
738;660;570;669
733;657;523;637
716;606;555;672
735;593;575;694
727;614;571;675
723;621;557;665
725;647;575;670
728;668;600;676
742;679;631;693
737;659;604;687
747;652;584;680
747;676;589;665
760;717;639;677
738;719;649;674
704;625;586;675
724;620;546;670
723;605;553;670
716;648;594;673
722;637;573;682
751;628;541;674
737;600;565;690
737;600;565;690
701;501;527;680
694;516;547;675
724;580;554;671
718;553;546;674
698;545;555;673
699;621;579;671
688;595;565;669
749;666;614;689
784;727;686;711
764;691;640;707
742;638;578;688
741;627;575;706
745;650;593;692
711;622;610;686
746;692;665;673
744;682;660;682
707;579;579;684
729;576;570;712
724;612;578;698
712;617;607;677
753;700;678;714
744;651;602;698
742;645;586;694
750;625;538;678
743;631;565;668
763;665;554;665
732;613;563;680
744;629;583;699
739;626;601;703
745;656;595;690
713;590;553;671
718;599;547;678
725;586;554;677
742;621;585;682
711;554;552;681
700;592;536;667
728;652;577;678
738;662;567;664
703;633;549;667
712;667;591;670
705;654;580;667
772;664;574;694
780;679;600;704
773;671;597;702
738;598;571;697
734;631;566;685
719;606;557;678
702;521;491;668
746;664;627;692
748;608;566;698
714;566;560;690
732;631;563;672
715;590;552;677
689;538;538;678
743;647;579;687
746;650;588;693
746;658;604;691
735;668;619;677
743;678;599;679
751;684;583;671
736;672;596;683
740;668;601;687
703;625;580;683
739;608;554;677
702;559;542;672
705;617;560;671
728;653;556;667
688;521;539;678
706;512;551;702
712;620;552;680
701;582;534;669
701;582;534;669
729;630;545;671
733;687;620;678
715;677;610;667
715;677;610;667
708;621;565;668
702;533;544;680
720;604;564;675
743;664;572;674
744;681;577;670
750;688;575;655
743;670;581;682
733;694;609;655
715;647;583;679
748;646;563;685
768;705;626;688
743;703;624;680
754;694;615;684
760;711;635;688
760;711;635;688
743;706;633;684
735;663;578;679
745;700;642;693
764;709;643;699
729;631;580;692
742;643;573;679
742;643;573;679
755;656;573;691
756;664;577;692
758;707;626;689
726;717;633;691
735;677;635;697
706;585;573;682
744;662;574;679
705;597;546;673
730;671;556;667
744;683;562;671
718;657;571;671
733;631;552;675
713;613;560;678
724;531;562;721
740;619;574;701
743;662;578;681
705;544;533;676
693;520;539;678
722;601;546;677
690;519;542;679
709;573;544;674
726;611;552;680
706;688;606;660
706;688;606;660
697;628;567;666
686;670;558;663
734;653;571;678
758;697;620;694
700;618;558;674
720;660;621;686
743;682;623;682
742;702;627;681
742;702;627;681
737;712;628;691
724;650;591;690
711;588;555;689
729;600;570;691
722;653;611;693
722;645;575;679
744;634;538;678
740;644;555;679
696;594;532;672
715;650;576;674
711;591;550;674
730;624;507;675
730;624;507;675
711;633;555;642
690;692;621;645
689;644;576;665
681;504;522;672
703;559;543;675
695;539;524;671
735;611;542;700
750;657;536;687
755;685;562;665
746;665;546;655
707;569;544;673
729;551;528;680
705;525;527;672
682;537;516;669
764;670;562;669
764;671;574;670
716;614;555;671
717;663;598;668
693;560;543;673
704;582;588;688
756;706;690;722
764;664;639;726
752;684;639;707
722;685;622;690
719;650;584;690
722;622;588;683
721;618;586;689
736;662;595;671
738;657;565;676
736;651;540;672
704;588;539;675
684;529;536;678
708;517;552;708
701;491;518;693
711;530;540;708
714;535;551;711
726;564;567;717
706;550;544;680
736;642;568;680
741;653;565;677
725;619;540;672
729;613;548;677
708;571;541;676
708;571;541;676
692;621;572;669
699;563;535;671
719;637;581;682
742;612;566;702
728;652;573;686
731;657;603;689
702;595;550;672
742;659;561;671
717;575;536;673
713;604;542;665
718;670;617;677
718;670;617;677
689;658;559;665
718;668;563;676
732;677;587;671
736;666;564;686
718;667;609;670
712;663;587;666
704;634;575;668
698;598;621;673
736;650;589;679
712;617;613;685
731;666;630;675
753;679;593;678
701;533;517;671
702;561;541;673
705;531;544;693
690;625;645;668
720;688;663;683
715;654;581;679
705;607;571;680
687;520;529;690
722;609;570;680
722;646;570;663
698;561;535;671
698;561;535;671
709;560;559;687
