754;585;661;534
753;584;662;535
53;585;663;536
753;595;666;537
760;610;670;535
759;612;670;534
762;616;668;534
763;616;665;535
763;618;663;535
769;636;666;534
771;650;671;535
769;652;676;536
765;643;677;533
757;628;678;528
752;617;676;514
749;608;673;514
751;605;668;524
754;609;665;523
65;651;681;528
755;588;654;540
746;560;644;544
749;535;594;498
784;675;615;491
788;708;618;465
798;710;624;495
793;652;619;507
770;606;623;501
743;585;627;477
750;565;619;481
771;576;605;495
774;576;597;490
758;547;602;489
738;497;602;502
728;467;598;509
771;554;607;512
769;610;625;537
740;519;612;513
726;462;584;500
746;654;652;484
744;624;647;510
6;619;626;468
732;633;623;481
737;669;613;467
765;655;631;534
750;587;634;523
737;599;599;474
752;670;663;499
758;645;646;515
729;555;618;492
740;579;596;487
767;657;601;489
753;628;606;488
751;635;633;506
751;635;633;506
721;564;619;504
760;584;617;516
770;580;607;504
788;626;613;496
786;604;600;516
769;591;634;553
764;624;654;568
727;565;607;500
747;575;630;515
747;575;630;515
743;553;622;511
717;496;612;506
730;509;597;506
755;561;593;502
749;608;634;513
742;574;614;499
748;586;615;511
748;586;615;511
749;560;606;515
739;584;617;507
748;587;593;497
750;535;578;515
739;597;603;466
732;580;619;508
751;586;595;507
735;510;588;502
740;564;604;510
729;574;626;518
739;532;596;510
739;532;596;510
756;546;609;513
793;632;625;531
786;627;628;537
763;565;612;535
747;583;612;530
734;605;639;507
716;622;648;486
743;569;631;548
733;504;611;530
774;572;611;509
736;549;623;482
767;524;593;552
779;631;653;559
764;591;609;491
766;588;600;496
747;543;600;498
707;421;572;498
731;569;604;499
732;512;591;507
721;482;584;513
787;644;617;508
781;660;606;493
727;642;613;447
739;638;639;499
718;525;604;508
718;525;604;508
768;605;617;515
768;605;617;515
752;610;618;503
761;641;602;489
779;655;579;471
745;619;629;501
745;619;629;501
727;619;630;48
732;528;600;499
764;559;604;511
772;609;593;493
774;596;608;515
761;567;608;516
791;644;627;518
796;651;629;522
801;660;628;522
748;612;634;527
740;607;635;52
726;535;609;507
739;588;621;505
758;625;618;500
760;583;643;508
740;495;598;515
734;509;609;517
777;599;602;488
743;654;646;487
727;639;638;485
759;609;636;546
760;603;639;539
751;589;629;532
755;589;597;533
751;664;644;511
751;664;644;511
754;598;623;502
735;501;590;502
735;501;590;502
766;568;627;564
773;585;635;588
767;623;631;577
744;686;660;517
735;660;653;510
766;635;650;558
753;567;613;531
745;555;602;504
751;604;629;507
730;618;618;483
722;553;613;513
739;622;637;515
740;582;617;513
726;506;589;515
753;508;582;529
726;636;643;494
712;613;622;469
729;630;606;484
734;617;581;494
737;631;616;497
721;510;588;513
716;476;582;518
734;438;586;559
730;525;597;433
726;522;595;500
725;501;592;511
769;540;622;573
762;573;631;525
762;573;631;525
766;612;617;497
767;596;603;511
798;640;623;529
791;609;611;519
777;519;601;543
759;551;626;528
791;582;597;489
773;612;633;468
745;541;609;478
741;563;623;499
746;540;619;511
752;536;600;518
731;472;602;511
752;547;601;495
727;467;591;504
755;517;599;540
724;459;591;499
729;451;596;501
762;618;605;475
740;620;632;476
721;611;626;428
723;526;608;480
736;496;607;510
739;570;609;475
725;494;589;489
758;532;619;539
747;506;609;524
782;598;622;505
799;583;598;537
761;584;624;505
775;587;617;516
751;528;593;514
774;639;599;457
792;700;624;483
782;673;604;479
796;692;634;502
780;639;647;515
765;640;643;483
745;689;663;450
763;642;626;484
742;478;591;507
773;580;629;527
770;584;625;520
743;521;609;512
743;521;609;512
767;623;582;470
773;663;643;504
773;663;643;504
736;635;642;486
722;558;626;496
734;569;645;512
758;653;682;530
734;515;620;492
726;448;590;496
723;456;591;493
771;550;624;538
757;536;621;526
771;562;623;539
771;562;623;539
786;681;609;471
799;703;634;503
798;688;628;519
751;556;599;504
751;556;599;504
726;465;593;506
750;690;647;472
750;690;647;472
740;705;629;434
763;739;651;487
776;614;581;539
768;549;596;544
751;606;641;516
756;661;626;466
776;658;639;491
790;676;624;503
768;674;634;489
786;686;612;487
787;706;619;482
793;737;640;502
794;752;667;551
770;696;648;530
754;647;642;520
754;589;638;559
61;609;655;553
749;525;620;524
749;525;620;524
743;548;587;485
768;645;613;481
745;600;615;490
733;539;607;509
734;533;604;513
732;521;588;512
767;592;624;535
760;601;628;517
771;657;651;545
775;672;651;531
59;608;622;527
746;542;600;519
734;551;599;507
756;563;609;512
770;531;581;524
776;604;646;577
776;604;646;577
746;561;613;546
723;572;605;507
729;598;627;522
766;663;637;532
736;519;599;536
723;487;589;531
741;467;602;577
720;459;580;523
758;594;581;497
765;594;622;530
750;552;616;544
722;468;580;524
776;530;604;573
780;632;662;610
769;680;669;590
723;629;636;512
727;573;623;518
745;549;606;525
739;540;590;510
745;553;593;520
736;472;590;541
746;534;588;519
748;611;626;521
755;605;631;528
737;525;609;531
722;438;572;509
749;665;665;546
740;663;657;527
718;508;586;501
715;426;567;501
736;527;610;523
737;579;602;479
751;626;625;502
744;671;653;506
740;643;649;511
755;644;677;595
735;554;614;512
724;496;599;517
754;600;635;518
732;628;645;497
755;696;623;450
755;696;623;450
724;494;577;509
754;562;634;558
765;622;628;544
775;648;601;517
765;637;587;500
756;602;613;535
748;554;607;538
759;594;607;531
769;619;609;530
780;625;619;541
776;615;618;539
784;674;619;512
785;672;621;515
755;646;629;519
746;586;628;545
750;562;621;537
766;627;643;555
737;663;654;518
746;707;672;465
722;686;666;491
717;538;610;493
734;591;645;534
759;662;671;558
742;557;623;534
731;510;600;522
727;487;590;516
760;556;607;512
760;538;605;544
759;577;608;534
759;577;608;534
791;703;599;445
801;705;632;542
790;662;618;538
735;538;596;507
747;616;642;538
747;616;642;538
760;655;639;523
774;632;636;540
763;628;631;521
759;663;654;528
755;666;645;525
734;692;666;499
744;635;642;534
760;579;634;567
758;557;623;548
762;563;615;544
740;508;588;508
761;609;631;542
760;586;625;546
770;583;611;541
786;650;629;525
790;630;622;544
762;633;630;518
762;633;630;518
736;549;616;533
775;600;631;548
5;638;650;592
776;607;637;579
758;624;636;549
734;630;632;491
735;604;611;486
753;598;619;510
742;554;627;518
754;597;623;505
764;641;639;521
758;591;621;528
765;578;616;520
770;628;636;534
751;655;641;482
750;616;641;517
730;519;602;515
730;484;585;568
750;542;610;542
748;534;607;541
740;507;610;554
744;478;599;592
743;506;618;570
744;527;603;578
738;515;607;559
740;544;608;572
739;546;618;558
741;532;616;577
744;537;625;574
735;500;606;544
746;524;636;596
745;508;623;597
737;506;623;568
743;514;627;597
734;512;615;550
727;526;610;520
715;569;604;480
769;598;620;530
772;599;624;537
763;544;613;557
765;580;629;577
746;676;653;515
727;581;613;503
764;590;628;559
741;527;603;529
742;529;615;545
760;606;637;574
732;648;652;500
727;566;621;512
729;555;598;529
743;535;603;530
759;575;611;629
719;474;588;525
751;530;577;529
796;635;654;572
771;564;628;588
745;596;640;546
736;676;672;511
719;538;616;520
718;441;580;507
766;680;679;547
754;598;622;509
752;580;616;533
762;630;604;497
760;616;595;512
737;596;625;527
735;620;637;529
719;578;609;526
724;628;663;509
724;628;663;509
748;675;664;480
751;598;621;521
721;479;595;514
754;599;633;527
756;582;609;526
752;617;633;526
738;557;605;515
775;559;635;613
741;519;609;546
748;623;643;528
741;590;612;518
767;583;615;571
787;607;649;614
764;533;627;567
742;489;600;534
722;483;585;505
726;581;609;505
759;582;631;561
782;668;654;607
770;709;655;546
753;710;656;509
751;681;647;517
746;631;620;489
747;446;575;621
722;461;591;517
734;504;605;575
735;457;592;569
735;492;591;554
762;565;599;650
765;689;623;561
764;720;615;525
798;717;639;543
740;529;606;515
716;469;594;517
766;596;626;542
787;646;642;548
792;653;635;547
784;631;633;540
748;540;603;519
745;563;596;522
768;635;593;512
770;636;588;517
793;703;639;541
786;658;624;541
786;658;624;541
760;566;621;546
731;604;636;521
706;621;644;473
739;633;621;498
719;450;559;511
746;654;655;525
769;597;625;571
769;597;625;571
759;588;614;540
770;603;628;556
754;616;628;535
731;525;600;528
751;522;581;518
740;508;593;527
710;596;615;515
719;544;602;510
743;561;611;523
740;517;593;527
740;517;593;527
744;486;591;553
745;580;631;527
742;529;592;530
750;569;627;516
730;515;592;527
730;515;592;527
755;573;617;523
743;610;640;529
746;635;631;524
750;631;623;512
763;639;606;502
765;665;628;467
749;567;613;531
746;549;614;539
763;584;623;542
762;588;622;545
792;673;640;526
778;668;644;523
778;668;644;523
744;667;646;504
741;670;656;520
760;689;663;501
748;666;655;533
779;632;637;560
731;506;588;515
731;506;588;515
725;548;605;517
727;546;611;521
730;555;585;507
730;555;585;507
770;638;637;555
767;649;608;492
773;668;608;512
752;636;594;505
733;525;606;536
748;571;597;524
769;616;604;515
769;616;604;515
766;588;597;526
772;646;604;505
737;541;597;524
749;588;633;551
756;569;616;562
760;574;616;573
751;563;617;564
756;541;607;533
785;651;604;508
778;704;647;511
749;667;653;503
736;621;629;471
726;584;634;486
731;569;631;515
754;575;625;513
769;634;642;527
767;631;628;525
773;644;624;528
771;658;616;521
751;629;648;523
751;629;648;523
753;640;660;544
726;530;608;522
717;494;603;523
789;709;643;506
791;717;637;512
787;673;650;545
777;626;629;547
747;622;652;496
743;663;656;482
750;637;623;490
753;515;582;526
776;571;610;551
770;577;630;588
766;625;645;581
745;628;636;533
757;666;642;529
768;674;624;501
739;535;590;510
739;535;590;510
764;550;614;555
768;579;608;528
749;543;605;527
721;485;592;528
774;585;635;572
785;609;631;551
733;493;578;506
745;518;606;553
741;495;591;548
756;565;594;523
788;660;620;528
784;623;598;524
753;629;642;522
748;633;649;515
757;635;642;527
770;638;641;529
775;641;644;561
782;641;638;579
762;640;647;542
767;668;649;540
751;606;627;524
753;608;634;529
767;700;674;539
761;716;668;517
757;674;637;503
751;589;610;541
798;766;644;532
766;656;616;525
744;567;606;527
723;494;594;531
743;598;630;532
728;568;603;512
767;633;643;553
767;603;613;541
762;639;638;550
739;596;618;518
737;659;651;522
726;587;622;526
750;611;620;511
772;651;635;547
4;543;613;532
751;500;615;550
751;500;615;550
777;561;638;624
742;624;651;546
740;657;660;547
760;672;651;502
767;611;617;517
748;507;576;513
731;518;597;531
727;515;589;503
751;530;614;595
730;549;609;522
741;613;629;524
727;538;605;528
727;495;599;536
764;562;612;560
752;550;608;539
738;524;595;524
731;610;631;501
769;697;647;469
732;585;609;510
695;432;542;425
744;552;627;548
744;535;608;544
749;472;596;617
731;491;608;555
742;493;608;588
741;489;614;585
745;476;607;614
735;511;609;570
735;511;609;570
749;685;642;499
764;674;617;512
759;660;618;519
752;583;614;549
754;577;628;557
728;505;602;535
773;680;674;593
746;670;654;527
725;626;629;501
756;694;664;527
753;648;649;541
748;591;612;531
752;656;641;516
752;662;641;506
744;627;623;516
758;664;647;530
777;665;652;569
783;624;634;602
759;605;641;561
727;528;598;528
752;598;625;523
740;547;591;495
740;547;591;495
786;636;609;495
798;622;610;560
782;623;641;575
721;469;594;527
721;469;594;527
775;620;637;552
744;509;580;530
734;474;577;525
739;569;612;509
757;680;657;529
754;689;646;522
748;635;622;522
759;557;613;543
732;529;606;529
723;484;591;536
774;693;630;533
775;667;612;530
772;668;646;558
756;618;638;551
740;562;626;545
756;622;625;542
755;622;642;539
757;663;673;565
754;711;670;526
756;704;652;521
756;704;652;521
761;651;594;503
729;521;579;510
721;534;594;507
758;640;615;523
764;684;650;542
746;623;614;519
746;623;614;519
731;637;644;512
765;617;663;604
747;520;629;571
747;520;629;571
756;527;607;534
749;532;606;529
752;521;613;564
765;587;634;567
763;606;640;556
54;590;625;527
54;590;625;527
720;474;586;531
731;522;581;524
737;521;612;547
767;576;615;531
782;670;629;525
761;621;608;513
757;624;626;524
739;647;649;498
724;589;615;496
731;628;595;493
740;665;616;503
749;693;603;513
777;616;627;586
762;575;631;565
751;585;635;556
748;641;657;533
755;612;641;531
760;657;639;523
745;618;620;523
746;620;609;521
766;670;619;514
2;642;632;494
726;594;641;497
726;603;643;510
762;595;642;549
762;588;638;553
756;569;631;557
755;550;620;566
748;683;663;525
735;596;629;526
763;570;650;601
731;517;617;528
773;660;673;584
760;597;596;519
768;625;592;511
757;641;633;518
735;590;612;523
738;647;636;510
747;712;678;510
733;602;631;513
762;632;628;552
756;611;620;535
760;604;641;557
756;555;626;576
748;550;626;559
750;639;645;528
753;648;654;563
742;624;629;515
769;667;649;535
770;636;638;561
785;677;647;570
785;677;647;570
768;649;607;526
744;569;607;527
727;605;630;521
729;583;624;526
729;583;624;526
9;624;633;528
725;490;593;536
757;526;594;582
765;598;630;559
746;557;599;527
747;493;589;537
766;547;604;538
781;620;627;510
762;541;601;560
767;574;640;603
738;512;606;555
738;512;606;555
780;599;613;535
787;594;634;597
737;517;601;542
753;579;588;518
769;641;609;524
785;631;614;539
751;610;622;526
733;606;633;528
761;613;623;526
771;624;612;510
745;566;611;531
746;491;586;549
767;535;600;552
778;578;617;566
745;529;608;537
744;564;602;527
739;509;610;586
731;482;596;580
738;496;614;584
744;483;604;61
739;497;613;589
729;520;603;536
729;528;597;532
722;480;587;532
790;610;643;589
778;556;581;514
775;543;574;515
793;627;636;551
745;510;590;531
745;510;590;531
763;600;615;535
765;613;620;541
784;686;616;499
782;685;615;505
744;593;622;512
741;530;601;528
752;539;622;563
758;547;620;603
754;572;622;568
758;587;626;594
762;580;624;587
749;527;611;571
740;490;609;594
747;506;618;605
749;505;609;587
739;521;614;563
739;487;605;589
737;507;613;576
775;584;642;638
771;565;604;549
750;542;608;523
741;522;617;545
745;509;611;537
725;485;596;534
738;481;611;589
735;478;599;564
732;522;590;536
742;564;598;525
736;543;604;532
736;543;604;532
762;626;635;528
739;632;637;529
721;578;621;519
746;645;628;518
750;536;594;541
750;536;594;541
741;522;611;556
747;512;606;560
777;542;633;624
785;585;615;561
720;479;592;531
723;484;592;530
787;669;623;523
786;653;643;581
771;622;645;573
751;631;631;524
767;640;620;536
777;674;619;551
781;661;604;526
777;612;622;552
748;539;610;535
759;564;625;555
778;605;631;577
766;678;659;544
735;567;616;534
739;598;630;531
738;575;615;524
744;566;614;521
744;540;608;535
725;494;594;536
736;492;621;581
729;492;604;521
775;626;639;566
775;626;639;566
748;689;668;517
724;629;632;467
766;618;598;498
766;618;598;498
767;591;600;526
774;560;601;594
780;561;599;564
780;596;613;539
764;599;631;554
764;599;631;554
763;656;643;543
739;703;668;514
736;696;659;514
779;567;610;571
779;567;610;571
776;586;607;566
743;536;605;535
745;559;611;531
762;606;623;534
762;606;623;534
782;600;574;496
791;671;627;527
790;667;618;521
783;691;629;504
754;645;633;523
747;645;642;529
723;536;601;522
725;541;607;528
737;586;617;526
764;616;616;550
763;672;647;527
763;672;647;527
754;632;621;525
740;590;610;522
747;601;629;559
751;591;633;557
755;601;636;571
764;592;618;545
776;664;648;553
767;720;674;513
762;707;664;514
756;659;641;527
756;659;641;527
754;592;608;525
754;599;622;553
755;588;615;545
763;588;632;592
749;583;613;533
757;589;628;583
755;576;619;575
756;578;612;562
752;590;608;529
787;680;645;582
782;735;674;554
777;754;687;523
756;720;667;506
733;552;611;509
733;552;611;509
760;667;680;527
753;590;610;528
733;529;591;516
758;599;606;519
756;636;617;510
761;664;650;557
738;618;633;524
735;617;634;524
725;569;616;515
744;603;604;519
718;490;589;524
723;494;593;536
745;572;592;546
748;624;601;517
769;692;607;509
781;694;606;505
737;533;595;529
722;484;585;526
735;562;613;530
780;606;618;548
764;592;621;552
767;586;618;538
733;509;595;540
730;553;579;490
753;628;634;534
784;633;644;607
786;627;648;616
785;626;636;608
749;582;608;542
755;685;649;497
741;595;614;520
757;611;604;511
754;639;627;525
741;582;601;512
733;553;611;526
753;600;588;498
765;679;632;505
747;692;644;507
726;555;604;523
767;628;641;558
737;556;602;534
765;563;642;588
745;520;595;551
724;494;594;543
743;526;600;546
749;586;629;537
764;578;623;564
779;631;663;614
789;654;657;608
759;639;642;535
742;584;628;538
45;571;613;532
740;549;612;539
736;548;602;534
748;547;616;588
743;550;608;563
739;555;608;548
753;587;631;591
750;592;627;562
749;575;613;567
762;575;617;585
753;508;594;539
775;595;650;598
779;692;669;577
770;710;668;536
762;697;658;523
762;697;658;523
753;611;629;524
733;528;593;522
730;494;596;563
744;502;606;569
738;504;599;552
749;520;607;579
753;531;619;610
749;537;614;544
752;627;651;529
766;658;642;520
760;632;632;539
740;617;638;529
740;617;638;529
751;641;636;526
759;657;615;510
728;527;617;558
729;517;597;539
747;521;617;561
744;524;606;569
747;537;604;539
731;538;596;532
748;612;644;548
725;504;592;532
741;493;614;560
757;518;600;536
788;618;608;529
801;651;626;555
801;651;626;555
771;583;633;595
743;529;622;566
739;550;586;517
769;639;606;528
798;669;635;583
798;669;635;583
788;629;643;601
769;632;649;558
766;643;656;587
737;572;613;533
747;590;614;528
747;563;598;535
730;589;631;529
741;619;642;551
756;638;649;557
759;634;634;527
782;620;639;598
794;672;641;595
772;666;633;555
772;651;611;545
757;616;604;534
716;533;600;508
764;619;600;533
747;593;614;532
747;593;614;532
758;529;603;562
762;589;620;553
753;591;609;535
724;500;597;541
766;597;625;543
799;709;645;541
756;612;631;548
744;577;637;550
745;568;621;555
754;584;628;570
752;589;630;556
754;681;666;564
772;710;691;578
767;640;650;559
767;640;650;559
762;552;610;569
747;603;655;555
744;601;660;574
747;590;655;531
757;589;660;603
743;539;623;52
734;597;643;541
743;733;696;579
771;689;649;543
741;550;606;526
725;496;589;529
770;608;662;615
751;633;658;540
747;669;659;547
741;634;621;504
746;577;626;538
726;491;591;537
785;664;649;545
760;607;634;515
762;587;635;553
771;583;642;578
750;568;631;558
724;503;599;543
753;552;603;544
753;552;603;544
747;543;602;527
737;526;598;547
737;539;611;521
739;547;605;536
776;650;654;572
759;670;641;522
747;607;627;537
726;502;585;527
743;676;620;493
743;676;620;493
754;711;642;535
751;717;629;512
773;726;641;557
773;716;650;567
757;731;694;528
757;731;694;528
757;720;683;538
776;713;655;542
776;713;655;542
772;695;628;528
766;686;617;500
777;718;648;512
769;699;638;511
754;637;640;533
737;652;645;513
759;642;640;558
778;654;632;534
779;625;623;529
776;628;641;551
754;613;647;566
754;613;647;566
733;659;661;532
753;634;666;569
757;621;668;591
768;566;635;567
784;609;639;556
738;540;613;513
751;529;618;546
780;626;654;589
784;655;652;559
785;645;635;555
749;572;618;536
725;492;589;536
726;558;604;519
733;583;614;530
717;473;587;533
763;597;614;528
765;622;610;528
745;673;647;495
751;651;656;542
730;594;644;542
750;586;631;540
743;545;615;531
763;625;629;527
764;642;628;533
775;678;623;530
770;632;610;527
756;591;600;515
747;541;611;535
719;468;589;535
776;667;641;532
790;687;628;517
792;679;617;516
786;651;622;521
735;513;597;533
745;600;663;590
742;576;647;531
753;555;626;581
749;601;650;536
752;583;642;574
743;577;668;532
726;627;668;484
741;634;644;487
762;590;624;524
791;637;604;526
781;616;607;525
781;616;607;525
787;612;608;537
87;647;630;526
795;659;634;518
776;642;640;546
764;651;648;537
740;606;629;529
736;506;600;562
759;612;614;534
762;582;641;558
745;563;631;536
739;536;611;536
728;506;594;539
721;475;588;533
725;604;624;525
749;599;607;519
754;624;597;528
753;644;621;523
762;646;604;525
759;644;624;538
735;612;620;538
716;532;598;542
743;642;652;556
746;671;643;507
731;525;598;534
750;534;620;637
734;641;615;568
771;708;614;529
730;609;602;521
730;609;602;521
760;606;609;530
783;634;589;517
768;628;623;524
779;676;672;555
757;676;653;519
737;684;655;481
723;689;648;447
743;687;653;525
731;584;613;526
719;495;573;474
753;514;596;570
768;604;600;546
753;577;619;541
741;541;591;524
760;687;652;541
697;694;650;442
724;666;643;498
748;591;627;563
742;564;608;537
756;587;617;565
725;505;597;549
727;529;607;538
780;641;650;614
777;673;662;594
777;679;662;591
747;694;659;541
727;600;629;529
758;564;627;565
770;555;616;567
777;668;676;611
763;684;682;572
728;687;676;514
736;665;638;474
756;654;619;503
752;603;608;522
756;673;669;583
714;579;618;514
736;603;613;500
739;620;599;519
762;605;625;576
766;636;646;570
748;651;647;514
760;681;635;495
767;667;619;523
735;551;595;523
735;551;595;523
781;671;628;535
780;676;643;550
748;602;624;526
759;591;623;536
786;644;630;526
798;692;640;534
798;692;640;534
786;697;620;510
746;613;601;517
739;570;606;524
746;602;634;530
740;525;612;552
737;536;614;554
721;498;600;540
733;496;626;526
729;453;598;509
749;585;634;526
749;585;634;526
4;437;587;503
719;473;588;506
758;575;637;541
789;606;596;493
744;543;610;510
743;628;659;527
740;674;640;475
756;652;618;499
744;622;626;506
726;622;635;494
748;687;672;492
779;548;624;591
796;584;650;620
795;692;671;585
793;719;685;564
764;690;646;521
738;605;610;517
723;501;593;513
736;490;615;553
746;528;613;544
757;589;633;535
749;584;628;522
748;534;616;536
725;554;601;508
764;648;636;544
757;616;623;538
75;693;656;544
751;675;642;475
748;612;640;543
751;582;636;548
757;599;634;539
757;599;634;539
742;594;618;513
740;608;638;520
733;673;658;492
774;669;635;527
768;603;608;525
764;574;619;549
783;661;662;589
754;642;649;534
769;636;640;541
772;637;631;529
756;611;635;504
763;643;671;527
750;663;677;528
718;658;662;479
711;629;628;487
727;611;629;511
758;687;677;561
770;673;645;548
1;531;584;496
1;531;584;496
759;592;611;532
752;564;588;484
772;602;611;524
789;619;628;549
740;556;599;526
752;571;622;586
752;542;625;606
746;525;616;583
754;551;629;596
752;566;621;546
739;530;615;557
727;530;600;539
736;522;595;538
737;584;595;514
762;733;607;496
745;541;614;555
745;541;614;555
735;593;621;514
779;620;595;508
779;620;595;508
744;628;626;495
744;628;626;495
743;592;633;539
731;510;586;489
778;687;673;573
753;650;654;534
729;546;604;522
721;473;589;524
724;459;599;548
724;485;598;529
737;468;598;585
734;557;612;531
769;589;622;559
754;627;639;546
734;539;606;537
757;646;635;544
747;592;617;533
740;547;615;542
778;640;652;573
780;627;639;576
771;628;648;573
774;630;587;543
755;604;612;536
723;507;602;536
739;542;617;545
750;591;615;538
762;673;646;525
747;685;653;491
736;578;623;532
759;670;652;545
748;612;625;542
748;569;625;552
777;637;640;549
794;674;640;547
784;670;619;554
784;670;619;554
775;661;609;511
786;655;637;545
766;571;622;528
764;533;609;551
765;645;649;551
765;645;649;551
748;588;601;525
756;591;617;547
747;634;643;534
728;590;633;528
727;585;624;528
754;638;620;524
734;576;611;530
734;576;611;530
724;557;616;531
731;629;606;481
742;613;612;519
742;613;612;519
752;550;621;562
793;634;612;534
719;497;588;523
726;568;597;520
760;585;615;554
760;585;615;554
780;531;596;575
759;594;633;561
738;561;618;541
728;505;590;532
739;542;607;534
733;610;628;521
730;578;630;530
747;530;610;547
750;559;613;531
774;631;633;532
754;617;602;530
779;677;615;513
777;664;617;529
782;650;623;543
717;544;602;516
727;572;614;521
757;613;624;53
769;617;622;519
759;579;619;547
750;544;621;555
744;515;602;558
749;604;613;526
759;626;624;564
765;631;625;564
765;636;636;556
744;560;605;529
756;588;611;526
762;598;639;553
781;609;646;599
766;593;630;558
753;565;628;559
778;662;684;637
762;677;692;537
762;659;675;544
767;673;684;558
758;638;656;536
761;649;662;531
766;650;664;573
763;655;664;545
765;654;663;570
762;658;666;534
758;567;628;558
792;638;615;529
781;620;622;546
733;545;617;530
743;622;625;511
734;590;613;533
749;527;603;548
767;576;626;562
770;615;640;567
751;543;602;543
756;590;619;539
745;568;619;536
733;631;650;524
728;577;622;525
728;628;612;532
753;617;627;531
730;534;600;532
736;518;609;550
751;574;611;532
765;622;620;514
786;684;673;593
759;632;604;523
768;655;598;503
798;732;635;508
798;732;635;508
758;720;656;495
774;708;668;548
772;663;648;568
765;562;616;550
771;649;638;537
768;713;671;551
733;705;668;485
737;684;659;523
751;667;648;535
751;667;648;535
760;697;618;511
767;672;660;575
786;685;667;595
765;608;628;564
743;539;605;544
743;539;605;544
736;545;600;532
724;508;596;537
741;548;610;538
725;511;600;540
739;522;630;572
756;576;618;566
758;611;640;569
756;609;625;553
757;619;646;568
753;588;635;572
752;583;631;563
747;555;629;578
742;526;619;566
726;502;596;534
751;488;611;590
743;607;622;522
734;558;609;529
748;575;626;552
771;639;658;603
772;603;629;573
753;583;626;562
776;650;606;537
770;652;618;539
724;503;592;541
772;606;622;535
752;605;619;533
751;584;616;540
748;623;639;546
731;597;622;535
724;564;613;533
778;618;625;530
746;589;627;524
758;580;638;576
736;587;614;547
748;550;604;537
737;619;647;537
742;633;632;520
763;661;664;565
748;540;618;561
740;571;603;536
750;617;607;526
722;497;596;537
738;476;601;580
731;481;601;5
755;574;612;563
755;574;612;563
734;557;602;533
730;606;630;490
768;682;671;579
751;614;645;569
754;574;647;589
760;587;621;580
764;626;653;587
775;623;622;578
783;679;619;541
783;679;619;541
759;572;608;559
761;532;596;565
764;568;598;551
764;568;598;551
796;640;612;536
797;660;634;560
769;628;639;556
774;670;640;546
766;660;649;544
748;607;642;529
771;704;686;542
764;693;658;527
753;633;633;526
728;515;608;534
744;670;679;563
772;655;645;557
757;602;616;520
774;618;643;556
774;646;635;546
783;671;632;564
783;671;632;564
782;695;634;533
767;659;633;545
765;627;614;512
765;627;614;512
785;623;558;462
789;689;630;526
783;693;630;509
792;729;638;536
782;742;655;528
782;742;655;528
758;717;662;532
725;623;634;510
726;583;621;517
762;534;599;568
737;538;607;541
777;669;607;507
769;641;617;534
769;641;617;534
726;513;600;542
766;597;616;533
762;587;628;551
738;538;618;553
745;583;639;566
756;594;607;540
781;630;640;572
762;613;647;568
769;596;626;579
752;600;619;549
759;609;599;525
791;681;616;540
768;601;618;539
761;606;634;548
761;606;634;548
740;537;616;552
788;508;593;590
748;603;622;526
738;685;662;503
752;694;660;515
779;697;636;519
773;634;640;563
780;652;653;584
738;518;605;547
762;598;624;544
746;557;610;543
744;545;605;541
735;524;596;534
730;502;605;547
741;521;605;556
756;630;621;527
730;563;596;528
731;553;604;539
755;538;615;564
765;590;629;581
735;543;617;550
734;537;616;550
751;553;612;540
751;553;612;540
721;614;629;514
724;574;618;528
735;553;600;520
723;509;601;538
730;543;611;532
727;504;598;547
769;687;628;522
764;648;622;533
750;577;632;543
724;509;601;544
734;508;607;565
734;508;607;565
759;612;605;524
768;556;619;560
757;617;621;541
757;617;621;541
774;666;617;520
797;676;621;536
756;652;644;526
756;652;644;526
728;611;633;525
760;598;618;540
791;652;608;524
793;668;629;538
774;657;638;529
767;721;683;543
767;721;683;543
781;710;660;540
776;701;654;544
774;696;640;543
774;696;640;543
775;696;613;505
772;701;640;519
758;697;667;551
737;645;640;517
742;679;654;514
758;695;665;546
770;636;626;530
730;512;593;524
748;623;645;558
738;563;616;548
778;603;601;532
791;644;625;531
785;681;650;547
767;666;651;543
768;689;673;571
720;545;610;535
747;569;597;548
780;660;636;560
777;635;645;585
769;633;647;578
742;607;637;550
786;646;628;549
783;649;623;539
724;497;595;545
771;697;664;544
763;676;636;524
777;675;642;561
759;635;644;560
757;662;662;555
765;678;666;560
762;625;654;570
756;640;648;556
744;590;649;557
742;662;668;514
755;649;664;492
741;576;631;541
755;566;621;540
748;562;613;543
739;586;627;529
757;661;637;538
767;690;633;502
789;689;626;549
762;599;643;565
762;599;643;565
787;620;639;596
742;553;620;550
730;522;611;544
747;611;615;538
727;616;649;512
725;537;611;528
761;528;597;522
738;586;606;526
733;504;606;584
737;516;615;569
744;512;615;596
736;503;605;566
753;659;602;521
778;698;620;535
777;675;630;529
752;607;627;529
749;535;626;621
734;485;609;586
732;491;609;550
755;546;658;610
745;606;666;513
750;691;648;481
772;683;632;501
772;683;632;501
790;681;643;530
734;590;636;518
734;590;636;518
749;557;609;514
768;547;601;523
749;560;620;510
743;548;611;507
742;552;627;521
730;542;634;525
777;677;622;500
761;642;637;517
761;642;637;517
749;640;642;508
746;638;648;527
764;681;668;551
773;694;659;522
769;668;633;518
757;624;625;526
762;649;638;522
754;592;624;529
745;602;631;525
79;699;681;551
784;677;663;569
791;673;666;578
769;583;622;549
769;583;622;549
730;490;602;526
747;507;614;528
747;507;614;528
767;621;626;530
730;455;590;523
760;561;618;520
09;625;599;427
736;599;632;532
767;636;662;555
769;642;660;539
733;500;608;534
748;537;620;543
800;655;627;542
741;529;609;516
737;583;634;492
737;553;622;516
765;614;622;519
786;688;637;514
753;627;628;520
753;627;628;520
730;472;598;518
745;588;624;528
753;666;650;538
767;605;632;518
762;606;637;522
764;621;637;519
789;645;662;597
782;622;645;564
771;685;669;516
738;534;616;532
727;461;589;521
749;562;626;528
753;616;637;516
758;631;641;517
743;622;622;452
748;634;632;509
739;561;649;551
736;534;625;540
737;546;603;510
743;601;609;511
765;652;615;516
785;555;612;604
766;538;622;570
752;542;627;553
771;596;614;516
771;596;614;516
794;660;630;521
773;606;616;515
746;605;640;532
749;583;626;538
766;513;623;645
757;558;629;553
766;593;639;593
766;625;642;540
772;645;650;554
773;631;652;568
744;548;636;548
743;517;623;542
732;497;606;523
794;591;635;607
799;659;628;534
779;598;594;499
749;614;645;527
744;546;620;547
732;540;654;573
749;528;637;535
759;547;625;500
753;540;614;490
731;494;609;508
739;435;605;550
746;483;607;514
744;533;615;505
728;491;604;515
751;599;636;524
746;536;625;540
793;641;616;507
797;699;663;535
798;708;680;540
763;643;649;512
741;630;650;507
741;630;650;507
731;677;667;483
768;635;635;539
791;667;639;564
776;642;647;531
748;638;650;485
748;638;650;485
754;639;638;510
759;629;624;512
786;685;624;476
797;696;632;495
795;695;640;511
797;720;646;519
785;722;646;520
795;741;652;520
767;679;662;536
773;706;672;532
775;709;669;499
794;728;662;465
760;667;656;505
748;658;663;500
749;649;655;518
751;553;610;516
756;540;612;515
753;527;603;496
764;608;652;529
763;608;657;571
763;631;655;510
764;633;658;537
771;639;647;533
778;647;648;572
782;650;636;538
756;551;634;542
750;527;635;545
739;501;615;529
747;541;645;537
754;536;645;584
772;601;645;543
797;668;638;514
797;668;638;514
791;706;631;476
790;724;649;470
783;744;658;435
773;721;663;458
740;663;648;465
738;549;626;518
752;574;615;505
765;589;616;537
765;613;630;527
761;610;626;527
67;625;641;560
762;640;650;515
773;660;659;560
754;626;680;524
744;684;701;497
716;596;639;476
753;607;625;480
782;643;592;491
766;674;607;426
790;740;650;499
776;729;668;518
776;729;668;518
742;645;645;504
733;593;624;495
756;641;648;526
745;602;637;526
745;542;626;544
796;644;636;548
793;647;639;519
775;526;620;554
775;526;620;554
740;509;614;523
761;559;615;508
735;552;615;497
742;668;663;498
725;553;619;504
746;607;624;506
757;586;622;525
727;500;607;519
761;563;627;539
752;571;629;533
745;543;621;536
728;490;601;521
749;615;641;522
760;597;642;542
777;638;662;557
753;638;643;511
738;543;621;530
729;498;609;512
778;693;623;487
751;573;614;506
761;540;625;533
761;540;625;533
797;594;658;598
786;649;662;572
778;657;657;556
778;681;670;562
767;675;662;523
766;710;690;554
738;686;667;485
761;647;660;541
758;557;603;530
746;542;612;497
758;651;646;509
756;635;646;512
769;638;649;526
769;638;649;526
753;557;600;507
737;590;624;508
747;579;630;498
734;520;613;515
798;660;638;521
796;644;637;532
750;544;626;543
750;544;626;543
759;527;625;531
762;582;625;509
754;564;625;510
748;577;630;513
773;651;650;529
791;635;652;577
776;661;650;528
765;669;655;484
774;686;663;506
750;614;637;502
737;547;618;500
767;625;651;507
759;629;654;508
730;493;608;517
756;588;654;567
740;527;610;518
750;492;633;563
728;466;602;521
752;526;612;531
735;490;607;519
760;637;645;519
769;654;652;545
751;576;623;514
731;584;632;500
771;706;677;491
771;676;645;482
806;694;640;525
780;634;636;512
760;636;645;515
765;697;679;547
761;715;685;509
789;734;663;506
786;725;662;529
771;683;629;504
766;694;622;449
769;695;653;513
769;695;653;513
790;702;651;533
779;690;656;522
737;660;656;517
743;518;631;531
724;471;595;515
760;593;629;543
796;677;631;530
796;693;640;534
802;712;608;509
806;710;617;518
796;717;649;523
792;711;659;535
777;697;663;529
760;654;641;526
771;643;627;510
2;564;616;520
725;470;592;529
774;687;656;542
758;646;647;536
732;538;619;513
753;557;619;511
753;569;624;514
753;569;624;514
759;607;633;532
782;625;640;555
794;579;602;581
794;605;628;601
792;610;644;611
764;570;632;543
753;573;622;535
747;564;620;521
784;673;648;543
781;675;644;538
760;612;636;549
781;583;642;602
790;613;655;618
800;659;663;619
763;605;641;545
763;605;641;545
776;581;626;546
773;637;662;609
755;646;664;523
736;547;630;513
749;537;640;562
732;510;614;533
753;554;621;519
729;518;619;527
777;613;657;606
792;615;652;594
753;557;635;555
760;617;656;561
743;521;602;527
747;545;602;520
750;577;628;542
727;468;594;527
756;545;628;560
732;498;611;534
762;568;630;545
731;471;598;529
753;534;614;539
753;534;614;539
723;639;653;491
791;655;645;558
777;644;651;535
758;594;622;524
746;564;632;538
740;544;623;540
769;658;643;489
784;724;679;523
790;704;656;527
769;648;599;426
753;567;630;529
778;621;646;540
785;626;644;553
764;630;657;554
773;636;642;533
789;662;645;549
794;684;635;518
786;690;634;522
786;690;634;522
785;644;628;533
755;563;623;536
790;670;642;524
796;688;657;520
784;689;668;525
785;711;674;510
765;709;674;501
760;703;677;522
739;673;667;508
729;553;622;505
746;609;666;543
732;623;679;443
788;689;679;469
769;600;639;483
742;553;603;491
739;514;597;519
753;499;613;605
739;475;611;562
736;455;604;565
739;474;610;554
739;474;610;554
740;492;610;535
735;500;605;446
764;559;611;508
754;546;605;471
752;621;658;519
748;721;697;502
736;627;656;511
740;634;659;522
786;663;664;557
784;650;659;568
763;578;622;513
785;651;652;546
785;640;639;551
778;627;623;547
795;690;624;529
780;666;624;525
754;628;633;534
741;640;634;502
740;651;633;448
775;627;643;578
774;611;630;548
777;635;634;554
758;650;608;481
756;691;642;469
728;594;622;514
728;594;622;514
766;569;611;535
774;546;623;569
755;620;633;525
770;707;661;429
751;652;652;524
784;665;665;579
793;640;653;603
770;607;640;572
781;664;655;567
796;698;625;510
792;688;628;508
778;639;626;531
743;601;591;496
743;601;591;496
745;609;632;522
799;688;651;581
795;655;635;571
782;599;636;598
758;597;631;557
741;623;627;517
767;651;647;513
781;663;650;514
764;591;613;504
769;627;624;498
777;649;644;539
777;628;633;536
742;623;643;514
744;642;616;489
751;659;639;493
780;695;636;482
799;701;639;523
795;656;602;523
756;561;607;529
729;526;597;529
775;745;660;493
766;623;630;556
771;647;650;550
781;705;663;541
781;705;663;541
767;691;640;507
752;696;637;474
744;692;654;483
762;643;654;566
764;628;660;584
747;524;615;560
774;572;632;565
771;565;618;557
771;565;618;557
786;631;649;599
778;648;656;568
786;666;659;563
745;563;618;531
730;491;598;519
748;630;632;518
735;536;588;508
727;502;604;528
767;636;639;530
749;634;643;536
734;565;623;513
742;543;620;520
772;599;622;535
766;631;641;534
740;548;618;533
754;620;616;513
774;654;613;519
776;625;604;504
772;676;655;531
737;628;622;481
727;627;638;505
791;671;636;509
797;694;624;492
789;689;623;521
793;727;637;523
791;739;645;519
759;671;650;535
733;627;634;498
736;570;627;525
775;673;615;476
778;642;652;552
778;642;652;552
746;545;626;536
732;525;618;522
757;576;621;52
743;624;638;518
756;649;644;527
746;643;635;536
774;726;653;537
762;675;640;542
750;638;641;516
731;487;598;528
753;583;621;535
753;583;621;535
763;687;635;523
762;653;629;523
781;675;599;493
773;621;632;521
773;621;632;521
737;586;608;497
727;614;642;514
728;488;609;525
754;633;678;574
756;630;656;520
723;429;574;510
729;473;589;518
760;552;618;518
751;533;620;540
757;528;582;538
770;617;625;535
790;706;632;482
799;716;623;509
792;700;620;504
775;641;619;510
752;556;622;548
729;496;598;530
761;721;619;498
760;719;619;499
761;716;600;518
744;625;627;511
734;587;624;512
743;592;619;524
755;591;616;547
770;622;639;579
758;616;621;536
742;616;623;529
737;628;620;510
740;589;631;532
766;640;632;515
760;595;616;526
756;602;624;548
777;648;650;559
788;645;654;595
763;622;606;548
746;628;620;529
765;665;640;534
752;631;634;521
744;628;647;533
769;700;662;533
750;625;632;537
746;623;619;535
774;720;627;540
782;719;655;566
748;686;651;490
752;662;652;535
758;639;640;535
792;710;653;560
770;654;631;560
766;651;622;557
776;688;630;536
782;719;657;544
749;655;648;536
753;692;657;535
751;634;635;529
761;622;614;527
745;590;612;530
743;601;631;530
731;530;599;531
728;499;601;537
753;543;638;540
769;576;632;592
749;541;604;512
742;560;608;508
761;686;644;506
776;656;655;579
754;707;658;534
750;690;668;535
748;639;621;478
758;690;593;447
770;666;654;542
770;666;654;542
794;674;691;628
773;609;641;557
768;655;655;505
771;665;654;471
736;677;664;479
736;677;664;479
716;577;630;494
745;520;614;541
744;546;628;546
730;494;606;529
741;482;618;561
725;506;618;514
756;550;616;518
777;628;623;507
769;645;630;507
775;633;624;552
789;694;614;528
784;697;654;524
770;646;635;528
758;655;641;520
767;690;640;537
767;690;640;537
767;690;640;537
780;683;620;567
768;645;655;573
744;689;657;510
771;677;652;536
771;677;652;536
781;667;619;484
791;713;629;524
784;718;644;535
787;742;653;531
767;703;651;534
748;661;644;530
728;657;655;523
752;669;656;528
763;611;585;504
775;586;616;583
789;623;640;603
785;662;629;550
777;697;665;541
774;699;667;544
778;690;642;533
770;658;640;535
743;541;594;520
730;483;591;523
760;700;655;540
763;743;652;517
758;751;643;494
757;771;647;480
796;736;667;593
769;614;632;571
769;614;632;571
764;712;656;436
747;689;643;505
775;710;651;533
766;682;613;526
766;682;613;526
775;714;638;523
766;692;634;520
785;712;643;522
792;707;650;544
769;682;656;556
769;682;656;556
756;644;638;538
756;663;644;537
782;686;629;543
803;688;646;574
800;682;641;554
793;689;659;541
790;674;654;552
794;662;661;571
741;551;629;538
771;641;667;556
730;493;600;533
734;512;593;528
766;624;630;546
739;529;607;558
758;602;635;543
758;602;635;543
745;574;618;528
751;609;620;529
760;639;633;528
751;550;600;529
751;541;618;547
730;501;607;541
736;507;614;534
736;507;614;534
741;611;625;487
741;611;625;487
752;580;616;526
744;574;587;491
784;645;633;536
783;639;637;550
762;597;609;519
791;629;628;578
784;600;634;611
797;665;658;601
793;655;638;573
791;698;658;570
751;584;614;527
755;603;620;530
757;642;631;530
742;703;661;503
723;665;646;501
774;664;642;532
736;529;593;503
743;554;619;531
747;566;619;529
731;522;611;536
776;686;613;508
770;646;635;519
748;638;643;519
754;670;666;561
726;539;609;537
726;539;609;537
763;666;651;563
753;644;638;547
746;561;624;557
754;640;630;550
755;643;611;528
748;620;612;534
718;479;591;546
747;614;606;517
734;554;595;529
736;604;636;542
730;573;625;542
775;664;590;461
784;702;651;555
757;639;645;559
737;538;614;554
739;549;627;555
748;551;616;559
746;618;625;527
761;692;639;519
749;716;655;509
732;565;618;545
725;515;606;541
747;533;613;570
751;540;617;570
745;559;646;576
736;641;665;549
711;602;633;521
754;592;636;562
782;697;662;580
774;652;653;575
762;640;649;559
773;654;646;559
757;608;629;563
727;512;603;553
739;493;619;549
743;516;623;559
763;563;660;642
784;611;625;550
761;579;620;525
733;568;627;510
777;645;633;512
777;645;633;512
795;691;636;530
799;704;630;529
794;701;632;525
765;602;626;522
741;512;606;539
765;589;621;551
785;640;635;548
794;646;635;560
778;680;658;560
761;716;682;544
760;684;643;523
763;682;605;509
770;709;646;521
757;693;648;526
754;620;617;536
754;620;617;536
758;669;646;545
748;641;634;535
771;638;646;553
781;643;644;566
747;653;643;499
747;653;643;499
772;668;655;568
784;679;645;570
786;696;654;581
779;719;644;535
748;694;619;484
743;704;655;513
745;698;671;529
774;630;668;615
757;575;644;582
757;575;644;582
777;570;595;528
765;581;629;542
781;645;651;584
779;654;650;571
794;675;619;518
753;602;625;542
739;553;630;559
724;516;588;521
747;617;624;537
740;543;616;547
766;601;635;552
768;699;665;556
733;563;629;545
753;571;631;566
757;612;627;561
757;612;627;561
759;674;632;530
751;661;647;542
736;617;634;538
751;622;613;539
774;707;642;532
754;709;657;533
748;685;648;539
766;636;634;565
788;653;636;576
811;700;665;593
795;636;645;585
772;619;633;557
743;555;619;553
744;553;601;535
755;634;627;515
704;649;642;493
725;593;629;535
744;640;641;536
736;530;592;538
724;525;620;545
745;543;648;559
718;448;588;472
791;652;632;496
803;666;634;517
732;521;611;512
754;597;631;516
746;547;616;527
746;547;616;527
771;619;638;547
771;619;638;547
744;528;606;518
726;484;604;529
735;544;607;526
760;529;622;546
776;594;637;558
790;610;649;592
791;587;629;584
792;671;664;592
783;703;664;580
763;682;655;546
767;741;683;526
766;728;680;539
760;731;684;529
744;605;631;541
746;493;590;560
732;510;606;537
768;631;638;564
768;631;638;564
758;691;670;554
746;698;652;508
766;657;645;566
752;627;641;547
782;663;651;553
762;719;661;482
734;726;670;452
746;553;616;539
775;660;638;546
763;635;624;530
754;620;607;512
727;507;600;531
770;717;638;499
763;689;651;533
738;725;664;482
745;723;693;518
753;698;680;548
766;647;648;558
753;629;645;543
753;629;645;543
757;665;642;530
739;672;646;501
754;686;668;552
751;650;653;550
766;610;622;544
786;649;634;549
788;704;618;494
792;712;633;518
792;712;633;518
795;679;638;533
756;607;625;541
759;677;652;529
750;638;639;536
762;643;664;543
768;664;660;548
758;644;642;543
737;563;617;544
737;563;617;544
739;549;613;543
749;619;655;558
744;589;642;559
749;542;638;577
3;569;626;549
736;601;645;555
741;673;678;564
755;593;637;549
755;593;637;549
724;480;590;539
762;610;636;546
766;627;634;537
766;640;644;509
752;648;654;528
742;634;641;524
770;621;626;531
757;605;632;551
756;644;637;559
760;638;641;566
770;647;642;565
774;678;648;564
770;674;655;564
771;683;646;556
768;692;638;544
764;671;652;570
749;642;649;555
771;635;638;555
771;635;638;555
804;702;638;538
804;701;645;560
789;668;644;565
795;679;643;557
803;703;655;56
792;675;647;557
775;643;647;566
752;647;653;538
760;637;637;540
767;695;701;531
767;695;701;531
764;659;679;575
758;647;674;545
759;626;665;574
753;616;664;539
754;593;651;563
752;624;664;518
740;567;621;512
752;545;634;558
728;537;637;534
759;747;633;495
754;627;642;552
728;594;650;529
736;585;639;519
771;642;646;545
784;662;644;518
775;692;667;535
709;713;681;421
732;726;693;478
777;699;675;550
777;699;675;550
768;665;655;517
749;674;667;504
749;674;667;504
732;602;637;509
732;602;637;509
773;659;653;519
775;670;655;530
731;549;617;526
731;549;617;526
709;675;650;477
709;675;650;477
765;678;646;518
784;689;656;555
749;602;643;554
755;642;642;558
785;745;646;523
773;717;638;499
785;716;650;550
763;696;635;475
743;616;636;541
743;610;639;551
771;680;619;530
748;637;634;544
759;692;634;533
759;692;634;533
779;726;652;546
765;706;637;550
772;721;689;608
753;732;684;520
753;719;677;525
771;719;659;538
781;728;660;541
772;696;638;542
785;718;629;509
781;700;614;493
768;700;651;544
768;700;651;544
736;622;637;538
726;547;608;532
789;610;640;583
786;621;643;604
771;662;666;613
747;639;637;549
764;675;644;535
762;630;636;536
752;590;634;531
783;668;589;531
773;671;646;549
778;693;668;566
739;541;601;544
788;662;630;542
741;618;638;542
741;618;638;542
753;664;635;534
758;678;631;461
735;531;601;547
728;506;603;545
763;503;640;656
783;656;642;552
745;536;607;534
731;520;620;544
792;620;613;541
799;647;638;577
758;584;626;538
739;527;606;548
796;660;634;548
801;666;635;558
780;656;637;547
780;656;637;547
789;599;640;597
788;622;643;571
792;677;653;561
792;677;653;561
799;720;665;547
759;635;633;533
754;616;626;539
748;595;618;536
757;683;644;520
749;660;660;552
753;651;651;556
753;651;651;556
756;648;635;537
750;596;612;542
756;589;627;577
756;614;633;563
761;623;647;590
758;614;632;585
762;644;651;577
759;628;631;567
772;661;655;594
770;652;642;591
752;528;619;584
729;501;606;547
771;693;655;540
785;675;631;532
753;575;609;535
732;639;621;502
775;708;648;526
765;684;653;563
765;684;653;563
766;675;662;577
765;651;630;548
739;581;623;544
776;679;662;554
764;740;685;524
780;748;685;546
789;720;664;550
789;720;664;550
797;708;629;519
803;709;631;552
791;722;621;520
762;659;644;531
788;709;656;530
762;609;634;549
740;544;624;552
753;653;644;544
742;674;659;540
744;612;630;535
744;612;630;535
769;636;602;530
776;593;621;592
770;598;615;558
770;598;615;558
776;678;656;560
741;642;657;526
735;587;624;523
735;587;624;523
773;565;582;531
772;637;638;541
774;628;632;536
786;636;613;535
729;592;613;521
729;592;613;521
728;569;627;537
728;530;613;519
767;675;658;571
776;690;675;584
760;625;610;542
769;642;625;552
792;734;622;467
755;612;602;509
737;575;615;534
761;647;625;529
748;642;647;508
748;642;647;508
753;721;658;511
750;742;637;482
764;764;646;498
779;745;644;549
789;755;679;580
775;651;636;5
755;640;640;560
739;655;632;533
764;724;669;531
785;729;657;551
775;718;655;548
766;684;633;537
778;716;626;535
771;673;623;538
776;719;657;544
747;705;660;534
734;617;632;535
750;637;630;539
748;614;621;540
771;626;638;5
810;726;661;563
762;626;634;566
762;626;634;566
762;645;640;568
747;617;625;547
727;499;600;549
743;523;629;560
744;482;613;600
739;509;625;571
741;517;623;577
744;514;630;583
747;526;629;597
765;585;653;625
772;670;635;506
785;646;642;588
774;649;640;578
764;661;656;559
750;652;666;550
741;563;632;557
732;529;622;559
778;625;634;552
752;639;657;538
759;637;665;582
769;626;666;615
755;576;621;557
736;538;619;542
740;531;617;563
750;537;622;569
762;599;635;538
762;599;635;538
743;536;607;541
767;642;668;583
767;636;657;580
803;688;660;597
778;708;672;560
746;722;670;486
735;620;637;524
736;524;595;531
760;559;633;556
757;698;668;544
757;698;668;544
744;636;646;538
731;628;635;510
747;607;635;532
747;607;635;532
765;649;645;526
761;615;632;549
772;597;605;533
751;569;617;545
714;579;625;521
749;640;640;535
726;564;587;433
740;540;591;530
738;540;625;551
776;563;633;590
790;622;629;570
778;643;630;530
784;653;652;585
802;723;657;577
804;739;673;580
786;732;676;556
769;706;666;548
756;704;672;550
750;631;648;558
778;686;665;573
794;701;667;598
794;701;667;598
765;637;631;550
731;502;606;552
750;536;613;548
765;592;640;569
767;612;641;561
800;676;643;550
797;688;648;557
769;655;651;546
761;675;651;514
777;717;682;565
754;694;669;55
734;571;617;538
749;597;620;540
760;640;622;537
751;551;626;576
773;649;659;593
745;670;664;545
738;552;628;541
786;619;635;565
766;586;623;532
783;670;655;557
774;654;653;564
784;661;646;579
776;652;642;572
774;659;637;552
752;652;630;517
752;672;643;526
748;639;628;528
748;639;628;528
780;673;634;548
755;571;611;540
729;515;622;554
729;509;606;549
762;634;638;568
767;627;638;579
776;654;654;587
759;644;646;557
761;655;656;568
774;661;649;574
759;614;614;539
743;635;655;554
726;549;617;540
737;557;603;524
796;704;661;581
786;681;656;571
776;672;655;576
775;687;646;559
768;672;629;533
766;683;635;529
758;631;630;550
771;658;665;579
750;568;626;555
759;603;612;612
763;635;641;570
753;615;626;553
758;633;632;557
765;636;643;600
762;629;643;582
758;610;638;585
748;560;625;578
763;615;637;597
757;574;629;577
747;585;635;531
763;658;655;552
768;644;656;579
773;665;668;587
774;670;624;518
753;596;616;547
764;582;623;549
756;584;633;552
770;613;629;556
795;660;632;547
793;646;631;552
773;662;653;551
777;690;669;575
758;698;663;541
753;715;676;533
735;627;642;518
753;620;620;520
765;621;650;576
747;574;638;557
757;611;655;575
793;644;669;598
736;525;610;547
731;505;609;546
740;485;610;556
738;521;613;534
754;555;628;568
743;542;615;560
758;604;650;596
755;587;627;583
762;641;660;586
752;615;628;549
766;633;636;551
764;657;637;520
753;688;659;508
744;689;658;516
737;588;632;536
747;585;640;555
768;657;635;545
768;675;635;545
787;717;627;523
761;639;635;550
759;648;644;548
743;604;648;552
734;595;640;523
734;595;640;523
780;660;656;545
757;623;651;543
775;674;666;593
758;693;675;549
757;692;675;548
756;716;669;521
744;628;621;513
735;550;624;547
750;611;628;540
745;631;642;543
737;618;639;543
784;702;645;554
758;629;637;552
732;516;607;550
738;521;619;538
738;521;619;538
756;550;614;539
756;550;614;539
764;570;627;571
791;643;645;590
761;565;623;540
747;543;615;531
776;650;652;557
767;631;637;542
792;654;605;510
794;663;637;547
756;584;633;532
754;675;664;522
747;638;644;527
764;646;636;535
762;668;644;541
763;686;658;547
770;723;669;547
781;745;681;579
757;645;616;527
745;598;658;575
752;654;693;549
757;620;628;497
753;688;650;499
748;702;657;526
741;606;626;533
765;530;617;585
745;539;625;558
774;604;630;559
761;681;648;527
760;719;667;523
726;605;626;518
733;534;618;535
745;607;612;529
731;561;609;521
751;636;634;538
733;529;607;552
763;618;644;577
763;618;644;577
762;601;610;550
766;621;610;553
767;649;644;544
767;649;644;544
747;676;634;503
733;695;669;520
725;585;627;526
729;510;607;535
760;706;705;582
753;665;659;538
757;645;644;536
737;567;632;533
749;700;673;527
754;716;673;522
748;647;630;527
795;741;691;594
768;717;704;597
777;721;695;583
763;684;670;576
733;522;606;552
769;608;623;642
762;686;603;5
775;706;602;530
775;706;602;530
799;724;653;599
745;703;663;540
752;691;646;529
788;722;637;510
762;620;595;523
772;648;656;585
748;551;618;558
747;547;619;559
771;674;621;535
780;671;664;629
780;671;664;629
760;692;661;573
752;700;655;510
717;640;568;424
741;623;610;534
727;488;590;544
742;453;601;568
755;577;622;521
790;624;641;567
782;641;643;538
785;639;651;523
796;674;665;531
773;627;657;521
770;610;655;529
736;552;628;531
772;641;654;581
734;512;593;533
730;499;604;544
742;534;606;542
749;513;591;562
776;640;638;549
776;640;638;549
721;537;614;527
752;596;624;542
784;717;669;582
740;687;658;517
748;591;628;552
759;620;645;562
764;625;637;552
753;705;669;516
753;705;669;516
740;718;669;525
744;618;618;536
754;638;625;544
742;590;619;543
731;504;600;549
784;652;645;584
801;695;653;604
749;652;652;545
708;584;619;521
726;545;616;535
729;496;600;542
748;509;628;595
776;658;598;502
690;709;654;380
718;723;685;442
739;632;598;504
728;678;613;445
762;643;631;543
761;645;655;571
759;628;625;549
776;673;612;535
786;713;615;531
768;688;615;523
736;577;607;536
751;627;619;539
746;647;646;544
746;647;646;544
734;617;637;539
736;684;652;536
768;646;651;570
768;646;651;570
737;569;633;538
761;642;654;557
737;638;644;534
709;648;641;495
724;604;633;538
734;539;615;563
772;616;635;570
774;672;648;552
762;657;623;535
762;657;623;535
740;627;627;543
739;610;636;552
773;657;649;584
777;657;639;579
760;631;639;578
732;529;603;554
748;554;626;538
729;502;605;507
759;616;641;558
771;657;647;542
768;585;594;530
783;537;567;562
761;608;637;555
787;685;672;592
743;552;611;544
760;623;638;558
785;702;671;591
797;748;685;593
753;720;678;538
753;720;678;538
722;598;623;507
723;571;614;517
773;683;647;544
768;643;638;535
750;597;635;543
765;604;609;530
782;629;616;538
744;718;673;492
744;718;673;492
765;646;658;606
757;636;657;592
750;577;639;571
772;629;644;546
736;521;599;555
766;599;645;592
729;538;607;529
759;617;627;550
794;674;625;543
760;569;617;539
748;570;603;543
762;625;610;530
730;521;609;547
771;638;580;525
763;620;609;539
764;573;638;591
731;509;608;551
753;651;653;535
738;635;653;540
688;671;652;386
760;669;667;560
786;709;642;534
754;657;636;542
753;670;644;542
750;676;668;571
737;642;636;519
744;617;641;542
746;558;595;544
726;511;602;549
783;629;624;551
800;707;659;553
794;693;655;556
779;651;645;547
757;683;673;553
721;682;670;506
723;591;634;532
754;628;659;567
754;563;628;546
769;606;645;567
759;588;624;542
780;656;628;529
780;671;652;528
797;730;632;475
797;730;632;475
758;683;649;532
772;677;653;536
770;624;640;588
769;684;633;528
748;697;650;538
754;658;619;536
796;696;627;544
761;598;617;542
760;633;632;545
769;691;645;553
756;670;650;555
737;644;637;544
753;648;634;541
768;690;631;531
771;698;665;571
759;671;636;538
766;674;651;559
755;664;650;552
735;608;634;552
748;641;633;532
776;679;650;565
738;546;633;564
757;576;633;560
785;660;636;548
783;640;641;536
776;615;649;587
776;615;649;587
739;532;621;572
727;469;596;551
786;697;627;535
799;684;636;543
799;684;636;543
794;668;643;534
770;593;632;536
733;507;618;550
778;703;653;541
763;677;647;542
760;688;671;567
772;656;667;583
767;652;634;544
751;621;633;539
744;660;645;530
744;660;645;530
722;613;633;523
733;494;588;541
793;676;631;528
795;673;636;544
778;631;642;575
744;573;626;541
746;586;638;573
748;602;629;563
782;730;673;570
771;744;673;541
759;686;644;542
730;518;608;558
773;675;634;536
794;690;664;579
746;614;653;543
739;576;638;542
774;633;651;579
774;633;651;579
778;682;664;591
754;638;636;552
758;648;641;560
770;646;626;562
751;624;648;570
743;615;642;558
734;622;655;526
734;622;655;526
763;626;644;556
763;626;644;556
785;683;652;536
786;677;649;532
751;623;647;538
722;628;654;520
771;689;656;531
779;688;659;540
797;698;661;534
792;680;656;556
775;628;649;566
762;647;658;571
742;554;625;560
736;503;603;552
763;595;624;550
780;618;618;538
794;679;640;540
803;702;655;535
766;610;649;557
762;623;630;586
769;632;638;598
769;632;638;598
762;621;637;582
763;618;644;601
766;636;649;582
761;590;653;573
743;548;635;559
770;614;641;548
797;677;640;541
803;703;648;529
778;651;645;544
784;702;662;554
770;690;664;534
773;649;658;570
778;683;655;558
778;683;655;558
790;688;650;548
787;659;660;604
752;553;628;576
764;707;657;545
751;627;633;556
777;639;653;584
789;703;657;539
789;699;636;519
765;639;638;543
746;592;617;543
767;662;646;549
763;635;639;543
762;618;638;555
783;672;637;555
792;698;667;613
716;567;654;455
753;696;625;452
753;632;640;498
746;553;626;491
750;589;610;473
769;673;627;473
784;699;644;487
729;494;618;496
766;592;641;508
771;587;640;531
760;610;656;530
730;524;613;493
748;573;643;510
756;589;636;497
769;668;677;514
747;674;670;491
738;682;669;487
729;576;618;478
753;631;626;508
763;723;627;476
792;689;645;566
779;675;644;540
756;708;672;509
768;741;687;487
782;750;687;526
788;742;667;518
769;698;636;497
759;661;623;509
780;693;615;471
753;625;640;509
737;549;605;505
765;614;627;544
757;589;603;518
768;616;634;538
760;627;652;529
769;622;627;537
732;526;609;523
793;727;688;549
791;701;660;551
782;685;654;562
790;718;665;512
790;718;665;512
787;764;688;421
771;754;706;477
775;761;708;496
777;752;697;472
788;742;689;506
757;690;652;456
757;690;652;456
778;713;619;450
780;704;621;497
780;723;662;535
731;581;624;513
777;543;583;530
777;543;583;530
777;543;583;530
789;697;669;597
789;697;669;597
724;651;642;503
730;659;645;479
751;696;675;517
756;652;637;511
755;629;625;521
783;702;642;537
779;693;664;563
771;621;625;542
793;655;624;546
756;666;643;525
756;666;643;525
722;554;616;501
722;554;616;501
778;685;644;523
772;630;634;538
732;541;620;527
767;567;621;540
796;650;627;533
800;710;644;514
792;731;678;531
756;715;676;509
738;559;614;530
771;614;634;548
756;577;626;541
751;631;644;53
733;520;598;531
761;583;616;523
801;680;636;523
802;655;632;561
802;655;632;561
793;647;645;570
756;589;632;509
758;589;638;527
793;631;644;552
782;624;666;545
771;643;636;509
757;625;655;519
744;526;611;514
738;513;605;518
767;615;655;628
756;596;615;516
753;596;628;527
753;593;618;526
764;617;628;527
764;617;628;527
779;627;638;550
778;673;635;533
773;686;655;541
776;679;650;541
740;565;604;515
744;666;663;511
754;648;646;513
780;667;630;503
779;675;575;442
786;698;640;515
796;733;641;526
796;752;667;535
784;724;663;533
744;673;639;501
732;625;643;501
758;647;639;517
786;673;610;540
788;696;660;580
771;678;611;505
766;673;655;546
771;625;620;527
771;625;620;527
759;647;640;527
759;647;640;527
759;694;648;519
777;706;624;502
785;730;646;538
776;718;653;523
763;662;618;523
778;704;650;545
767;664;625;525
741;643;617;489
738;627;644;531
731;573;629;527
751;594;644;525
751;594;644;525
738;538;619;522
739;533;622;533
763;620;639;536
752;619;632;531
769;633;636;538
769;633;636;538
743;543;601;519
754;633;638;521
750;732;648;416
750;705;667;518
756;624;644;547
780;634;657;574
779;664;655;566
773;727;682;545
772;744;702;576
742;715;667;509
742;708;660;505
755;699;654;518
742;565;618;528
742;546;620;547
791;685;645;550
787;664;627;534
765;580;632;563
759;564;630;570
752;530;605;564
753;539;598;534
789;634;634;554
808;730;660;541
798;720;663;539
753;672;646;501
736;630;642;507
731;604;631;508
749;625;676;548
766;623;652;558
736;517;600;548
756;584;627;537
771;663;653;537
793;688;657;569
793;688;657;569
796;691;652;564
775;669;614;510
775;669;614;510
743;550;605;528
725;479;593;534
764;616;616;544
755;570;614;541
794;680;638;545
774;614;641;546
770;605;623;544
745;546;618;539
746;545;615;546
757;603;619;533
766;692;648;529
766;692;648;529
749;618;622;527
743;636;646;534
755;666;657;537
777;662;665;589
776;653;659;586
781;638;620;544
781;638;620;544
764;682;650;535
764;635;640;548
773;602;621;573
791;706;671;588
793;713;665;568
763;650;639;525
742;589;621;513
739;567;612;529
744;640;645;530
749;700;660;508
749;700;660;508
740;572;613;531
752;482;602;628
757;551;626;578
760;585;633;593
754;555;621;576
763;600;641;607
763;605;640;584
769;611;640;611
769;565;621;615
733;505;608;548
748;649;641;511
767;639;629;550
745;579;623;535
721;686;661;462
739;658;646;527
749;691;635;520
747;628;640;542
739;535;621;562
774;632;638;561
753;554;630;575
766;703;638;529
792;740;649;547
745;642;640;542
778;637;656;541
766;648;634;541
768;678;632;507
771;679;611;512
794;708;641;543
757;674;652;529
731;645;649;528
736;665;660;528
733;626;640;528
774;631;639;558
774;634;635;544
769;655;633;556
756;627;627;559
770;658;602;540
797;723;657;560
779;710;659;549
739;669;638;514
736;635;643;535
746;673;657;538
776;697;663;565
777;637;646;595
777;637;646;595
777;669;649;567
778;640;631;574
767;611;641;559
764;607;630;560
763;601;621;546
747;556;616;545
747;549;654;615
731;517;620;535
746;525;626;603
751;549;620;575
755;542;626;620
745;535;631;591
743;538;637;601
746;535;635;594
752;540;639;620
787;645;669;677
788;731;670;490
788;731;670;490
755;594;628;536
755;594;628;536
763;601;625;561
749;567;624;549
763;597;632;558
785;681;649;533
783;685;659;548
748;618;645;545
748;618;645;545
738;539;612;553
5;685;669;560
768;630;645;580
765;673;653;533
759;655;645;528
753;603;623;546
770;600;636;599
753;583;615;542
790;693;661;603
786;755;687;566
779;739;693;569
747;728;670;508
750;705;647;524
778;758;668;553
790;775;698;592
780;706;660;586
773;704;705;640
754;713;699;532
754;725;703;506
754;669;663;544
750;604;638;541
764;592;622;536
793;714;620;464
795;720;626;518
783;727;637;532
780;701;649;539
759;656;652;549
739;553;615;544
768;638;651;571
768;636;636;536
776;679;663;559
771;673;645;527
775;682;660;549
747;556;616;525
758;547;648;604
783;637;615;511
793;690;622;493
787;690;607;507
793;733;641;513
792;729;638;516
781;733;650;514
756;710;674;539
725;645;651;500
783;657;650;592
783;657;650;592
795;664;658;616
789;625;639;612
788;673;651;583
788;673;651;583
777;706;670;557
753;646;649;531
769;652;639;542
757;669;654;534
731;584;623;513
772;662;645;545
792;668;650;565
780;635;639;544
771;564;613;580
767;650;656;575
723;664;655;505
731;635;645;531
774;681;665;571
797;695;662;580
784;690;646;556
785;710;637;534
778;693;609;511
746;637;632;536
776;706;658;537
792;712;653;544
780;717;663;531
749;624;639;546
728;530;622;537
796;650;644;599
754;565;637;546
754;565;637;546
748;555;660;628
741;511;618;562
731;518;618;535
760;588;623;526
735;657;632;433
758;680;631;505
776;706;645;528
776;706;645;528
794;689;655;565
788;664;648;560
799;680;643;548
790;672;647;534
797;723;625;510
769;629;640;554
769;629;640;554
786;639;641;581
781;678;653;556
749;591;626;539
749;591;626;539
772;635;627;534
791;654;635;543
758;571;620;532
749;635;637;523
749;620;632;534
773;630;554;484
748;589;623;544
727;515;600;543
777;602;623;553
784;645;657;601
778;633;655;603
767;732;692;538
767;732;692;538
757;739;684;512
750;724;670;511
750;667;639;524
750;667;639;524
753;621;638;546
773;670;649;565
783;696;621;549
769;677;610;533
779;704;633;537
730;516;607;546
758;619;616;544
755;631;630;538
757;598;613;545
764;606;627;567
762;640;617;537
781;719;642;520
764;695;635;519
766;678;643;544
766;678;643;544
754;649;634;532
758;662;645;542
754;647;644;550
761;630;633;550
758;618;623;548
778;571;613;550
756;603;640;560
756;603;640;560
743;531;614;560
752;645;645;536
761;687;637;529
769;661;637;529
765;678;648;538
749;684;659;537
757;652;646;547
754;654;640;557
742;560;630;556
733;498;608;584
745;529;631;569
744;546;626;565
740;549;615;572
759;625;633;557
754;563;625;541
785;585;633;580
745;659;655;537
745;659;655;537
735;589;607;510
744;588;623;538
749;575;624;562
760;601;637;598
759;552;601;599
752;561;609;553
771;556;640;661
756;657;665;578
754;677;644;518
754;677;644;518
763;622;621;520
786;652;661;602
762;648;654;562
735;640;658;554
724;620;643;511
769;683;686;600
769;683;686;600
770;681;652;527
34;532;579;514
748;567;611;543
776;695;612;512
756;655;627;526
745;631;638;541
741;643;645;540
734;643;663;543
734;643;663;543
748;653;689;559
773;682;624;537
744;660;593;430
744;660;593;430
739;575;625;551
792;637;633;606
792;637;633;606
760;591;638;546
769;653;653;527
740;659;634;497
767;702;664;562
785;659;654;591
796;693;670;624
787;716;672;600
787;716;672;600
761;691;643;532
770;622;637;567
770;589;582;536
747;565;620;551
734;533;608;551
745;537;614;558
742;531;607;555
760;571;630;613
752;574;629;574
741;514;607;573
745;516;623;600
734;559;615;567
743;560;618;594
744;572;620;587
733;557;610;541
743;539;618;612
732;554;616;545
741;552;608;598
777;639;617;577
747;554;618;541
725;477;594;545
759;622;642;570
719;529;597;508
51;644;646;556
783;629;636;607
786;647;655;616
787;657;660;622
770;635;644;585
758;665;647;569
747;655;647;534
757;630;624;543
783;684;643;585
752;644;644;561
765;640;656;585
772;606;642;606
782;646;659;579
789;673;661;553
748;601;646;541
733;504;606;548
746;566;645;526
748;624;672;530
751;566;655;564
738;557;653;546
733;674;662;513
787;652;662;622
787;652;662;622
780;643;630;541
7;572;623;521
759;609;624;499
744;559;601;528
738;542;617;548
796;660;639;548
803;678;643;527
791;671;652;561
760;626;642;555
738;645;656;537
785;647;645;564
785;647;645;564
785;644;659;590
785;644;659;590
761;645;652;567
744;618;650;551
720;631;638;510
732;627;654;541
756;607;625;544
756;589;632;564
759;514;640;645
750;553;640;571
749;548;627;579
749;569;617;564
744;573;619;542
788;673;669;621
752;699;671;538
736;595;634;537
736;534;607;542
761;633;637;546
764;632;620;540
762;616;587;529
778;686;650;561
741;533;605;562
773;615;636;573
783;691;636;530
757;681;661;542
738;650;643;536
773;664;674;587
768;625;647;581
769;632;639;529
722;642;644;525
722;642;644;525
758;631;642;553
759;626;645;558
759;575;623;545
776;620;646;606
739;619;639;546
721;695;656;459
740;652;665;548
776;638;637;564
753;588;631;544
764;629;633;514
765;628;619;543
765;628;619;543
747;744;674;397
764;738;687;550
720;534;606;530
751;609;621;540
755;627;622;544
740;581;614;544
754;585;640;555
789;645;645;574
766;607;617;548
740;539;591;537
770;611;639;579
790;637;643;588
744;554;597;545
739;539;597;547
774;643;627;566
760;622;607;544
772;653;607;540
798;692;628;550
784;663;615;544
739;548;609;552
724;519;599;562
778;678;574;492
769;654;647;574
789;616;617;604
770;647;614;561
760;682;656;548
728;561;619;545
751;612;640;555
759;621;605;543
755;548;585;545
789;657;613;541
798;696;640;527
776;693;664;556
756;567;626;564
756;567;626;564
