713;529;629;628
725;614;668;613
708;487;614;623
723;540;638;623
712;509;626;624
707;591;644;612
703;488;620;615
737;611;634;599
711;511;631;620
733;571;644;623
711;500;627;618
716;506;621;620
743;572;626;621
733;576;634;620
731;596;631;624
739;632;642;617
709;512;623;626
708;456;616;626
743;545;631;619
742;568;635;607
712;501;629;616
722;558;624;598
731;538;629;593
724;565;638;590
721;495;628;616
732;527;641;616
717;490;632;613
721;508;642;618
722;598;675;590
706;520;633;602
729;574;662;609
719;546;645;615
713;491;627;619
725;535;643;622
714;495;631;618
726;597;668;616
757;554;633;607
735;544;632;605
735;544;632;605
713;568;643;605
709;496;627;616
736;552;639;611
703;452;606;610
707;582;650;607
711;489;629;614
755;586;633;596
728;571;632;594
775;688;640;584
776;705;661;601
729;570;634;604
706;462;614;613
709;582;646;601
711;504;629;620
722;512;635;621
737;609;671;599
722;591;658;610
710;464;618;608
707;532;640;602
710;484;628;608
721;545;645;613
717;511;636;612
772;688;639;593
781;716;659;598
729;588;634;599
746;561;643;612
730;551;644;619
706;457;610;615
714;561;645;604
722;547;648;606
754;664;693;622
789;651;691;690
729;524;642;616
713;485;630;609
704;499;622;599
711;490;627;605
743;565;634;605
729;550;634;610
712;516;630;606
709;468;622;612
705;594;653;601
728;504;639;655
720;503;636;642
753;682;724;644
685;310;547;593
715;498;635;609
706;579;656;593
738;562;633;606
753;603;637;595
709;491;627;609
725;559;641;613
711;500;627;617
702;475;621;614
741;626;683;617
710;542;635;602
739;597;631;601
711;490;606;606
710;498;628;6
711;572;649;610
710;494;626;612
719;474;636;637
733;505;638;666
736;532;654;641
713;491;629;613
704;564;644;605
715;629;620;620
724;678;619;620
730;646;648;617
730;646;648;617
682;518;605;620
695;588;639;612
722;576;624;617
719;593;631;628
720;590;587;605
739;618;623;617
701;498;614;622
718;563;609;606
696;475;614;616
696;542;627;602
735;513;637;615
715;491;635;611
711;454;617;606
728;525;642;620
716;496;635;613
709;597;664;603
707;457;615;614
734;535;653;626
712;491;628;611
721;462;625;638
727;532;632;607
786;694;666;602
746;580;640;590
728;514;620;603
709;489;630;613
774;677;677;609
792;667;644;607
755;598;645;603
709;489;628;613
718;584;654;609
711;485;621;601
733;593;644;599
717;524;638;601
706;547;638;608
708;478;626;612
720;593;663;598
713;473;619;611
728;537;639;612
709;470;623;610
703;531;634;606
723;612;630;597
742;696;634;576
730;595;639;613
712;557;588;592
711;486;629;611
727;568;655;610
726;601;629;596
758;744;637;551
769;713;663;591
713;529;621;597
708;504;630;614
709;561;641;608
712;490;629;612
723;515;641;636
712;489;627;610
714;519;647;610
714;470;623;611
717;604;667;601
722;595;627;596
773;710;638;625
784;721;672;643
761;702;662;624
749;664;635;612
716;592;632;609
743;407;619;732
719;497;638;635
711;495;627;617
726;508;638;642
726;611;628;604
747;702;627;582
728;636;652;598
720;586;637;603
705;469;619;605
06;554;637;596
710;493;631;606
718;548;636;605
707;498;632;608
736;586;619;596
708;465;614;607
712;508;614;592
707;471;623;606
708;555;638;601
711;475;626;610
723;559;619;594
735;575;660;622
728;539;643;623
727;534;641;614
720;532;641;605
707;446;608;604
706;578;642;588
717;458;604;595
745;566;641;605
710;487;631;607
750;580;640;599
777;607;646;618
1;531;626;602
1;531;626;602
700;579;641;602
701;555;635;604
786;611;652;616
806;691;669;614
743;562;622;588
705;476;619;611
787;686;659;604
759;591;648;623
745;557;640;622
757;637;688;644
727;522;638;614
754;575;647;616
754;575;647;616
752;617;650;603
728;587;633;596
711;489;628;607
706;495;640;629
711;502;623;604
729;581;630;603
707;468;621;609
709;535;634;609
727;569;635;583
737;602;638;587
710;609;661;552
700;546;634;604
709;489;627;612
728;576;650;616
720;562;650;612
727;577;626;605
724;542;617;603
711;557;622;587
700;465;608;608
704;522;630;604
711;486;629;609
724;563;656;617
710;456;615;611
713;504;622;600
712;510;636;612
732;612;657;613
739;566;617;578
725;579;635;595
708;488;626;613
731;539;644;624
721;544;658;615
731;553;627;607
717;517;626;611
743;621;638;594
717;486;621;608
744;586;641;602
705;453;615;595
747;578;639;598
717;496;626;605
731;572;632;597
713;494;628;609
725;512;626;606
719;483;625;615
744;550;642;624
786;664;701;675
719;481;627;614
712;492;633;612
711;560;642;605
711;488;632;608
703;533;634;599
666;460;611;625
658;431;606;620
662;442;609;629
662;456;610;614
667;448;608;630
665;454;612;624
672;454;609;645
664;444;608;614
676;458;612;644
668;458;613;626
668;452;612;626
669;471;618;622
665;451;606;595
696;552;620;583
716;648;587;521
690;564;609;574
697;549;617;601
680;483;611;599
684;483;616;613
703;545;631;619
736;593;641;678
675;480;612;603
680;558;629;583
664;498;607;579
654;462;599;567
666;551;623;584
675;481;599;587
680;491;602;591
692;510;609;599
677;465;595;588
680;485;608;610
698;520;614;609
669;453;603;596
722;571;625;603
664;430;596;591
689;494;607;596
669;449;603;599
705;550;612;579
668;432;600;594
677;559;625;593
673;468;606;596
667;557;625;582
668;462;605;594
672;559;619;587
665;439;598;595
682;483;607;594
670;456;604;600
681;446;604;621
691;462;612;653
678;443;607;622
673;458;604;606
670;404;595;595
674;469;610;598
682;523;627;607
675;456;608;603
673;547;626;590
691;595;611;582
707;644;611;569
720;654;642;602
720;654;642;602
734;598;651;667
689;475;615;611
709;510;607;595
690;465;601;585
672;430;604;596
717;561;618;577
695;583;623;571
677;523;610;587
699;543;621;598
739;590;610;591
752;629;635;608
713;623;642;596
713;623;642;596
670;535;613;586
673;439;607;596
684;552;631;592
676;456;609;604
695;509;613;603
668;559;616;510
671;513;614;590
713;612;615;566
690;534;609;586
701;536;611;590
692;547;618;596
673;451;605;601
704;552;629;614
676;455;607;600
688;573;615;582
676;463;607;604
699;447;615;660
678;461;608;606
682;442;607;617
678;460;607;604
690;447;617;630
677;415;601;612
698;463;624;648
704;549;612;593
702;549;605;574
678;456;610;602
688;504;607;591
678;453;610;604
682;529;609;574
675;432;604;599
696;510;624;606
693;515;594;572
708;562;612;579
708;520;611;579
716;566;617;587
678;447;611;604
715;567;623;592
701;672;681;585
674;372;574;566
707;547;618;596
666;417;606;600
709;506;617;625
684;444;607;603
680;456;611;603
688;439;613;619
681;459;611;606
691;446;611;605
727;584;607;567
692;520;619;593
702;657;679;604
679;515;617;589
693;519;620;597
737;697;689;640
738;568;647;665
696;480;620;609
695;479;618;607
719;556;623;596
675;449;611;604
667;491;612;596
686;569;622;584
680;550;620;599
671;424;598;603
704;605;643;606
686;532;624;607
677;490;618;606
688;587;616;556
676;528;601;587
704;560;631;605
692;542;630;610
673;408;587;596
679;522;619;601
676;449;609;604
692;489;616;611
705;476;607;609
699;485;600;598
77;441;607;605
676;578;634;591
696;560;645;618
686;534;631;611
712;537;615;598
690;477;608;598
680;460;610;607
693;536;620;606
699;518;624;622
696;518;624;615
698;485;611;607
765;642;642;613
764;602;620;610
700;508;616;606
678;447;610;607
675;531;621;595
693;581;616;593
709;642;619;572
715;594;627;617
681;455;596;58
693;599;656;586
698;590;617;583
698;590;617;583
733;628;620;598
719;585;620;608
736;599;621;606
726;671;681;617
678;515;619;602
708;522;612;607
694;474;598;603
671;438;610;607
678;502;618;604
679;452;612;606
694;483;620;617
678;442;609;605
698;477;610;614
684;445;607;610
708;540;621;603
676;434;606;604
678;588;641;596
679;461;614;607
697;533;620;603
680;448;609;605
690;452;610;609
674;441;600;594
673;562;631;589
673;436;605;593
695;553;615;597
680;460;610;605
683;472;612;611
685;488;616;607
683;489;615;605
675;424;592;597
683;560;633;596
686;426;592;611
698;505;621;612
714;530;619;611
713;506;615;611
699;542;630;609
698;524;611;595
697;478;610;604
757;626;627;606
752;645;639;590
723;662;660;541
712;704;692;572
677;565;627;591
685;496;613;599
684;537;613;589
673;407;583;599
700;515;627;618
682;455;613;605
700;594;648;604
701;578;644;606
685;543;629;600
684;458;614;606
700;512;620;607
709;521;618;613
705;525;618;610
703;503;616;614
699;497;613;605
714;535;617;610
698;500;614;600
706;528;617;609
691;489;610;595
652;556;596;524
685;540;630;606
684;464;614;607
683;525;625;602
682;465;612;605
703;534;618;601
680;460;611;606
685;512;621;596
682;451;609;602
686;536;622;607
716;497;580;594
771;649;637;607
757;623;635;612
696;498;614;603
677;470;614;610
702;575;618;602
681;473;615;613
695;576;647;597
689;583;639;581
7;565;634;600
687;618;596;631
715;653;622;637
719;611;611;650
702;604;614;635
669;502;596;634
652;642;627;561
667;663;648;592
748;649;624;622
668;495;595;628
735;666;608;615
724;665;616;614
733;679;608;609
716;681;647;607
675;628;639;613
671;479;590;624
718;634;623;646
721;599;623;664
703;561;624;643
692;603;627;618
680;576;619;629
675;524;603;628
701;624;625;613
671;503;598;629
698;541;618;646
674;493;598;631
704;563;600;617
673;495;603;627
683;519;612;631
687;560;606;622
685;575;606;619
681;585;622;615
678;558;613;623
697;583;630;638
681;523;617;641
674;495;601;634
687;524;598;620
673;493;600;629
665;482;586;622
680;537;601;626
678;534;593;619
690;580;623;624
678;568;614;630
673;490;595;632
690;531;611;640
711;557;615;646
689;531;602;636
683;521;605;635
706;588;608;621
669;500;599;633
665;604;627;623
670;479;597;623
677;561;619;628
673;502;604;633
674;470;587;630
672;481;596;631
667;636;638;615
669;486;596;624
771;636;628;646
749;637;622;627
683;515;587;623
668;500;598;630
696;577;609;629
696;577;609;629
732;633;652;661
731;632;656;672
686;525;613;636
728;587;617;637
705;554;614;640
671;480;596;632
676;540;590;622
694;603;640;632
675;526;610;618
693;617;649;626
666;555;614;618
667;485;595;625
716;678;659;627
734;631;629;657
707;569;617;641
700;557;610;632
668;528;618;630
660;600;615;572
667;543;612;622
673;493;603;624
677;564;617;626
677;564;617;626
703;590;611;622
670;503;597;631
743;743;658;602
752;737;632;604
683;560;586;623
667;504;596;632
705;568;623;637
707;600;613;620
738;625;616;623
738;625;616;623
718;602;619;623
692;563;614;625
674;608;632;624
691;608;608;619
727;649;616;617
739;644;617;613
691;557;611;620
674;491;616;626
676;577;622;625
677;490;598;627
691;597;624;620
673;475;596;625
683;541;622;632
674;464;596;627
705;581;628;637
676;504;601;634
686;571;612;629
674;498;593;629
687;557;617;635
674;494;599;633
671;528;599;624
678;498;607;629
697;552;621;638
681;518;611;631
678;562;603;620
685;677;670;598
669;547;610;621
670;465;591;622
717;675;665;658
717;581;636;659
717;530;602;639
741;602;627;642
685;519;600;630
684;615;642;594
666;576;617;627
672;502;609;628
678;574;624;628
698;543;613;636
685;543;612;636
666;607;628;598
665;570;614;620
671;507;601;630
686;582;610;620
696;548;612;640
690;557;623;642
678;546;620;631
701;569;612;623
671;493;595;630
685;573;607;620
668;458;585;623
706;567;616;633
692;615;644;632
671;557;615;625
673;493;601;625
683;541;618;638
703;540;609;645
686;519;604;634
676;508;608;629
688;601;629;631
673;489;592;630
684;548;613;636
666;455;579;628
688;544;617;635
669;470;588;629
695;587;613;629
695;580;626;625
687;580;621;634
677;505;601;631
678;538;601;627
683;634;640;632
671;582;617;624
671;501;600;631
690;588;600;624
670;497;598;628
654;418;564;625
674;498;600;629
686;526;612;646
673;484;593;629
677;468;587;643
701;625;601;619
698;632;612;611
725;545;541;651
692;567;616;626
677;476;594;625
672;572;616;614
672;479;590;625
688;595;631;630
688;595;631;630
690;585;598;619
706;600;622;629
682;565;594;616
671;462;586;627
680;644;642;621
676;462;602;633
697;595;608;622
674;486;590;618
677;582;620;624
687;548;613;624
702;595;601;618
716;601;617;631
711;600;616;622
675;503;604;633
680;517;604;626
684;500;594;634
684;510;608;635
731;590;618;636
709;572;592;619
702;599;615;627
701;605;617;620
674;490;597;629
676;587;626;625
714;570;632;658
683;498;598;629
678;497;603;631
709;614;617;613
677;509;607;630
673;584;622;625
696;579;596;611
679;537;599;620
689;586;628;606
675;553;619;628
713;601;612;625
684;558;592;625
677;499;599;629
690;560;622;637
672;460;584;627
684;556;623;637
678;584;630;619
670;609;635;615
680;486;605;621
686;543;626;619
681;489;611;620
696;524;617;628
731;636;631;622
691;539;604;609
691;491;609;620
709;551;622;623
681;489;614;622
724;626;614;605
682;478;605;620
694;524;624;632
698;543;626;628
720;569;613;607
681;482;614;616
736;667;633;598
683;474;608;616
680;538;621;617
683;492;608;620
704;551;629;633
704;583;637;624
692;565;625;621
718;658;605;585
703;594;615;617
676;455;594;621
697;554;625;625
679;457;594;621
684;651;651;609
681;545;621;615
698;638;621;588
682;483;611;617
706;546;624;639
680;457;595;619
708;549;622;636
685;505;609;627
692;535;617;631
735;628;634;646
678;498;589;625
673;503;595;622
674;592;627;623
675;480;591;623
695;589;612;622
695;590;612;621
680;586;621;631
676;496;599;632
693;469;604;671
679;496;602;629
688;598;614;612
676;482;591;627
692;531;615;635
698;491;596;639
713;588;634;645
661;423;568;621
747;689;650;626
753;655;618;615
689;555;612;620
718;597;619;625
690;563;615;622
668;429;587;631
674;546;614;629
679;501;604;630
683;484;596;631
683;495;604;628
685;528;597;623
679;499;605;631
685;601;629;624
680;502;600;633
697;590;626;638
681;533;618;633
730;619;620;622
674;487;598;629
672;639;633;616
678;501;602;631
678;532;595;629
693;518;566;624
691;569;606;626
679;492;597;630
675;496;589;623
672;642;635;578
673;593;616;626
678;511;598;635
675;546;589;631
676;507;595;635
673;501;612;639
678;512;597;636
690;559;611;634
677;510;598;637
681;561;598;629
677;505;596;634
721;609;618;635
721;609;618;635
688;579;617;633
683;537;598;633
687;574;591;623
667;511;591;619
680;582;625;632
708;548;621;650
685;534;615;635
714;591;632;642
708;581;610;628
677;511;605;634
666;591;619;626
693;481;620;610
693;565;625;613
688;526;611;608
713;547;620;612
689;475;612;617
707;575;630;612
687;476;613;617
724;583;645;644
699;522;630;623
758;623;641;631
770;632;629;623
712;524;617;614
689;481;616;619
695;534;632;611
691;475;613;614
682;539;627;613
702;615;615;611
715;692;620;583
717;702;620;583
721;709;620;581
728;724;620;577
738;735;621;574
735;706;627;582
706;578;617;604
686;460;605;617
691;494;601;616
686;488;616;620
703;541;623;621
684;476;609;620
725;590;625;611
675;466;611;616
725;587;626;617
683;490;615;621
682;535;616;616
719;541;616;617
701;558;625;619
693;507;616;619
694;545;623;622
689;510;623;622
696;499;595;613
669;552;598;586
682;598;635;611
676;437;586;613
746;657;638;618
776;688;638;615
737;586;615;618
722;586;629;629
758;671;639;618
778;677;637;624
724;578;611;613
684;486;607;625
685;545;618;615
717;611;624;605
727;644;624;612
745;636;625;618
729;614;625;615
680;472;604;622
691;681;674;607
716;571;607;616
688;510;617;622
710;537;633;701
687;478;602;640
685;499;608;628
681;437;583;623
687;471;602;622
722;563;615;619
684;472;606;620
680;553;617;618
696;497;596;617
712;559;604;615
681;464;597;621
758;700;624;602
764;712;624;594
726;646;628;614
693;592;635;596
682;529;617;617
700;590;621;606
693;575;622;612
687;490;613;620
709;593;646;638
720;570;634;634
720;583;620;617
684;473;604;619
695;553;601;613
721;527;609;620
698;513;613;618
705;599;656;636
683;544;617;616
685;485;610;620
713;552;612;616
726;575;635;640
717;568;628;632
683;479;602;618
690;608;642;612
683;457;597;617
713;538;621;624
681;448;590;618
710;599;634;623
683;484;598;614
705;543;612;616
705;543;612;616
682;605;634;606
721;542;618;620
765;626;626;624
797;692;633;612
709;552;617;619
682;469;600;622
727;636;621;600
686;484;608;624
712;533;619;629
688;493;610;626
698;483;614;643
690;484;615;620
685;499;620;622
684;468;595;620
679;537;621;614
714;531;626;643
709;541;636;637
685;478;611;618
708;584;625;611
687;603;634;585
682;545;621;614
681;463;594;618
702;544;627;622
683;472;602;620
696;540;621;62
732;604;624;610
688;498;593;611
674;546;618;610
687;554;625;622
702;599;614;586
683;547;594;608
683;480;610;617
700;491;615;623
687;485;613;616
701;560;634;622
684;465;593;611
692;530;625;622
688;491;616;621
711;569;632;631
688;490;611;622
734;588;624;626
686;482;611;622
695;501;601;617
716;559;615;617
715;571;621;619
687;486;612;622
708;561;621;619
677;510;614;600
687;574;632;616
686;471;609;617
685;545;627;615
687;487;611;621
696;517;603;616
684;482;612;620
693;564;631;619
88;492;616;620
698;608;638;619
689;557;622;617
763;627;592;612
785;669;639;632
741;614;634;620
683;488;614;626
706;591;620;612
701;573;611;614
680;558;624;612
688;481;613;619
701;510;621;621
686;486;616;621
697;553;624;621
720;617;621;610
708;581;599;612
700;567;597;614
694;493;594;616
683;498;615;622
685;563;626;614
686;478;611;620
705;584;635;626
690;510;623;623
700;516;611;616
683;464;615;622
684;563;626;615
687;487;615;618
696;535;599;611
687;479;607;620
720;529;620;638
692;491;615;619
718;584;619;599
689;477;615;616
688;536;623;614
691;472;600;615
712;643;660;619
764;647;676;696
697;483;615;620
732;568;632;634
699;502;609;622
691;490;619;623
681;530;620;615
709;544;620;622
759;656;640;617
780;678;633;619
741;611;615;611
711;597;598;601
695;570;615;618
682;483;601;625
689;519;625;626
641;640;618;490
690;604;641;618
682;472;602;620
694;518;626;623
730;580;628;625
709;554;622;623
686;483;611;624
695;568;636;617
682;444;589;615
683;558;628;614
708;573;601;596
709;585;616;610
684;477;597;603
683;570;631;611
707;567;618;614
705;585;627;619
685;589;632;581
681;554;625;613
688;480;612;620
698;524;622;622
686;474;609;622
751;685;589;585
751;685;589;585
704;587;618;618
711;503;594;622
699;528;615;620
677;531;612;605
692;563;632;618
706;585;638;622
737;636;657;652
753;588;641;684
747;579;641;677
760;706;646;630
705;589;626;620
686;480;612;626
685;483;604;620
698;611;646;616
686;537;624;622
689;488;613;624
707;552;633;628
708;548;629;632
701;550;612;614
689;483;608;623
688;647;652;605
688;488;617;619
707;531;624;622
703;546;626;623
698;552;624;622
729;617;637;614
705;532;595;616
677;456;593;619
687;561;628;618
689;491;617;620
690;479;591;613
722;534;620;637
704;500;608;620
688;480;613;622
696;500;600;617
692;499;620;623
736;584;623;626
746;585;580;578
695;530;621;623
715;597;613;612
709;591;622;613
724;571;624;625
700;514;610;621
690;504;617;623
702;537;602;614
714;609;629;617
715;615;623;605
677;406;588;623
690;581;631;619
689;490;616;620
678;450;591;615
686;480;611;618
706;543;631;625
697;490;616;621
708;520;621;623
716;531;619;623
774;644;635;624
779;666;636;628
698;517;614;619
702;584;593;591
689;569;603;611
684;492;607;629
706;557;624;627
714;529;621;642
764;643;662;678
743;576;627;657
707;482;596;630
692;474;620;621
700;576;638;614
691;425;599;603
736;638;640;595
694;461;620;607
692;594;645;601
703;573;623;573
715;656;644;579
680;457;609;608
711;508;626;622
711;508;626;622
704;461;615;615
707;473;620;615
700;470;623;604
724;590;634;605
698;474;621;614
681;508;616;577
689;514;625;600
694;472;621;606
703;543;629;618
689;463;606;601
703;551;620;611
684;459;604;613
699;595;629;609
686;503;603;629
699;510;618;650
707;508;620;673
695;504;616;648
698;480;622;607
712;539;626;597
698;470;623;605
694;472;623;605
691;447;609;603
684;449;628;606
684;449;628;606
704;667;670;601
694;459;618;602
703;567;626;601
694;454;612;599
708;515;617;602
692;463;617;610
729;571;619;589
688;455;613;604
695;551;628;610
691;456;600;606
689;543;626;605
692;480;614;616
721;606;611;592
692;478;614;616
705;480;622;628
692;457;597;609
697;544;628;611
695;480;614;617
690;396;586;632
695;487;617;620
700;579;640;615
680;421;581;597
716;572;622;611
675;422;590;610
685;532;617;604
692;460;612;607
720;522;615;592
694;457;616;605
714;582;618;596
688;470;603;612
702;475;582;604
685;486;602;621
695;509;622;630
713;496;603;638
700;503;616;625
700;503;616;625
782;663;624;615
788;673;643;631
724;576;617;618
690;479;612;624
697;552;637;609
690;470;601;614
685;560;626;611
703;621;615;612
724;722;622;585
726;728;621;581
726;728;621;581
729;736;622;578
738;746;623;571
739;737;622;573
732;688;622;583
700;556;618;610
685;477;615;615
701;547;624;619
686;470;595;610
722;580;634;622
724;588;626;618
774;661;626;615
783;678;634;625
696;506;602;617
682;452;593;619
687;646;644;604
690;490;611;624
719;551;627;626
695;513;619;621
730;625;652;635
735;610;637;623
711;559;621;616
685;476;610;620
680;535;620;611
708;565;603;615
757;695;643;614
790;708;643;629
702;527;603;613
712;574;627;625
769;687;652;627
794;710;644;631
700;529;611;615
694;639;623;563
690;575;636;621
716;607;631;621
744;641;625;615
763;641;603;600
712;575;622;619
683;483;607;623
685;624;646;613
703;498;606;617
705;528;602;607
686;479;613;618
747;687;623;605
759;701;628;598
714;655;650;594
716;726;713;625
683;623;645;603
690;486;614;625
702;521;628;644
702;504;624;647
702;504;624;647
692;489;617;626
699;464;601;646
691;490;615;620
688;547;628;615
727;662;615;597
750;700;630;611
707;620;633;615
697;580;619;616
688;485;613;620
699;578;632;625
689;498;603;613
689;608;637;618
716;512;623;687
701;528;627;636
689;482;611;621
709;533;620;617
686;465;604;618
685;564;629;617
689;486;613;618
727;568;628;629
685;467;603;620
707;552;621;613
688;486;615;621
708;546;638;628
693;490;620;621
684;604;642;604
685;467;603;618
705;537;618;618
687;474;609;620
736;582;622;617
688;487;616;621
716;578;624;618
687;482;614;622
699;552;632;626
682;435;591;616
707;584;625;616
696;502;598;616
692;623;651;614
681;429;577;592
701;558;618;615
707;535;615;614
684;464;611;622
783;666;613;627
673;406;578;610
778;613;634;646
678;433;591;619
687;484;617;621
689;479;604;612
686;464;609;620
686;538;623;617
697;549;628;609
688;538;624;616
690;482;615;621
710;558;630;622
685;444;593;616
688;580;633;617
710;575;625;612
776;707;650;617
762;635;620;615
696;500;600;612
686;494;616;621
773;701;647;613
785;703;639;619
708;549;598;612
698;570;600;613
706;572;621;621
695;463;611;672
691;433;599;634
712;596;635;618
694;558;629;613
690;478;606;622
768;711;632;587
788;692;626;604
715;548;620;612
684;457;620;617
684;554;624;614
689;471;611;619
749;612;616;594
688;472;611;621
745;674;622;603
760;698;614;605
711;582;621;611
701;623;646;598
682;532;619;614
689;468;608;619
681;441;594;618
687;475;611;622
702;577;633;620
768;655;638;628
704;514;583;609
704;514;583;609
692;574;634;622
687;436;592;615
708;580;640;629
750;612;663;685
751;643;656;646
769;702;636;626
707;568;601;607
688;468;608;620
725;582;636;626
687;457;606;621
686;598;632;611
699;548;607;611
698;571;613;612
686;480;607;619
708;533;618;624
685;447;593;618
704;536;620;620
688;483;607;623
729;591;625;609
686;487;606;622
706;550;599;614
685;479;602;621
708;589;618;609
690;490;610;624
696;541;600;610
689;483;612;618
750;594;637;648
767;681;694;679
710;524;628;640
692;470;606;621
691;574;631;612
706;473;610;633
721;573;630;625
735;690;659;593
720;663;669;615
778;656;633;620
730;589;614;606
709;584;615;614
741;690;635;597
711;616;646;613
703;583;643;619
697;540;629;616
687;559;627;614
694;481;619;622
697;578;631;613
696;543;624;616
710;559;628;618
692;465;607;619
701;565;610;612
693;488;616;620
716;565;600;606
694;493;615;623
708;517;625;644
694;494;615;620
744;607;631;633
764;703;640;578
746;651;623;597
773;642;621;616
718;581;625;611
706;566;620;605
688;577;626;613
691;485;610;621
707;526;625;646
687;454;590;618
717;517;633;676
691;484;608;623
708;511;625;657
701;504;619;645
704;513;623;647
734;610;615;620
702;539;612;622
729;559;630;642
701;483;610;625
96;498;617;624
726;597;626;616
719;548;616;618
711;554;620;611
690;459;609;619
694;632;652;614
721;627;611;609
742;669;628;630
729;622;634;621
693;452;594;617
685;549;619;594
692;609;641;607
692;451;570;602
733;639;642;624
733;639;642;624
692;501;591;614
713;581;614;595
691;528;601;608
681;414;584;618
692;588;636;613
719;591;642;627
693;486;602;616
695;500;618;623
716;532;627;629
4;477;587;607
725;614;629;612
690;459;595;616
738;607;637;624
690;566;622;591
694;588;633;617
694;588;633;617
709;577;615;614
709;577;615;614
698;550;627;620
695;480;615;622
706;560;629;623
764;626;633;635
779;698;638;587
762;644;628;616
710;515;599;617
687;459;615;619
690;535;619;621
718;517;625;680
698;488;619;637
718;505;624;678
711;521;628;652
719;525;629;672
703;501;625;644
717;514;627;664
704;505;626;644
699;500;620;627
692;565;619;612
691;497;617;625
720;567;621;621
690;485;604;624
727;573;630;633
727;573;630;633
701;524;622;621
709;625;662;603
691;531;624;620
693;486;616;622
725;610;636;620
717;583;632;618
752;661;662;637
759;646;675;690
712;502;617;629
702;449;585;616
753;625;638;618
703;474;601;621
696;487;616;620
689;587;626;578
692;596;637;618
693;485;616;620
720;544;612;617
693;489;618;623
725;561;641;642
688;440;595;620
712;624;658;614
712;624;658;614
721;579;624;621
702;606;646;611
689;573;632;615
730;530;619;623
720;559;621;609
756;563;652;694
708;517;622;630
679;598;633;569
685;572;629;613
723;600;633;624
697;505;596;614
695;507;621;626
698;494;618;618
696;487;616;623
699;572;623;618
693;480;614;625
698;613;646;618
696;490;616;623
726;588;624;607
694;488;619;622
680;421;588;624
727;565;591;601
715;556;621;622
691;481;607;625
732;592;625;619
692;479;607;624
710;521;623;627
694;482;617;624
714;551;626;619
712;572;629;618
741;634;652;636
762;656;670;667
714;532;626;623
718;626;657;617
686;493;598;614
684;428;587;608
701;529;623;619
695;498;620;620
699;570;641;615
692;453;598;618
693;647;670;604
741;587;621;619
719;572;628;621
692;491;616;623
703;524;612;626
713;527;627;644
698;500;616;630
705;582;621;626
708;578;620;621
720;563;611;621
733;597;621;618
690;494;611;627
686;524;618;620
723;543;625;634
713;562;621;612
699;500;613;622
716;556;619;621
691;484;607;625
739;608;653;654
691;463;601;622
689;558;628;617
694;495;616;623
712;552;620;621
692;490;610;625
690;490;626;635
740;571;605;613
724;591;627;618
689;469;601;623
695;504;621;626
695;504;621;626
720;614;625;615
679;660;648;569
693;564;631;623
694;483;615;622
715;549;613;616
693;496;618;619
692;467;617;625
693;479;616;624
717;567;632;627
736;581;620;618
735;580;614;608
696;490;617;627
694;664;659;609
689;444;595;618
713;563;615;613
692;476;612;625
718;547;618;620
693;486;617;627
733;589;620;612
696;501;613;625
680;385;562;610
686;426;586;620
706;568;619;617
680;530;619;571
695;573;635;622
728;551;622;625
697;501;625;625
692;474;610;624
712;566;626;635
757;713;623;566
720;615;621;614
693;493;617;627
706;546;626;625
689;455;596;625
688;557;622;616
706;615;621;616
720;686;621;598
717;616;634;626
717;616;634;626
693;500;620;623
689;648;661;589
707;533;610;611
709;595;626;621
689;471;606;627
705;526;628;622
705;526;628;622
756;698;650;609
688;439;598;616
697;544;634;612
718;582;646;612
736;661;677;614
767;662;685;690
719;518;630;626
736;547;625;627
715;536;621;614
694;485;621;621
685;546;622;602
693;452;606;611
709;570;636;621
732;618;628;604
709;549;609;608
693;457;601;615
702;576;635;619
695;480;617;621
722;418;598;690
700;483;622;616
719;576;625;605
690;561;613;554
709;567;643;624
701;518;621;587
709;576;645;616
723;498;619;621
703;461;614;614
700;472;622;616
710;594;627;603
689;440;595;598
710;536;628;617
694;447;601;612
692;547;628;601
692;441;595;599
719;531;611;605
697;476;619;617
714;548;641;624
693;438;598;611
698;538;630;606
709;574;644;620
715;522;618;606
698;462;600;612
690;536;626;605
694;460;611;611
713;521;621;611
713;521;621;611
719;526;636;624
696;454;604;608
689;598;647;606
695;464;616;610
708;537;620;611
697;490;622;618
722;606;662;634
699;481;621;619
721;532;613;611
695;480;619;617
709;525;621;615
696;482;622;618
714;516;631;623
691;496;621;596
691;526;623;607
718;553;605;597
709;550;620;611
689;440;601;612
700;556;634;615
694;472;616;613
687;534;624;609
687;534;624;609
690;557;631;607
701;482;623;617
712;574;636;612
696;456;600;611
717;559;619;604
733;614;641;610
712;585;619;599
698;478;616;615
695;639;650;595
698;469;618;616
737;602;641;613
701;497;620;617
734;635;662;625
709;560;634;616
712;525;621;612
692;514;620;607
696;599;635;602
701;475;621;613
716;543;625;608
709;505;620;610
717;552;630;625
735;568;652;655
714;508;626;620
701;483;622;616
722;576;650;627
696;456;601;611
734;591;630;598
696;473;619;614
695;565;638;613
701;480;624;614
767;714;654;586
747;676;626;574
711;548;625;607
712;489;602;608
734;563;636;623
697;512;626;614
697;610;646;599
697;470;619;614
726;574;629;604
721;575;638;614
744;619;649;633
767;624;652;659
711;536;635;614
699;493;618;603
727;667;674;617
747;665;684;640
719;535;631;625
702;488;625;616
736;590;652;629
746;694;679;609
699;555;632;611
686;386;585;614
712;556;624;604
697;475;619;618
697;547;631;611
697;475;617;616
713;562;619;611
719;624;636;589
694;493;622;620
699;485;623;623
725;530;632;635
698;467;617;611
716;537;633;623
697;463;615;613
714;535;628;617
689;555;631;565
701;564;638;611
696;453;610;609
706;566;641;613
712;489;623;618
730;563;637;623
696;450;611;610
693;556;629;607
699;474;623;612
745;663;651;593
697;480;622;614
711;511;630;622
698;474;622;614
722;580;632;613
716;543;620;607
717;543;624;602
700;456;624;616
720;546;628;611
765;596;606;593
697;487;626;616
698;474;615;616
691;446;623;620
698;483;623;618
714;514;630;619
736;541;626;633
730;567;639;624
735;537;633;643
754;610;662;660
776;635;670;704
709;481;623;621
702;475;622;617
702;528;628;617
699;479;618;618
704;483;627;638
717;491;624;665
711;500;628;647
722;496;629;683
719;524;633;658
702;485;622;627
719;504;632;661
720;498;628;670
713;519;633;645
712;496;629;650
711;505;629;642
704;490;624;622
710;493;623;616
684;379;589;609
735;614;628;604
716;559;622;603
0;507;628;621
723;532;637;629
763;647;687;665
747;571;645;653
721;533;637;632
703;472;625;617
718;617;657;624
709;533;635;606
711;545;645;615
712;568;644;589
698;568;644;602
703;483;624;616
709;487;628;622
702;482;623;619
731;553;631;613
692;620;646;529
701;583;640;618
702;484;625;618
747;608;630;603
697;468;611;615
773;715;628;578
766;720;650;599
708;535;626;608
695;455;608;615
699;585;640;613
695;456;605;616
696;528;624;611
696;528;624;611
722;571;629;614
693;466;604;618
744;605;634;615
695;480;621;622
701;485;622;611
690;595;630;563
699;646;658;605
700;482;623;618
699;486;600;611
712;535;596;602
703;508;603;609
699;486;624;620
720;531;625;616
692;470;620;613
713;586;628;612
701;618;641;592
698;609;640;604
730;579;636;620
704;542;627;616
712;495;621;632
701;482;619;615
689;377;567;600
714;533;624;607
693;475;617;608
695;552;633;605
717;580;646;612
696;487;612;604
735;532;622;619
688;441;623;615
694;456;605;611
694;538;631;609
704;476;625;635
723;534;649;659
701;499;625;605
722;627;679;624
711;601;657;585
696;520;629;602
711;508;607;5
708;520;632;612
699;465;617;612
719;538;641;626
719;480;598;604
716;528;627;604
715;604;640;589
707;544;618;602
725;545;634;631
697;490;628;617
700;466;618;615
722;589;628;609
697;468;617;603
705;459;619;623
708;493;627;621
713;517;631;621
702;458;609;610
719;546;635;620
718;719;708;642
702;524;629;619
696;455;610;611
703;566;633;620
703;566;633;620
755;637;635;602
693;473;611;623
711;556;615;611
712;624;639;606
763;760;677;579
758;733;641;580
729;574;609;612
697;477;619;620
718;546;639;627
722;505;637;687
710;502;628;641
720;489;629;671
713;496;632;649
729;516;640;692
711;484;623;651
728;528;639;701
702;455;601;640
716;605;634;602
755;717;652;578
763;719;645;588
708;536;607;611
698;468;612;622
715;498;631;619
704;497;631;617
740;626;631;603
772;627;632;616
736;593;635;615
708;655;649;528
702;549;639;616
702;469;623;614
713;508;634;621
703;478;625;615
709;586;648;609
699;480;627;617
734;666;666;594
710;720;695;561
692;519;622;608
753;642;684;657
691;424;595;608
704;484;625;620
721;582;631;609
707;624;662;581
694;529;615;602
725;545;639;624
714;541;636;619
700;479;622;619
711;536;632;623
715;509;622;619
710;504;614;608
718;583;623;599
716;546;625;61
750;567;627;618
696;470;623;620
722;625;666;608
696;511;627;612
702;479;623;617
746;594;631;612
740;568;627;619
708;506;617;610
703;490;626;620
728;572;647;637
704;488;626;619
698;548;632;615
731;552;629;618
716;538;624;611
763;609;613;599
725;543;627;607
715;490;619;609
717;533;624;605
701;483;625;617
712;563;645;625
712;563;645;625
717;587;625;609
698;495;627;616
694;532;627;608
737;572;627;612
748;608;628;599
757;616;632;601
712;508;619;610
697;467;614;612
694;457;614;614
730;552;636;623
689;470;625;617
710;624;654;605
699;556;633;620
691;414;594;607
720;577;623;607
696;475;621;613
707;559;632;620
699;493;621;624
713;516;613;617
699;491;625;623
712;528;632;626
737;608;626;608
711;538;620;616
700;480;622;621
714;544;644;629
727;599;662;631
700;455;598;613
706;481;624;616
721;541;633;617
2;482;624;618
701;562;636;620
701;484;622;620
742;654;648;613
699;473;611;619
716;527;633;625
764;615;640;636
729;555;631;607
751;572;636;653
716;537;637;624
728;618;667;620
717;574;624;609
717;574;624;609
709;526;625;616
691;445;597;615
699;564;637;616
734;538;628;621
704;469;606;610
701;483;622;617
703;501;620;615
703;501;620;615
733;586;620;597
711;635;658;603
694;501;616;610
727;563;623;606
721;586;626;611
726;553;646;642
708;485;627;622
707;487;623;619
714;515;625;615
697;467;619;614
718;497;620;622
700;480;622;618
698;523;627;617
701;482;624;618
711;576;635;615
698;457;606;612
699;554;632;619
691;410;592;606
708;523;627;620
701;477;621;622
697;448;603;617
697;448;603;617
717;533;621;614
687;462;616;612
717;559;627;616
720;566;646;628
711;556;644;620
701;492;622;607
709;569;649;615
712;584;648;579
689;535;627;600
699;475;620;618
740;592;639;620
694;450;602;614
736;597;626;617
736;597;626;617
714;560;621;612
713;554;623;606
721;551;632;622
692;428;599;616
708;653;652;606
726;622;641;623
741;669;645;623
727;596;631;622
708;502;621;615
696;556;626;549
700;603;648;602
696;473;619;616
700;510;615;614
712;552;629;624
703;537;602;607
696;474;619;617
720;584;633;612
698;471;617;617
701;633;648;608
698;472;618;616
704;490;623;623
701;483;622;620
714;528;635;637
699;454;601;615
740;628;621;603
699;493;622;620
694;523;621;608
714;600;643;610
701;555;631;620
701;555;631;620
713;559;627;622
694;465;600;620
733;636;641;609
721;637;650;613
687;659;654;575
698;491;621;622
715;520;618;617
695;470;617;620
729;537;634;635
700;482;623;620
691;533;622;611
697;484;621;621
722;551;629;626
691;438;594;620
715;534;627;621
689;465;606;616
712;558;623;611
701;467;601;607
706;562;632;617
731;549;618;619
722;555;622;605
719;587;650;626
702;518;632;621
697;477;617;623
707;673;682;600
698;484;620;621
692;510;593;600
701;493;623;620
698;466;605;616
682;381;578;609
715;525;620;618
671;615;631;533
691;536;623;609
700;482;623;617
714;532;624;611
723;601;629;608
766;708;635;583
759;685;619;591
739;655;644;610
693;615;645;576
701;582;640;621
693;437;597;611
758;687;684;671
756;622;661;672
770;631;666;679
778;639;654;652
710;482;599;612
696;465;609;616
693;497;621;610
699;483;622;618
702;471;618;623
