50.871999999995
35.195999999995
70.9259999999949
113.503999999995
156.655999999995
134.605999999995
108.309999999995
115.647999999996
105.773999999996
125.135999999996
133.417999999997
135.175999999998
140.189999999998
166.929999999999
150.945999999999
147.657999999999
153.061999999999
89.0279999999999
31.7459999999999
62.9979999999999
54.8439999999999
72.5599999999999
61.67
110.812
45.2619999999999
77.1119999999999
77.1119999999999
104.226
88.6779999999999
80.0639999999999
86.1979999999999
97.5419999999998
4.25599999999986
12.176
36.8000000000001
42.5900000000001
13.8820000000002
12.7980000000002
48.3760000000002
47.2600000000001
48.8040000000002
48.8040000000002
21.3500000000003
36.6780000000002
45.0380000000001
44.6140000000001
62.0840000000001
60.8820000000001
3.17800000000011
82.9860000000001
11.7040000000002
58.1000000000001
29.8200000000002
73.1240000000001
77.3820000000002
75.0140000000001
42.4320000000001
66.926
68.8240000000001
41.068
67.9000000000001
65.9399999999997
48.5399999999996
66.1659999999996
72.0239999999995
109.059999999999
44.3419999999999
43.4459999999999
68.774
-3.30600000000004
-3.30600000000004
-3.30600000000004
-3.30600000000004
79.838
43.7980000000001
52.4979999999999
-25.222
44.7239999999999
23.6499999999999
86.0619999999999
63.5479999999999
42.3099999999998
56.966
72.7739999999999
117.35
53.6379999999998
17.168
47.3919999999999
56.338
61.4100000000001
46.876
12.8900000000001
48.4920000000002
37.5040000000005
37.5040000000005
32.6900000000003
7.48000000000036
-14.6559999999995
47.2780000000006
58.8480000000002
33.0139999999999
20.7619999999998
83.3539999999999
25.2879999999999
29.1559999999998
59.5999999999999
51.7879999999999
54.9379999999999
40.5239999999999
78.208
79.306
28.944
39.1900000000001
49.104
21.3399999999999
65.154
76.6800000000001
68.4800000000001
56.5799999999999
82.6779999999998
40.9539999999998
16.3839999999998
44.9139999999999
35.524
66.5559999999999
67.886
67.972
22.9480000000001
60.95
23.6460000000001
23.8959999999993
54.1919999999993
80.2739999999994
52.1919999999996
49.6039999999997
61.4519999999998
30.8219999999998
47.9259999999997
33.4659999999997
74.8439999999996
39.9019999999996
3.71599999999955
-43.3060000000005
-8.32000000000039
25.9339999999996
46.0899999999996
-84.0720000000005
-84.0720000000005
-84.0720000000005
-12.6100000000004
43.5119999999996
63.2219999999996
82.9619999999996
61.2779999999995
70.54
61.212
41.8199999999996
-20.3020000000001
26.6219999999998
-5.798
1.64600000000007
1.88999999999999
2.75599999999997
33.662
-6.6400000000001
-14.974
-17.6940000000001
-41.8339999999999
54.726
-5.66600000000005
16.5599999999999
-15.456
-44.2460000000001
-7.26200000000006
56.958
43.9920000000002
20.0960000000003
79.9740000000004
48.2700000000006
21.7440000000005
23.1280000000005
78.1220000000005
61.8000000000004
37.3540000000003
19.6340000000004
49.4500000000004
36.8640000000003
29.8400000000003
113.938
69.9880000000003
45.048
89.2139999999998
94.4579999999999
52.9359999999999
80.9639999999997
129.05
82.8619999999997
77.9519999999998
76.4739999999997
118.064
102.628
118.954
118.954
129.662
99.0579999999997
84.1939999999996
117.648
115.194
129.192
59.8299999999996
49.2279999999995
75.3059999999997
44.3759999999995
30.6959999999996
111.586
47.4039999999997
40.9179999999997
77.5379999999996
77.5379999999996
59.1119999999996
52.5679999999996
60.1219999999996
-0.548000000000116
61.5599999999996
68.2519999999998
32.6379999999999
26.1819999999998
-6.45600000000024
27.7639999999998
20.7239999999997
-8.50800000000049
99.0259999999996
104.97
14.5839999999997
80.5839999999997
74.7379999999999
81.468
72.4540000000001
80.912
49.7520000000001
58.6740000000001
37.3920000000003
20.9340000000001
43.366
53.2919999999999
85.4419999999997
112.326
78.9219999999995
53.6959999999998
87.2759999999998
81.1279999999998
14.3259999999998
2.16999999999985
-56.1080000000002
-59.3380000000002
-40.5880000000002
-13.4840000000003
21.2119999999998
25.4979999999997
63.9339999999997
71.8159999999998
54.7939999999998
32.5839999999997
66.9139999999994
86.1039999999995
-35.9600000000003
51.3739999999998
6.56399999999985
66.3119999999998
56.9119999999999
23.048
59.756
63.9700000000003
26.9600000000005
11.3720000000003
35.4320000000004
82.4360000000004
69.3260000000004
93.3100000000003
48.3240000000004
75.3380000000005
52.4220000000004
58.4920000000006
57.6240000000005
33.3640000000005
55.2840000000004
76.6360000000004
4.0120000000004
-12.0299999999996
14.9560000000005
134.03
78.8000000000008
26.1340000000008
35.1140000000007
44.7700000000004
46.9460000000005
55.5960000000003
59.8240000000003
80.4360000000004
25.5080000000005
6.37000000000057
40.2400000000006
29.9540000000005
11.8380000000005
15.1360000000006
1.07200000000057
21.4940000000006
12.8340000000006
43.6560000000006
7.76800000000071
-72.4039999999992
22.1940000000008
25.7180000000008
35.6960000000009
57.4740000000006
30.8620000000005
5.33600000000069
53.2100000000005
44.1660000000005
82.4380000000006
31.3260000000004
40.842
11.1260000000001
18.564
-5.33000000000015
28.7019999999999
4.36199999999985
17.3159999999999
31.4099999999999
44.2759999999998
53.4259999999998
42.1239999999998
67.4419999999998
66.1359999999999
33.1139999999998
67.2239999999998
69.6299999999998
67.9039999999998
60.7639999999998
21.7959999999998
7.83999999999992
52.8839999999999
-42.784
38.4279999999998
50.1979999999998
32.6519999999998
34.4959999999999
65.9139999999999
38.0500000000001
55.5799999999998
37.876
10.9260000000006
9.0040000000007
22.6980000000005
43.9260000000003
33.0540000000017
45.9320000000017
48.4860000000017
17.0760000000016
62.6440000000017
46.3660000000016
46.3660000000016
36.7520000000017
51.7440000000016
4.69000000000165
13.4780000000017
17.9400000000016
56.1680000000017
63.8160000000017
49.2600000000017
57.3480000000017
81.1100000000016
43.2360000000016
81.8880000000015
19.1840000000013
41.9540000000015
51.6060000000015
42.5080000000015
59.3180000000017
36.1900000000018
40.0020000000018
72.5560000000013
79.7800000000007
55.3740000000003
30.056
28.9920000000001
28.71
44.0640000000002
18.8780000000002
-2.58799999999985
42.3260000000001
93.1380000000001
55.6060000000001
67.9820000000001
63.3140000000001
53.2040000000001
37.5360000000001
19.9140000000001
29.9480000000001
6.60199999999998
20.9319999999999
86.01
53.5099999999999
13.9939999999998
10.3539999999997
-12.9780000000003
-20.1640000000003
34.8679999999996
63.3179999999995
60.9899999999997
28.4439999999998
44.348
65.1999999999999
35.4900000000002
-9.24999999999977
12.0900000000003
21.5520000000004
45.6440000000002
34.6480000000001
59.9500000000003
64.7020000000002
64.7020000000002
10.8320000000003
41.6100000000004
52.5440000000003
36.2800000000003
29.3780000000005
-7.74799999999948
-5.86999999999944
10.3820000000007
14.2500000000007
48.0540000000005
26.5860000000008
15.2420000000008
35.2920000000006
9.11800000000085
66.7440000000009
50.4600000000009
50.6380000000009
72.9800000000009
43.5780000000009
70.718000000001
63.6480000000009
73.452000000001
45.0600000000006
31.3600000000006
53.7040000000005
60.4580000000004
82.1060000000004
37.8040000000007
28.1040000000005
25.1700000000004
69.9840000000004
105.218
61.2920000000004
22.5499999999998
11.1699999999998
8.57399999999984
40.982
32.6999999999998
48.6039999999999
59.1079999999998
33.5339999999999
48.5879999999999
62.4579999999999
82.5439999999999
48.126
23.5359999999999
65.0559999999999
57.3820000000001
24.0900000000003
22.0440000000002
63.3220000000003
48.542
11.754
57.7820000000002
35.5240000000002
46.4100000000004
16.6720000000004
29.5980000000003
50.1440000000011
26.1240000000009
37.3460000000009
39.374000000001
74.5360000000011
43.0700000000011
42.750000000001
41.630000000001
66.722000000001
41.4040000000009
79.7780000000009
89.0020000000009
34.1220000000008
43.1360000000008
11.3720000000008
48.5040000000007
45.3720000000008
45.7300000000007
-17.2199999999992
8.02400000000068
34.3480000000006
26.2340000000007
47.4140000000004
55.9560000000004
71.3080000000007
40.6840000000007
30.2820000000006
34.9720000000007
29.7920000000006
38.4640000000006
69.1980000000007
25.3640000000007
62.2080000000007
36.7140000000006
15.0080000000007
22.5120000000007
49.3460000000008
28.0820000000009
24.136000000001
23.4800000000009
46.2300000000009
23.7820000000009
48.7080000000009
18.6760000000011
22.0440000000011
16.5120000000012
24.7880000000013
-2.84399999999891
39.0500000000012
-6.56799999999851
-41.5419999999988
8.68600000000129
-25.9379999999992
1.42800000000057
-14.452
9.02600000000007
-22.05
58.98
53.4000000000001
32.08
28.3979999999999
66.3079999999999
56.3719999999998
47.2959999999999
82.0859999999999
91.43
36.6759999999999
12.1839999999999
58.2079999999999
66.1519999999998
61.078
68.264
66.554
102.918
58.466
72.8560000000001
56.518
59.2800000000001
67.904
62.6360000000001
75.028
104.412
59.4279999999999
50.7379999999999
20.2539999999999
40.8520000000001
28.6260000000005
26.0740000000006
15.5400000000006
7.17000000000064
66.0960000000006
-6.55399999999929
18.9580000000007
12.8040000000007
2.03000000000043
9.49400000000048
19.0120000000005
33.2840000000006
55.1200000000006
42.4320000000004
17.9660000000005
18.3980000000001
40.4880000000002
40.4880000000002
62.494
109.656
4.31400000000019
-16.9819999999999
11.6760000000005
51.6380000000005
39.8220000000003
76.8160000000004
-5.59400000000005
27.5479999999999
64.4599999999998
43.532
47.0479999999999
39.866
73.2479999999999
87.204
98.6859999999999
80.38
59.146
94.9139999999999
99.0579999999999
107.946
82.6639999999999
62.79
47.9200000000001
72.788
90.6200000000002
120.302
48.4760000000001
64.4800000000001
35.8560000000001
60.1560000000001
60.052
78.5040000000001
75.5240000000002
75.1360000000001
62.9379999999998
54.9620000000001
70.6260000000002
36.7100000000002
30.2540000000001
9.83400000000017
73.3660000000001
-9.08199999999988
69.8700000000002
3.56000000000006
49.5620000000001
55.7099999999999
37.92
76.4059999999998
47.8139999999999
-38.4380000000001
39.1659999999999
64.5519999999999
22.9319999999998
23.3019999999998
35.6839999999999
0.129999999999768
31.8959999999998
86.218
-20.8859999999997
26.3440000000004
38.6499999999998
35.948
50.754
31.7899999999999
7.32399999999984
10.6619999999999
24.1899999999999
61.2420000000001
62.024
100.754
103.696
-2.29199999999992
66.2040000000001
28.9400000000001
53.4600000000002
82.0520000000001
5.19599999999991
-1.55200000000002
44.9099999999999
43.1579999999999
31.7139999999998
60.3419999999999
91.9479999999999
94.6559999999998
93.1839999999992
90.5899999999994
87.8319999999993
95.0199999999992
77.6379999999992
2.65199999999925
70.9879999999993
23.3259999999999
19.9019999999999
31.7819999999998
54.9899999999998
81.8359999999998
-5.46000000000026
26.1379999999998
75.3699999999999
67.2899999999999
31.596
58.88
17.0139999999999
-19.2940000000001
19.7320000000001
72.6900000000001
65.6420000000002
43.2540000000002
10.5220000000002
9.11400000000015
54.0880000000002
-5.85799999999995
14.3160000000001
75.3980000000003
51.8700000000003
-34.8459999999999
-34.8459999999999
8.75800000000004
30.1220000000001
5.048
7.9899999999999
11.6919999999994
32.3939999999996
37.7219999999995
39.1679999999992
121.475999999999
66.5539999999992
107.287999999999
78.4199999999993
97.4999999999994
104.237999999999
122.955999999999
109.195999999999
30.5879999999993
71.3459999999993
55.9799999999995
58.5699999999995
90.2039999999994
84.8039999999993
84.1979999999994
98.5899999999995
59.4019999999995
84.4699999999996
34.1379999999996
103.07
41.4279999999998
55.1139999999997
54.8160000000003
46.8580000000002
77.7960000000003
35.4600000000003
21.7800000000002
53.2560000000002
10.556
86.4560000000001
7.36999999999989
-1.44600000000003
47.5199999999999
-33.74
-3.87199999999996
-0.889999999999986
47.7600000000001
-13.0439999999996
14.1320000000003
42.0420000000003
22.9740000000006
51.1180000000008
63.5240000000008
49.9220000000008
46.5900000000008
88.5400000000008
53.9440000000009
60.4240000000009
58.0600000000011
55.784000000001
76.6940000000012
53.464000000001
12.9160000000012
2.51600000000133
54.2580000000013
-9.53999999999883
-6.57999999999879
34.9460000000012
46.9540000000011
34.9180000000011
14.9900000000011
25.2740000000011
15.9260000000012
27.6780000000011
46.1440000000011
13.0040000000013
47.1340000000012
16.1740000000011
53.1520000000012
53.7520000000011
28.6940000000012
13.4480000000011
38.8960000000012
34.8860000000011
8.95400000000097
82.608000000001
48.4560000000007
63.3400000000007
75.7640000000007
29.9800000000008
99.5080000000007
90.2940000000008
60.3980000000009
88.9780000000004
53.1760000000008
50.0680000000007
1.31400000000076
26.9160000000006
51.7840000000007
77.7480000000007
58.2760000000006
10.6480000000007
28.4280000000007
32.0780000000007
55.0440000000007
46.6840000000007
29.3280000000007
38.0580000000007
44.9600000000006
32.8580000000009
42.1100000000007
42.8980000000008
34.7640000000008
68.4960000000008
37.7320000000009
47.778000000001
-1.14799999999946
31.8440000000006
20.5640000000006
-48.0459999999995
42.9000000000005
-9.92199999999968
