50.4498803122279
34.5998803122279
51.7698803122279
42.815880312228
67.685880312228
40.5438803122282
47.7998803122281
30.0838803122281
27.1618803122285
12.8898803122277
50.8958803122275
30.853880312227
16.2978803122265
-1.14211968777348
26.1878803122267
33.4138803122267
14.5618803122267
13.7958803122268
12.9898803122268
10.209880312227
30.6198803122269
30.149880312227
6.26788031222701
8.67388031222702
-18.1401196877728
-0.912119687772481
1.54988031222751
7.42988031222772
15.1458803122279
29.425880312228
-0.258119687771984
-8.88411968777138
-18.7901196877713
-15.3961196877714
4.95588031222871
-32.9901196877712
-19.2281196877711
-16.4261196877711
-61.674119687771
-51.418119687771
-31.9301196877711
-26.3961196877708
-31.162119687771
-41.5901196877708
-23.6481196877707
-19.7421196877707
-11.6041196877707
-36.0421196877706
-9.82211968777058
-8.44811968777048
-21.1281196877705
-9.82811968777048
-9.82811968777048
-34.3121196877704
-23.3341196877705
-4.41811968777058
-2.17211968777048
-6.90411968777058
5.80388031222952
3.29788031222942
-38.2861196877705
-1.27611968777048
-10.7281196877706
4.56388031222922
2.30388031222922
-27.0621196877708
-26.0581196877709
-29.1261196877709
-24.2481196877708
-45.6981196877708
-72.0181196877708
-50.8981196877708
-16.0221196877708
-51.000119687771
-38.676119687771
-51.626119687771
-36.450119687771
-27.2021196877709
-33.870119687771
-27.3141196877709
-13.2121196877709
-5.48411968777088
-18.0661196877709
-13.7081196877709
-19.0041196877708
-20.2321196877708
-13.8041196877709
-2.87811968777088
-16.626119687771
-27.9561196877712
-27.6921196877712
-16.8221196877715
-5.52411968777148
-6.14611968777138
-14.1441196877715
14.9158803122286
4.77188031222862
-14.3201196877714
-20.4121196877715
-12.0001196877714
-28.9941196877714
-18.0101196877713
0.78588031222862
-2.15211968777138
-27.8341196877713
-20.9721196877713
-12.9801196877713
-9.39211968777118
-25.7301196877712
-20.8581196877713
4.17588031222872
-23.6101196877712
-8.02211968777138
-26.7361196877713
-30.8701196877712
-54.6321196877712
-26.6601196877713
-16.1381196877714
-16.9821196877713
-9.32211968777118
-0.0821196877712822
23.6118803122287
-0.926119687771383
-11.4381196877713
-6.56411968777128
0.0258803122287148
8.02588031222871
10.0738803122286
25.1838803122285
24.6878803122284
-15.0841196877715
-18.3521196877714
1.94188031222872
-5.82211968777148
11.6078803122285
23.4558803122284
15.3778803122285
-2.90011968777158
-5.07811968777138
1.44388031222852
6.85988031222842
9.29188031222832
10.1698803122284
5.89988031222832
12.5878803122283
9.93188031222832
9.93188031222832
23.2118803122284
26.5278803122284
12.2038803122284
13.1678803122284
-12.8321196877715
0.501880312228714
-25.0041196877714
-17.9901196877714
-25.9841196877714
-29.8901196877712
-6.11211968777128
-3.58811968777128
-8.47411968777138
-9.84411968777138
6.46188031222842
-13.3061196877716
-8.76011968777158
-56.3601196877715
-53.2301196877716
-47.9701196877713
-29.3541196877715
-22.4601196877715
-17.3121196877716
-20.2181196877718
-32.3061196877714
-22.5921196877714
-18.4341196877714
-12.3161196877715
-40.6521196877715
-17.1421196877715
0.799880312228517
-11.4401196877714
-8.23611968777148
-1.33611968777148
-0.546119687771483
-20.8801196877715
-12.9001196877714
-6.96211968777128
-28.8101196877714
-18.3321196877713
-26.9281196877715
-29.0761196877716
-19.7981196877717
-26.6441196877718
-21.7301196877718
-16.1801196877716
-20.1641196877717
-17.7341196877717
-2.13211968777178
-8.70811968777168
-20.9681196877717
-14.1821196877716
-31.4321196877715
-4.91011968777138
-12.8221196877715
-8.92811968777138
-10.8941196877714
-9.51611968777128
-12.1081196877714
-16.3841196877715
-16.4041196877712
-1.67811968777118
-19.1361196877712
-12.5101196877712
-27.7021196877712
-27.9141196877712
-13.0481196877712
-20.2141196877713
-18.9381196877713
-6.26211968777128
-11.0101196877712
-10.5161196877713
-0.660119687771282
-3.26011968777128
0.975880312228618
1.92588031222872
3.52788031222872
11.9138803122286
13.8958803122286
16.5558803122286
2.77988031222852
3.06588031222861
13.5598803122286
-3.69411968777148
-1.90611968777138
-3.97211968777118
3.62588031222872
-0.986119687770984
-1.85611968777098
-12.6121196877709
-17.3941196877709
-19.8321196877709
-18.0661196877708
-9.39611968777088
-5.66411968777078
-15.2941196877705
-23.0301196877705
-56.5981196877706
-44.2381196877706
-50.1921196877708
-33.1901196877707
-46.0421196877709
-42.7741196877709
-31.7881196877709
-22.0241196877708
-44.4941196877708
-44.5241196877708
-33.5721196877707
-28.1641196877706
-25.6141196877707
-17.7061196877707
-5.16811968777068
-28.3141196877707
-93.5781196877706
-45.8961196877706
-35.7661196877706
-38.4581196877706
-55.1561196877706
-27.9821196877706
-13.8841196877707
-18.1581196877706
-7.96011968777058
-4.06011968777048
1.08988031222952
-9.02011968777048
-0.866119687770684
-8.92211968777058
-9.60611968777068
-2.63611968777078
-8.49811968777048
-9.51811968777008
-8.61611968777008
-8.59011968776998
-20.96211968777
-26.4601196877701
-24.0421196877701
-24.4781196877703
-21.5401196877702
-23.3561196877701
-12.46411968777
-4.08811968776978
-27.0681196877701
-18.41411968777
-27.2441196877699
-17.1501196877703
-14.2321196877702
-4.72811968777038
-3.62411968777018
-7.75611968776998
1.10188031223002
-28.24611968777
-14.14211968777
-17.22011968777
-7.51011968776998
-7.51011968776998
-16.35611968777
-20.40211968777
-21.42811968777
-10.65411968777
-27.0541196877701
-55.63811968777
-5.48211968776998
5.20988031222992
-35.9381196877701
-38.83611968777
-21.23811968777
-22.6261196877701
-30.6221196877703
-27.2321196877704
-21.8861196877705
-14.7921196877706
-14.8161196877706
-19.2041196877705
-7.29211968777058
-1.59211968777048
-24.3681196877705
-20.6201196877705
-41.3341196877705
-35.9501196877707
-28.2101196877708
-10.2101196877708
-4.64811968777068
-45.5841196877706
-39.7741196877707
-22.9901196877704
-4.10411968777068
-11.8741196877707
-28.218119687771
-17.2381196877713
-14.2401196877713
-10.4221196877713
-15.2481196877713
-2.48811968777128
-12.9141196877712
-9.01011968777118
-11.7601196877712
-62.7221196877712
-73.7121196877712
-31.8701196877712
-55.2221196877712
-34.6381196877713
-64.0841196877713
-47.7501196877714
-55.0681196877711
-34.1341196877711
-16.5641196877712
-21.2421196877712
-8.55811968777118
-8.74011968777128
-8.04611968777118
-32.4541196877714
-27.3181196877714
-29.0361196877714
-35.6861196877715
-26.4521196877715
-30.8761196877715
-50.8441196877716
-42.0821196877717
-52.0521196877716
-60.7121196877716
-32.2501196877716
1.36788031222822
3.14388031222832
-3.77411968777158
-59.4461196877715
-58.2801196877712
-39.1841196877706
-7.15411968777068
-13.0481196877708
18.9978803122293
2.96388031222931
5.05988031222932
-9.74811968777068
11.9018803122293
8.46988031222921
2.57788031222932
-0.946119687770683
-12.8881196877707
4.96788031222942
-7.64411968777068
-33.6281196877707
-24.9701196877708
-29.2061196877707
0.599880312229317
3.38588031222932
-6.76811968777078
-15.3141196877709
-8.63611968777088
-5.65011968777088
6.31788031222921
-6.50811968777108
3.48188031222902
-18.5101196877709
-31.4901196877709
-51.4881196877708
-53.1961196877708
-34.4621196877709
-126.448119687771
-133.222119687771
-99.7681196877709
-104.070119687771
-110.266119687771
-115.466119687771
-71.8701196877708
-56.7721196877707
-61.7481196877712
-41.6561196877713
-41.0501196877713
-33.9441196877711
-19.5581196877711
-22.8361196877711
-8.82811968777108
-37.3341196877711
-31.3901196877711
-81.428119687771
-118.046119687771
-93.3061196877711
-54.5441196877711
-42.0541196877711
-18.1861196877712
-20.5361196877712
-3.63211968777098
12.131880312229
15.177880312229
-21.1101196877711
-2.41811968777108
26.9598803122289
-22.7501196877711
1.53388031222902
28.343880312229
34.3478803122289
26.697880312229
35.4198803122288
28.9558803122289
26.3138803122288
35.3238803122289
28.6898803122289
55.3538803122288
48.7898803122287
46.5778803122287
32.0898803122288
31.4538803122287
32.3698803122286
41.6118803122287
28.0018803122286
31.0238803122286
27.2138803122286
7.98988031222872
-15.6561196877714
-2.75411968777148
0.33188031222862
-20.5041196877714
-22.6121196877713
-10.9721196877713
-1.90611968777138
-14.2221196877713
-37.5821196877713
-31.8601196877712
-31.8601196877712
-44.4281196877711
-41.8201196877712
-63.8401196877713
-54.9401196877713
-84.8801196877712
-73.6981196877712
-44.4841196877711
-53.6881196877711
-108.144119687771
-82.6581196877708
-78.2081196877709
-65.3441196877707
-46.9821196877708
-92.0621196877708
-79.1541196877708
-82.8501196877708
-76.0921196877708
-69.3441196877706
-48.8321196877707
-51.8301196877706
-50.7101196877706
-44.6881196877705
-44.5441196877705
-56.9801196877705
-41.2841196877705
-34.4861196877705
-33.1721196877706
-26.3121196877706
-42.4721196877708
-37.8821196877707
-38.9221196877706
-26.1121196877706
-22.3121196877707
-23.3901196877706
-8.88611968777058
7.14988031222931
3.16988031222932
-17.1781196877708
-17.4801196877708
-4.90811968777088
-23.5661196877709
-34.0181196877709
-16.896119687771
-53.9481196877711
-72.066119687771
-55.4381196877711
-40.8221196877715
0.533880312228618
26.4178803122287
7.63788031222882
25.9538803122287
8.87188031222882
2.03588031222872
0.0158803122287168
-61.3441196877713
-53.2921196877713
-35.6221196877712
-3.92411968777118
-16.3241196877712
-32.2421196877712
-85.4761196877712
-52.9821196877713
-67.8921196877712
-38.0501196877713
-20.2381196877714
-26.8361196877714
-43.1641196877713
-22.2041196877714
-36.7881196877712
-3.83011968777128
2.72388031222872
2.68588031222872
-29.7961196877714
-34.4981196877714
-35.2801196877713
10.9958803122287
13.0178803122288
24.1838803122287
28.7698803122287
29.3298803122287
-16.1741196877712
-10.8601196877713
-13.7541196877711
-36.3381196877711
5.87788031222882
12.9998803122289
-68.7841196877712
-58.2601196877712
-33.2841196877711
-16.9881196877712
25.8418803122289
-25.240119687771
-25.240119687771
-38.846119687771
-30.9381196877709
-10.7961196877708
16.2338803122293
16.2338803122293
-0.0261196877706809
16.843880312229
14.6498803122291
-21.8081196877711
-14.664119687771
1.09388031222892
-8.68611968777098
3.90388031222902
21.7958803122289
25.1118803122288
15.0878803122288
7.26588031222882
30.9558803122288
29.9658803122288
-0.392119687771284
-6.85411968777118
-4.80611968777118
11.773880312229
16.1778803122291
-8.33211968777088
34.6438803122292
47.2598803122291
-4.71611968777088
17.6298803122291
2.22388031222912
16.3078803122291
14.7978803122292
32.1278803122291
41.6078803122292
27.8718803122291
44.223880312229
0.935880312229116
8.54188031222922
19.8958803122291
0.507880312229119
-4.42011968777108
-22.5001196877712
-27.8781196877713
-7.46611968777108
-5.57411968777108
12.9938803122288
22.1678803122288
9.22788031222862
10.6998803122287
3.08188031222862
24.3898803122287
26.7258803122288
-53.360119687771
-27.548119687771
-5.26611968777128
12.4738803122287
-32.6481196877714
-23.4321196877714
-25.6141196877714
-59.9281196877714
-6.78611968777138
8.14388031222852
4.96388031222862
4.96388031222862
-12.3461196877714
-2.72211968777128
1.83788031222872
20.6578803122287
-6.58011968777128
-4.11611968777128
-23.0481196877713
5.52788031222872
15.7778803122287
-33.6381196877714
-35.5401196877714
-35.5401196877714
-12.7761196877716
0.16188031222832
-54.9961196877716
-15.8441196877716
-7.39411968777168
7.59788031222842
18.9558803122283
-39.5501196877715
-16.2421196877717
-22.4521196877717
-42.0561196877718
-41.4581196877714
-9.47211968777138
-10.9361196877716
-133.656119687771
-131.546119687771
-131.546119687771
-124.206119687771
-37.9841196877709
-14.2841196877709
-38.5841196877709
-38.5841196877709
-30.480119687771
-27.000119687771
-18.896119687771
-7.70411968777098
-7.03411968777078
0.891880312229219
4.90388031222922
-42.1561196877708
-77.4901196877708
-83.1061196877709
-60.3561196877709
-15.150119687771
-10.740119687771
-33.7001196877711
-48.1241196877713
-39.4141196877712
-25.8101196877712
-5.25211968777128
3.73788031222872
19.8778803122288
31.9458803122288
35.2938803122289
15.1518803122287
6.59588031222842
23.2778803122286
31.7018803122283
50.6178803122281
14.9838803122281
8.69388031222832
12.6498803122283
7.81588031222822
23.0018803122283
-23.8401196877717
16.4718803122283
-70.2681196877717
-17.3221196877717
-18.3681196877717
-33.7661196877719
-72.830119687772
-30.9881196877719
-32.5921196877719
-41.5761196877719
-14.6741196877719
-83.4461196877718
-18.6601196877718
8.05188031222811
0.207880312228021
-48.4261196877721
-46.9521196877719
-47.7901196877718
-44.4001196877717
-16.3761196877717
8.18388031222832
17.5818803122282
17.0858803122284
34.9498803122286
26.2318803122286
51.7838803122286
48.2758803122287
-38.2961196877713
-9.86411968777128
5.15588031222872
13.813880312229
10.791880312229
11.4718803122289
10.0398803122287
-27.5161196877712
-29.620119687771
-15.422119687771
-8.82811968777108
-100.358119687771
-48.3861196877711
-40.3741196877711
-49.4301196877712
4.55788031222892
15.9458803122289
-24.4541196877712
-33.8341196877712
-62.5361196877712
-39.2741196877711
-76.2141196877711
-43.5161196877712
-82.9981196877714
-76.0721196877716
-61.1781196877715
-155.440119687772
