14.5525464344953
-1.96545356550448
4.60654643449562
-3.04945356550408
9.60454643449582
27.0365464344961
7.28054643449612
4.64254643449561
3.21654643449562
20.7405464344957
6.36254643449552
-0.0654535655046828
40.3925464344951
5.82454643449522
3.17254643449522
15.6385464344953
1.03854643449532
8.47054643449522
3.79854643449512
5.11254643449512
-5.62145356550488
9.58454643449512
-3.28545356550488
3.95254643449502
-0.26145356550488
6.42254643449522
18.6185464344953
-8.26745356550468
-18.9654535655045
-0.883453565504681
5.88854643449532
-9.20345356550468
-0.0974535655050843
-0.893453565505183
-19.7274535655054
-6.80545356550558
-27.0754535655059
-12.313453565506
-16.693453565506
9.18654643449412
-15.4914535655059
-8.97745356550578
2.55054643449432
-2.92545356550568
-13.0454535655059
5.70454643449412
-14.3974535655056
-3.74145356550558
-3.19345356550558
-5.92345356550538
-12.8114535655055
1.90054643449452
1.98054643449462
7.00854643449452
5.44854643449452
-29.0474535655054
-23.5534535655054
-25.5494535655055
-21.7894535655055
-5.96745356550548
-13.2674535655055
-8.67345356550538
-6.92945356550538
-21.0954535655054
-1.36545356550538
-20.0994535655055
-11.4934535655055
-8.97545356550538
-16.3594535655056
3.45854643449442
-5.56345356550548
-27.8014535655054
-14.7774535655053
-19.3314535655053
-9.93745356550538
-9.68945356550538
-20.4894535655052
-27.0574535655052
-20.6574535655052
-10.8434535655053
-6.13545356550528
-23.7154535655053
-39.8854535655055
-18.3514535655054
-17.7374535655054
-16.0854535655053
-7.07745356550548
-41.0954535655057
-23.833453565506
-38.5054535655057
-31.6134535655058
-26.3574535655061
-22.4054535655061
-17.8034535655061
-37.4434535655062
-27.9274535655061
-17.7794535655061
-30.1214535655061
-17.3874535655062
-20.685453565506
-12.373453565506
-16.4734535655061
-7.67745356550608
-6.81945356550608
3.77854643449402
-10.7374535655061
-17.725453565506
-34.6474535655059
-29.005453565506
-16.987453565506
-11.8694535655059
-21.8294535655059
-16.6634535655061
-15.6814535655061
8.68454643449372
-21.7094535655063
-4.73345356550628
-36.0914535655062
-29.1314535655062
-26.8974535655061
-30.9674535655062
-32.7034535655061
-35.2594535655061
-33.411453565506
-31.1454535655062
-3.25745356550618
-0.34345356550628
-8.41945356550618
-28.827453565506
-28.0914535655061
-34.681453565506
-14.893453565506
-17.007453565506
-26.215453565506
-41.9874535655061
-25.1074535655061
-15.4394535655061
-34.5774535655061
-33.897453565506
-6.50145356550608
-21.3954535655061
-7.24945356550608
-9.01945356550598
-45.9674535655061
0.506546434493814
-14.5554535655061
-4.72745356550608
-22.0694535655061
-25.2714535655059
0.452546434494018
-12.5774535655059
-8.16545356550568
-24.9954535655058
-14.3754535655056
-4.29745356550568
-13.9974535655057
-10.7254535655058
-17.4454535655057
-21.5094535655057
-21.5854535655057
-15.3454535655056
-0.645453565505484
-31.0134535655056
-0.519453565505486
-17.8374535655055
7.98454643449452
-17.2214535655051
-38.8094535655053
-14.2654535655053
-17.3334535655053
-25.6214535655052
-26.9254535655054
0.320546434494815
-34.4234535655052
-21.2154535655052
-11.1954535655052
-18.4534535655052
-3.85145356550528
-13.8034535655053
-20.0014535655053
-20.1774535655053
-18.7574535655053
-47.6394535655052
-19.7734535655052
-16.9574535655052
-26.9034535655052
-33.2894535655052
-14.7334535655053
-26.5694535655053
-22.5094535655053
-25.4494535655052
-6.11745356550538
-27.8414535655052
-43.8874535655053
2.94854643449452
-16.7374535655055
13.5645464344945
-28.5454535655055
-29.7854535655053
-38.4614535655053
-25.0394535655053
-8.86945356550528
-20.7074535655053
-0.609453565505483
11.2165464344945
-29.9754535655055
-33.2994535655057
-13.3314535655058
1.71854643449412
-23.1034535655061
-18.8194535655059
-11.7954535655058
-3.89145356550578
-10.5394535655061
24.3425464344939
16.0905464344939
-6.95145356550618
25.9305464344938
25.8325464344938
-11.5194535655061
-20.9214535655062
-4.88545356550608
-15.8974535655061
8.65854643449401
8.65854643449401
8.30854643449402
0.848546434493919
2.61454643449392
-6.95145356550608
-15.2594535655062
16.6345464344938
16.5565464344938
-2.18145356550628
3.40454643449382
2.18054643449382
-10.9214535655063
4.86654643449351
-0.755453565506585
-27.4194535655064
-21.7454535655062
0.272546434493819
-15.0874535655062
-10.8654535655061
-10.9214535655062
3.62054643449392
7.30054643449372
-12.717453565506
-2.02145356550588
-12.7014535655058
-15.9474535655059
3.31654643449421
-12.4194535655056
-8.63945356550548
-4.46145356550568
-21.5274535655057
-12.9894535655059
-10.4274535655059
-21.0294535655061
-12.3374535655061
-22.4774535655061
-12.3254535655061
-23.1754535655061
7.19654643449402
-16.1154535655061
-32.8374535655061
-7.84945356550608
-13.6694535655061
-42.449453565506
-33.8214535655061
-3.99145356550608
-28.6354535655061
-11.8194535655061
-26.041453565506
0.226546434493919
-17.803453565506
-4.95345356550598
-27.039453565506
-10.659453565506
-26.8774535655059
-7.64745356550588
-20.4894535655059
-32.1074535655058
-17.2394535655058
-24.0214535655057
-39.0574535655056
-23.0154535655057
-19.9034535655058
-15.0394535655057
-40.9474535655056
-21.1534535655058
-5.20745356550578
-27.0534535655057
-17.1374535655058
-14.879453565506
-13.7914535655059
-5.86745356550588
-6.93345356550578
-5.54945356550568
-31.5494535655056
-8.67345356550558
-7.26345356550568
-23.3454535655054
-22.8014535655057
-13.8214535655057
-17.0454535655057
-21.4254535655057
-12.3674535655057
-29.5574535655056
-10.8794535655057
-1.58145356550568
-22.7374535655056
8.68254643449422
0.0325464344944137
-34.9754535655058
-14.8054535655057
-17.3914535655057
-32.8614535655057
-1.75545356550578
-10.0674535655057
-13.9094535655059
6.61454643449412
-17.5774535655059
-20.8054535655058
-26.4794535655059
-21.625453565506
-19.711453565506
-16.869453565506
-8.05745356550598
-16.419453565506
-20.897453565506
-20.2914535655062
-2.73345356550618
-23.1174535655061
-18.5834535655061
-45.671453565506
-14.6234535655061
-7.99545356550608
-39.879453565506
-30.4934535655059
-33.2434535655059
-1.61545356550608
10.1245464344938
0.740546434493915
-33.5974535655062
-38.8054535655062
-27.3174535655062
-38.2254535655062
-15.9014535655063
-21.0874535655062
-13.0814535655062
-26.1054535655063
-25.9374535655063
-33.5174535655063
-10.6094535655063
-25.6994535655063
-44.1654535655063
-25.3774535655063
-27.5314535655063
-22.4194535655062
-36.1994535655062
-43.8314535655062
-43.9874535655063
-21.9554535655063
-37.2214535655062
-38.069453565506
-25.9794535655061
-12.827453565506
-12.133453565506
-26.8554535655061
-21.7394535655061
-18.7474535655062
-15.2514535655061
-12.2174535655061
-11.9854535655061
-21.469453565506
-30.1494535655059
-38.1714535655058
-18.5934535655059
-18.087453565506
-35.385453565506
-29.1834535655057
-20.5594535655055
6.86254643449482
-7.44145356550528
-4.22945356550508
-15.5774535655052
-17.5474535655051
-12.8194535655052
-12.5834535655052
0.616546434494914
-16.3134535655051
-29.1934535655052
-33.7614535655051
3.73454643449482
-19.7534535655051
-1.99345356550518
-1.42745356550518
-12.7394535655052
15.9605464344948
-54.0634535655053
-28.2554535655053
-4.38745356550518
-36.5534535655052
-7.08745356550528
-16.5334535655053
18.2145464344946
-6.45745356550528
-26.5554535655054
-9.08745356550518
-22.0794535655053
-35.5414535655052
-28.6314535655053
3.07454643449461
-29.1854535655055
-6.14345356550538
-21.1014535655055
-4.31945356550558
-10.4054535655056
-10.1314535655058
20.6985464344942
-31.2154535655059
-28.479453565506
-42.1974535655059
-18.9774535655062
-43.9394535655062
6.51454643449392
-25.6654535655062
-5.96745356550618
14.8325464344938
-25.4434535655062
1.33854643449381
-14.1994535655062
-24.1634535655062
-11.5974535655062
-23.3414535655061
-9.31145356550608
-6.45345356550618
-11.0154535655062
5.21854643449382
-4.76145356550618
-17.2114535655062
-5.36145356550618
-19.6454535655063
-32.6854535655064
-15.0854535655064
-15.7754535655062
-22.8114535655063
-31.9154535655062
-16.9534535655062
-29.9014535655062
2.04654643449382
-8.61145356550618
-1.82145356550618
-39.7794535655061
-29.6314535655062
-10.0714535655061
-0.597453565506186
-14.8574535655065
-36.0254535655064
1.20054643449382
-29.6594535655063
-13.9134535655061
-34.7234535655063
-6.12345356550628
-11.571453565506
-6.98545356550588
-26.0494535655058
-8.32945356550588
-19.0514535655059
-18.7814535655059
-11.751453565506
-5.21745356550598
-10.5894535655059
-20.765453565506
-10.051453565506
-21.0194535655059
-20.2134535655058
-13.1634535655059
-19.919453565506
-4.87745356550588
-25.6794535655058
-18.6334535655059
-13.799453565506
-20.823453565506
-35.0934535655058
-15.1294535655058
-15.357453565506
-2.95745356550588
-23.2594535655059
-27.571453565506
-20.7074535655061
-25.7254535655061
-21.4574535655061
-17.567453565506
-29.097453565506
-11.6914535655057
-2.70145356550558
-21.9114535655057
-17.0494535655059
-12.9894535655058
-22.3774535655062
-27.5914535655058
-13.5194535655058
-28.287453565506
-9.51545356550608
-29.311453565506
-26.141453565506
-17.1994535655061
-20.527453565506
-11.0454535655061
-31.105453565506
-14.9194535655061
-21.2374535655062
-14.2334535655062
-13.2694535655061
-16.3614535655062
-11.5394535655061
-23.9534535655062
-18.5214535655062
-34.4814535655062
-21.551453565506
-24.4454535655062
-21.3814535655061
-13.0254535655061
-22.1794535655061
-1.75545356550588
12.666546434494
-31.6254535655061
-19.8554535655061
-5.97745356550608
-51.9894535655062
-26.6074535655061
-7.67145356550598
-2.19545356550589
-15.1474535655058
-16.1874535655058
-30.349453565506
-4.50945356550608
-16.629453565506
-5.82745356550598
-25.8574535655061
-28.835453565506
-18.787453565506
-24.5794535655061
-19.751453565506
-14.165453565506
-14.1034535655059
-16.8974535655059
-17.8654535655059
-16.1654535655058
-6.27545356550568
-24.6754535655058
-40.7374535655059
-18.3894535655059
-14.5254535655059
-21.9754535655059
-17.1214535655061
-28.0054535655061
-15.919453565506
-21.349453565506
-6.75545356550598
-5.48145356550598
-16.1814535655058
-24.0794535655058
-25.6434535655058
-14.489453565506
-16.123453565506
8.04854643449391
-23.3114535655065
-5.20945356550628
-41.4914535655065
-24.9374535655062
-23.683453565506
-17.385453565506
-18.6294535655058
13.2605464344942
-8.02745356550578
-29.3414535655059
-20.1694535655059
-15.5394535655059
-11.6194535655058
-10.9454535655059
-11.1934535655059
-17.1674535655059
-12.3474535655059
-15.533453565506
-31.8914535655059
-19.803453565506
-16.2334535655058
-31.5474535655058
-31.6654535655058
-19.0514535655058
0.93254643449422
-47.0254535655057
-35.2934535655056
-12.4814535655056
-16.6734535655056
-16.7874535655056
-18.6194535655056
-4.95745356550548
-4.95745356550548
-13.6274535655056
-11.9414535655056
-6.66945356550548
-6.99145356550548
-22.9334535655053
-22.8274535655052
-24.7494535655052
0.238546434494616
-3.31145356550508
-19.0914535655052
-15.7354535655053
-34.1274535655057
-18.7314535655059
-3.73545356550588
-31.9614535655059
-23.4894535655059
-8.82345356550598
-28.8454535655059
-11.9654535655059
-24.9674535655058
-26.8894535655059
-17.8394535655059
-5.93345356550588
-19.0534535655059
-27.0294535655057
-2.16945356550568
-28.2294535655058
-20.3034535655058
-17.5274535655059
-24.4194535655057
-23.6894535655057
-31.3674535655058
-22.8074535655059
-22.0434535655059
-35.1234535655059
-27.5794535655059
-33.937453565506
-19.1434535655059
-40.247453565506
-22.937453565506
-14.087453565506
-23.131453565506
-20.939453565506
-30.1174535655059
-36.5714535655056
-34.3174535655056
-24.8474535655056
-4.95745356550558
-42.8934535655054
-41.5414535655054
-45.6614535655053
-26.1974535655052
-21.8434535655048
-34.3014535655048
-19.2514535655049
-18.6094535655049
-6.16345356550488
-24.2574535655048
-13.1194535655049
-23.2534535655049
-14.8734535655049
-39.1914535655049
-19.2734535655049
10.5325464344952
-10.7074535655047
-33.2554535655047
-19.9154535655048
-24.2574535655048
-12.1334535655048
-29.7454535655047
-16.8474535655048
-17.8674535655048
-7.34945356550488
-5.07745356550498
-34.1754535655049
-25.241453565505
-24.2314535655051
-17.1994535655053
-4.48545356550538
-14.0514535655054
-14.0514535655054
-1.90745356550519
-30.7894535655053
-10.9474535655054
-11.8994535655055
-29.9454535655056
-13.1574535655056
-14.1694535655055
-13.5114535655056
-26.7914535655059
-21.0334535655062
5.98054643449342
17.6345464344935
-22.0834535655064
-16.4234535655064
-3.50745356550638
-13.5174535655064
-6.64145356550638
-37.5954535655065
-24.2074535655064
-14.7794535655063
-16.6754535655064
-21.8134535655064
-30.7214535655064
-19.6774535655065
-29.7634535655065
-20.3854535655064
-12.1514535655065
-13.5594535655065
-20.2694535655064
-2.48345356550648
-12.6634535655065
-24.6254535655063
-27.2734535655062
-18.6914535655061
-15.6434535655061
-9.46945356550618
-31.4454535655059
-14.1434535655058
-7.17345356550578
-21.0934535655057
-30.9314535655057
-44.0974535655058
-42.5614535655057
-41.5654535655057
-41.0034535655056
-53.7374535655056
