10.4781839904421
9.84818399044201
17.2001839904419
2.25418399044201
-9.23381600955779
6.27018399044231
5.41018399044251
7.52018399044281
-21.7738160095571
-7.96381600955689
23.6741839904432
-18.5078160095563
0.238183990443808
-21.0418160095559
0.772183990444407
30.9521839904444
19.0461839904443
-7.53981600955569
-15.8418160095557
-11.0938160095557
-11.6498160095558
-11.1938160095559
-14.5998160095559
-21.8378160095558
-21.1498160095563
4.53018399044361
-19.7758160095569
-6.10181600955739
-10.4898160095576
-29.8078160095574
-7.56381600955739
-1.28381600955709
10.1181839904427
-21.6638160095573
-22.4718160095573
-14.2998160095573
-13.2378160095573
7.94418399044281
25.4561839904428
-31.0598160095571
-28.4198160095572
-27.1478160095572
15.7861839904429
3.71018399044261
-1.47381600955739
7.64218399044261
21.7601839904428
32.3201839904427
6.94418399044281
-6.87181600955729
7.26618399044281
17.8901839904427
-3.94581600955749
-8.85181600955739
-1.83381600955749
2.13818399044261
-17.7338160095574
-15.4098160095574
7.50218399044251
-4.01181600955749
-14.5098160095577
10.9421839904423
-4.13581600955759
-2.27981600955759
11.8861839904423
9.40418399044221
6.61618399044221
9.434183990442
17.038183990442
-1.39381600955819
-11.8958160095582
-15.3378160095583
6.90818399044161
9.25018399044151
-16.2898160095584
-8.15181600955879
10.9401839904409
-6.75381600955899
-2.68581600955919
-14.3058160095591
-6.89381600955899
-8.73781600955919
-17.9398160095592
-38.2758160095591
-27.5938160095591
-19.9598160095591
-45.5358160095591
-10.0498160095591
-18.407816009559
-34.945816009559
-19.943816009559
-7.49381600955909
-5.20181600955889
-33.299816009559
-32.5318160095589
-30.513816009559
-18.419816009559
-24.4758160095589
-4.47181600955889
-9.39981600955889
-36.2118160095589
-32.243816009559
-25.343816009559
-28.211816009559
-10.087816009559
-21.945816009559
-17.111816009559
-14.5018160095592
-7.87381600955899
-1.34381600955919
-15.0798160095592
-15.0798160095592
-24.3978160095592
-6.86581600955909
-12.3078160095591
-16.5358160095593
-10.4978160095592
-6.62381600955919
-39.8958160095592
-40.7798160095587
-34.7238160095587
-29.3498160095589
-19.011816009559
-35.6778160095589
-38.6118160095588
-33.7378160095584
-16.3658160095587
-27.4318160095587
-19.9718160095587
-31.0538160095586
-7.05581600955869
-10.2618160095587
-11.9358160095587
-37.0338160095587
-15.2978160095587
-27.2758160095586
-29.3518160095587
-21.4558160095587
-23.2118160095587
-23.2118160095587
-15.0678160095586
-30.3758160095587
-19.9098160095588
-9.94981600955879
-14.9898160095588
-25.6698160095588
-29.6118160095588
-1.78781600955879
-3.87581600955879
-23.9178160095587
-12.1238160095585
-21.0418160095586
-29.8198160095585
-37.2318160095585
-26.6278160095585
-22.0958160095583
-9.97781600955829
-24.5058160095583
-27.0638160095582
-25.3338160095583
-31.5758160095582
-10.8738160095581
-20.425816009558
-13.351816009558
-23.9338160095579
-29.6798160095578
-16.5838160095577
-20.9058160095576
-13.0558160095576
-17.3578160095577
-17.3338160095579
-15.6758160095577
-16.4418160095576
-38.2118160095575
-18.0898160095576
-3.41981600955749
-27.3058160095574
-25.3178160095573
-13.8838160095573
-25.1778160095573
-12.8538160095574
7.99418399044271
-19.6658160095574
6.30218399044271
-7.51381600955729
-25.8878160095573
-23.5558160095574
-24.6858160095575
-12.3518160095574
-14.3078160095575
-28.8098160095575
-21.7038160095575
-19.5858160095576
11.4341839904424
-39.8678160095576
-22.3458160095575
-32.5158160095576
-18.2818160095575
3.67818399044251
-18.4278160095575
-19.0858160095577
-1.93381600955769
-13.8358160095577
13.7901839904423
-2.84781600955769
-15.8098160095576
-10.8578160095576
-11.0958160095577
-20.8278160095577
-2.89381600955779
-7.22581600955779
3.56218399044241
1.21218399044231
10.7801839904422
8.97018399044191
-12.101816009558
-23.8478160095581
-30.7778160095581
-28.7758160095581
-3.10181600955809
-0.235816009558093
-19.7218160095581
-14.747816009558
-16.6558160095581
-17.7498160095581
-5.04381600955809
6.53218399044191
-17.1118160095581
-5.49581600955789
9.16218399044211
6.84218399044221
8.01418399044221
10.7121839904422
12.8441839904423
19.9981839904423
10.0081839904423
-6.47381600955789
-6.69581600955799
-12.429816009558
-21.921816009558
-11.433816009558
-28.789816009558
-32.1418160095579
-24.6518160095579
-30.6278160095579
-36.3438160095582
-11.3978160095583
-31.2618160095583
-29.1018160095585
-28.9778160095584
-16.1998160095585
-29.1178160095586
3.87818399044111
8.23218399044121
-17.7098160095587
-27.5458160095588
-25.7878160095588
-24.4998160095588
-30.9098160095588
1.01618399044121
-35.1138160095588
-33.7998160095589
-28.8458160095588
-33.9338160095588
-27.8738160095587
-33.8738160095587
-30.5218160095587
-16.9838160095587
-35.6058160095588
-37.0078160095588
-24.2638160095588
-30.6818160095588
-13.1298160095589
-10.0878160095589
-26.7578160095591
-21.7618160095591
-36.5638160095589
-14.443816009559
-16.8258160095588
-21.1638160095588
-17.7418160095588
-29.0538160095588
-17.271816009559
-8.31181600955889
-14.0638160095589
-25.9438160095588
-18.7498160095587
-1.67381600955869
-1.85781600955869
-31.1638160095587
-23.1718160095586
-27.9958160095585
-18.5618160095585
-7.74781600955849
16.3801839904419
16.3801839904419
18.1981839904419
0.120183990441809
7.06618399044181
17.9141839904418
18.7601839904419
-0.0818160095580929
-8.60781600955819
0.890183990441908
4.90818399044191
13.6461839904418
13.6461839904418
-17.9938160095581
-24.2438160095581
-26.4898160095581
-24.4918160095582
-28.8858160095582
-28.1278160095583
-30.2638160095583
-37.4738160095584
-10.5878160095584
-27.7578160095584
-33.7778160095585
-28.9438160095585
-31.6958160095581
-30.0238160095582
-30.0298160095583
-36.2138160095584
-36.3658160095583
-21.5178160095584
-29.8238160095584
-33.8358160095583
-32.6398160095581
-28.639816009558
-7.99181600955779
-32.6538160095581
-33.2578160095579
-33.093816009558
-15.1398160095581
-22.4058160095582
-33.1118160095583
-37.5978160095583
-12.1318160095583
-17.5398160095583
-5.40781600955839
-30.8298160095584
-34.1798160095583
-6.91981600955829
-23.9538160095584
-5.95981600955849
-23.2958160095584
-20.3298160095584
-5.40581600955839
-10.8278160095583
-8.06381600955829
-22.3078160095583
-22.3618160095582
-15.6278160095583
-10.7658160095582
4.00618399044161
-8.38581600955839
-15.7218160095583
-5.51781600955839
-8.12381600955839
10.7201839904416
-8.03981600955839
-4.83181600955829
1.57018399044181
-7.29781600955829
0.0601839904414092
-1.59581600955879
1.546183990441
3.54418399044111
2.29218399044091
-27.439816009559
-16.5698160095585
-32.1138160095585
-27.2578160095585
-18.4058160095584
-14.7278160095584
-29.2338160095585
-8.59581600955849
-31.0258160095584
-31.6258160095584
-22.5858160095583
-23.6798160095584
-15.6518160095584
-31.5758160095584
-21.6498160095585
-23.9278160095584
-35.1158160095583
-38.1578160095584
-25.0098160095582
-33.7478160095583
-34.3458160095581
-25.2018160095582
-26.2058160095582
-32.0678160095582
-23.7718160095583
-24.8318160095582
-36.8698160095582
-25.7338160095583
-31.1578160095583
-15.8058160095582
-11.1018160095577
-17.5378160095578
-22.0138160095578
-25.7718160095576
-24.6758160095577
-20.7158160095577
-17.2678160095577
-13.1738160095579
-6.88381600955799
-5.95581600955799
-11.1898160095581
-24.3658160095581
-29.9578160095581
-22.3138160095581
-28.945816009558
-26.491816009558
-7.23381600955799
-18.393816009558
-20.6338160095581
-27.249816009558
-24.9058160095582
-10.8878160095581
-8.60981600955809
-26.3798160095582
-34.7818160095581
-21.4798160095582
-8.54781600955809
-10.6018160095581
-25.685816009558
-29.4398160095582
-20.5578160095581
-6.43981600955789
-17.2618160095578
-9.43981600955779
-12.693816009558
-7.19781600955799
9.50018399044191
-4.76181600955809
-16.8958160095582
-16.8598160095581
-10.0098160095581
-0.145816009557993
6.07418399044181
-20.043816009558
-29.955816009558
-6.69181600955799
-15.869816009558
-23.575816009558
-26.447816009558
-23.071816009558
-15.3018160095581
-17.5918160095581
-21.291816009558
-11.411816009558
-36.5738160095581
-23.0098160095582
-20.0838160095582
-21.2798160095581
-23.3038160095581
-26.181816009558
-13.401816009558
-4.75381600955789
0.966183990442108
-24.3918160095579
-20.501816009558
-29.3178160095581
-13.3018160095581
-25.3658160095582
-25.5618160095581
-17.6718160095581
-22.7438160095581
-10.9298160095582
-15.9338160095581
-27.7718160095579
-23.5758160095579
-23.5758160095579
-18.3358160095579
-20.9698160095578
-6.86981600955809
-2.13981600955819
-19.2078160095582
-27.9418160095582
-13.1978160095585
-19.6938160095583
-15.4978160095586
-20.5058160095587
-15.8918160095587
-15.9078160095588
-20.9238160095588
-19.0338160095588
-19.3638160095588
-19.3518160095588
-19.3118160095588
-4.53581600955869
-19.7798160095588
-27.0878160095589
-30.9618160095588
-13.8658160095588
-20.8978160095587
-15.9218160095587
-29.9098160095586
-22.1118160095588
-20.0198160095588
-20.8058160095587
-30.3378160095589
-29.1358160095589
-14.2738160095589
-17.4718160095589
-29.5238160095589
-30.4158160095587
-11.4878160095587
-40.3318160095589
-34.0998160095589
-2.87381600955889
-35.713816009559
-8.45781600955919
8.32618399044091
3.61818399044081
0.0641839904408066
-4.14781600955929
-0.847816009559292
-15.1838160095593
-13.3878160095593
2.58418399044081
-3.78381600955939
-18.1378160095595
-19.4358160095594
-33.3918160095595
-29.0518160095594
-12.0698160095593
-33.0458160095592
-6.16781600955909
-23.2018160095591
-36.0558160095591
-16.7378160095591
-28.4838160095591
-28.4838160095591
-8.10381600955919
2.63018399044091
-17.6678160095591
-22.7578160095591
-29.7958160095591
-25.9238160095591
-32.8378160095591
-33.7738160095591
-26.7818160095591
-14.9638160095591
-10.123816009559
-6.50781600955909
-12.8658160095589
-8.07381600955899
-31.171816009559
-31.043816009559
-29.8618160095591
-37.9938160095589
-24.0018160095589
-26.8718160095589
-26.0178160095589
-10.271816009559
-24.7178160095589
-28.7378160095586
-27.6718160095587
-27.7318160095586
-45.5578160095587
-21.8558160095584
-5.82381600955829
-20.2218160095582
-20.949816009558
-15.3598160095579
-26.0998160095578
-24.1358160095578
-26.2598160095581
-18.301816009558
-21.0158160095581
-18.7518160095582
7.22418399044181
-12.8558160095581
-27.2238160095582
-13.3418160095581
-19.6078160095582
-2.66581600955819
-33.8918160095582
-23.8638160095581
-6.90581600955819
-24.0158160095581
-25.4138160095581
-13.4978160095582
-1.74781600955799
-22.0018160095581
-15.981816009558
-37.5798160095582
-11.3458160095581
-11.177816009558
-3.03781600955819
-12.1318160095582
-16.3458160095582
-13.4318160095581
-19.6478160095583
-14.0278160095584
-25.8178160095584
-20.6438160095583
-25.6698160095583
-9.23181600955839
-5.12381600955849
-14.3058160095586
5.41018399044131
-14.2218160095587
-13.4858160095589
-23.8498160095592
-18.8878160095592
-23.5078160095592
-13.4058160095591
-20.633816009559
-6.82981600955909
-5.07181600955899
-22.243816009559
-21.3198160095591
-19.323816009559
-19.9458160095589
-27.6978160095589
-12.6478160095588
-16.6238160095588
-12.5578160095589
-0.449816009558791
-8.02581600955899
-26.3058160095589
-24.0318160095589
-33.7938160095591
-25.8118160095591
-20.7278160095591
-18.5438160095591
-25.5518160095592
-9.01581600955909
1.76618399044091
-15.241816009559
-19.8758160095589
-11.7538160095588
-15.6398160095588
-21.5878160095588
-5.88381600955869
-15.9498160095586
-21.0638160095585
-0.423816009558493
-23.5978160095586
-9.53581600955849
-5.24981600955849
-13.4938160095581
-11.7758160095582
-15.0758160095584
-30.1878160095581
-21.4738160095582
-17.7818160095583
-22.6918160095581
-28.3038160095581
-8.80181600955789
-37.279816009558
-14.9758160095582
-24.0798160095583
-1.93581600955829
-19.0258160095583
-33.0578160095583
-21.5358160095583
-39.1618160095583
-13.2718160095583
-14.8578160095583
-18.7838160095583
-18.7618160095584
-15.6238160095585
2.35418399044151
-36.0398160095584
-29.9658160095583
-12.8538160095585
-16.7358160095586
-23.6858160095585
-7.35381600955849
-35.0338160095585
-33.2238160095587
-25.7458160095587
-22.7938160095589
-9.81181600955869
5.00218399044141
-23.7278160095587
-7.29981600955879
-17.1218160095589
1.18418399044121
-1.81581600955879
-6.70181600955889
-14.5278160095589
-24.0858160095589
-1.93581600955869
-28.6238160095585
-41.7898160095584
-5.43181600955849
-17.5838160095584
1.86418399044151
-15.409816009559
10.5441839904412
-24.8478160095586
-21.3618160095585
-3.39381600955849
-15.2638160095585
-32.9018160095584
-7.89981600955839
11.8021839904416
-21.3778160095585
2.28418399044151
-8.69181600955849
-30.4358160095585
-21.3678160095584
10.6401839904416
-8.64181600955839
-3.74181600955829
-18.9698160095583
-21.0438160095583
-20.7538160095582
-16.4598160095583
-9.23781600955829
-1.47981600955809
2.92418399044201
-7.58381600955789
-19.719816009558
-13.049816009558
-15.197816009558
-23.133816009558
-19.745816009558
-9.88981600955799
-1.30181600955799
-11.3098160095581
-9.38581600955809
-15.517816009558
-10.3618160095581
-11.2218160095581
-18.5018160095583
-19.8638160095586
-0.141816009558692
-6.24181600955889
-9.27181600955869
-18.4918160095588
-23.4078160095584
-20.6958160095586
-5.17181600955859
-16.2678160095584
4.59418399044161
-20.8698160095583
-32.0118160095584
-32.4698160095584
-10.2158160095583
-9.46181600955839
-21.5798160095584
-15.6558160095584
-18.8938160095583
-27.4898160095583
-17.5358160095583
-5.71581600955829
-13.9118160095583
-6.42581600955819
-1.25181600955819
-9.77981600955809
-0.329816009557991
-19.7058160095582
-11.5478160095582
-9.44381600955819
-23.5718160095582
-17.8058160095582
-24.4198160095582
-31.439816009558
-21.479816009558
-16.5698160095581
-13.585816009558
-34.719816009558
-13.805816009558
-15.6178160095581
-4.83781600955809
-7.25181600955799
-18.351816009558
-18.471816009558
-21.7498160095577
12.4621839904426
-12.0558160095572
-40.9418160095574
-16.6158160095575
-16.6718160095576
1.34018399044241
-11.7318160095576
0.95218399044251
-14.5078160095576
-14.8958160095576
-17.8438160095576
-4.01381600955759
-18.3118160095576
-20.3398160095576
-22.4438160095576
-14.3078160095577
-25.2058160095577
-19.8618160095577
4.33818399044221
-3.61581600955779
-29.2698160095578
-19.967816009558
-22.711816009558
-24.221816009558
-11.103816009558
-21.997816009558
-18.9058160095581
4.21618399044191
-2.50181600955819
