116.226000000004
121.264000000004
132.740000000004
152.636000000004
91.6140000000036
120.390000000003
145.070000000003
117.744000000003
161.292000000003
118.844000000002
94.9240000000019
75.6140000000015
110.686000000001
115.414000000001
90.7620000000009
38.9120000000008
50.3980000000003
86.5939999999997
112.118
79.6019999999996
61.5999999999997
12.0119999999997
-14.7100000000003
-55.1220000000004
36.3299999999996
16.3859999999996
11.0339999999995
55.3739999999997
136.216
77.7319999999997
95.2219999999996
79.8839999999997
122.736
91.2119999999998
117.068
120.314
30.7699999999996
92.9419999999997
101.432
91.3059999999994
88.9579999999995
51.2699999999996
63.7519999999996
83.8019999999996
65.4179999999997
50.4299999999997
29.8259999999997
30.7079999999999
98.2139999999999
-72.164
-76.914
-62.2140000000001
11.9200000000001
-64.116
-43.818
80.5319999999999
43.922
4.39800000000002
37.7320000000001
85.2640000000001
83.9060000000002
53.7560000000002
99.7480000000002
104.972
57.2200000000002
54.6820000000002
76.0220000000002
146.31
28.2260000000005
18.1280000000006
2.43000000000052
34.0760000000005
79.7360000000004
104.356000000001
119.754000000001
82.2120000000006
82.2120000000006
128.182000000001
72.2600000000006
48.9500000000006
62.1060000000005
89.3160000000006
114.602000000001
91.3940000000005
31.1820000000004
64.9320000000004
113.366
103.192
68.928
64.9919999999997
80.9079999999997
73.6159999999998
46.2519999999997
54.3319999999999
6.43199999999979
68.8999999999998
117.496
102.612
45.2759999999995
65.9779999999997
113.924
96.3979999999996
91.9999999999995
53.1219999999996
18.4459999999996
58.2679999999996
68.4579999999995
104.294
72.3579999999997
63.7059999999998
58.4739999999998
26.1959999999998
35.9780000000001
28.8280000000001
94.354
107.93
118.87
29.1320000000009
17.8040000000004
16.4720000000003
67.0720000000002
13.7460000000003
6.7660000000003
18.7560000000007
31.7800000000007
65.3440000000007
86.8820000000006
82.6960000000007
18.8680000000007
42.5620000000008
42.4380000000008
30.0140000000005
50.8380000000004
96.4340000000004
94.1480000000005
28.9100000000004
25.7060000000004
55.5680000000003
62.2320000000004
66.7620000000004
56.0820000000006
49.1140000000006
61.3580000000005
59.4760000000006
64.2380000000004
67.0260000000004
16.0540000000001
4.74000000000012
-17.1199999999998
-29.0939999999996
32.1420000000004
56.4080000000004
68.5780000000003
99.9620000000003
55.2000000000003
48.6440000000003
78.0680000000003
96.8460000000003
50.9060000000004
53.4580000000004
54.9420000000005
62.7620000000004
67.2120000000002
-10.4139999999998
-23.9839999999995
15.0380000000005
-38.0479999999994
7.25400000000036
-6.00199999999961
46.8060000000007
20.466000000001
19.498000000001
33.420000000001
28.7620000000009
43.6860000000008
28.3160000000009
19.222000000001
25.9260000000011
-57.2319999999992
-22.9879999999991
37.1260000000007
35.3560000000008
42.4740000000007
47.0660000000006
46.0760000000006
63.3500000000007
34.5600000000006
38.1800000000004
39.2580000000004
73.2940000000004
92.1560000000005
16.4260000000003
36.8340000000004
61.5060000000003
90.7080000000003
65.6640000000003
83.8400000000006
50.8080000000003
57.6980000000003
18.4660000000005
70.0800000000002
25.944
40.4640000000001
42.3980000000001
71.5400000000001
111.55
97.138
31.6959999999999
-27.826
-25.462
-10.63
6.17799999999988
19.5699999999999
-25.23
-23.556
-33.48
-15.5120000000001
23.626
50.4419999999999
4.48999999999978
-19.3560000000002
0.943999999999733
-41.0120000000002
25.52
0.735999999999876
-14.448
10.9680000000002
26.8240000000001
19.1059999999999
-31.5560000000003
71.3939999999998
42.3119999999998
75.7359999999998
49.2739999999997
68.2419999999997
-5.60400000000027
37.8979999999996
50.7439999999996
27.3459999999997
27.3459999999997
37.3219999999997
45.2999999999996
8.45799999999974
19.6699999999995
33.1779999999994
69.6139999999997
30.7760000000002
-2.55999999999972
-44.306
43.834
86.874
76.8640000000001
80.934
77.6
79.152
69.8940000000002
83.9920000000002
61.0980000000001
37.98
64.468
91.25
68.35
52.86
48.8059999999999
4.90599999999984
28.6359999999999
32.6299999999999
39.8319999999998
28.4299999999997
52.5979999999997
91.3939999999997
54.8259999999998
36.2259999999998
56.8199999999997
32.9879999999996
52.4539999999994
57.2839999999993
88.7639999999994
52.2879999999994
54.8579999999994
36.3659999999994
36.3659999999994
71.0399999999989
36.2659999999993
42.7299999999992
38.6639999999993
3.44999999999914
28.2179999999992
35.4439999999992
47.9719999999992
41.8079999999992
-6.46600000000069
-19.3140000000006
-6.92600000000061
19.6099999999997
59.5719999999997
62.1639999999996
56.1799999999996
17.2019999999997
55.1359999999997
48.8580000000002
-3.84799999999984
24.3340000000002
-11.8679999999997
43.6960000000003
49.6220000000003
98.0760000000002
-1.83199999999977
38.1860000000003
27.5600000000003
9.13600000000019
10.2000000000003
18.3300000000003
62.3400000000003
57.2839999999998
21.8939999999997
41.6799999999997
63.1659999999997
51.1599999999996
62.5039999999998
48.8499999999997
40.0839999999996
24.8779999999996
65.0119999999996
89.8839999999998
77.0899999999997
39.4439999999998
30.4519999999999
5.91999999999996
-76.4059999999999
5.84800000000018
-31.6379999999996
-12.1139999999996
37.9260000000003
86.1600000000003
74.9560000000001
102.598
81.672
83.2420000000001
75.098
95.2679999999999
54.4779999999998
45.8959999999997
62.4659999999997
75.6399999999996
97.6779999999997
122.594
58.2099999999997
30.7539999999998
33.2639999999998
46.8479999999998
49.7559999999999
100.442
38.854
60.5440000000001
46.3920000000002
34.5300000000001
45.8900000000001
66.6140000000001
21.5659999999999
70.58
34.8839999999999
84.6379999999999
87.2220000000002
86.6440000000001
60.7780000000001
40.5300000000001
36.1300000000001
55.3199999999999
44.542
18.758
-4.85400000000004
34.606
34.9180000000001
42.5940000000002
63.9240000000002
78.8680000000003
20.5620000000002
15.3980000000003
25.4460000000003
-13.3139999999997
97.2760000000003
31.2920000000003
50.9660000000003
71.8220000000003
61.3280000000003
115.276
27.7280000000002
20.4420000000001
27.1120000000002
42.8960000000002
63.8840000000002
20.8780000000003
26.7940000000002
34.4680000000001
49.9820000000003
29.6160000000001
64.4220000000001
39.3520000000002
46.4360000000004
22.0360000000003
37.1640000000002
37.986
53.9899999999999
5.46199999999976
70.8619999999996
63.5899999999996
62.1279999999996
53.5899999999997
72.6339999999997
25.2159999999997
55.7739999999998
46.4039999999998
68.8619999999997
70.3859999999996
72.5359999999995
116.993999999999
116.993999999999
116.592
70.2919999999996
63.6579999999996
63.0339999999994
77.8839999999994
91.4539999999994
58.4359999999997
68.8759999999997
26.8619999999996
49.4719999999996
60.3439999999996
33.3099999999996
63.8879999999997
73.9279999999997
79.3819999999998
82.7359999999998
87.7179999999998
46.6719999999998
73.5579999999998
75.678
52.362
74.3339999999999
49.9019999999998
23.7959999999999
41.8059999999999
26.3339999999997
33.2059999999997
71.8319999999992
-8.60600000000068
34.6439999999993
37.0839999999993
18.1739999999993
17.7939999999993
39.5279999999992
49.0979999999992
30.3979999999992
42.1699999999993
28.4539999999993
-0.934000000000538
47.9339999999995
-26.9740000000006
31.6259999999994
40.5059999999993
46.9179999999992
20.8639999999992
26.3739999999992
27.857999999999
26.3979999999992
-26.8440000000006
24.2059999999996
37.0879999999995
51.0099999999995
66.7979999999995
53.2119999999995
52.9479999999995
58.5079999999996
66.5279999999996
47.2939999999995
58.0619999999994
38.2739999999994
40.6479999999995
57.9999999999994
59.5239999999992
48.5119999999993
54.7699999999992
35.7799999999992
52.1599999999988
21.025999999999
5.28799999999899
-30.742000000001
-110.790000000001
8.94799999999907
37.6740000000001
37.6740000000001
-9.42399999999986
14.4400000000001
36.0900000000003
33.1500000000003
43.2060000000002
-29.7679999999997
7.6700000000003
-2.19399999999962
-3.83399999999972
6.58400000000017
40.8720000000002
22.3780000000002
23.2080000000002
-12.2519999999998
24.1160000000003
60.7040000000004
30.5460000000006
24.5100000000007
5.12800000000027
22.8660000000003
74.6240000000004
85.7100000000003
33.4780000000003
84.3760000000004
84.3760000000004
92.8360000000004
38.7920000000004
48.3220000000005
28.1260000000004
41.2640000000004
30.5680000000004
76.6220000000003
78.6940000000003
71.3860000000001
38.5560000000004
73.9360000000005
54.3020000000005
41.3820000000007
69.7180000000008
23.3420000000008
5.34800000000064
77.2640000000007
43.9500000000007
73.5380000000007
78.4360000000006
66.7280000000005
59.9280000000007
71.6720000000007
49.9460000000008
36.6840000000009
36.6840000000009
45.6360000000009
9.66800000000092
13.5340000000009
26.8820000000007
35.1280000000007
42.7000000000006
75.3100000000006
39.2140000000007
86.2380000000007
47.0740000000006
35.1720000000007
-2.99999999999955
18.3820000000004
54.0840000000004
29.0940000000004
16.7220000000003
33.4200000000003
25.6700000000003
27.8200000000003
39.1760000000003
51.1540000000003
52.8020000000004
56.3380000000002
42.8400000000001
-19.5099999999999
21.186
-0.683999999999969
30.602
-2.63399999999956
0.952000000000567
43.8860000000004
60.7060000000007
33.7100000000007
32.8680000000007
55.9340000000008
39.4960000000007
37.2420000000006
52.3820000000007
60.2320000000007
47.2820000000006
31.4860000000007
63.5200000000007
74.1180000000006
63.3480000000006
13.1000000000006
68.0800000000006
88.2800000000007
65.6400000000008
76.5920000000007
80.8760000000008
67.6900000000006
76.5760000000005
68.4740000000005
29.2600000000004
45.4980000000004
50.1680000000002
58.3439999999996
21.0799999999995
32.7059999999996
26.4699999999996
42.8479999999996
35.7359999999996
83.4879999999996
74.7559999999995
61.6519999999995
63.8419999999995
65.6679999999997
43.3419999999996
53.7239999999996
56.9379999999996
40.1479999999997
29.9419999999997
57.1319999999997
79.4079999999998
64.8979999999997
35.3619999999996
46.8799999999997
47.5719999999998
65.2839999999998
51.3859999999997
50.0759999999999
34.5899999999998
42.1039999999998
42.0359999999998
54.994
40.498
-10.7799999999997
52.2280000000002
69.5800000000002
51.772
27.95
8.16999999999996
-18.9279999999999
48.0600000000001
54.2080000000001
49.0160000000001
37.54
40.0479999999999
25.16
69.3739999999999
41.526
18.0439999999999
57.8359999999998
70.4339999999999
43.0959999999999
53.3380000000001
58.4560000000001
61.908
64.0780000000001
49.2200000000003
58.7460000000002
51.4320000000002
20.4780000000002
48.6540000000002
50.0699999999999
44.1879999999999
26.16
6.09999999999991
14.6779999999999
55.2759999999998
69.8319999999997
75.5659999999997
58.1959999999996
66.8179999999995
5.76399999999967
73.3899999999996
45.1499999999999
32.4439999999998
58.0879999999999
69.3699999999998
56.5419999999999
44.28
70.376
48.8099999999997
41.0279999999998
33.0979999999997
38.752
62.318
36.438
21.086
22.148
10.856
4.88200000000006
26.9940000000001
60.4740000000002
-41.5559999999999
-4.51199999999994
-77.1059999999998
-27.3619999999997
47.5600000000003
41.1900000000005
15.4000000000004
51.2320000000004
54.3800000000003
94.1920000000003
94.1920000000003
44.7160000000007
18.4520000000007
48.2640000000007
17.9380000000007
45.9600000000006
36.6540000000007
-25.1679999999993
44.3460000000006
37.3920000000005
51.4760000000006
29.3760000000005
69.0500000000004
-1.3979999999998
-20.0219999999998
-66.7639999999997
-11.3499999999999
20.074
73.1699999999995
59.2839999999997
-9.65600000000029
4.48599999999965
60.8459999999997
33.0879999999997
50.1319999999997
52.3259999999997
33.2919999999998
43.5799999999999
50.9280000000001
17.6080000000001
46.6839999999999
86.5839999999997
59.8340000000002
61.0560000000002
51.1420000000003
73.6140000000003
-3.91799999999967
23.0960000000002
32.5880000000001
66.1600000000002
54.4780000000002
63.3620000000002
60.4680000000002
71.3060000000003
63.9560000000001
55.5340000000001
53.3120000000001
-5.57199999999978
51.5280000000002
83.3960000000003
59.9640000000002
60.3420000000002
68.0060000000003
13.2980000000002
80.9480000000003
38.7220000000002
42.9220000000001
31.3520000000002
52.3920000000003
67.0420000000003
20.2480000000004
45.8480000000001
63.2639999999999
71.5259999999996
43.0899999999998
32.0459999999998
45.3219999999999
43.7659999999998
29.0519999999998
55.3059999999998
47.1699999999998
-3.57600000000014
-1.13800000000015
37.8079999999998
32.6959999999999
36.8200000000001
50.4200000000001
51.0180000000001
50.2240000000002
-17.2919999999998
39.8840000000001
39.7419999999998
-19.4140000000002
27.7879999999996
36.2239999999997
34.0239999999997
33.8219999999995
48.0459999999996
36.5419999999999
38.934
44.2039999999998
76.4639999999998
33.1639999999998
48.0819999999998
35.9779999999998
14.7519999999998
38.5120000000001
31.186
53.5360000000001
50.7639999999997
62.4959999999998
26.2799999999996
3.12999999999965
24.0719999999997
-4.92800000000045
-4.92800000000045
-32.9280000000005
-32.9280000000005
15.2559999999995
14.2639999999998
56.204
75.2179999999997
-0.110000000000355
20.6159999999996
5.76599999999974
-12.9020000000003
39.0479999999998
24.9839999999997
29.0679999999996
45.3559999999997
27.4059999999996
39.1939999999996
