211.508
78.8859999999997
158.788
158.816
67.8619999999999
87.5179999999998
107.458
160.74
140.234
88.0699999999996
139.808
107.732
78.9359999999998
12.548
135.886
128.726
104.108
132.598
87.1500000000007
132.804000000001
81.0280000000008
52.2100000000008
96.0020000000007
-4.32799999999918
5.70200000000079
15.3500000000007
62.0560000000008
28.1440000000008
86.9520000000007
90.6340000000007
73.3240000000008
103.636000000001
123.560000000001
27.7500000000002
58.1540000000005
-8.8099999999996
40.8360000000005
87.7920000000005
49.8020000000005
65.5860000000006
-1.19799999999952
92.5400000000006
-51.6099999999992
11.5500000000008
13.7460000000005
3.69800000000055
35.6100000000005
66.6360000000004
61.5360000000004
45.2040000000004
97.4900000000005
50.1340000000005
92.7180000000003
61.0420000000003
34.9560000000004
49.3920000000003
41.1320000000004
103.626
25.2640000000005
62.2540000000005
70.0840000000005
85.8480000000005
48.6600000000003
51.7760000000003
-2.87599999999952
45.0200000000004
48.7740000000003
7.89000000000044
-0.895999999999617
4.52000000000021
21.5740000000003
45.1960000000003
29.7500000000002
53.7800000000001
53.6300000000001
31.0420000000001
23.9640000000002
19.3940000000002
27.8460000000002
8.09800000000018
23.0180000000001
74.4820000000002
56.9100000000001
-25.9619999999995
43.2520000000004
12.3080000000004
-5.45399999999961
29.8620000000004
31.3860000000005
57.5060000000003
59.6620000000003
58.4320000000002
-8.08999999999992
-7.11399999999992
-6.02599999999995
63.3660000000001
48.1479999999999
12.2779999999999
34.304
7.55799999999999
-8.46799999999996
47.6039999999999
38.7379999999999
57.3100000000001
33.71
37.784
66.8200000000001
62.9400000000001
89.5620000000001
67.212
32.9959999999999
56.2879999999998
52.374
96.066
58.7320000000004
25.8820000000001
19.7420000000001
40.4380000000001
61.5360000000002
4.99799999999993
26.3259999999999
16.5779999999999
-12.8360000000001
22.9599999999998
-24.7400000000001
-19.4240000000001
30.952
29.6600000000001
2.67400000000009
-4.73599999999999
-20.222
-11.4820000000002
17.8299999999999
-19.26
15.5740000000001
45.7999999999998
20.0479999999998
36.3499999999996
38.2079999999995
52.2259999999995
51.2279999999995
113.233999999999
59.0639999999991
22.2979999999991
51.3319999999991
61.3759999999991
88.9439999999991
71.915999999999
47.3439999999989
56.3099999999992
65.9299999999992
49.4839999999992
25.4959999999993
82.5799999999992
76.3219999999993
61.6579999999996
67.8039999999996
65.1479999999996
56.2939999999996
46.1199999999997
22.8959999999996
38.7019999999997
34.3399999999997
57.0179999999998
40.9320000000001
16.5520000000006
42.3740000000006
47.7600000000006
29.9680000000005
59.8740000000006
34.4780000000004
53.0200000000004
40.7680000000004
28.0220000000004
25.3660000000003
8.5740000000003
-27.0919999999998
-26.7819999999999
-2.72199999999975
18.4480000000001
29.4780000000002
17.4860000000002
31.4780000000003
33.3040000000004
-2.2919999999998
-24.9099999999999
-6.0419999999998
37.5080000000002
5.06400000000042
30.1880000000003
50.4320000000004
46.2840000000004
54.6820000000004
-9.91999999999962
6.82200000000046
5.50000000000023
10.9860000000004
26.1340000000004
40.7240000000005
28.7960000000002
4.55000000000007
-27.8559999999997
45.7680000000004
54.4920000000003
28.3060000000003
45.9380000000004
54.9240000000004
55.6380000000001
-25.4219999999998
-61.9799999999999
5.22000000000014
-6.79399999999987
-51.8419999999999
-45.0739999999998
-4.798
69.288
60.9059999999999
81.1020000000001
57.888
82.8200000000001
75.9399999999999
104.32
101.302
82.1400000000003
98.4740000000003
95.4480000000003
54.1740000000005
68.5860000000004
57.4920000000004
51.6720000000001
40.4480000000001
31.822
30.974
9.04799999999989
-7.76600000000008
-81.558
-3.08799999999985
-5.98400000000004
10.0200000000001
3.23599999999988
-42.8160000000007
-16.8120000000008
19.5539999999991
-31.2940000000009
7.8939999999991
-73.3580000000011
-63.9360000000011
-64.868000000001
-45.9280000000009
43.0039999999993
43.0039999999993
56.2219999999993
55.8839999999993
60.8559999999993
12.2079999999994
46.1239999999997
46.8859999999996
60.2379999999997
58.3239999999998
75.7619999999998
70.0780000000001
18.7940000000003
8.84400000000028
-8.09599999999955
8.03400000000045
17.8520000000007
5.35200000000066
20.8880000000007
49.2480000000006
56.9880000000006
55.3080000000007
20.0120000000005
28.4400000000006
39.3580000000007
1.80200000000048
38.7200000000005
52.0400000000001
66.5200000000002
61.2680000000004
63.1960000000001
60.1760000000005
48.3080000000007
55.0600000000007
56.6660000000007
58.6020000000008
26.9340000000008
-7.6199999999991
-1.40999999999917
36.7280000000006
33.2800000000012
31.3960000000012
27.1840000000011
-18.6379999999987
25.3100000000013
18.9960000000013
15.9340000000012
17.4280000000011
17.4280000000011
41.2240000000008
-15.8160000000005
-37.0100000000004
-58.0280000000005
-24.3420000000003
-30.8460000000006
-19.7120000000004
-23.1320000000005
-20.7000000000004
-14.7740000000003
26.5339999999995
26.5339999999995
-7.02200000000039
-1.14600000000041
-38.2220000000004
38.3639999999994
28.3979999999997
36.8779999999996
58.0099999999995
19.3639999999998
37.1699999999998
61.7559999999999
37.9339999999995
1.0699999999996
66.7639999999996
81.1679999999997
76.1579999999997
100.52
93.5599999999995
81.1439999999994
59.7239999999994
94.1759999999995
109.891999999999
111.61
81.0039999999997
116.796
87.9439999999996
96.6779999999995
77.9179999999997
60.8279999999997
110.216
92.7260000000002
42.8960000000003
37.6960000000005
24.3180000000006
32.5920000000004
4.55400000000043
4.91600000000051
35.5940000000004
-55.7539999999992
19.8020000000008
-10.3539999999996
7.68600000000038
-5.69799999999964
-0.635999999999626
0.514000000000351
16.8400000000003
16.1540000000003
16.1540000000003
33.8840000000004
20.1040000000003
23.5840000000003
50.8200000000003
29.9560000000002
39.3600000000002
-36.8279999999997
15.4440000000003
12.8880000000003
17.0540000000003
8.59600000000012
7.95800000000042
31.8580000000004
14.1840000000005
32.9780000000005
33.4660000000005
-9.9380000000001
-13.748
68.0599999999999
67.5259999999994
50.2339999999994
71.7439999999993
48.5539999999993
10.8379999999994
28.0039999999993
66.2539999999993
31.1019999999992
33.3379999999992
4.74199999999928
37.7299999999995
-55.9960000000004
-37.1140000000003
24.2179999999998
14.9280000000001
41.2440000000003
23.2040000000004
16.0640000000004
-11.4239999999998
44.0560000000002
34.6999999999998
46.5579999999999
22.6379999999998
28.2919999999998
14.1479999999998
-5.68000000000018
13.3499999999999
54.2059999999999
25.1980000000002
19.1480000000001
42.0520000000001
48.2980000000002
61.8220000000001
16.3560000000007
23.1020000000008
16.8520000000007
39.6460000000006
33.3480000000006
31.9720000000007
33.5260000000006
34.9100000000007
46.3800000000006
18.2740000000006
41.8640000000007
15.9520000000006
15.9520000000006
19.8600000000006
53.2860000000006
20.9860000000004
8.78400000000056
9.7100000000006
-4.18199999999945
-4.75799999999958
-15.6539999999998
2.02000000000032
-15.7239999999996
-17.9759999999995
-3.66799999999989
4.22400000000005
-40.7579999999997
18.3020000000002
37.1220000000001
15.1140000000001
40.1220000000002
32.5200000000002
27.3360000000001
43.5360000000001
42.2879999999999
37.2620000000001
9.88799999999992
46.2259999999998
44.4899999999998
15.2999999999997
-0.6700000000003
12.3479999999997
1.71599999999978
33.0879999999996
23.5699999999996
-83.9500000000002
-83.9500000000002
-2.15800000000013
3.92199999999991
13.9079999999999
12.2259999999998
21.3379999999999
36.2639999999999
50.9599999999999
1.88399999999979
-6.07400000000018
32.2619999999998
18.05
36.2520000000001
32.2980000000002
8.61000000000013
56.6020000000001
44.296
24.4280000000001
13.5140000000002
32.6520000000002
29.3180000000001
24.4560000000001
35.9640000000005
35.8920000000006
29.6460000000005
1.39000000000055
32.9920000000002
60.9260000000003
26.8540000000004
30.0960000000003
55.3220000000003
56.3640000000004
27.0220000000004
25.1140000000004
15.4600000000004
23.5200000000006
43.0680000000006
47.9880000000005
20.1100000000005
45.9440000000005
35.0520000000005
13.3780000000005
22.4640000000005
20.0600000000006
17.0340000000006
-8.70599999999945
23.6820000000006
42.0300000000004
5.34400000000028
7.53200000000027
14.7440000000003
14.4560000000001
23.7680000000001
60.1220000000002
55.2480000000003
34.9200000000003
27.1960000000003
24.4440000000003
18.1420000000003
34.3160000000003
41.2840000000006
9.26800000000037
13.5680000000003
-42.7699999999996
49.2360000000003
-30.7159999999997
-21.4659999999997
-14.2199999999998
0.214000000000169
-9.91399999999987
21.9920000000002
-0.987999999999715
23.5780000000004
26.8680000000004
12.3280000000004
36.6420000000003
40.7120000000002
32.3540000000002
56.8140000000002
56.8140000000002
41.2880000000001
28.7819999999999
40.7399999999999
49.7519999999998
51.6580000000001
48.812
42.0400000000001
29.9700000000004
24.5800000000006
18.1240000000006
-7.01799999999946
-10.8999999999994
-37.2379999999993
-6.31399999999928
-6.31399999999928
-0.433999999999287
10.480000000001
17.348000000001
-9.59599999999898
9.36800000000096
35.8640000000009
33.2460000000009
38.5240000000009
43.2080000000009
43.0200000000009
14.7880000000007
25.3320000000007
42.7340000000005
-2.9579999999994
-59.8059999999994
34.0940000000006
26.9880000000006
11.0720000000006
-4.0199999999993
-26.2659999999994
-69.9019999999994
-7.8399999999998
-53.966
23.1980000000001
15.05
22.0679999999998
0.295999999999594
33.3559999999997
-29.5880000000004
22.4959999999996
16.2119999999996
27.3439999999998
55.1959999999998
48.2740000000001
46.2619999999996
54.6359999999995
68.8539999999995
18.5959999999994
38.2999999999994
41.8279999999995
81.9979999999995
55.414
43.0660000000006
45.1840000000007
28.9120000000007
38.9140000000002
40.1960000000005
12.5000000000005
32.8680000000005
41.5680000000004
42.4160000000005
52.1860000000004
30.3480000000005
30.3480000000005
39.5700000000005
40.4880000000005
35.2460000000005
40.1020000000007
-52.2080000000005
-122.082000000001
-189.72
-185.108
-178.828
-202.74
-128.178
-195.542
-100.130000000001
-58.1980000000005
-0.710000000000605
27.3499999999995
41.5639999999995
91.0479999999994
96.6979999999995
73.1819999999996
97.8079999999994
103.275999999999
87.1879999999994
70.2679999999996
101.818
83.5099999999995
92.1279999999997
47.5939999999996
-42.4520000000003
-41.2580000000003
-65.5120000000003
62.6159999999995
27.9619999999994
19.3559999999993
28.7079999999993
44.6339999999993
52.6259999999993
30.9079999999993
79.4339999999995
41.6579999999999
8.94599999999969
4.76799999999969
40.6099999999997
51.5999999999995
11.4779999999994
42.7459999999994
44.2399999999993
33.0979999999994
45.1579999999997
50.6479999999997
70.4339999999997
84.5459999999997
19.3759999999997
18.2939999999998
34.5559999999998
50.9859999999998
26.3459999999995
50.2619999999996
42.8119999999999
56.4559999999999
44.352
-26.7280000000001
-12.7240000000002
52.4879999999997
54.0679999999999
14.8579999999998
45.8919999999998
13.9599999999997
15.2439999999997
61.0639999999999
44.8499999999997
8.8439999999996
7.10799999999972
19.6919999999997
34.9939999999997
18.8319999999995
19.1799999999995
44.7559999999997
63.3019999999997
44.3539999999997
54.1959999999996
44.9799999999996
41.9179999999993
41.9179999999993
54.2159999999993
52.7179999999998
52.4620000000002
25.9780000000001
46.4160000000002
58.2500000000001
68.0460000000002
71.8640000000001
39.7260000000003
37.4420000000003
20.3720000000004
59.3820000000003
64.7100000000002
63.9760000000002
75.2340000000002
50.3680000000002
22.4900000000004
37.4300000000004
45.2840000000003
39.8760000000002
7.42600000000016
17.4200000000002
50.2940000000006
-14.8599999999996
17.8520000000004
10.4580000000003
44.4260000000003
-20.8259999999997
-8.39599999999973
15.1180000000003
0.236000000000217
31.4180000000002
43.3800000000002
51.7380000000003
7.27200000000028
12.4500000000003
13.5560000000003
18.5740000000002
57.2340000000003
70.9460000000003
57.4780000000003
60.5560000000003
85.2480000000003
34.8980000000003
27.9760000000003
38.9700000000004
15.6600000000003
32.5660000000003
42.6700000000004
49.6860000000004
63.9820000000005
81.0040000000005
51.7600000000004
50.2360000000004
18.5660000000005
11.2740000000005
29.7540000000005
71.0660000000004
35.2820000000002
47.1520000000004
59.8920000000005
26.3260000000004
17.9880000000004
14.1860000000005
14.9320000000004
10.3940000000003
-1.61999999999955
34.7240000000006
11.964000000001
10.0580000000009
22.1240000000009
42.0820000000009
22.2140000000009
31.3060000000007
35.3220000000007
6.27800000000059
27.7560000000005
4.51200000000063
30.8580000000005
14.6440000000003
-11.3019999999996
-10.9119999999998
10.6440000000003
12.7300000000005
28.6380000000006
29.3500000000006
-47.5939999999996
-77.0339999999995
-68.9159999999997
-11.462
5.77199999999993
1.67599999999982
10.8779999999999
42.8819999999999
21.6519999999999
43.4459999999999
44.4419999999999
44.7459999999999
29.8379999999999
44.4299999999998
24.3819999999999
48.8019999999999
48.8019999999999
21.5359999999999
19.6240000000001
20.3280000000001
26.8819999999999
42.8419999999999
69.1460000000002
55.6800000000003
34.7100000000003
64.1040000000002
56.2200000000003
29.8420000000002
52.7760000000002
5.18000000000029
-76.0359999999997
-11.6319999999998
-34.9459999999998
33.4940000000003
63.3500000000003
30.6020000000002
46.1880000000002
38.5180000000001
47.4340000000002
33.3160000000003
14.0280000000002
32.4580000000002
65.2420000000001
54.6120000000002
52.2480000000002
47.478
-18.116
19.154
41.958
45.4639999999999
16.9720000000001
-55.6379999999999
-62.374
-56.282
-57.6779999999999
-47.3419999999998
-47.6879999999998
-6.25399999999956
-16.5359999999996
-28.5879999999995
-35.8819999999997
-31.2399999999996
17.3280000000003
-46.6819999999996
28.0680000000006
30.2760000000006
15.1840000000005
44.7820000000006
49.2380000000005
29.6360000000003
53.8740000000004
65.4340000000003
15.5280000000002
44.0520000000002
77.2679999999995
45.8139999999987
39.2119999999989
42.5639999999989
42.403999999999
43.8699999999992
22.3079999999995
13.9839999999994
13.0139999999993
12.1499999999994
20.7739999999993
10.4019999999995
15.0419999999995
9.76199999999949
17.4119999999996
-7.82600000000036
4.4939999999998
2.28599999999972
14.3159999999998
12.4879999999999
14.3080000000001
13.9820000000003
14.6020000000004
9.23999999999978
11.0419999999999
19.9540000000001
18.3159999999999
16.9079999999998
14.9099999999993
9.07799999999929
10.8459999999993
15.6819999999992
15.8039999999991
12.2259999999995
11.8179999999995
5.59599999999955
5.17399999999964
-5.22000000000037
-0.452000000000339
