668;695;679;489
668;674;673;501
660;596;651;518
656;555;633;521
647;417;584;508
659;483;612;521
664;502;622;525
689;606;642;522
695;629;634;522
699;638;623;508
690;610;628;516
676;544;628;524
663;479;610;525
667;500;619;530
665;497;619;530
664;492;617;530
664;493;616;531
685;541;616;532
717;536;618;527
722;569;639;538
700;563;637;525
690;538;626;530
727;606;669;566
729;575;653;563
653;382;572;531
663;455;607;536
669;492;625;541
671;498;629;540
670;488;626;540
668;457;617;538
668;450;615;543
670;462;619;544
671;481;626;545
671;487;626;546
671;475;623;545
671;473;623;545
671;477;625;546
671;481;626;546
694;557;652;543
714;630;651;517
715;628;650;528
697;562;629;532
691;553;621;534
682;489;623;537
706;458;561;539
725;550;607;554
679;523;632;519
667;497;629;533
670;499;626;535
668;473;612;533
667;458;610;534
669;470;614;535
677;586;654;509
663;652;645;469
668;661;663;493
664;584;645;514
664;542;633;521
672;514;628;506
670;496;629;525
670;469;614;526
668;457;609;529
669;467;613;529
670;479;618;531
671;484;620;531
671;486;620;531
671;483;619;531
671;473;616;531
671;482;618;532
678;498;630;537
680;508;632;541
681;503;630;542
680;497;625;542
681;502;626;544
682;504;627;544
682;504;630;545
683;507;632;545
683;507;631;546
683;507;630;546
683;505;629;546
682;506;629;546
682;507;630;544
682;507;629;545
682;508;629;544
681;503;627;541
676;496;625;538
673;490;623;536
674;492;624;537
674;492;624;537
674;490;623;537
674;489;623;536
675;489;623;537
675;490;588;502
705;587;622;529
700;574;635;526
687;547;632;524
673;476;607;533
694;445;612;559
705;452;616;589
672;441;611;544
665;430;594;533
676;506;629;543
688;516;636;549
731;626;686;598
750;622;685;625
723;559;657;590
693;521;634;542
693;518;630;542
676;504;622;543
676;490;618;546
705;582;637;542
707;594;638;533
692;545;625;539
674;459;635;546
674;471;613;544
665;698;694;448
688;697;698;511
678;601;653;522
671;557;633;532
694;574;624;523
720;579;617;538
697;553;628;542
668;492;634;548
671;485;606;542
670;464;603;544
671;481;611;544
687;579;644;526
689;645;655;507
697;650;652;529
702;656;654;528
720;678;659;523
726;675;656;532
734;663;642;521
743;660;638;534
749;652;644;540
778;684;656;554
780;674;647;558
769;666;647;553
761;653;643;553
756;639;638;556
729;578;634;556
707;553;626;550
692;535;626;553
674;502;615;550
668;618;643;508
671;659;636;469
676;678;663;496
676;645;659;522
669;574;639;530
681;492;642;548
674;492;613;531
669;455;599;537
671;463;605;539
673;491;616;541
675;505;623;543
674;504;622;542
674;497;619;542
673;485;614;542
675;489;616;542
674;497;619;544
675;499;621;544
675;500;622;544
675;496;620;543
674;496;620;543
675;498;621;544
675;500;622;544
675;501;621;544
675;498;622;544
675;499;622;544
675;500;622;545
675;500;622;545
675;500;622;544
676;500;622;544
676;500;622;545
676;500;622;545
676;500;622;545
676;500;623;545
676;501;622;545
676;501;623;545
676;500;623;545
676;501;623;545
676;501;623;546
676;500;623;546
676;501;623;546
676;500;622;546
676;501;623;546
676;500;623;546
676;500;623;546
676;501;623;546
676;501;624;546
712;537;634;546
731;549;637;564
734;571;647;558
730;568;639;552
732;613;662;551
738;637;655;545
721;615;648;543
676;532;638;540
695;543;625;542
705;556;633;543
716;572;632;541
727;583;622;543
734;581;625;546
773;654;630;541
757;640;654;555
745;617;642;556
748;611;639;561
748;608;638;561
758;637;647;546
789;686;650;540
788;689;651;540
780;675;644;539
768;650;636;539
752;631;632;539
736;697;684;528
708;712;688;487
680;638;657;526
685;543;638;541
676;485;608;526
668;434;589;533
671;440;601;537
674;482;616;539
691;581;642;523
715;657;648;533
691;619;644;537
673;539;629;544
674;444;598;548
678;503;617;552
677;507;621;552
678;499;619;552
677;488;615;551
752;621;663;626
739;633;673;586
726;570;659;583
702;528;633;557
691;481;612;554
674;457;608;549
687;513;630;552
698;535;639;555
738;586;665;605
741;601;669;606
757;671;706;617
753;688;704;604
746;672;692;592
735;655;679;578
715;575;647;566
701;545;633;553
698;523;621;550
682;514;627;552
685;519;629;554
683;502;624;553
681;481;619;552
680;477;616;552
681;479;618;553
695;692;709;530
680;711;702;492
675;640;658;518
658;525;615;526
649;304;536;516
657;401;582;530
671;483;613;539
676;514;629;542
673;475;615;541
672;464;609;540
673;478;616;542
674;489;620;542
675;494;623;543
675;496;623;544
675;492;622;544
675;489;621;543
702;549;636;540
730;611;639;535
730;603;628;533
724;593;627;530
730;607;634;537
747;652;639;532
754;677;634;510
738;670;638;521
720;644;637;530
702;595;624;534
683;514;621;542
674;489;613;538
675;496;622;543
676;494;621;544
676;491;620;544
750;617;616;544
757;632;643;560
740;609;644;550
704;543;625;545
675;474;616;547
701;562;653;564
712;554;652;575
712;578;661;578
700;562;651;561
691;538;636;551
678;467;606;546
678;476;610;544
727;594;666;574
746;636;662;567
731;586;641;540
701;545;624;510
695;514;617;533
675;490;620;546
678;509;630;548
680;505;627;550
678;490;620;551
678;476;615;550
678;482;619;550
679;492;622;551
709;663;662;471
688;664;662;513
674;609;649;519
667;528;629;532
663;374;581;529
673;472;612;540
679;507;629;543
680;506;625;545
678;490;619;545
678;485;617;545
678;480;616;544
679;493;620;547
680;500;623;546
680;495;622;546
680;494;622;546
679;495;623;546
680;500;625;547
679;499;624;545
680;500;625;546
679;498;624;546
680;498;624;548
680;498;624;548
680;497;622;548
680;493;621;549
680;484;619;550
765;611;599;554
761;595;645;558
742;574;639;549
708;543;628;547
696;535;625;544
709;565;655;561
742;578;652;577
747;604;660;580
737;603;657;569
727;576;647;565
718;654;606;397
709;631;636;523
694;599;642;520
689;562;640;539
677;467;608;543
678;491;618;547
680;510;623;551
680;556;645;520
672;666;652;469
678;689;676;493
680;656;668;514
676;576;646;531
690;485;638;571
662;457;605;515
671;438;603;536
708;597;634;536
745;698;645;500
721;661;644;518
724;633;648;541
747;619;629;550
740;589;642;557
718;562;641;555
699;533;628;552
678;501;629;552
693;578;645;536
722;663;624;522
717;639;619;532
695;568;620;543
719;559;650;550
753;590;652;561
743;614;651;559
693;546;636;546
670;412;595;546
673;448;601;548
690;532;632;540
740;603;634;535
736;610;641;546
716;566;633;548
675;661;644;490
671;636;657;520
668;570;647;535
674;563;646;539
689;512;615;508
676;453;608;530
674;437;607;532
678;468;615;535
679;487;621;535
681;492;623;538
680;489;622;537
679;479;620;536
679;476;617;537
679;478;620;537
680;487;623;538
680;487;622;538
680;486;622;538
680;483;621;538
680;485;622;538
681;487;623;539
681;488;623;539
681;485;623;539
681;484;623;539
681;484;623;539
681;485;623;540
681;484;623;539
681;484;623;540
682;485;623;540
682;485;623;540
681;486;623;541
681;485;623;540
697;540;626;532
718;599;656;545
723;606;652;544
705;577;644;534
681;541;637;534
708;575;641;534
706;558;638;546
728;582;623;541
735;614;625;546
751;670;644;536
751;685;644;525
752;691;643;522
736;675;640;531
730;660;635;529
715;609;626;534
694;535;623;542
676;443;608;542
697;566;592;504
727;648;622;528
721;637;637;539
706;586;637;543
688;508;632;553
693;606;661;549
678;670;660;506
686;664;667;514
673;590;647;531
672;554;639;537
678;497;627;531
680;505;626;537
679;488;616;539
680;484;616;539
680;492;619;539
680;492;619;541
680;493;620;541
681;498;622;541
681;496;621;541
681;494;620;541
680;496;621;542
681;498;621;542
682;499;622;542
680;495;620;542
681;495;621;543
681;497;621;543
686;508;621;543
687;511;622;543
688;512;622;543
688;513;622;543
689;514;622;543
690;515;622;544
693;518;622;544
694;519;622;545
696;522;623;544
699;526;623;545
699;527;622;545
698;527;622;545
700;531;624;545
702;532;625;546
702;535;626;546
701;535;626;546
701;535;626;546
701;536;627;547
702;538;628;548
703;539;628;548
703;539;628;547
703;539;627;547
703;540;627;547
704;540;627;547
704;540;627;547
703;538;627;547
700;534;627;547
695;523;624;546
687;501;614;542
689;503;619;546
689;503;620;547
687;502;620;546
685;494;618;546
686;498;620;546
686;502;621;546
686;501;620;547
686;501;621;546
686;501;621;547
686;501;622;547
685;502;621;547
686;502;622;547
686;503;622;547
686;502;622;546
687;521;622;545
687;555;593;511
696;618;630;522
683;577;637;537
683;504;618;543
750;615;619;521
756;625;641;543
741;607;634;548
712;559;628;543
701;540;624;546
681;492;613;544
683;504;620;547
685;502;618;549
683;501;617;548
683;499;616;549
703;632;649;561
719;702;663;526
721;703;664;530
712;686;654;527
730;721;651;497
753;733;652;520
753;722;639;528
749;698;640;543
734;675;617;532
722;641;618;543
701;565;619;547
771;631;630;600
737;615;658;566
682;524;640;518
671;414;573;533
737;659;629;541
736;652;633;533
722;621;635;537
698;539;619;541
665;416;584;526
673;431;597;543
681;476;612;545
685;503;622;548
685;503;621;547
719;561;618;533
762;581;616;543
740;572;632;545
709;544;630;549
690;502;618;550
683;470;612;549
685;480;616;550
686;490;618;551
687;500;621;552
686;496;620;551
687;495;620;551
687;487;618;551
687;491;619;552
688;493;621;552
701;705;656;310
678;691;656;500
664;627;637;496
656;545;619;530
674;533;638;556
670;513;621;541
673;501;611;542
672;486;606;542
671;477;606;543
673;493;612;544
674;501;614;545
674;502;614;545
674;491;610;545
674;489;610;545
674;497;613;546
675;505;615;548
676;504;615;547
675;503;615;548
674;502;613;548
675;504;614;548
676;506;616;549
741;615;627;551
745;609;641;559
739;588;635;552
722;566;626;547
701;546;621;549
699;571;652;561
725;559;649;589
728;579;657;591
718;570;652;575
700;546;638;560
687;550;640;554
674;471;607;543
675;456;600;545
681;477;609;547
692;372;503;540
712;578;616;532
707;569;639;548
699;546;637;544
676;445;605;540
679;467;608;548
693;527;614;544
703;539;636;555
693;532;632;553
685;503;622;551
682;489;617;550
683;483;615;551
685;499;621;553
685;502;622;553
684;496;619;552
684;490;618;553
684;487;617;552
685;493;620;553
685;494;620;553
685;494;621;554
685;495;621;554
684;492;620;553
685;494;621;553
685;494;620;553
685;495;621;553
685;496;622;554
685;496;621;554
685;496;621;554
685;495;621;554
711;549;620;550
742;615;636;549
757;644;638;547
756;642;635;546
746;623;634;548
713;553;628;551
698;522;624;552
682;458;612;552
686;491;619;553
687;500;623;553
687;504;624;554
687;502;623;553
687;500;622;553
719;551;645;560
736;562;632;572
739;565;634;574
729;562;635;558
720;556;634;553
711;543;631;551
712;541;629;551
688;522;628;550
688;501;621;553
725;572;642;555
729;598;656;555
702;556;644;552
687;527;635;551
724;566;609;539
745;606;627;547
754;629;637;547
757;642;638;549
772;662;636;546
773;645;617;551
772;644;632;561
770;643;645;566
756;635;646;563
745;606;642;564
719;553;627;560
701;529;627;562
685;493;612;551
683;466;610;552
684;480;616;553
686;502;623;554
687;509;624;554
687;502;623;554
686;500;621;554
685;493;620;554
686;497;621;555
687;502;623;555
687;503;624;555
687;502;623;555
687;500;623;555
687;501;623;555
687;499;623;555
688;500;623;555
688;500;623;555
688;501;624;555
687;499;623;555
688;501;623;556
687;501;623;556
688;501;623;556
688;501;624;556
688;502;623;556
688;502;624;556
688;502;623;556
688;502;623;556
688;503;624;556
688;503;624;556
707;658;690;585
698;708;686;500
687;676;668;519
677;609;643;532
674;549;631;545
670;436;596;546
676;440;594;542
681;486;613;547
682;507;621;547
683;504;620;548
682;498;619;548
682;495;617;548
683;512;616;546
690;559;625;546
693;617;621;534
702;634;631;539
701;614;639;541
713;592;628;544
735;642;655;589
733;611;670;595
743;667;699;605
729;696;683;540
720;702;686;522
714;669;659;536
698;600;645;545
713;563;620;545
734;456;567;567
743;528;612;564
723;540;633;550
709;534;629;537
686;508;630;549
687;490;618;549
683;464;609;549
685;476;613;552
706;620;622;523
740;681;644;533
744;661;652;556
744;639;653;567
742;601;638;575
732;550;635;571
741;646;680;591
730;688;688;542
711;635;652;536
680;561;632;528
681;511;624;544
685;499;617;553
684;482;611;549
683;504;619;546
710;715;701;538
701;714;691;511
684;638;655;530
677;545;632;541
678;547;578;515
714;642;661;535
729;686;669;531
728;674;659;535
733;686;644;527
745;693;624;517
728;671;634;536
704;614;627;551
670;473;624;563
678;498;612;556
681;497;612;561
682;504;617;560
711;561;639;564
755;600;636;551
762;589;629;560
770;629;632;540
780;647;635;539
770;643;636;543
739;589;622;546
719;546;618;549
706;480;612;553
684;488;620;549
758;647;662;543
740;668;673;542
732;648;658;544
705;567;629;538
688;523;615;541
678;460;603;543
748;633;689;591
756;647;681;591
708;547;634;552
662;447;620;517
678;442;593;547
679;443;598;549
683;491;616;551
686;500;621;552
684;492;618;552
684;485;614;553
683;478;612;552
723;609;655;580
705;556;628;564
685;470;602;558
667;316;538;533
677;410;589;550
698;541;639;559
710;571;655;572
710;567;648;575
695;529;622;558
686;511;601;550
740;592;631;559
752;647;647;560
743;614;644;534
721;559;633;508
698;517;621;529
677;452;601;544
685;484;613;542
686;491;620;549
685;490;619;549
684;488;619;550
686;486;617;550
686;488;618;551
700;639;659;488
690;634;651;527
684;582;637;536
681;538;620;542
685;498;622;550
687;513;632;552
686;506;627;552
685;485;615;552
682;457;608;552
683;467;611;554
684;480;616;554
686;485;619;553
685;483;619;554
684;481;616;552
685;485;618;553
685;479;617;554
686;488;621;555
686;490;621;555
686;489;621;555
686;487;620;555
687;489;620;555
687;491;622;555
687;493;622;555
687;492;622;555
687;490;621;555
687;490;621;555
702;541;654;561
746;582;667;609
750;629;671;597
742;616;666;585
738;603;661;580
752;708;673;565
756;711;704;568
738;700;695;541
730;668;673;539
702;601;653;534
685;519;617;538
673;402;576;530
686;480;613;546
690;495;625;550
711;573;633;529
732;618;629;538
711;555;625;541
705;544;621;540
711;531;649;553
740;517;645;601
741;562;660;595
715;543;647;568
682;459;606;534
681;434;597;549
724;612;565;515
747;675;612;530
735;651;630;536
720;614;631;545
727;656;660;549
741;703;690;539
721;667;675;541
691;578;645;537
662;414;574;538
675;414;595;543
682;454;606;545
685;513;621;542
701;699;697;526
694;713;702;497
681;558;633;540
657;424;546;515
673;400;578;541
683;463;607;547
688;502;625;554
688;507;626;553
687;492;619;554
685;472;612;552
686;475;614;553
686;483;618;554
687;495;621;555
687;496;621;555
687;492;619;555
687;486;618;554
686;485;619;554
687;489;620;555
687;492;621;555
688;493;622;555
688;491;621;556
687;490;621;556
687;490;620;555
687;491;621;555
688;493;622;556
688;493;622;556
688;493;622;556
688;491;621;555
688;491;622;555
688;492;622;556
688;493;622;556
688;494;622;556
689;493;622;556
688;493;622;556
688;493;622;556
689;493;622;556
689;494;622;556
689;494;622;556
689;495;623;556
689;494;623;556
689;493;623;555
689;492;622;555
752;566;625;579
745;578;660;577
713;543;639;552
696;538;646;558
680;482;623;550
683;459;610;555
684;468;613;556
739;672;626;510
739;687;651;542
740;663;642;542
714;594;628;545
696;534;619;551
763;591;670;594
749;600;668;571
701;540;646;552
690;466;605;554
707;623;613;523
724;656;646;552
729;667;637;536
724;642;625;542
706;573;621;545
759;697;700;601
736;662;692;592
711;572;655;573
703;556;647;567
687;495;617;551
684;441;591;554
723;581;654;600
742;654;693;615
733;640;679;606
713;570;651;576
699;541;629;551
760;580;706;616
778;582;685;608
765;573;662;587
731;515;621;521
699;427;585;513
687;391;582;544
692;449;615;549
698;484;624;551
698;477;620;552
697;451;614;552
695;436;609;550
696;451;616;553
697;457;618;553
697;619;637;458
689;661;639;483
686;678;667;504
686;607;647;535
681;540;630;544
684;502;627;536
689;498;625;547
689;481;610;549
688;455;607;551
689;477;613;552
689;484;615;553
690;490;617;553
690;484;615;553
690;481;615;553
690;481;615;554
690;485;617;553
691;486;616;554
691;497;616;553
691;497;616;553
692;501;617;553
692;496;618;554
695;501;622;556
692;488;616;556
691;491;618;556
692;494;622;558
694;498;624;559
694;500;624;561
695;500;625;562
695;499;624;562
695;500;624;561
695;498;622;561
693;491;620;559
693;488;619;557
693;489;619;557
693;489;619;557
693;489;620;557
693;489;620;557
693;489;620;557
693;489;620;557
693;490;620;557
693;488;620;557
693;489;620;557
701;626;621;446
713;627;639;540
725;628;653;554
724;598;658;576
734;564;659;592
734;568;659;576
737;564;656;584
741;574;659;589
745;593;663;596
761;593;667;612
768;621;663;610
767;665;689;588
758;680;689;551
748;680;691;553
727;651;672;546
728;619;654;538
728;603;653;557
756;574;636;560
763;622;649;562
789;662;661;547
790;663;652;560
782;653;650;558
768;609;633;561
756;601;640;561
732;544;630;556
776;655;689;603
775;654;687;588
723;567;638;558
678;444;620;531
686;412;585;557
689;409;587;560
693;460;608;562
697;482;618;566
687;531;618;542
690;681;664;469
693;672;660;534
685;609;640;543
683;543;622;558
684;496;607;576
688;439;585;546
692;461;605;555
692;485;611;556
694;490;616;558
695;491;616;558
694;489;614;558
693;480;611;558
694;475;611;558
694;481;613;557
695;487;616;559
695;487;615;559
694;485;614;559
694;482;612;559
694;482;614;559
712;598;617;548
729;640;624;551
733;662;625;542
726;644;628;546
713;584;619;547
702;526;612;552
686;430;604;554
719;624;644;526
729;631;658;563
708;570;643;555
682;499;598;532
688;432;582;554
689;437;596;558
689;589;631;564
731;606;633;561
725;663;674;562
707;667;656;521
687;639;645;519
683;535;614;547
662;415;532;477
682;416;591;553
693;487;617;554
696;503;624;558
694;488;617;556
728;532;614;561
746;551;615;567
725;553;634;560
699;528;633;561
694;479;604;565
718;548;628;561
745;597;634;563
748;586;621;563
734;560;618;562
715;542;620;565
684;446;603;564
695;485;610;565
698;500;619;566
696;494;614;567
746;573;622;570
748;570;632;579
726;544;625;566
698;475;599;558
672;589;611;504
680;679;671;517
685;665;668;539
681;577;639;550
685;556;627;553
695;522;631;543
696;504;619;545
694;464;605;548
696;473;608;549
695;483;613;549
695;485;612;551
727;593;527;465
729;539;582;560
707;498;590;561
695;429;612;570
744;565;652;596
758;594;658;624
714;520;626;569
701;505;611;555
699;493;616;565
700;492;618;564
701;494;618;566
699;483;613;565
710;530;630;554
743;600;663;599
722;577;653;586
706;528;634;566
705;529;633;564
701;506;620;561
718;548;647;570
753;647;679;614
747;628;668;614
710;509;614;567
708;501;620;574
701;474;605;564
699;469;605;565
699;478;610;565
728;558;655;577
775;557;658;649
755;571;660;619
727;552;649;570
706;527;632;554
697;510;620;557
753;601;629;535
754;594;620;553
732;557;620;554
716;540;620;557
701;489;615;559
701;495;619;559
702;499;622;561
702;498;621;561
702;493;619;560
702;496;620;561
702;496;620;560
702;497;620;561
702;496;621;561
703;497;621;561
703;496;621;561
703;497;621;561
703;495;621;562
703;495;621;561
690;661;655;511
714;722;698;514
705;719;701;519
690;664;663;537
686;598;642;544
681;532;617;557
674;389;564;490
685;452;595;547
695;499;616;553
696;508;620;554
695;501;616;555
694;488;610;553
694;480;608;554
695;486;611;554
695;497;615;555
696;502;617;556
695;497;616;556
695;493;614;555
696;490;613;556
695;492;615;556
696;495;616;557
696;494;616;557
696;495;616;557
695;493;615;557
696;493;616;556
762;611;616;555
751;595;627;565
732;563;628;558
722;546;617;554
722;504;612;556
737;621;687;611
726;624;645;539
691;519;603;543
663;395;543;521
683;402;580;556
737;615;639;561
750;655;644;554
731;590;634;559
726;694;687;549
704;700;690;513
687;632;652;535
679;535;625;548
686;420;577;533
692;480;609;550
695;496;618;552
696;498;619;554
694;489;614;552
693;469;607;553
692;470;606;552
727;586;615;542
737;625;639;548
726;583;634;552
707;536;619;554
691;428;575;550
691;431;586;559
731;425;539;586
728;515;616;577
715;531;635;561
703;519;631;564
701;521;629;561
698;490;615;561
697;461;607;563
698;472;611;563
722;558;628;545
730;570;630;562
717;547;626;561
690;448;608;562
697;488;612;563
699;506;618;564
725;578;635;556
761;665;630;530
757;655;654;569
744;637;646;565
723;569;629;558
708;535;612;558
687;428;585;553
695;456;600;561
700;503;615;563
701;508;617;565
729;544;616;553
738;566;628;567
759;582;615;555
756;586;628;566
743;571;630;568
716;541;625;567
736;550;618;569
754;576;612;574
756;600;636;577
755;610;648;574
760;619;648;577
765;619;644;578
794;663;649;562
790;661;638;565
788;659;637;567
766;628;638;571
747;582;634;571
721;536;622;570
697;477;607;567
733;648;651;521
728;636;649;552
699;557;631;549
749;592;669;588
772;600;648;585
756;562;628;578
725;532;611;560
722;515;608;566
703;513;621;565
722;691;706;591
703;719;701;496
687;655;659;525
675;544;625;547
653;422;528;497
678;388;572;549
689;470;607;556
696;503;622;560
696;503;620;559
696;492;616;559
694;473;611;558
694;479;613;559
695;485;616;559
696;494;619;560
696;497;620;561
696;492;618;561
696;492;617;561
696;492;618;561
696;495;619;561
697;496;619;561
696;495;619;561
697;495;619;562
696;494;619;562
697;495;619;561
713;553;640;566
744;643;630;542
732;610;633;555
711;547;629;558
705;469;602;559
742;565;653;611
741;564;653;612
720;530;636;584
715;513;623;571
734;575;631;552
752;585;626;562
741;561;619;563
720;541;623;564
696;482;611;559
699;477;611;564
723;577;663;569
740;613;677;601
726;578;657;591
708;535;631;573
699;509;624;566
702;514;625;568
703;505;614;563
747;631;679;618
745;636;680;609
717;544;634;564
698;490;615;556
697;482;611;564
697;488;615;564
699;494;618;566
699;516;623;566
684;710;687;433
693;702;677;512
692;648;653;531
688;553;630;554
697;549;631;566
699;510;617;559
696;481;608;564
695;481;609;563
696;489;613;565
697;502;617;565
698;507;620;565
698;502;618;566
698;492;614;565
697;491;615;566
697;499;617;566
698;504;619;566
699;504;619;566
698;501;618;566
698;501;618;566
699;503;619;566
699;505;620;566
699;504;620;567
699;504;620;566
699;502;619;566
699;503;620;566
699;504;620;567
699;505;621;567
699;505;620;567
699;505;620;567
699;505;620;567
699;505;621;567
699;504;620;567
699;503;621;567
700;503;620;567
700;503;620;567
716;554;632;569
744;645;659;566
778;663;658;610
764;664;678;593
750;638;669;591
742;586;655;583
730;509;633;567
719;507;625;567
715;506;626;574
698;462;600;563
764;591;592;552
765;582;637;574
744;566;633;564
721;543;628;561
708;522;631;562
700;498;621;559
701;483;614;564
702;491;619;565
702;500;620;566
701;501;620;566
701;497;619;566
726;586;620;536
756;642;624;552
740;588;617;552
697;478;622;554
702;497;620;560
701;500;621;560
701;494;618;560
762;592;632;551
766;613;644;563
736;562;630;560
722;543;618;549
698;516;622;561
722;663;682;552
716;688;684;532
702;641;658;546
692;554;635;559
691;438;592;565
741;650;558;520
754;662;610;547
744;653;629;547
725;599;629;556
715;562;620;556
700;474;609;561
715;649;632;493
733;676;670;544
722;662;668;546
709;635;663;546
739;651;659;549
753;632;655;602
756;652;674;608
747;588;663;597
728;556;653;571
713;528;640;559
679;428;596;542
690;415;593;551
697;455;605;558
714;621;628;518
726;638;653;536
726;629;648;556
734;621;636;550
770;640;598;554
781;648;626;566
778;653;643;560
768;646;644;562
752;596;626;561
722;525;604;558
693;436;595;551
697;469;605;561
691;700;680;471
702;707;699;532
689;548;630;554
665;441;531;476
681;391;576;548
692;458;607;554
699;500;621;558
700;509;624;559
700;496;618;559
697;472;612;557
697;472;612;556
699;486;617;558
700;495;621;559
700;497;622;560
700;486;619;559
701;501;622;560
699;490;618;556
699;483;616;559
699;487;618;559
700;495;620;559
700;494;620;561
700;490;618;560
700;491;619;559
700;493;619;560
700;491;619;560
701;491;620;561
700;494;621;561
700;492;620;561
701;493;620;561
700;493;620;560
701;494;621;561
701;493;621;561
701;494;621;562
701;494;621;561
701;494;621;561
715;554;632;554
722;576;644;563
740;611;640;551
766;662;652;565
779;673;658;566
776;656;646;568
764;602;636;572
741;550;612;569
715;492;607;562
688;475;613;561
699;507;621;566
701;512;623;568
711;529;616;567
767;605;609;555
773;622;629;569
760;616;636;570
746;592;631;569
746;618;635;559
753;652;626;558
749;653;608;555
743;654;622;559
735;637;633;565
722;603;630;567
777;653;634;576
771;604;638;577
737;573;631;570
701;519;625;564
702;492;617;570
699;493;612;574
700;493;616;574
700;495;617;574
700;495;617;573
698;579;651;551
658;652;652;518
672;630;657;537
677;569;644;553
707;260;643;595
670;441;608;527
687;418;599;547
692;443;603;547
696;477;616;554
697;496;622;555
696;494;621;554
696;475;616;555
695;462;612;554
696;473;616;555
696;487;619;557
697;491;621;557
697;486;620;556
697;483;618;557
697;484;618;557
697;486;619;557
697;490;621;557
697;489;621;558
730;551;641;563
750;574;636;560
744;550;627;562
727;538;623;558
713;517;619;560
700;465;609;559
717;545;635;559
713;545;629;552
734;597;652;570
734;630;664;562
738;630;667;566
740;629;666;569
740;611;657;568
746;634;668;584
748;633;670;593
747;618;667;599
747;602;659;597
748;574;655;605
771;620;663;621
772;646;677;620
767;642;673;611
766;632;667;607
759;600;655;603
751;574;646;598
723;498;608;568
724;515;627;567
703;527;633;561
702;499;621;565
698;464;608;563
698;465;609;563
699;475;614;564
729;585;630;537
737;615;648;563
729;581;640;560
720;545;630;560
717;540;631;566
707;518;630;567
702;490;616;567
747;625;677;602
755;658;659;576
714;570;632;569
689;494;615;562
691;414;589;564
697;482;613;567
702;508;627;571
702;504;623;572
699;480;615;570
699;471;611;570
698;474;614;570
700;492;621;571
701;498;623;572
701;498;622;572
701;491;620;571
701;491;620;572
700;492;621;572
701;496;622;572
701;497;622;572
701;497;622;572
701;496;622;572
701;497;623;572
701;497;622;573
700;496;622;572
701;497;623;573
701;497;623;572
701;497;622;572
701;497;623;573
701;497;623;572
701;497;623;572
701;497;623;573
701;498;622;573
701;497;622;573
701;498;622;573
701;498;623;573
701;498;623;573
701;498;623;573
701;498;623;573
702;498;623;573
701;498;623;573
702;499;623;573
702;499;623;573
702;499;623;573
702;499;623;573
702;499;623;573
702;499;623;573
702;499;623;573
702;500;623;573
702;500;623;573
702;499;623;573
702;499;623;573
702;499;623;573
702;500;624;573
702;499;624;573
702;500;624;573
702;500;623;574
702;499;624;573
702;500;624;574
702;499;624;573
702;500;624;573
702;500;624;573
701;500;624;573
702;500;624;573
702;499;623;573
702;499;624;573
702;500;624;573
702;500;624;573
702;500;624;574
702;500;624;574
702;500;624;574
702;501;624;574
702;500;624;574
702;500;624;574
695;558;631;541
668;665;644;492
694;700;667;509
698;676;669;537
698;628;653;552
696;570;638;566
699;569;638;567
705;521;629;560
699;485;609;561
697;463;605;560
699;484;611;562
699;495;617;563
701;500;619;564
701;500;618;564
700;496;616;564
699;490;615;564
700;493;616;565
701;499;619;565
701;499;619;565
701;499;619;565
700;489;615;563
701;488;615;565
700;491;616;564
702;500;620;566
701;497;619;565
701;497;618;566
718;572;620;529
734;585;585;574
727;647;639;542
716;585;640;557
754;618;657;594
754;618;668;609
745;576;651;611
726;543;635;588
707;528;633;575
700;505;619;571
702;504;619;573
703;505;620;573
703;504;621;573
702;501;618;573
703;502;620;573
721;548;624;574
726;555;624;573
768;628;621;564
780;651;632;567
819;711;642;559
801;691;650;566
789;670;646;566
779;645;633;564
741;572;623;568
724;530;619;572
741;627;674;591
742;627;678;602
718;551;641;581
712;538;636;578
702;488;616;568
701;461;606;568
705;497;617;567
763;669;691;611
755;659;687;620
732;590;659;596
710;529;634;579
686;377;564;549
693;407;589;560
703;475;613;568
706;504;627;569
707;503;624;570
709;597;649;525
682;654;626;459
694;651;653;523
695;556;632;555
671;509;580;488
695;469;604;558
697;495;616;556
698;495;615;559
699;496;615;559
699;499;618;559
721;517;632;586
737;555;658;600
734;538;642;601
721;528;636;577
710;511;625;568
718;558;602;560
728;622;603;553
742;648;628;555
741;650;635;556
728;604;625;558
711;541;612;559
693;413;601;562
699;475;608;563
703;507;623;566
702;503;621;566
701;494;615;567
701;492;614;566
702;499;617;566
702;502;620;566
702;504;620;567
702;502;620;568
702;499;619;567
702;501;619;568
702;502;620;567
702;502;621;568
702;502;620;568
731;540;614;565
757;511;579;578
753;546;627;576
725;548;637;559
724;546;635;555
706;529;630;556
713;527;619;560
722;533;622;566
743;549;615;569
757;602;640;574
754;614;649;569
781;648;643;563
790;663;644;559
797;669;646;565
796;673;649;563
795;671;650;567
804;685;639;548
805;680;650;578
802;677;657;584
782;655;655;582
765;612;644;582
733;533;622;574
665;564;606;416
704;590;618;517
685;518;609;539
697;510;617;549
700;508;620;561
699;511;623;559
699;507;622;562
697;495;616;561
698;496;617;561
697;667;664;506
706;708;691;517
705;675;672;537
693;584;643;551
695;443;606;556
685;405;573;546
688;418;588;553
695;470;608;559
699;500;621;562
700;506;623;562
699;492;618;561
697;475;612;560
698;477;613;561
698;489;618;563
700;498;621;563
700;499;621;564
699;492;620;562
699;488;619;562
699;488;620;562
700;491;621;562
701;494;621;563
736;701;658;412
736;690;685;543
707;602;651;542
687;535;623;557
687;440;579;552
694;475;601;555
761;596;631;578
776;632;622;556
776;588;613;558
725;546;610;554
724;542;611;559
697;496;618;566
701;511;621;565
701;499;615;566
721;588;607;551
740;575;596;573
743;631;634;555
724;595;638;565
711;566;630;561
732;504;634;594
748;540;632;620
729;535;632;594
714;526;632;571
749;568;624;566
778;630;640;576
777;638;646;579
788;654;646;579
795;668;651;576
789;660;650;570
780;646;647;571
763;620;638;562
740;560;622;564
690;667;655;520
703;667;662;545
696;606;645;556
701;555;638;567
694;499;611;556
691;453;592;556
694;457;599;562
697;493;612;564
700;512;620;566
699;508;619;566
698;501;616;566
698;494;612;565
699;494;614;566
699;501;617;566
700;506;620;567
699;504;618;566
699;502;617;566
699;499;615;566
699;502;617;567
700;504;618;567
700;505;619;567
700;504;618;567
719;596;654;567
717;641;649;553
697;567;627;563
698;531;633;571
698;509;621;560
699;499;616;562
701;500;614;562
700;495;611;563
739;549;631;579
747;539;613;594
731;537;620;586
699;502;616;566
704;509;621;570
704;510;621;569
704;505;618;568
703;494;612;568
703;491;611;569
704;500;617;569
704;506;619;569
705;506;619;569
704;502;616;569
704;502;616;569
730;555;611;579
762;531;628;593
742;552;645;586
718;528;633;580
705;526;635;570
705;501;619;569
699;450;602;567
699;446;605;569
702;474;615;571
728;531;628;581
766;581;661;617
752;559;641;613
713;510;625;579
696;399;583;563
700;472;611;570
705;507;625;574
707;510;628;574
705;494;620;572
703;480;615;571
717;541;637;580
744;591;661;606
732;557;649;600
713;520;627;585
696;403;581;570
698;425;595;572
706;497;620;574
708;512;627;575
708;504;623;576
706;491;619;575
707;491;619;575
706;488;618;574
726;594;594;450
736;603;602;553
728;587;618;558
718;556;627;568
785;632;695;653
781;658;693;628
769;613;671;620
762;697;686;540
736;679;686;543
714;635;651;527
700;552;624;553
701;532;618;553
694;456;601;548
741;584;609;466
749;555;597;563
714;472;586;536
688;422;584;551
701;476;615;563
707;519;628;564
710;517;628;565
706;490;616;566
706;465;608;566
705;475;614;567
705;487;618;566
707;495;620;567
706;491;618;567
706;484;617;567
706;483;617;567
706;485;617;568
706;489;619;568
706;488;619;568
706;488;618;568
707;488;619;568
707;489;619;568
707;489;619;568
707;489;620;568
707;488;619;568
707;489;620;569
707;489;620;569
708;490;620;569
708;490;620;569
707;490;620;569
703;711;704;498
718;709;703;553
701;619;652;550
700;519;624;564
693;467;599;560
694;454;602;565
697;490;612;566
698;499;616;567
699;496;614;568
698;494;613;566
699;497;615;567
698;492;614;567
700;495;615;568
723;591;635;562
720;592;618;552
752;671;671;565
741;666;681;553
700;541;627;565
684;415;594;557
690;465;603;567
699;504;612;569
737;675;626;510
751;695;630;534
739;668;626;544
714;583;619;558
740;608;656;581
734;562;653;602
720;549;642;580
705;496;611;550
697;446;593;559
715;528;600;556
773;578;618;578
789;634;649;586
777;641;651;578
749;606;642;567
719;539;616;564
712;484;601;558
701;473;605;565
704;542;621;552
706;529;623;564
704;500;620;566
706;508;622;566
706;501;621;567
705;498;619;567
706;499;620;568
706;498;621;568
706;501;621;568
706;502;621;569
706;499;620;568
707;501;621;569
706;499;621;569
707;503;622;569
706;503;622;569
707;503;621;569
707;502;621;569
706;502;622;569
707;503;622;569
707;503;622;570
707;504;622;569
707;504;622;570
707;503;622;570
707;503;622;570
707;504;622;570
707;504;622;570
707;503;622;570
707;504;623;570
707;503;622;570
736;545;648;637
739;549;654;653
726;508;639;629
724;512;635;612
720;498;628;610
715;505;626;596
714;513;629;590
708;511;627;573
708;515;624;574
706;501;616;574
705;480;610;574
706;487;613;575
707;498;618;576
708;503;621;576
708;504;621;576
708;500;619;576
707;497;618;575
707;499;619;576
708;502;620;576
720;553;637;566
778;629;642;570
787;644;642;578
767;622;637;576
738;562;630;575
714;523;623;574
702;469;610;573
706;497;620;576
707;509;625;577
717;635;664;556
677;709;671;470
684;691;671;503
690;559;632;572
699;532;627;560
696;494;610;563
694;466;602;562
694;479;605;564
699;539;620;559
730;637;662;559
728;647;669;559
714;605;656;565
722;633;642;564
741;665;628;549
749;677;610;550
744;665;618;556
725;626;625;564
710;569;621;566
699;511;607;565
695;479;604;569
699;498;609;571
700;511;613;571
701;516;616;572
701;517;616;572
701;517;612;571
702;522;613;571
704;539;615;572
705;540;616;571
707;513;613;606
724;472;613;648
730;517;635;637
724;527;638;601
719;519;625;569
700;494;614;557
703;502;618;559
705;499;618;564
705;500;619;564
706;504;621;565
705;504;621;565
732;607;677;589
736;665;679;545
733;652;670;557
716;592;648;562
707;551;635;565
728;614;639;566
742;654;619;536
752;673;609;544
750;672;620;547
742;653;629;556
719;587;628;563
704;519;606;560
701;485;607;564
701;487;610;567
702;505;618;570
704;516;622;571
704;516;622;571
703;508;617;570
703;505;616;570
747;546;641;599
761;585;644;590
775;650;655;581
775;660;649;539
776;660;639;537
779;650;633;549
782;661;646;557
781;654;646;564
776;636;640;569
794;653;624;552
798;668;652;574
791;665;654;573
784;653;646;574
760;602;637;570
729;542;621;565
724;541;639;580
724;512;639;630
766;581;666;619
734;563;654;580
717;537;637;564
724;593;630;558
753;671;617;547
767;695;611;532
760;686;631;548
750;668;637;554
742;633;631;559
727;581;623;560
763;668;696;603
762;662;697;618
749;641;673;608
739;599;660;593
724;559;644;578
717;538;633;571
722;547;637;575
713;522;629;569
712;516;627;565
707;474;611;565
706;464;608;563
707;478;613;564
709;491;619;567
709;498;622;567
709;502;622;568
710;496;620;569
709;489;620;567
709;496;621;568
709;498;622;568
729;687;691;556
719;700;685;528
705;654;662;545
700;571;635;559
704;539;632;569
700;488;613;550
700;466;606;561
702;487;612;562
703;500;618;564
703;501;619;564
704;503;620;565
704;502;619;564
703;495;616;564
704;494;617;565
725;521;635;587
745;567;655;621
756;587;665;635
757;592;667;637
753;584;663;630
739;561;649;608
729;546;639;594
721;527;630;583
704;504;616;561
699;433;594;562
722;547;641;578
761;587;638;581
759;589;640;577
738;567;632;560
733;556;625;559
712;518;625;566
706;494;616;565
749;495;605;613
755;566;654;617
741;559;649;597
721;546;641;583
723;541;641;589
708;526;631;575
704;496;616;570
706;488;616;571
717;593;606;463
730;597;612;557
727;583;625;561
718;557;630;569
706;506;618;566
775;639;659;603
772;598;643;603
738;547;628;583
696;507;623;559
693;438;596;560
710;576;631;548
716;601;644;561
713;646;649;544
719;636;650;557
716;599;636;561
709;565;621;560
701;457;599;563
705;505;619;565
706;510;624;568
705;506;621;568
741;580;640;562
763;621;635;565
768;616;628;569
759;604;631;569
747;585;633;571
732;557;627;569
729;549;625;569
705;500;619;570
706;498;619;571
706;499;621;571
707;504;623;571
692;551;624;551
666;616;636;489
696;650;647;522
697;597;641;553
695;553;631;565
702;493;622;555
705;527;632;559
705;515;623;563
703;480;613;564
702;474;612;562
704;486;618;565
746;561;646;587
759;598;659;593
750;593;655;581
745;577;650;576
747;572;647;583
750;638;665;591
744;670;671;561
737;686;681;542
734;682;678;538
731;671;673;553
728;665;670;556
727;657;668;559
760;669;680;597
773;667;678;620
768;642;675;604
759;624;669;598
746;583;655;586
722;539;642;573
711;513;631;565
698;454;606;563
771;637;664;550
779;645;666;599
771;647;661;578
744;588;640;544
716;524;610;546
684;408;572;557
697;447;601;567
704;503;621;573
707;518;627;573
709;665;663;518
720;690;677;539
713;682;674;537
705;624;654;550
705;555;632;558
680;364;559;556
696;456;600;561
703;507;620;568
706;517;627;570
704;507;622;569
702;484;614;568
702;478;612;568
704;490;617;570
705;502;622;570
706;507;623;571
705;501;622;571
704;498;620;570
704;496;620;570
705;498;622;571
705;500;623;571
705;500;623;571
705;500;623;572
705;499;622;571
705;500;622;571
705;499;622;571
705;500;623;571
730;582;665;574
726;582;651;561
736;653;678;570
736;656;669;560
731;654;671;556
730;651;671;556
750;658;680;580
767;664;671;608
769;653;674;617
760;642;664;600
751;582;650;596
730;553;643;582
711;531;633;570
703;492;613;567
708;521;626;577
707;515;625;577
704;501;620;576
723;554;655;573
741;605;673;603
743;623;674;608
734;591;663;597
721;555;641;580
686;371;558;560
733;579;623;545
769;649;654;555
759;615;636;564
702;687;667;463
700;700;683;493
704;666;674;522
695;554;630;555
670;432;587;507
698;464;606;565
703;504;620;563
703;505;621;568
737;560;659;599
747;631;676;613
748;603;668;615
747;593;665;616
742;583;660;613
757;653;697;624
756;616;670;618
748;593;658;597
738;562;650;586
723;539;637;579
705;435;593;565
704;491;614;572
708;504;623;574
706;492;617;573
706;490;616;573
707;496;619;573
707;499;620;574
764;641;702;626
774;660;691;619
763;618;664;611
756;581;651;590
765;657;656;578
757;661;652;554
750;685;679;570
744;671;677;574
725;621;659;569
717;595;652;566
718;575;648;565
739;589;628;567
769;586;630;563
777;629;653;581
758;599;648;570
731;559;635;552
725;537;625;556
707;509;626;565
707;500;624;564
708;502;625;566
708;503;626;566
708;502;625;566
708;500;624;566
708;503;624;567
708;503;626;567
708;504;625;567
708;503;625;567
708;503;625;567
709;503;625;567
708;504;625;567
709;503;625;567
709;503;625;567
709;504;625;567
709;504;625;568
709;504;625;567
709;504;625;567
709;504;625;568
709;503;626;568
729;677;709;617
709;706;689;532
699;605;636;556
698;545;618;553
706;499;619;575
699;468;601;560
701;486;613;567
703;503;619;569
702;499;617;568
740;515;636;618
740;580;662;623
744;578;661;618
736;564;651;603
725;545;641;590
714;524;632;583
722;588;614;564
718;560;603;561
748;657;600;547
753;675;628;554
747;663;634;561
729;605;628;569
686;428;625;576
697;487;615;566
701;481;613;574
704;504;620;577
706;513;625;577
705;514;624;577
744;572;618;550
742;525;606;573
716;471;604;571
699;496;623;576
705;517;628;577
704;506;622;578
703;495;616;577
702;483;613;577
702;631;592;589
777;638;655;607
753;596;648;579
717;536;623;556
697;466;607;561
705;650;642;490
715;680;667;549
706;625;656;560
699;582;645;564
713;528;632;569
705;504;605;557
747;589;611;553
765;644;625;554
769;652;632;557
774;657;636;559
778;659;634;559
792;667;633;541
794;661;628;564
789;654;636;570
772;623;640;577
749;577;633;578
718;537;627;571
727;629;643;556
743;660;672;574
708;527;627;573
698;464;598;561
697;442;590;568
700;470;607;569
704;511;622;572
741;571;655;584
770;600;649;593
762;595;638;576
738;559;624;562
716;526;615;564
707;489;608;571
704;488;614;574
706;507;622;576
707;512;624;576
719;734;678;298
734;737;706;539
713;702;687;538
694;595;642;549
691;575;632;553
702;518;618;569
698;496;610;570
697;491;609;569
699;504;616;570
700;504;615;572
700;507;617;572
701;508;618;572
700;505;616;572
701;505;616;572
701;509;618;573
701;509;618;572
701;509;618;573
701;507;618;573
701;507;618;572
701;508;618;573
701;509;618;573
702;513;619;573
701;579;607;534
715;674;653;534
732;699;670;551
740;713;672;550
756;716;669;545
770;716;679;565
785;715;660;554
788;697;651;564
786;677;614;526
791;683;649;582
783;672;650;572
756;625;638;577
785;664;651;597
783;665;667;605
746;613;654;577
710;530;634;572
697;461;607;569
700;487;615;571
703;501;623;572
703;503;624;572
703;498;621;573
702;491;617;572
703;495;618;572
703;500;621;573
704;505;624;574
703;502;623;573
703;500;621;573
704;501;621;573
704;503;623;573
704;504;622;574
704;504;623;573
704;503;623;573
704;503;623;574
704;503;623;573
704;504;624;574
704;504;623;574
704;504;623;574
704;504;623;574
704;503;623;574
704;504;624;574
704;505;623;574
704;505;623;574
705;505;624;574
704;505;624;574
704;505;624;574
704;505;624;574
705;505;624;574
704;505;624;574
705;505;624;574
705;505;624;574
704;505;624;574
704;505;624;574
669;688;651;370
725;701;690;550
714;682;679;547
705;604;653;557
699;534;627;567
681;392;575;520
693;443;603;560
704;512;626;572
703;507;624;571
702;494;617;569
737;543;642;584
758;588;643;586
742;566;636;574
720;533;621;560
728;571;643;569
733;605;653;562
743;636;669;575
742;633;672;574
755;639;684;600
757;641;687;604
760;627;678;614
785;642;687;640
781;642;684;626
766;631;676;602
756;600;665;585
746;564;656;581
716;487;618;561
712;463;610;564
691;461;620;560
703;489;635;568
727;560;637;562
745;623;632;540
764;689;628;515
778;707;657;555
780;710;655;551
771;698;646;552
758;664;631;551
741;635;623;553
725;584;625;562
715;537;628;569
702;509;632;570
739;642;680;600
737;684;679;552
723;654;666;551
706;590;650;552
699;533;640;556
690;393;576;557
753;631;625;540
764;659;650;561
751;645;647;555
732;590;640;556
721;550;627;557
707;509;609;556
702;486;615;567
706;508;625;571
706;507;625;571
705;502;622;570
705;500;621;571
705;500;622;570
706;504;624;572
706;504;624;572
706;504;624;572
706;502;624;572
716;543;623;564
733;591;631;564
728;630;646;553
743;658;649;553
743;646;634;559
736;613;624;557
726;562;623;563
716;532;625;567
708;463;614;567
704;489;619;568
706;501;624;570
706;503;625;570
706;504;626;570
706;503;625;571
706;503;625;571
706;504;625;571
706;505;626;572
706;506;626;572
706;505;626;571
706;505;626;571
706;505;626;571
707;506;626;571
707;506;626;572
707;506;626;572
707;506;626;572
707;505;626;572
707;506;626;572
707;506;626;572
707;506;626;572
707;507;626;572
707;507;626;572
707;507;626;572
707;506;626;572
707;507;626;572
707;507;627;572
707;507;627;572
707;507;626;573
707;507;626;572
708;507;627;573
708;506;626;572
724;637;660;555
720;669;675;549
712;648;670;550
706;559;648;561
691;359;582;547
698;428;607;554
704;492;623;560
707;502;627;564
707;503;628;564
752;603;622;546
755;595;629;564
748;586;629;560
731;552;628;561
721;535;627;563
727;540;628;566
709;493;627;567
707;494;626;567
707;491;624;564
707;490;624;565
707;485;622;564
750;446;582;613
725;491;615;587
703;496;633;556
709;514;634;560
709;514;634;563
704;483;617;558
703;445;608;559
703;445;609;560
706;477;620;562
708;500;628;564
707;495;624;563
753;611;652;606
735;539;625;592
706;439;600;564
693;346;569;566
704;468;615;568
727;565;661;582
748;643;687;610
744;603;662;609
719;502;617;564
696;404;575;567
699;414;593;568
706;493;620;572
709;505;626;572
708;496;622;573
707;479;617;572
708;484;619;573
713;582;673;580
702;610;654;549
699;559;633;555
702;532;639;558
705;507;626;562
702;466;608;561
701;449;609;564
703;477;615;565
705;495;622;567
706;503;623;569
706;503;622;568
705;491;619;568
705;486;618;567
706;495;620;568
706;499;622;569
707;501;623;569
707;500;623;569
706;495;621;568
706;496;621;568
707;498;622;569
707;500;623;569
707;500;623;569
707;499;623;569
707;498;622;569
707;498;623;569
707;500;623;569
707;499;623;570
707;499;623;569
707;499;623;570
708;499;623;569
707;499;623;569
707;499;623;569
709;510;625;571
709;510;625;571
709;512;626;570
709;514;627;570
712;519;630;571
717;533;635;573
719;537;635;573
720;539;634;573
721;540;634;574
723;544;636;576
723;548;636;577
723;549;637;578
724;550;637;578
725;550;637;578
725;550;637;578
724;550;638;578
724;550;637;578
725;550;637;579
725;551;637;579
725;551;637;578
725;551;636;578
727;552;636;579
726;553;637;579
727;553;637;580
727;553;637;579
726;552;637;579
726;551;637;579
726;552;637;578
726;552;637;578
726;552;637;575
726;553;634;575
724;551;630;573
726;553;631;571
725;552;631;572
725;552;630;572
725;549;630;571
725;548;630;572
725;550;631;572
726;554;632;572
730;561;640;573
733;586;648;570
731;602;658;557
736;626;666;540
742;635;668;562
740;634;673;564
752;651;688;588
753;638;672;588
753;645;684;597
749;628;682;600
752;616;674;606
753;609;670;610
750;580;670;612
746;571;664;609
730;536;650;584
717;497;636;570
684;381;574;553
695;407;601;562
703;469;620;567
758;575;632;568
768;600;635;571
759;595;637;568
748;576;635;569
736;549;632;572
733;531;627;573
733;500;624;574
714;488;623;575
712;481;622;575
711;491;625;575
707;484;623;574
708;484;623;575
709;486;623;576
709;489;625;576
710;489;625;576
709;487;624;576
709;489;624;576
709;490;625;576
709;490;625;575
709;491;625;576
709;491;625;576
709;492;625;576
709;489;625;576
709;491;625;576
709;490;625;576
716;587;664;565
703;667;664;517
703;663;672;544
696;580;651;564
701;540;635;562
707;502;628;564
704;473;614;562
703;450;609;563
768;565;616;604
774;637;670;628
767;624;666;618
756;648;676;594
735;640;654;539
710;627;660;526
701;571;643;554
706;561;650;563
706;504;608;525
739;547;605;552
766;539;539;554
762;588;629;552
730;560;641;552
715;538;649;566
744;552;627;583
759;575;651;617
758;588;661;619
764;662;695;618
718;687;684;525
723;691;692;541
689;563;645;561
699;429;617;561
696;419;593;554
715;574;607;523
758;666;621;556
748;649;631;554
721;591;634;564
739;602;647;574
753;590;656;617
752;604;667;619
747;599;665;610
745;591;661;609
756;656;703;639
741;675;685;579
714;602;651;536
744;636;606;512
766;632;628;555
758;607;642;568
735;560;635;570
702;475;598;565
697;442;598;567
698;475;610;569
701;494;621;572
702;500;623;573
754;564;611;582
747;551;612;573
720;520;614;566
724;561;623;565
757;655;671;591
758;672;680;584
754;662;668;584
757;658;670;589
755;631;665;583
758;631;672;594
766;631;673;610
761;607;662;599
752;576;653;600
753;642;673;588
720;603;635;551
707;639;655;547
724;648;666;557
738;651;665;563
744;654;669;574
754;654;679;610
752;648;657;567
746;618;638;570
733;580;623;569
717;533;619;575
719;536;633;585
710;520;632;571
703;492;618;573
701;466;608;571
701;470;610;572
703;492;617;574
705;503;625;576
705;503;624;575
704;495;622;575
704;491;620;575
705;496;622;575
705;499;624;575
706;501;625;576
705;500;624;575
706;499;625;576
705;500;625;576
705;497;625;576
706;501;625;576
706;501;625;576
706;500;624;576
706;501;625;576
706;501;625;576
706;501;625;577
706;502;625;577
706;501;625;577
706;501;625;577
707;502;625;577
706;503;625;577
706;502;625;577
706;502;626;577
706;502;625;577
706;503;626;577
706;502;626;577
707;503;626;577
707;502;626;577
707;502;626;577
707;502;625;577
707;502;626;577
707;503;626;578
705;508;625;574
700;676;660;391
708;657;660;543
704;584;640;546
703;533;625;561
698;418;597;568
703;501;623;567
706;514;632;573
702;472;613;568
703;474;615;571
704;484;618;570
705;499;625;573
705;499;625;572
705;495;625;572
705;491;622;572
705;494;623;573
706;497;625;573
706;501;627;572
706;507;630;573
707;511;634;572
724;578;661;559
735;579;648;562
726;584;648;559
715;576;651;561
713;560;649;566
752;603;636;541
771;626;638;560
769;629;642;566
764;630;646;569
754;609;644;570
737;555;631;569
728;542;624;566
722;555;615;562
732;601;627;563
752;661;637;540
752;665;644;557
755;672;641;553
755;667;636;554
752;658;635;556
743;627;636;561
723;567;635;572
699;488;613;566
702;487;617;571
704;495;623;574
705;500;626;575
707;504;627;575
706;504;627;575
705;501;625;574
705;500;624;575
716;511;625;573
738;470;612;575
752;529;619;586
728;534;629;567
715;526;642;569
704;498;624;572
704;477;616;574
704;476;615;574
705;492;623;576
706;499;626;576
707;500;627;577
706;495;624;576
705;493;623;576
705;493;623;577
706;496;625;577
707;498;626;577
706;497;626;577
706;497;625;577
706;496;624;577
707;501;625;577
719;523;570;537
739;590;604;553
719;550;625;568
702;502;617;566
705;500;623;574
706;506;623;572
714;628;657;537
687;645;647;500
708;657;664;535
706;643;665;550
703;565;646;564
684;405;577;554
692;418;588;559
702;469;610;566
706;502;621;573
707;510;626;574
706;505;622;571
705;523;616;562
713;622;641;533
715;618;644;546
716;620;642;562
738;650;620;554
747;672;634;557
737;650;633;557
717;576;625;567
696;439;627;577
696;502;618;565
703;504;618;572
744;709;651;549
746;704;679;574
728;663;659;556
711;568;632;559
701;528;580;529
718;497;594;581
720;543;636;581
715;529;632;580
711;535;640;577
710;525;632;570
704;475;611;569
695;479;603;561
706;686;678;511
703;678;672;517
699;587;642;542
717;471;643;566
694;494;618;541
694;445;603;553
699;475;609;553
703;500;620;557
704;506;622;558
705;503;622;561
704;497;620;559
705;528;615;554
712;535;616;553
714;538;630;558
710;516;625;562
705;490;615;560
710;532;622;561
716;573;635;559
744;645;623;568
752;680;659;564
766;685;663;571
769;656;634;560
777;631;620;564
776;655;636;569
758;627;641;574
727;559;632;573
708;516;625;576
701;507;615;571
702;501;613;574
712;532;617;575
758;632;641;568
773;661;653;580
763;633;639;577
734;559;622;570
718;534;613;571
697;492;615;573
703;515;625;577
730;596;670;578
751;658;688;614
745;646;678;610
729;580;654;590
715;543;633;575
694;425;571;559
693;414;582;567
708;508;626;577
709;511;628;577
708;505;624;576
688;697;667;397
719;713;703;529
712;682;676;537
706;595;646;554
700;534;620;562
687;395;582;556
697;492;615;562
705;516;628;567
705;512;625;566
703;491;618;566
702;477;613;565
703;484;615;567
704;501;621;567
705;506;624;568
705;504;624;568
705;501;623;569
730;591;648;551
749;648;654;557
756;658;649;565
752;660;652;560
754;665;655;564
774;714;654;546
771;701;650;558
766;703;652;556
758;688;643;555
750;672;635;560
738;645;634;565
727;601;633;572
715;535;630;577
718;584;640;573
723;674;631;513
732;700;654;536
736;709;667;544
737;702;666;553
736;694;661;540
779;697;655;559
789;695;654;573
789;688;656;578
787;681;654;579
778;657;640;578
756;604;627;576
730;547;618;575
719;524;622;578
735;707;697;503
703;661;664;537
696;588;643;555
700;567;637;564
709;522;629;566
706;524;626;566
732;677;641;548
739;696;662;557
726;675;654;550
713;608;636;554
752;633;680;606
753;603;667;617
758;615;668;626
763;633;672;629
797;699;699;653
781;677;694;621
762;641;673;592
745;583;654;573
758;581;631;551
779;622;638;582
756;595;641;566
734;565;637;561
707;503;613;551
702;463;605;560
703;480;612;562
707;518;627;568
706;512;624;567
731;607;620;540
761;666;645;556
748;630;632;558
716;534;623;565
701;453;623;577
702;490;611;565
704;490;617;569
706;508;626;571
765;585;654;591
788;645;639;571
771;615;632;573
747;574;625;565
728;544;627;571
726;531;625;571
733;699;682;516
716;703;675;543
703;647;652;548
693;553;625;566
709;454;631;583
701;483;616;561
702;497;615;566
704;502;619;567
704;505;620;568
704;506;621;567
704;505;621;568
704;507;617;567
709;515;622;570
708;523;626;571
706;518;625;571
705;518;625;571
707;521;625;571
708;524;626;572
709;527;627;573
709;526;627;575
707;518;626;575
706;506;623;575
706;509;623;571
706;509;623;571
707;510;624;572
707;512;624;573
707;511;624;572
706;510;624;570
706;519;631;571
754;589;669;606
759;628;683;606
764;613;669;606
758;593;658;587
763;596;653;592
768;629;664;599
768;645;669;600
765;645;669;598
759;655;671;588
736;672;659;537
752;703;700;563
746;710;703;564
747;709;699;567
738;686;683;564
728;654;665;565
715;582;645;565
722;614;645;564
737;643;655;580
737;648;669;596
760;697;656;537
761;683;655;563
770;670;648;568
776;672;646;573
776;665;650;575
779;667;646;575
780;665;638;575
780;662;636;572
781;663;640;574
781;664;642;575
800;688;657;603
794;682;653;591
765;630;643;582
721;544;616;568
719;544;623;571
689;642;649;494
706;688;690;524
706;681;689;539
692;623;665;552
694;568;642;551
680;412;569;521
728;574;591;542
768;649;642;568
777;670;643;559
768;657;639;559
752;619;631;560
742;628;627;555
751;617;633;570
726;608;652;576
698;555;648;573
702;532;641;578
703;520;627;577
752;580;590;553
771;606;606;559
760;593;617;564
738;562;628;570
733;553;631;577
705;524;631;579
703;505;618;574
701;479;610;575
701;485;612;575
711;522;622;577
758;607;651;588
770;652;657;579
765;638;645;579
763;626;640;574
765;641;653;577
779;662;649;566
787;673;650;573
775;664;650;577
767;641;639;574
754;601;623;573
743;565;622;575
735;546;626;578
713;574;636;543
679;606;588;474
688;567;635;572
703;561;643;575
713;530;638;571
702;492;619;563
699;471;612;562
699;467;611;564
727;520;648;596
740;576;662;614
743;594;672;615
748;603;677;621
749;599;671;627
760;499;649;638
778;620;675;651
781;637;676;641
771;638;676;624
754;606;664;615
728;537;630;583
710;502;620;559
700;450;599;557
702;469;608;562
705;502;622;565
705;505;625;562
705;503;623;564
704;495;619;563
706;497;621;564
706;503;624;565
753;566;653;596
766;604;661;614
758;599;656;612
753;599;658;607
759;605;661;616
766;647;663;609
770;670;676;624
762;694;685;595
746;686;678;579
728;656;655;559
728;660;665;563
720;620;657;569
711;563;638;572
774;639;669;618
784;648;678;607
758;612;654;577
719;520;616;545
694;454;580;552
718;705;686;500
711;716;693;526
701;671;669;538
699;543;633;566
684;417;582;559
699;494;615;561
706;512;627;566
705;503;623;565
704;494;619;565
703;490;617;564
703;492;618;565
704;496;620;566
705;499;622;567
705;501;622;567
706;498;621;567
705;496;621;566
719;559;634;568
727;591;631;560
729;599;627;555
742;646;632;549
751;655;642;558
755;664;640;557
754;658;635;556
743;634;635;558
735;607;633;562
745;644;651;570
746;658;661;573
755;674;666;575
755;675;672;578
757;680;674;578
761;685;671;579
770;687;678;600
777;672;664;620
780;693;689;627
784;686;687;634
786;687;689;638
795;690;700;647
793;692;703;639
788;689;705;624
780;654;687;622
774;638;682;627
770;633;678;632
763;580;653;627
735;526;621;581
727;485;610;577
705;510;628;567
707;503;627;573
707;498;626;573
707;500;627;573
707;500;627;573
707;500;628;573
703;538;630;558
725;692;681;539
720;697;678;545
705;664;664;546
701;614;649;558
701;575;636;567
708;564;640;574
708;526;632;574
702;475;609;571
701;466;605;571
702;484;612;575
704;501;619;575
705;509;623;576
705;505;622;576
705;503;616;574
720;542;605;560
747;631;652;571
739;636;661;579
722;592;649;580
705;545;634;581
698;469;600;563
698;466;600;574
702;498;613;579
704;514;621;580
704;521;623;580
704;515;620;580
705;501;616;579
758;593;660;623
769;620;662;630
766;608;661;625
768;611;661;626
782;711;693;601
773;709;703;605
754;690;691;585
737;663;678;577
716;592;649;566
710;553;641;564
699;434;589;565
706;501;617;566
705;525;627;564
676;642;648;452
714;709;704;523
719;703;700;546
712;646;670;561
706;546;634;572
688;441;595;558
702;498;612;566
705;518;624;571
724;585;636;568
733;600;610;560
723;570;621;571
720;567;630;574
705;510;628;572
707;516;630;576
705;502;620;576
704;486;615;577
705;492;617;577
706;502;621;577
706;506;622;577
706;505;623;577
756;603;626;591
764;610;631;582
727;538;616;566
720;522;610;567
706;517;622;577
708;521;628;581
728;571;658;574
750;575;658;620
735;556;646;602
720;527;628;586
701;468;605;574
706;503;618;574
759;566;656;633
772;622;676;641
760;595;666;630
737;555;643;600
723;525;627;587
724;535;634;592
705;500;620;577
742;614;619;551
761;664;644;570
755;661;647;564
744;639;644;569
736;601;638;573
728;561;629;575
728;556;625;574
710;532;634;581
710;521;625;578
708;511;620;578
703;686;665;392
708;669;664;545
698;596;648;549
701;555;641;567
701;525;616;563
703;482;607;564
705;508;620;569
706;511;622;570
707;512;622;571
706;511;621;569
725;547;641;575
764;594;633;567
762;604;637;573
733;561;629;574
717;538;625;577
703;509;618;573
703;492;611;575
703;499;617;576
704;511;622;578
705;514;624;578
743;652;657;584
734;687;652;548
726;679;656;548
764;717;671;539
786;714;669;564
787;686;653;570
779;653;632;568
773;616;616;571
760;597;625;572
760;668;677;595
743;682;661;530
700;572;643;548
702;543;630;554
702;504;618;563
706;573;644;547
681;687;663;392
724;729;710;512
714;716;704;521
699;633;666;536
697;559;635;552
701;525;616;507
704;501;624;560
753;664;646;544
761;668;677;582
727;593;649;570
698;529;625;573
723;548;602;562
781;607;592;559
790;655;637;571
795;689;645;565
792;704;640;549
773;691;641;558
748;667;640;564
725;594;623;567
712;511;612;565
712;510;620;573
703;509;623;577
738;627;667;602
743;692;662;534
741;688;663;543
742;689;662;542
742;682;663;551
736;661;657;555
721;581;639;563
714;525;622;569
692;460;604;568
705;510;621;570
706;518;626;574
785;633;594;589
788;599;663;612
762;586;661;589
706;525;635;561
694;437;585;560
696;438;598;567
702;483;617;572
706;502;624;575
706;506;625;574
705;498;622;574
704;647;635;493
699;644;654;545
698;551;640;565
699;478;615;560
704;516;625;562
702;495;617;562
701;485;613;564
701;490;616;564
733;630;661;561
732;625;653;566
729;614;654;567
723;594;652;571
721;571;644;574
704;509;622;573
705;512;623;575
704;497;618;573
707;506;622;575
727;542;642;584
767;633;678;624
770;621;673;636
757;580;660;626
734;545;642;600
715;510;626;582
696;431;593;570
705;500;621;572
710;505;623;576
753;597;671;616
772;624;676;639
768;604;667;633
758;584;659;622
755;584;659;623
755;579;656;626
760;628;680;623
767;676;707;626
761;674;697;602
756;662;683;583
745;636;666;580
731;583;650;579
720;547;629;578
713;522;617;573
706;488;613;577
705;492;618;576
707;502;623;577
708;509;626;578
708;511;627;577
709;511;627;578
706;511;623;573
703;698;690;492
700;588;641;558
696;542;624;565
703;484;619;571
703;526;630;569
708;528;631;575
706;507;620;574
715;553;639;569
760;687;648;541
763;686;647;555
741;634;635;557
712;541;620;566
762;576;642;616
756;566;637;620
732;511;625;589
748;645;620;564
762;689;653;572
755;679;643;559
739;633;631;566
712;526;621;572
698;457;611;564
706;503;617;574
705;518;624;573
709;589;610;533
716;660;639;537
730;688;661;544
737;702;667;553
771;716;659;515
780;681;643;558
780;663;639;568
765;606;622;567
762;618;638;574
748;578;636;576
727;542;622;571
697;704;655;450
730;721;702;537
718;714;700;542
697;619;659;559
696;580;640;561
704;529;633;562
703;504;621;564
702;484;612;564
703;496;617;566
703;500;620;566
704;503;621;568
705;505;623;568
705;509;624;569
705;505;622;568
704;499;621;568
704;505;623;569
706;507;624;569
706;508;624;569
706;506;624;569
706;506;623;569
706;506;624;570
708;514;626;570
708;526;628;570
712;541;630;568
715;563;640;563
718;584;648;562
724;647;662;558
733;673;672;560
734;670;669;558
724;649;661;560
718;623;655;563
714;595;650;567
710;552;642;569
697;496;618;564
703;480;611;571
735;562;652;578
764;576;654;606
763;573;652;606
734;548;639;587
701;512;638;574
701;471;610;572
702;475;610;573
704;499;619;575
706;510;625;577
767;557;641;630
774;625;667;628
736;577;656;593
721;524;638;577
708;515;629;572
709;509;622;571
707;486;616;571
708;489;619;571
708;495;622;570
713;521;624;575
747;618;662;619
745;628;667;608
722;555;643;584
719;545;639;581
714;530;637;578
712;525;632;571
709;497;620;571
707;478;613;571
729;539;639;568
767;556;649;599
755;562;646;587
734;544;627;566
723;517;612;562
703;468;611;569
710;506;625;573
705;538;628;563
665;634;650;484
696;645;645;525
702;594;641;557
698;548;632;570
695;422;595;561
705;519;625;566
708;522;630;570
708;511;623;572
706;496;618;571
721;519;615;571
761;575;606;571
763;610;634;576
761;619;642;578
756;607;637;576
743;567;625;574
740;605;625;560
748;672;622;546
754;691;642;557
754;692;643;557
751;683;641;559
740;638;636;565
720;550;628;572
748;735;627;425
746;702;677;583
731;680;660;557
716;624;635;558
706;561;612;555
703;528;603;565
748;655;648;556
761;679;678;582
749;663;666;581
708;575;643;571
697;525;623;570
734;690;682;573
705;714;682;499
693;680;668;519
688;605;645;540
689;525;614;559
687;431;597;561
702;516;625;564
706;520;628;571
703;503;618;570
701;479;610;570
716;585;637;548
741;655;643;532
722;639;658;555
692;565;639;564
696;516;619;564
783;638;646;570
774;612;633;579
765;607;633;573
740;559;619;566
717;527;610;565
697;461;601;566
703;498;617;571
705;513;624;575
707;525;628;571
722;551;637;582
743;640;672;596
755;672;695;610
773;695;706;622
776;685;704;625
768;655;687;625
745;595;670;613
738;569;658;600
738;542;651;569
711;489;622;571
729;548;641;566
786;649;636;564
791;660;633;564
772;630;621;556
749;585;620;564
732;555;618;563
729;544;622;568
706;496;617;569
710;509;625;573
708;496;618;572
707;491;616;573
706;495;617;573
707;499;620;574
708;500;620;574
708;500;620;574
709;501;621;574
708;501;620;574
708;501;621;574
708;501;621;575
708;502;621;574
709;503;622;575
708;503;621;575
718;599;657;546
678;675;667;524
698;669;668;548
696;602;649;562
705;577;646;572
701;514;616;567
693;448;590;565
692;430;590;573
698;476;608;575
704;508;620;578
705;513;622;579
703;506;619;578
702;490;616;577
701;492;615;578
702;496;617;578
703;506;621;579
703;506;620;579
703;503;620;579
703;499;617;578
703;500;619;579
703;504;620;579
704;506;621;580
704;505;621;579
703;502;620;579
716;619;620;526
725;620;609;560
724;639;635;556
732;629;661;578
734;596;663;589
742;636;667;585
742;642;671;579
756;663;695;592
753;644;681;587
762;640;681;608
760;642;685;609
763;637;683;618
733;576;662;582
737;599;654;563
748;616;651;561
727;565;592;550
708;494;607;569
700;473;618;565
705;513;624;572
704;512;623;570
703;504;620;572
766;605;610;563
760;584;635;580
735;547;627;578
728;615;665;553
698;662;659;508
697;651;660;534
698;600;649;556
696;545;632;573
698;481;596;559
705;515;624;574
725;631;665;593
727;670;657;546
727;655;649;554
714;592;631;554
711;575;623;557
704;521;619;573
764;624;632;573
775;624;639;582
757;594;632;574
731;550;623;569
730;546;620;571
706;527;627;577
756;600;658;598
767;582;645;619
731;538;630;584
705;514;623;572
705;547;619;573
767;608;626;571
772;619;638;575
764;606;634;575
761;594;627;575
798;705;654;569
788;711;663;567
781;710;663;564
753;674;645;550
747;653;641;564
734;596;629;571
717;552;626;574
691;461;602;567
701;499;617;574
705;517;624;577
707;516;625;577
706;512;625;577
705;513;624;577
705;510;622;577
586;585;590;376
670;572;596;527
677;516;598;547
690;498;613;589
701;501;607;563
702;522;622;566
700;505;613;566
700;495;613;566
701;509;616;568
701;510;616;566
701;509;616;567
701;503;613;566
724;544;615;568
764;594;605;563
762;600;616;568
733;564;620;561
689;521;625;566
697;506;614;567
701;502;611;570
701;502;611;571
703;511;617;572
726;604;633;568
750;665;621;560
749;656;614;558
730;606;620;565
713;544;620;567
695;490;615;565
752;561;631;587
737;567;646;593
716;528;627;575
701;509;619;564
706;504;615;570
753;616;671;608
760;634;661;578
720;544;625;541
690;442;582;564
669;493;591;523
661;563;599;493
692;598;618;536
700;556;623;562
706;543;626;585
703;482;602;567
700;480;605;566
755;669;604;548
756;663;629;568
725;587;632;568
703;488;634;580
700;508;616;567
701;479;606;570
702;489;609;570
705;508;619;572
706;518;621;574
751;589;630;547
760;595;618;566
727;549;616;567
691;483;607;570
700;505;614;573
703;517;620;574
706;520;621;576
704;516;619;575
704;516;619;576
704;516;619;576
779;616;627;580
777;643;653;608
754;604;647;584
722;549;620;562
701;481;602;566
702;493;610;569
705;507;615;572
708;513;619;574
700;619;665;573
693;683;680;516
709;660;664;548
702;548;630;571
686;432;593;547
699;495;610;559
703;509;613;564
704;508;615;568
705;514;618;568
720;571;652;570
741;572;655;628
735;579;658;619
725;557;651;599
715;543;640;568
736;613;638;567
753;675;625;533
752;673;621;544
743;646;614;554
723;585;616;561
699;458;622;576
699;512;616;564
703;509;612;569
703;509;612;569
704;510;615;570
704;514;617;571
705;517;618;571
704;514;616;571
704;512;615;571
704;513;616;571
705;514;617;572
738;598;636;570
752;640;656;583
785;679;683;616
787;667;643;575
781;644;641;581
756;612;633;571
738;560;622;580
719;723;693;461
724;735;712;538
707;696;688;548
691;588;644;564
694;548;619;558
706;516;615;560
701;482;607;562
701;484;609;563
702;504;616;564
750;575;649;615
757;582;655;642
747;569;657;629
736;555;648;607
727;543;640;591
722;533;631;584
758;610;651;585
767;613;638;580
719;522;610;572
688;441;597;564
730;551;649;577
786;618;693;661
774;617;685;647
732;556;655;587
721;538;639;579
708;531;629;572
706;499;616;571
704;477;611;572
706;495;619;573
707;509;622;573
744;580;668;621
757;618;676;646
754;608;670;642
749;583;663;636
753;635;681;634
762;651;694;648
762;671;701;638
755;666;690;623
750;649;680;603
738;596;660;594
722;552;639;575
722;559;644;575
770;584;617;516
785;583;602;570
762;587;622;568
733;561;634;569
733;561;635;571
709;519;623;569
708;485;613;568
725;697;702;543
716;728;709;514
704;679;678;536
690;561;627;557
691;423;536;512
687;405;572;560
696;464;603;571
703;510;621;576
704;519;624;576
703;505;619;575
702;488;613;573
701;484;613;574
702;491;616;575
703;507;621;577
704;512;623;577
704;507;621;577
704;501;619;576
704;502;619;576
703;503;620;576
704;507;621;577
705;507;622;577
705;506;622;576
705;507;622;577
727;581;628;561
758;630;642;571
717;589;640;574
706;547;634;581
707;532;633;581
703;509;617;578
775;566;602;575
764;571;605;566
727;532;614;566
703;504;628;574
705;513;626;573
704;499;621;571
731;567;648;588
742;624;672;605
726;568;650;588
718;551;641;593
702;494;616;571
702;464;606;577
702;467;607;575
707;505;621;579
726;527;634;604
754;523;630;640
747;555;648;626
723;530;631;581
708;514;625;575
709;530;630;574
707;510;620;571
707;485;614;576
707;488;615;575
737;742;730;621
707;760;720;466
684;689;677;472
681;550;624;494
656;331;523;489
711;519;566;497
750;624;581;512
739;623;619;517
715;568;631;524
704;503;626;530
700;498;611;528
698;481;607;528
700;489;611;532
701;505;617;532
780;602;635;539
779;613;640;539
779;612;636;540
783;666;626;502
785;692;638;512
786;705;637;513
772;707;645;515
760;683;638;517
738;633;627;523
714;567;623;529
701;463;609;530
699;492;615;533
701;507;624;535
702;510;625;536
702;510;625;536
702;508;623;537
728;698;703;571
722;701;686;503
699;607;643;520
693;557;619;523
695;514;628;530
699;515;620;526
702;517;620;528
699;480;613;529
701;479;612;530
701;499;618;532
703;511;622;532
702;510;621;532
701;502;619;532
702;501;619;533
703;511;622;534
705;513;622;534
754;588;633;537
765;614;644;539
752;605;645;537
733;563;640;537
756;588;642;542
770;597;656;583
772;608;665;585
767;597;662;582
770;718;682;531
764;711;707;551
738;686;699;515
720;598;656;529
715;572;648;504
766;605;623;511
773;626;643;511
755;603;637;535
726;545;622;534
640;663;623;391
711;683;678;509
709;648;663;522
706;565;628;527
703;552;636;517
703;513;623;525
701;480;609;531
700;479;611;532
704;505;620;536
705;517;625;537
719;556;636;535
741;620;633;535
739;648;658;537
753;664;669;555
747;652;668;556
750;612;653;566
753;625;666;577
766;647;678;589
774;609;670;597
767;604;659;586
740;585;657;556
729;612;622;510
743;631;644;510
747;649;635;527
725;577;626;541
710;505;626;544
698;510;621;539
702;506;616;546
703;509;618;546
704;514;621;547
755;596;640;544
764;619;640;546
742;578;628;546
722;543;619;544
702;491;610;546
705;514;623;546
696;567;639;493
707;664;670;503
703;661;657;499
700;602;648;519
698;553;634;533
689;411;570;518
700;505;616;535
709;530;632;541
710;522;625;542
706;503;619;541
705;497;617;542
703;478;610;537
706;492;617;544
707;508;621;542
708;516;625;544
706;498;620;543
706;496;620;544
707;509;623;544
708;512;623;544
708;513;623;544
709;512;624;545
709;513;625;545
709;511;625;545
709;511;625;545
708;510;624;545
722;577;664;540
725;685;671;515
724;655;662;529
707;576;641;539
699;455;601;542
702;507;615;539
799;660;631;535
781;648;644;549
765;628;644;544
734;567;628;541
726;573;655;545
765;662;666;560
743;652;663;544
712;581;647;538
703;553;636;541
702;514;620;544
698;481;607;543
701;490;611;548
728;553;656;556
752;588;661;574
755;607;666;572
752;609;668;568
748;598;662;569
739;574;652;564
765;717;644;435
755;724;681;532
729;692;681;506
707;605;649;527
713;603;619;515
750;629;576;519
762;685;641;531
749;659;646;549
727;590;631;549
704;471;615;553
703;484;603;551
705;508;614;549
706;522;620;554
706;522;621;555
705;511;616;554
705;505;616;554
705;504;616;555
705;501;615;553
706;513;619;555
707;512;618;555
706;512;618;555
706;502;617;555
706;509;617;555
706;510;618;555
708;513;619;556
707;511;619;555
708;513;619;556
706;507;618;555
707;510;619;556
708;512;619;556
707;513;619;556
708;513;620;557
707;512;620;557
708;513;620;557
707;512;619;557
707;512;620;557
708;512;620;557
707;513;620;557
707;514;620;558
707;512;619;557
707;512;618;558
707;514;619;558
707;514;619;557
707;515;619;558
707;514;619;558
707;514;619;558
707;515;619;558
707;515;619;558
707;515;619;558
707;515;619;558
707;515;620;558
707;515;619;558
707;515;619;559
707;515;620;558
707;515;619;559
707;516;620;559
707;516;620;559
707;516;619;559
707;516;619;559
707;516;620;559
707;516;620;559
708;516;620;559
708;516;620;559
707;516;620;559
708;516;620;560
708;516;620;559
708;516;620;560
708;516;620;560
708;516;620;560
708;516;620;560
708;516;619;560
708;516;620;560
708;516;619;560
708;516;620;560
708;516;620;560
708;516;620;560
708;516;620;560
708;517;620;560
708;517;620;560
709;517;620;560
709;517;621;560
708;517;620;560
708;517;620;560
708;517;621;560
708;517;621;560
708;517;620;560
708;517;620;560
709;518;621;560
708;518;620;560
708;517;620;560
709;518;620;560
709;518;620;560
709;517;620;560
709;517;620;560
709;517;620;560
709;517;620;560
710;517;620;560
709;517;620;560
709;517;621;560
709;518;621;560
709;517;621;560
709;518;620;560
709;517;620;560
709;517;621;560
709;517;621;560
709;518;621;560
709;518;621;560
709;517;621;560
709;517;621;560
709;518;621;560
709;518;621;560
709;518;621;560
709;518;621;561
709;517;621;561
709;517;621;560
709;517;621;560
709;518;621;560
709;518;621;561
709;518;621;561
709;518;621;560
709;518;621;561
710;518;621;561
709;518;621;560
709;518;622;560
709;517;621;560
709;518;621;560
710;517;621;561
710;518;622;561
710;520;621;561
707;514;615;561
707;519;618;563
707;520;617;562
707;517;616;563
707;518;615;562
708;522;618;563
708;522;618;563
707;519;616;563
707;519;617;563
708;519;617;563
708;522;618;563
708;521;618;563
708;523;619;563
708;523;619;563
708;522;618;563
708;522;618;563
708;521;618;563
708;523;619;563
708;523;619;564
708;523;619;564
708;522;618;564
708;519;618;563
708;523;619;563
708;523;619;564
708;523;618;564
707;522;619;564
708;523;618;564
708;523;618;564
708;523;618;564
708;523;618;564
708;523;619;564
708;523;619;564
708;523;618;564
708;523;619;564
707;521;620;565
703;512;611;561
708;521;615;561
707;522;620;564
701;506;614;560
706;516;616;564
702;504;608;561
706;522;617;563
704;512;610;561
703;509;610;561
706;520;617;564
707;522;618;564
707;521;617;563
709;524;620;566
705;519;614;563
708;524;620;564
708;522;617;564
707;524;618;564
708;525;619;565
707;522;615;564
707;524;616;564
707;524;616;565
706;523;615;564
707;525;617;565
707;523;615;565
707;525;616;565
707;525;616;566
707;525;616;565
707;525;616;566
707;525;617;566
706;525;616;565
707;526;616;566
706;525;615;565
707;526;616;566
707;526;616;567
706;527;616;566
705;526;614;567
705;527;614;567
705;527;615;568
706;528;615;567
706;528;615;568
705;527;614;568
704;527;614;568
705;527;614;568
705;528;615;568
706;529;615;568
705;528;615;568
703;528;613;567
702;524;612;568
703;527;613;568
703;529;613;568
704;529;613;569
703;529;613;570
703;530;613;569
703;528;613;569
703;529;613;570
704;529;613;570
704;530;614;569
704;530;613;570
704;530;613;570
704;530;613;569
704;530;613;570
703;530;613;570
704;530;613;570
704;531;613;570
704;531;613;569
704;530;613;570
704;530;613;569
704;530;613;570
704;531;613;570
704;530;613;570
704;530;613;570
704;531;613;570
704;531;614;570
704;531;613;570
704;530;614;570
703;531;614;570
703;531;614;571
704;531;614;570
704;530;614;570
703;531;613;570
703;531;614;570
704;531;614;570
704;531;614;570
704;531;614;570
704;531;614;571
704;531;614;570
704;531;614;570
704;531;613;570
704;531;614;570
704;531;614;571
704;531;613;571
704;531;613;570
704;531;613;570
704;531;614;570
704;531;613;570
704;531;613;571
704;531;614;571
704;532;613;571
704;533;614;571
704;532;613;571
703;531;614;571
703;531;613;571
704;532;614;571
704;531;614;571
704;532;614;572
704;532;614;571
703;532;614;571
704;532;614;572
703;532;614;572
704;532;614;572
703;531;614;571
704;531;613;572
704;531;614;571
704;531;614;572
704;531;614;572
704;531;614;572
704;531;614;572
704;532;614;572
703;531;614;570
704;530;613;571
704;531;614;571
704;532;614;572
704;533;614;572
704;532;614;571
704;531;614;571
704;532;614;571
704;532;614;571
705;532;614;571
704;532;614;571
704;532;614;571
705;532;614;572
704;532;614;571
704;532;614;572
705;532;614;572
704;532;614;571
704;533;614;572
704;532;614;572
704;532;614;572
704;533;614;572
704;533;614;571
704;533;614;572
705;533;614;572
704;532;614;571
704;533;614;572
704;533;614;572
704;533;614;572
704;533;614;572
704;534;614;572
704;533;614;572
704;533;614;572
704;533;614;572
704;534;614;572
704;534;614;572
704;533;614;573
704;534;614;572
704;533;614;572
704;534;614;573
704;533;614;573
704;534;614;573
704;533;614;572
704;534;614;573
704;534;615;572
705;533;614;572
704;533;614;572
704;533;614;572
704;534;614;572
704;534;614;573
704;534;614;573
705;534;614;573
704;534;614;573
704;533;614;573
704;533;614;573
704;534;614;573
704;534;615;573
705;535;615;573
704;535;614;573
704;534;614;573
704;534;614;573
704;534;614;573
705;534;614;573
705;534;613;573
705;534;614;573
704;533;614;573
704;531;612;572
704;532;612;573
704;533;614;574
705;534;614;574
705;533;614;574
704;533;613;573
704;533;614;573
705;534;614;574
705;533;614;573
705;533;615;573
704;533;614;573
703;534;613;574
705;538;615;576
705;536;615;573
705;535;615;574
704;534;613;574
703;533;612;574
704;534;614;574
706;536;615;574
704;534;614;574
704;536;614;575
704;535;613;574
703;535;614;574
704;534;614;574
704;536;614;574
705;537;614;575
705;535;614;574
704;534;614;574
704;534;614;575
703;533;612;574
705;534;614;575
705;534;614;574
704;535;614;575
704;535;614;575
704;534;614;574
705;535;615;574
705;534;615;575
704;534;614;575
705;535;614;575
704;534;614;575
705;535;614;575
705;534;614;575
704;533;614;574
704;533;614;574
704;533;614;575
704;533;614;575
705;535;615;575
704;534;614;574
704;534;614;574
704;535;614;575
704;534;614;574
705;535;615;575
704;535;614;574
705;536;615;575
705;535;614;575
704;535;615;575
705;536;615;575
704;535;614;575
705;537;615;575
705;535;615;575
705;535;614;575
705;535;614;575
705;536;614;575
706;535;615;575
705;534;615;574
705;534;615;574
704;534;614;575
705;535;615;575
705;534;615;575
706;534;615;574
705;533;615;574
706;532;615;572
706;533;615;573
706;533;616;573
707;533;616;574
707;533;616;573
707;532;616;573
707;532;615;573
707;532;616;573
707;532;616;573
707;533;616;572
707;533;617;573
707;532;616;573
707;531;616;571
707;531;616;571
707;531;616;571
707;531;617;572
707;532;617;572
707;531;617;571
707;531;617;572
707;531;616;572
706;532;616;573
706;533;616;573
705;533;615;574
705;535;615;575
705;535;615;574
705;534;615;574
705;533;615;574
705;534;615;575
705;535;615;575
705;535;615;575
705;534;615;575
705;534;615;575
705;535;615;575
705;535;615;575
705;535;615;575
705;536;615;575
705;536;615;576
705;535;615;575
705;535;615;576
705;535;615;575
704;535;614;575
705;535;615;575
705;536;615;575
705;536;615;576
704;534;614;575
707;536;616;575
706;535;616;574
707;532;616;574
707;531;616;573
707;531;616;573
707;532;617;574
707;531;616;573
708;532;617;574
708;532;617;573
707;532;616;573
707;532;616;574
707;532;617;574
708;531;617;573
708;532;616;573
707;531;617;573
707;531;616;573
707;531;616;573
707;531;617;573
707;532;617;574
707;531;616;573
708;532;617;574
707;532;616;574
707;532;616;573
707;532;617;573
707;531;617;573
708;532;617;573
708;531;616;573
707;531;616;573
707;532;616;573
707;532;616;574
707;533;617;574
707;532;617;574
707;532;617;573
708;532;616;573
708;532;616;573
707;532;616;573
708;532;617;573
708;533;617;574
707;532;617;574
707;533;616;574
707;533;617;573
708;533;617;573
708;533;617;573
708;532;617;574
708;533;616;573
708;532;617;573
708;532;617;572
708;532;617;572
708;532;618;572
708;532;618;571
709;530;620;569
709;525;620;568
710;524;620;568
710;524;621;567
710;523;622;567
710;522;622;567
711;523;622;567
711;523;622;567
711;523;622;567
711;523;622;567
711;523;622;567
711;523;622;567
711;523;623;567
711;523;622;567
711;522;622;567
711;522;622;568
711;523;623;567
711;523;623;567
711;523;623;567
711;523;623;567
711;523;622;567
711;524;623;567
711;523;623;567
711;523;622;567
711;523;623;567
712;523;622;567
711;523;623;567
711;524;623;568
711;524;623;568
711;523;623;567
711;523;623;567
711;523;622;567
711;523;623;567
711;523;623;567
711;523;623;567
711;523;623;567
712;524;623;567
711;523;623;567
711;523;623;568
712;523;623;567
711;523;623;568
711;523;623;567
712;523;623;567
711;523;623;568
711;523;623;567
711;524;623;567
712;523;623;568
711;523;623;567
711;523;623;567
712;524;623;567
711;524;623;567
711;523;623;567
711;523;623;567
712;523;623;567
712;523;623;567
712;523;623;567
711;523;623;567
712;523;623;568
711;523;623;567
712;523;623;567
712;523;623;567
711;524;623;568
711;524;623;567
711;524;623;568
712;523;623;567
712;523;623;567
712;523;623;567
712;523;623;568
711;523;623;568
712;523;623;568
711;523;623;567
712;523;623;567
712;523;623;568
711;524;623;568
711;523;623;567
712;523;624;568
712;523;623;568
712;523;623;567
712;523;623;568
712;524;623;567
711;523;623;568
712;523;623;568
712;523;623;568
712;524;623;567
712;524;623;567
712;523;624;567
712;523;623;568
712;523;623;567
712;523;624;567
712;523;624;567
712;523;623;568
712;523;623;567
712;523;623;567
711;523;623;568
712;523;623;567
712;523;623;568
712;524;623;567
712;524;623;567
711;524;624;567
712;523;623;567
711;524;624;568
712;524;624;567
712;523;623;567
712;523;624;567
712;523;623;567
712;523;624;567
712;523;624;568
712;523;624;567
712;523;623;568
712;523;624;568
712;523;624;568
712;524;624;568
712;523;624;568
712;524;624;568
712;524;624;568
712;524;624;568
697;527;627;554
709;530;623;559
710;531;630;559
707;519;622;557
710;510;620;562
707;512;622;561
709;518;622;561
709;519;624;562
710;520;623;561
709;514;622;561
709;510;621;562
709;509;620;562
709;513;621;562
710;513;622;562
710;514;622;562
710;509;621;562
710;512;622;562
710;514;622;562
710;515;623;563
710;516;623;563
710;514;623;563
710;513;623;563
710;514;623;563
710;514;623;563
710;516;624;564
710;515;623;564
710;515;623;563
710;515;623;563
711;515;623;564
710;515;623;563
710;515;624;564
710;515;623;563
710;515;623;564
710;515;623;564
711;515;624;564
710;515;623;563
710;515;623;563
711;516;623;564
710;516;624;564
710;516;624;564
711;516;624;564
711;515;623;563
711;516;624;564
710;516;623;564
711;516;624;564
711;516;623;564
710;516;624;564
711;516;623;564
711;516;624;563
710;516;624;564
711;516;623;564
711;516;624;564
711;516;623;564
711;516;624;564
711;516;624;564
711;517;624;564
711;516;624;564
710;516;624;564
711;516;624;564
710;516;624;564
711;517;624;564
711;516;624;564
711;516;624;564
711;516;624;564
711;517;624;564
711;516;624;564
711;517;624;564
711;517;624;564
711;517;624;564
711;516;624;564
711;516;623;564
711;516;624;564
710;517;624;564
711;516;624;564
711;517;624;564
711;516;624;564
711;517;624;564
711;517;624;564
711;517;624;564
711;516;624;564
711;517;624;564
711;517;624;564
711;517;624;564
711;516;624;564
711;517;624;564
711;517;624;564
711;517;624;564
711;517;624;565
711;517;624;564
711;517;624;564
711;517;624;565
711;517;624;564
711;517;624;564
711;517;624;565
711;517;624;565
711;517;624;565
711;517;624;565
711;517;624;565
711;517;624;564
711;517;624;564
711;517;624;565
711;517;624;564
711;517;624;565
711;517;624;565
711;518;624;565
711;517;624;565
711;517;624;565
711;517;624;565
711;517;624;565
711;517;624;565
711;517;624;565
711;517;624;565
711;518;624;565
710;518;639;562
704;532;703;545
699;401;682;692
679;384;678;714
676;367;643;718
677;366;620;724
677;262;534;741
672;262;413;761
681;200;413;782
680;200;413;783
683;200;413;790
668;200;413;801
667;200;413;817
674;200;413;831
668;200;413;841
659;200;413;851
656;200;413;857
660;200;413;857
652;200;413;857
655;200;413;857
674;200;413;857
675;200;413;857
689;200;413;857
685;200;413;857
685;200;413;862
688;200;413;857
692;200;413;858
695;200;413;863
694;200;413;861
687;200;413;860
676;200;413;861
632;200;413;861
666;200;413;861
666;200;413;861
667;200;413;864
661;200;413;863
607;200;413;863
650;200;413;863
669;200;413;863
661;200;413;863
669;200;413;863
677;200;413;863
682;200;413;863
683;200;413;863
682;200;413;863
684;200;413;863
685;200;413;863
692;200;413;863
665;200;413;864
480;200;413;864
543;200;413;864
582;200;413;864
580;200;413;864
581;200;339;864
581;211;313;857
594;295;313;798
631;219;313;647
641;219;313;341
412;219;313;527
530;219;418;570
565;190;440;612
586;312;485;604
601;395;532;616
608;424;564;608
613;430;573;611
616;430;566;615
612;425;553;606
613;436;556;613
613;429;554;610
614;438;549;606
614;440;555;614
613;440;553;618
612;439;550;620
613;436;550;623
614;442;555;628
611;442;556;628
613;445;561;619
613;443;560;617
612;445;559;624
614;444;561;619
614;445;559;616
614;446;563;619
615;448;558;618
616;450;559;623
617;453;559;625
616;455;559;627
615;456;562;625
616;456;563;629
617;457;561;625
618;457;561;624
619;458;562;622
619;457;562;622
621;458;561;619
619;456;560;619
619;457;562;616
619;459;560;616
620;459;563;619
621;461;567;621
621;461;563;622
621;463;562;622
621;463;562;622
621;464;563;620
620;462;563;620
621;462;565;615
622;464;564;617
623;465;565;615
623;465;564;614
623;465;564;615
623;464;564;615
624;464;563;618
623;465;566;618
624;465;565;618
624;466;567;616
624;466;568;616
624;467;569;612
624;466;565;611
624;466;567;610
625;466;568;610
625;465;567;610
625;466;568;613
625;466;566;614
625;466;569;617
626;467;569;619
626;466;570;618
626;466;569;617
627;468;569;619
627;468;567;617
627;467;569;612
627;467;569;613
627;465;569;616
627;465;569;615
627;465;571;614
627;465;572;614
628;466;571;618
628;465;570;616
628;465;570;616
628;465;570;615
628;466;569;613
629;466;571;615
628;466;571;614
628;467;571;616
628;467;571;614
628;467;571;616
628;467;572;615
628;467;571;617
628;468;571;617
628;467;572;615
628;466;571;616
628;466;572;616
629;469;575;615
627;464;572;614
628;467;573;622
628;468;573;618
629;469;575;614
629;471;577;616
629;470;575;618
629;471;575;618
629;471;575;616
629;472;575;617
629;471;573;618
629;471;574;616
629;471;576;619
628;472;575;620
629;472;575;621
630;472;575;621
629;472;574;618
630;473;575;620
629;471;574;619
630;472;576;622
630;471;573;622
630;471;574;622
630;472;575;624
630;472;574;626
630;472;573;625
631;473;574;625
630;473;574;624
631;473;574;625
631;473;575;625
631;474;575;625
631;473;574;625
631;474;574;624
632;474;574;627
632;474;574;628
632;474;575;629
632;475;575;628
632;474;575;629
632;474;576;627
632;475;576;626
632;475;577;626
632;475;577;626
631;475;577;627
631;475;577;626
632;475;578;628
632;475;578;627
632;476;577;627
632;476;575;629
632;476;575;628
633;475;575;627
633;475;575;627
633;476;575;626
633;475;574;625
632;476;572;625
632;475;572;626
633;475;573;625
632;475;571;626
633;476;572;626
633;476;571;625
633;476;574;625
633;476;573;625
633;476;573;625
633;477;573;625
633;476;573;626
633;476;574;625
633;476;574;625
633;477;574;626
634;477;575;626
634;476;575;626
633;476;574;624
633;476;574;626
633;478;575;627
634;477;575;627
634;477;574;628
628;479;575;621
632;490;575;632
630;482;573;625
623;486;572;618
620;474;569;613
623;465;569;623
618;458;567;615
624;472;571;625
623;462;567;619
623;462;567;620
624;467;569;623
623;466;569;618
625;474;572;626
624;467;568;620
625;478;572;625
625;472;572;624
626;473;573;626
625;472;571;625
625;473;571;624
625;473;572;623
626;474;572;625
626;475;573;627
626;474;571;626
626;475;573;628
625;473;571;626
626;477;572;628
625;474;572;627
626;475;573;629
626;475;572;629
626;473;572;628
627;476;573;630
627;473;573;629
627;476;574;630
627;475;573;629
627;475;574;629
626;474;574;630
626;475;575;630
627;474;575;630
627;475;575;630
627;475;575;630
627;476;575;631
628;476;575;630
627;475;574;630
627;476;575;631
627;476;574;631
628;476;575;630
628;477;575;630
627;476;575;629
627;477;575;630
627;476;576;630
628;476;575;630
627;477;575;630
627;477;576;631
627;477;576;631
627;477;577;631
627;477;576;631
627;475;575;631
627;476;576;632
627;477;576;632
627;477;576;631
628;477;576;631
628;478;577;631
627;478;577;630
628;478;577;630
628;477;577;630
628;478;577;631
628;477;577;631
628;478;577;631
628;479;578;631
628;478;578;631
628;478;578;631
628;478;578;631
628;478;579;631
628;478;579;632
628;478;579;631
628;478;579;632
628;479;579;632
628;479;578;632
628;479;578;632
628;479;578;632
628;481;578;633
628;481;579;633
628;481;579;634
628;483;578;634
628;482;578;634
628;484;578;635
628;484;579;635
627;484;579;636
628;485;579;636
627;484;579;636
628;486;579;637
627;486;579;637
628;486;579;637
628;487;579;637
628;487;579;638
628;488;579;638
628;487;579;638
629;486;579;638
629;487;578;639
629;487;578;638
630;486;578;638
629;485;578;638
629;485;579;637
630;487;579;638
630;487;580;637
630;487;580;638
630;486;580;637
630;487;582;637
630;486;582;637
629;486;583;637
630;487;583;637
630;487;583;638
629;487;584;637
630;487;584;637
630;486;584;637
630;486;584;638
630;487;584;638
630;489;585;639
630;489;585;638
630;488;584;639
629;488;584;639
630;488;583;639
629;490;583;639
630;489;583;639
630;489;583;639
630;489;582;639
629;489;582;639
630;489;582;639
630;489;582;639
630;489;582;640
630;490;582;640
630;489;583;640
630;489;583;640
630;489;582;640
629;489;583;640
630;490;583;640
630;490;583;640
629;489;583;640
629;489;583;640
629;489;583;640
630;490;583;640
630;489;583;641
629;490;584;640
630;490;584;641
629;490;583;641
630;490;583;641
630;490;583;641
630;490;584;641
629;490;585;641
629;491;584;641
630;490;584;641
630;490;583;642
630;491;584;641
630;491;584;641
630;491;584;642
630;490;584;641
630;490;585;641
630;490;585;641
630;491;586;642
630;491;586;641
630;491;586;641
630;490;586;641
630;489;587;641
630;490;586;641
630;490;587;641
630;491;587;640
631;491;588;640
631;490;587;640
630;489;587;640
631;490;588;640
630;490;588;640
631;491;588;641
631;491;588;641
631;490;588;640
631;490;588;640
630;490;588;639
631;490;588;639
631;490;588;639
631;490;588;638
631;490;588;639
631;490;588;639
631;490;588;639
631;490;589;639
631;490;589;639
631;491;589;639
631;490;588;639
631;490;588;639
632;490;588;639
631;490;587;639
632;491;588;639
631;490;587;639
631;490;587;639
631;491;587;640
631;492;588;640
632;492;587;640
632;491;588;640
631;491;588;641
631;491;587;641
631;492;587;641
632;492;587;641
631;492;587;641
631;492;588;641
632;492;587;641
632;492;588;641
632;492;588;641
632;492;588;641
632;492;589;641
632;492;589;641
632;492;588;641
632;492;588;641
632;492;589;640
632;492;588;641
632;491;590;641
631;491;590;641
631;491;590;641
632;490;590;641
631;492;590;641
631;492;590;641
632;491;590;640
631;490;590;640
632;490;590;640
632;490;591;639
632;490;591;639
632;490;591;639
633;490;591;638
632;490;591;638
633;490;591;638
632;489;591;639
633;490;592;639
632;490;592;639
633;489;591;638
633;490;591;638
633;489;591;638
633;489;591;638
633;489;592;639
633;488;592;638
633;490;591;639
633;489;591;638
633;489;592;638
633;488;592;638
633;489;592;638
633;488;592;637
633;489;592;638
633;489;593;638
634;489;593;638
633;489;593;638
633;489;593;638
633;489;593;638
634;490;593;638
633;488;593;638
633;488;593;638
633;489;594;638
634;489;593;638
634;488;594;638
634;488;594;638
633;489;594;638
634;489;594;638
634;489;594;638
633;489;594;638
633;489;594;638
633;489;594;638
634;489;594;638
633;489;594;638
634;489;594;638
633;489;594;638
633;490;594;638
634;489;594;638
633;489;594;638
634;489;594;638
634;489;594;638
634;489;594;638
634;489;594;638
634;489;594;638
634;489;594;638
634;489;594;638
634;489;594;638
634;489;594;638
634;487;594;638
634;490;594;638
634;489;594;638
634;490;594;638
634;489;595;638
634;489;594;638
634;489;595;638
634;489;595;638
634;489;595;638
634;489;594;638
634;489;594;638
634;489;594;638
634;489;594;637
634;489;595;638
634;489;594;638
634;489;594;638
634;489;595;638
634;489;595;638
634;489;594;638
634;489;595;639
634;489;594;638
634;489;595;639
634;489;595;639
634;489;594;638
634;490;595;638
634;489;595;638
634;490;595;638
634;489;595;638
634;490;595;638
634;490;595;638
634;489;595;638
635;490;595;638
634;490;595;638
635;489;595;638
635;490;595;638
635;489;595;638
635;490;595;638
635;490;595;639
635;490;595;638
635;490;595;638
635;490;595;638
635;490;595;638
635;490;594;638
635;490;595;639
635;490;595;639
635;490;595;638
635;490;595;639
635;490;595;639
635;490;595;639
635;490;595;639
635;490;595;639
635;490;595;639
635;490;595;639
635;491;595;639
635;490;595;639
635;491;595;639
635;490;595;639
635;490;595;639
633;490;593;640
634;493;594;644
634;492;592;639
634;492;593;640
634;491;592;641
633;493;593;642
634;493;593;643
633;494;593;641
634;495;593;645
633;493;592;642
634;493;592;644
634;492;592;642
633;493;592;643
634;495;592;645
634;495;592;643
634;495;592;643
634;495;592;644
632;494;591;643
633;494;591;643
634;495;591;644
633;495;591;643
633;494;591;643
633;493;590;644
633;494;591;643
633;495;591;644
633;495;590;643
634;496;591;644
634;496;591;645
633;495;591;645
633;495;590;645
634;496;590;645
633;496;590;645
633;496;590;644
633;496;591;645
633;496;590;644
634;496;590;644
634;496;591;646
634;496;590;645
634;496;590;646
634;496;590;646
633;496;590;646
634;496;589;646
634;496;590;645
634;496;589;645
634;496;590;646
634;496;589;644
634;496;590;644
634;496;590;644
634;496;590;644
634;496;590;644
635;496;590;644
634;495;590;644
634;496;590;644
634;496;590;644
634;496;590;645
635;496;591;645
634;496;590;644
634;495;590;644
634;495;590;644
634;494;591;644
635;495;590;644
635;495;590;644
634;495;591;644
635;494;592;644
634;494;592;644
635;495;592;644
634;495;592;644
634;495;592;644
634;495;592;643
635;495;592;643
635;493;592;643
635;491;592;640
636;490;593;640
636;489;593;640
636;489;593;641
636;491;593;641
636;490;593;641
636;489;593;640
636;490;593;642
635;490;593;641
636;490;593;641
636;490;594;641
636;491;594;641
636;492;594;642
636;490;594;641
636;490;593;641
636;490;594;641
636;490;594;642
636;491;595;642
636;490;594;641
636;490;594;641
635;490;594;642
636;490;594;642
636;490;595;642
636;490;594;642
635;490;594;642
636;490;593;642
636;490;594;641
636;490;594;641
636;490;594;642
636;491;594;642
636;490;594;642
636;490;594;641
636;490;594;641
636;490;594;642
636;490;594;642
636;490;594;642
636;490;594;641
636;490;594;642
636;490;594;641
636;491;594;642
636;491;594;642
636;491;595;642
636;491;595;642
636;491;595;642
636;490;595;641
636;490;594;641
637;493;595;643
636;492;595;640
636;490;595;641
636;490;595;642
636;489;594;640
636;492;595;642
636;491;595;642
636;490;595;642
636;490;595;640
636;490;594;642
636;490;594;641
636;490;595;642
636;492;595;642
637;492;595;643
636;490;595;641
636;490;594;642
636;490;594;641
637;492;595;642
636;493;595;643
637;492;595;642
636;491;595;642
637;490;595;641
636;491;595;642
636;492;595;642
636;492;595;642
636;492;596;642
636;491;595;642
636;491;595;642
636;490;595;642
636;491;595;641
636;492;595;642
636;491;595;642
636;491;595;642
636;491;595;642
636;491;596;642
636;492;596;642
636;491;595;641
636;491;595;642
636;491;595;641
636;491;595;641
636;492;595;642
636;492;596;641
636;492;595;642
636;491;595;642
636;491;595;641
636;491;596;642
636;492;595;642
636;492;596;641
636;492;596;642
636;491;596;642
636;491;595;642
636;492;596;642
636;491;596;642
636;493;596;642
636;491;596;641
636;491;596;642
636;491;596;641
636;492;596;642
637;492;596;642
636;492;596;642
636;492;596;642
636;492;596;642
637;492;596;642
637;492;596;642
637;492;596;642
637;492;596;642
637;492;596;642
636;491;596;642
637;491;596;642
636;492;596;642
636;493;596;642
636;491;596;642
636;492;596;642
637;492;596;642
636;492;596;642
637;492;596;642
637;491;596;642
636;492;597;642
637;491;596;642
637;492;596;642
636;492;596;642
637;492;596;642
637;492;596;642
637;492;596;642
637;492;596;642
637;491;597;642
637;492;597;642
637;492;596;642
637;492;596;643
637;492;596;643
637;492;596;643
636;492;596;643
637;492;596;642
637;492;596;642
637;492;596;643
637;493;596;643
637;492;596;642
637;492;596;642
637;492;596;642
637;492;596;642
637;493;596;642
637;493;596;642
637;492;596;643
637;492;596;642
637;492;596;643
637;492;596;643
637;492;596;643
637;491;596;642
637;491;596;642
637;490;596;642
637;491;596;642
637;491;596;642
637;492;598;642
637;491;598;642
637;491;598;643
637;492;598;642
637;491;598;643
637;492;598;642
637;492;598;643
637;491;598;643
638;491;598;643
637;491;598;642
638;493;598;642
638;493;598;643
637;491;598;643
637;493;598;643
637;491;598;643
637;493;598;643
637;492;598;643
637;493;599;643
637;494;598;643
637;493;598;643
637;493;598;643
637;492;597;643
637;493;598;643
637;492;598;643
637;493;598;643
637;492;598;643
637;494;598;643
637;494;598;643
637;494;598;643
637;494;598;644
637;492;598;643
637;494;599;644
637;493;599;643
638;494;598;644
637;494;599;643
637;491;598;643
637;492;598;644
637;492;598;644
637;494;598;643
638;494;598;644
638;494;598;644
637;494;598;644
637;494;598;643
638;494;598;643
637;494;598;643
637;494;598;643
638;494;598;644
638;493;598;644
637;494;598;643
638;494;598;644
637;494;598;644
637;494;598;644
637;493;598;643
638;494;598;644
638;494;598;644
637;494;598;644
637;494;599;644
638;494;599;644
637;494;598;643
638;494;598;644
638;494;598;644
638;494;598;644
638;494;598;644
638;493;598;643
638;493;598;644
638;493;598;644
637;494;598;644
638;495;598;644
638;494;598;644
638;494;598;644
638;494;598;644
638;494;599;644
638;494;598;644
638;494;598;644
638;494;599;644
638;495;598;644
638;495;598;644
637;494;599;644
638;495;598;644
637;494;599;644
638;495;599;644
638;495;598;644
637;495;598;644
638;494;598;644
638;495;598;644
638;495;599;645
638;495;599;645
637;492;598;645
637;492;598;644
638;494;598;644
637;494;598;644
638;494;598;644
638;493;598;644
638;494;598;644
638;494;598;645
638;494;598;644
638;494;598;644
638;494;598;644
638;494;598;644
638;494;598;644
638;495;598;644
638;494;598;645
638;495;598;644
638;494;599;644
638;495;599;644
638;494;599;645
638;495;598;645
638;495;599;645
638;495;599;645
638;495;599;645
638;494;599;644
638;495;599;645
638;494;599;644
638;495;599;644
638;495;599;645
638;495;599;644
638;495;599;645
638;495;599;644
638;494;599;645
638;495;599;645
638;495;598;644
638;495;599;644
638;495;599;644
638;495;599;644
638;495;599;645
638;495;599;645
638;495;599;645
638;495;599;644
638;495;599;645
638;495;599;644
638;495;599;645
638;495;599;644
638;495;599;644
638;495;599;644
638;495;599;644
638;495;599;645
638;495;599;644
638;495;599;645
638;495;599;645
638;495;599;644
638;495;599;644
638;495;599;645
638;495;599;645
638;495;599;645
638;495;599;644
638;495;599;645
638;495;599;645
638;495;599;645
638;495;599;645
638;495;600;645
638;495;599;644
638;495;599;645
638;495;600;645
638;495;600;645
638;495;599;645
638;495;599;645
638;495;599;645
638;495;599;645
639;495;600;645
639;495;599;644
638;492;599;644
638;492;599;644
638;492;599;644
638;494;599;645
639;493;599;645
638;493;599;644
638;493;599;645
638;493;599;644
639;493;599;645
638;493;599;644
639;493;599;644
639;493;599;644
638;493;599;644
639;493;599;644
639;493;599;644
639;493;599;644
639;493;599;645
639;493;599;645
639;493;599;645
639;493;599;645
639;493;599;645
639;493;599;645
639;493;599;645
639;493;599;645
639;493;599;645
639;493;599;645
639;493;599;645
639;493;599;645
639;493;599;645
639;493;598;645
639;493;599;645
639;493;599;645
639;493;599;645
639;493;599;645
639;493;599;645
639;493;599;645
639;493;600;645
639;493;599;645
639;493;599;645
639;493;599;645
639;493;599;645
639;493;599;645
639;493;599;645
639;493;599;645
639;493;600;645
639;493;600;645
639;493;600;645
639;493;600;645
639;493;600;645
639;493;599;645
639;494;599;645
639;493;599;645
639;493;599;645
639;493;599;645
639;493;600;644
639;493;599;645
639;493;600;644
639;493;600;645
639;493;600;645
639;493;600;645
639;493;600;645
639;493;600;645
639;494;600;645
639;493;600;645
638;493;600;645
638;493;600;645
639;493;600;645
639;493;600;645
639;493;599;645
639;494;600;645
638;493;600;644
639;493;600;645
639;493;600;645
639;493;600;645
639;493;600;645
639;493;600;644
639;493;600;645
639;493;600;644
639;493;600;644
639;493;600;645
639;493;600;644
639;493;600;645
639;493;600;644
639;493;600;645
639;497;601;648
639;498;601;643
639;495;601;645
638;486;598;640
638;491;599;644
637;488;599;641
639;492;599;645
638;488;599;643
639;491;599;644
638;492;599;645
637;489;597;642
639;490;599;645
638;489;598;642
639;493;600;645
638;493;599;645
639;493;599;645
639;491;599;644
638;490;598;644
638;492;599;645
639;493;599;645
639;493;600;645
638;493;599;645
638;493;599;645
638;491;599;644
638;492;599;645
638;493;599;645
638;493;599;644
639;493;599;645
638;493;598;644
639;493;599;645
638;492;598;644
639;493;599;645
639;493;599;644
639;493;599;645
639;493;599;645
639;493;599;644
639;493;599;644
639;493;599;645
639;493;599;645
638;493;599;645
639;493;599;645
639;493;599;645
639;493;599;645
639;493;599;645
638;493;599;645
639;493;599;645
638;494;599;645
639;494;599;645
639;493;599;645
639;493;599;645
639;493;599;645
639;494;599;645
638;494;599;645
639;494;599;645
639;494;599;645
638;494;599;645
639;493;599;645
639;494;599;645
638;494;599;645
639;494;600;645
639;494;599;644
638;494;599;645
639;494;600;645
639;494;599;645
639;494;600;646
639;494;600;645
639;494;600;646
639;494;599;645
639;494;600;646
639;494;599;646
639;494;599;646
639;494;599;646
639;494;599;646
638;494;599;646
639;494;599;646
639;494;599;646
639;494;600;646
639;494;599;646
639;495;599;646
639;494;599;646
639;494;599;646
639;494;600;646
639;494;600;646
