689;523;590;569
688;529;589;567
687;523;585;567
685;515;585;569
685;517;586;568
687;524;588;570
687;522;587;569
687;522;587;570
687;522;588;569
686;522;588;569
686;521;588;570
686;518;587;569
686;520;588;569
687;519;588;569
687;521;588;569
686;519;588;569
686;519;587;569
686;519;588;569
687;519;588;569
687;520;588;570
687;520;588;570
687;521;588;569
687;520;588;569
687;520;588;569
687;520;588;569
687;520;589;569
688;535;590;568
687;533;590;568
687;531;589;568
686;532;589;566
686;540;590;566
686;555;592;565
686;560;592;565
686;558;591;566
689;566;596;570
696;577;600;575
695;570;596;575
694;561;595;574
696;567;600;573
698;570;597;576
699;573;595;574
698;564;590;567
697;556;588;564
697;554;587;566
698;558;588;568
699;558;585;567
705;586;588;561
707;597;589;559
705;599;589;557
702;590;588;564
702;584;587;570
703;585;592;576
703;586;593;577
704;580;593;577
703;571;592;578
709;577;592;577
711;582;593;578
708;562;592;579
706;552;591;579
703;538;590;578
703;552;592;578
703;558;593;577
703;565;594;575
704;572;595;574
705;574;596;575
705;567;596;573
706;559;596;570
704;544;594;569
704;534;594;569
703;511;592;572
703;488;590;573
704;485;586;570
705;504;587;569
705;511;587;569
706;508;586;569
703;502;586;569
701;506;587;570
699;490;588;570
697;491;588;569
697;494;589;566
695;493;588;564
695;492;588;565
697;496;588;567
697;498;588;565
696;505;590;564
696;499;589;563
709;428;460;563
720;548;564;569
730;581;574;581
748;649;580;578
737;624;573;572
734;622;580;568
725;596;579;572
711;600;575;561
713;640;598;557
728;664;610;559
731;673;613;557
760;667;611;590
776;670;592;568
745;587;581;584
724;569;581;567
722;596;590;575
706;619;603;562
693;643;613;542
688;677;625;541
701;686;629;541
700;670;621;546
712;626;593;553
718;620;579;565
725;609;577;566
755;643;581;557
762;659;601;559
746;643;601;535
717;615;589;532
703;581;576;545
726;585;587;586
742;578;596;611
716;491;567;592
716;452;560;588
702;398;555;572
700;347;536;573
761;656;574;568
768;659;568;572
755;620;558;568
736;551;542;572
732;557;547;572
738;621;547;568
745;645;550;565
753;660;567;571
742;639;572;568
760;651;608;585
779;661;609;588
774;671;618;586
761;642;608;584
725;680;617;548
706;676;619;555
673;596;586;553
682;503;561;560
690;279;508;577
718;515;554;562
737;614;596;595
747;649;588;571
739;614;573;569
721;539;559;570
727;489;566;604
725;528;584;600
739;428;543;618
718;464;568;595
708;482;576;579
706;393;544;578
704;360;538;577
705;390;541;578
706;402;544;579
706;393;547;579
716;438;564;588
715;456;570;588
718;509;586;596
706;415;545;578
719;483;569;587
729;474;560;588
733;565;595;602
714;458;567;593
699;343;535;583
705;362;551;584
706;359;547;588
704;351;543;587
742;331;515;615
755;526;587;636
724;472;572;603
744;589;581;587
750;634;571;577
739;602;549;563
716;552;554;566
683;514;566;551
712;624;616;575
706;627;606;548
700;584;589;551
699;491;570;561
666;342;490;516
687;332;523;568
701;438;558;573
704;461;562;575
703;449;556;571
703;446;558;573
717;319;533;608
729;425;556;609
743;526;572;598
760;604;584;593
759;599;584;589
726;528;568;574
717;538;572;576
708;515;562;584
708;464;562;583
728;535;595;596
750;488;576;627
741;506;581;614
723;477;572;587
708;412;543;579
712;431;558;585
713;435;559;586
712;429;552;586
726;619;573;495
734;625;589;560
718;545;575;570
702;403;541;571
704;401;542;580
706;413;548;581
706;405;548;583
707;410;550;584
707;417;550;584
708;426;552;584
728;387;529;602
746;532;595;617
728;482;578;601
714;461;577;590
745;546;571;589
741;542;558;583
728;497;566;585
701;403;554;582
719;529;569;567
743;647;622;565
740;627;606;594
729;643;625;586
699;644;613;553
708;666;628;554
708;635;614;561
709;563;585;568
685;361;541;567
696;512;572;565
747;624;600;596
760;635;592;576
740;614;588;559
713;554;578;564
697;393;543;576
725;532;590;597
759;513;581;637
768;571;603;653
770;588;608;654
772;596;614;652
783;615;621;672
781;627;627;666
778;622;624;665
773;650;632;656
752;687;635;606
735;680;632;576
727;681;630;546
728;651;602;563
722;568;568;574
711;325;509;571
718;463;541;567
725;494;558;578
724;495;550;576
724;478;541;578
724;469;538;578
726;492;544;580
729;507;548;583
729;497;549;586
730;489;545;587
730;473;541;587
729;463;537;587
730;469;540;589
728;470;539;589
725;434;535;584
725;405;537;587
726;345;530;590
737;519;571;595
740;573;569;582
742;566;551;584
743;516;551;597
769;365;525;650
768;484;587;644
748;427;578;633
728;355;555;606
707;337;538;582
692;305;518;583
697;308;527;589
706;288;530;596
710;305;536;596
757;495;542;575
756;465;534;595
758;446;523;597
759;468;528;595
760;479;530;595
758;486;535;594
782;571;506;570
783;549;542;594
772;528;560;598
772;486;559;592
731;410;548;588
729;459;584;596
735;462;567;597
754;526;603;621
759;567;622;632
765;632;639;637
745;635;627;586
724;641;630;563
711;593;603;557
716;485;570;569
719;365;570;600
700;311;530;572
706;300;535;579
709;310;539;579
714;315;546;582
717;311;550;582
744;523;621;612
751;555;621;617
741;520;602;602
770;562;590;571
770;579;587;584
739;477;561;582
730;405;552;586
716;303;541;589
733;484;549;576
737;508;570;584
743;514;542;583
736;447;541;587
733;448;555;589
718;328;558;588
716;312;545;589
739;519;569;583
750;581;566;569
734;477;550;586
717;332;561;589
705;451;574;573
705;583;589;518
709;635;628;551
712;596;613;565
712;468;577;577
710;315;539;583
714;358;562;575
712;356;560;577
716;474;557;573
748;654;625;574
736;634;617;568
691;337;514;561
702;340;536;576
708;353;555;582
710;344;559;583
720;436;555;583
735;551;559;578
745;630;534;569
746;612;548;573
729;527;559;579
724;489;556;574
725;320;532;587
734;443;589;598
726;393;578;592
719;351;566;583
708;301;535;580
731;428;581;593
755;566;610;608
744;503;586;607
724;470;574;584
729;574;614;585
713;604;599;518
718;631;624;545
718;596;612;563
711;459;567;571
726;502;566;576
727;486;548;579
750;588;533;559
738;539;569;579
741;564;599;598
740;573;591;587
724;522;590;582
716;473;585;590
707;378;557;587
704;351;546;584
708;375;554;588
709;388;559;589
708;385;560;590
708;379;557;590
709;373;556;591
709;367;555;591
710;371;556;592
709;376;556;591
712;403;558;590
712;383;557;591
713;408;561;590
723;409;545;647
731;440;555;631
731;467;574;614
716;519;572;559
719;454;562;574
717;451;562;569
717;446;564;572
720;460;570;576
720;479;571;573
719;483;569;573
748;582;589;564
756;579;599;615
751;546;595;621
762;543;589;619
758;574;598;610
738;543;579;588
742;542;578;577
755;604;605;590
760;612;609;565
738;561;596;543
729;542;573;555
715;492;570;574
750;587;596;576
759;613;607;583
763;616;609;584
730;686;618;480
696;696;646;532
697;633;615;547
702;524;571;545
693;402;571;559
706;333;552;564
702;310;536;563
703;304;537;567
703;307;540;569
704;310;543;571
706;314;544;575
706;310;542;572
711;331;541;570
712;314;540;573
713;313;539;575
713;306;537;576
729;479;561;568
733;540;558;567
748;646;595;542
754;673;610;555
746;653;603;559
754;588;556;569
753;496;523;595
721;416;543;574
712;494;585;573
711;490;582;573
710;480;574;571
766;634;576;554
773;612;584;576
728;579;587;547
686;619;609;519
599;669;612;397
690;651;631;525
680;593;601;524
690;484;579;553
699;336;546;542
711;466;529;539
740;596;576;539
758;636;575;555
752;614;577;564
725;523;569;562
708;465;567;562
704;421;548;561
706;434;560;568
708;447;563;569
746;556;548;568
765;599;583;573
765;619;597;569
730;575;587;562
715;525;583;569
737;525;572;567
768;529;562;598
776;624;624;596
774;674;638;576
753;665;633;566
726;705;634;480
706;712;645;516
676;691;633;506
670;635;609;516
679;564;578;529
680;477;556;552
690;379;519;542
696;363;532;550
702;462;554;550
710;510;558;553
719;574;569;549
723;606;594;557
723;643;599;538
726;645;595;539
729;650;598;540
751;650;598;572
753;633;606;587
753;629;614;590
751;588;604;584
727;553;589;575
700;539;592;574
694;502;580;568
696;478;572;572
698;479;571;572
699;479;573;573
728;550;571;566
755;611;568;572
757;619;603;573
725;580;592;563
708;618;626;567
652;658;624;496
687;656;621;503
694;622;607;529
699;521;578;545
712;379;586;571
695;387;554;547
699;339;537;562
699;337;540;561
704;360;547;565
727;521;589;576
749;453;580;634
725;369;564;589
711;385;560;572
707;337;546;572
710;331;547;574
711;334;546;575
731;485;597;593
749;594;589;593
751;638;579;581
742;660;583;560
735;652;579;564
721;604;563;553
718;538;551;557
724;550;542;532
727;543;580;571
741;646;625;593
742;685;613;548
744;678;600;540
764;671;610;560
771;641;588;567
750;611;592;568
721;627;608;539
696;614;603;511
700;653;631;529
706;557;597;553
702;455;549;555
730;534;554;553
748;617;586;570
751;629;580;561
733;557;572;561
714;443;576;573
727;442;545;573
745;462;554;581
745;520;587;584
724;460;572;577
709;385;554;576
715;385;563;582
711;344;551;581
711;331;547;584
711;654;613;531
725;697;621;539
731;693;611;551
772;705;599;574
760;616;615;588
754;594;610;581
747;658;631;559
719;682;631;485
719;634;626;550
716;510;582;559
695;351;522;527
715;319;535;558
719;356;545;568
719;375;551;568
723;427;560;569
724;429;558;569
723;415;551;570
724;430;552;570
726;440;555;570
728;452;556;570
730;465;557;570
732;484;556;569
734;499;560;569
735;505;563;568
734;506;564;568
734;508;567;567
733;489;553;570
733;494;555;569
733;496;558;569
733;494;559;569
733;490;558;570
733;488;557;570
733;490;559;570
733;494;562;570
733;497;561;570
733;496;564;570
728;470;564;570
723;449;567;571
720;434;567;571
719;421;566;572
720;419;566;573
720;418;566;573
720;420;567;574
719;422;566;573
723;470;568;571
724;468;564;572
724;468;565;573
727;469;559;577
728;467;556;576
727;466;562;577
727;469;566;578
750;552;600;600
760;581;600;616
751;540;571;606
736;516;557;585
724;468;543;569
729;483;566;580
725;393;552;586
736;524;551;568
756;651;604;575
753;672;602;554
749;674;605;552
742;644;596;563
729;543;576;572
727;476;579;582
718;424;567;578
712;379;553;579
711;397;555;580
713;423;562;581
779;623;583;581
783;626;583;591
769;572;570;585
740;549;566;584
745;672;569;561
726;690;549;554
756;711;585;571
758;701;583;573
744;673;579;573
732;628;576;575
743;663;604;560
755;643;616;590
755;689;644;596
717;695;642;531
713;692;642;536
718;698;644;540
715;643;620;549
717;543;584;550
707;443;527;524
724;466;544;558
728;474;564;568
727;489;569;569
724;504;576;566
720;497;579;565
721;491;584;566
717;483;582;565
734;533;565;564
760;645;582;567
762;624;601;562
731;583;599;548
753;617;604;587
747;621;610;572
722;505;584;574
713;353;539;574
709;346;543;581
712;367;549;583
723;444;561;583
748;524;603;613
768;546;601;629
767;608;600;617
759;616;602;607
773;676;578;561
798;691;551;574
799;685;593;572
794;674;601;582
748;665;604;518
732;643;625;543
704;636;622;476
695;580;597;524
700;488;582;541
708;457;580;555
719;335;561;576
735;503;565;557
761;608;577;573
770;650;598;573
774;667;597;571
769;662;594;569
777;702;569;545
765;670;577;567
765;621;567;563
734;530;558;568
726;497;560;567
717;332;549;585
725;427;530;560
728;534;555;558
735;630;578;549
741;650;601;553
733;593;596;575
728;535;589;579
724;506;578;581
723;515;583;581
721;484;577;583
719;455;575;588
722;455;572;589
766;596;553;586
768;622;601;589
729;626;612;542
715;602;616;548
706;647;611;503
717;665;632;537
720;639;616;548
715;497;582;569
693;296;528;566
707;357;547;564
707;361;555;571
745;477;590;594
752;456;580;605
737;349;541;594
726;325;538;588
716;329;544;580
745;572;582;580
758;642;595;559
763;648;594;564
754;608;584;559
734;523;571;564
708;418;551;548
713;436;565;567
718;465;574;573
776;637;556;543
789;650;592;573
775;617;588;569
772;699;592;571
767;711;562;558
771;706;554;569
771;704;554;574
764;656;544;581
746;627;573;570
725;602;595;563
685;548;595;520
692;515;584;537
695;470;576;550
710;397;584;577
699;349;543;563
705;345;542;573
707;376;553;573
712;369;553;574
744;475;575;572
757;531;572;581
741;513;576;580
742;544;602;596
758;466;591;627
744;451;585;607
729;390;573;595
710;302;534;583
726;380;565;593
739;402;561;602
766;497;599;637
759;530;597;626
734;480;584;588
718;336;546;584
721;356;561;589
721;384;563;588
734;535;592;570
752;629;632;587
757;640;622;590
753;626;619;587
751;664;645;591
733;686;641;525
726;685;646;531
720;658;635;529
715;579;600;545
711;536;581;551
718;418;548;564
720;466;576;576
720;472;579;574
718;451;573;573
715;407;563;571
717;396;552;575
719;362;550;579
719;301;544;586
733;601;603;515
747;658;615;570
755;665;610;566
745;609;585;574
732;552;581;580
721;374;551;586
758;544;548;562
764;559;590;588
765;627;591;564
761;623;590;564
779;673;585;528
791;655;565;574
771;627;586;569
735;589;592;562
771;646;634;606
789;672;638;601
780;694;643;581
763;672;631;576
735;662;614;531
708;647;623;539
700;582;594;536
704;559;586;550
715;454;565;551
716;454;572;572
738;607;577;550
754;671;586;574
751;686;578;554
745;676;582;557
773;702;591;569
791;668;604;576
794;678;604;569
796;679;610;571
798;683;609;566
795;674;586;568
779;643;591;575
739;542;577;576
743;537;575;579
721;437;568;582
721;428;565;583
717;399;555;583
736;557;563;580
759;641;579;593
760;680;566;568
747;635;564;572
730;545;564;576
724;608;613;574
718;619;612;547
688;614;592;530
701;621;600;522
710;557;592;555
718;578;601;566
725;531;593;573
717;505;581;563
717;467;565;563
746;507;547;572
761;584;593;584
768;608;601;591
752;607;599;571
758;626;610;582
770;673;617;596
757;679;618;586
733;661;593;578
749;714;594;570
752;717;592;569
740;687;587;568
726;653;586;573
725;595;576;580
719;492;569;584
736;581;601;580
755;634;641;617
757;678;637;578
759;709;642;575
761;711;649;584
740;707;644;568
726;695;642;542
752;695;616;505
740;619;588;545
729;494;545;503
729;501;565;553
728;501;574;561
728;521;577;560
736;547;588;574
728;588;589;576
722;537;573;573
756;566;604;595
772;648;615;580
760;643;609;557
721;567;583;552
716;465;550;574
757;592;607;605
761;642;610;580
739;591;598;575
723;480;571;578
727;441;562;589
733;467;578;595
740;517;592;602
758;495;560;611
772;609;593;616
778;654;613;631
774;688;630;603
771;687;638;609
751;639;611;588
727;486;568;579
728;487;566;579
741;578;608;597
757;610;606;600
767;645;631;613
767;650;632;615
755;644;627;598
734;647;630;580
712;692;646;513
725;688;646;540
725;625;611;552
722;537;593;570
718;423;556;546
709;346;535;558
710;334;540;566
715;355;551;571
718;394;559;573
779;511;592;672
760;600;628;624
744;501;594;607
727;481;576;575
741;564;542;568
746;615;551;555
751;640;580;573
737;616;581;569
735;546;573;569
723;435;565;583
734;428;540;595
751;494;588;622
748;511;593;617
734;467;580;601
717;402;548;581
750;552;581;583
768;620;588;560
776;623;587;582
781;648;601;579
790;668;607;587
783;658;611;587
755;608;596;580
701;636;606;529
722;636;622;543
734;677;642;570
719;623;603;533
705;488;553;553
696;323;533;580
714;474;563;560
723;498;578;574
725;505;577;570
722;477;570;571
716;417;558;571
714;417;561;573
731;508;590;583
748;525;598;614
750;563;612;616
739;527;597;602
767;607;587;590
775;642;604;580
765;626;592;580
769;697;586;548
759;696;585;539
759;684;569;563
758;693;581;567
748;674;582;568
724;648;580;567
765;664;603;564
783;671;606;587
789;669;607;591
767;628;590;578
740;589;580;576
724;606;595;567
748;686;609;499
748;652;608;581
749;682;631;562
737;676;638;562
709;651;608;542
707;637;607;510
718;586;599;561
718;536;580;564
724;417;553;569
726;482;576;572
727;482;572;571
725;457;563;571
723;439;556;569
723;430;561;574
724;455;572;571
724;473;578;571
736;567;611;577
745;666;618;559
739;632;612;581
745;594;589;580
771;617;555;571
761;621;583;574
745;593;586;575
731;534;578;580
717;476;572;581
719;478;573;583
719;462;567;585
720;449;563;585
734;569;565;572
752;663;630;611
755;708;618;545
750;692;610;552
761;679;583;562
759;686;592;549
760;674;584;568
751;653;586;576
730;601;581;578
719;490;566;581
743;250;439;585
737;388;543;596
731;452;573;601
723;510;592;583
773;671;590;562
765;650;585;572
791;682;594;536
797;682;593;570
796;680;604;574
775;646;608;586
749;645;615;550
728;654;602;545
719;636;614;572
720;550;587;584
697;523;562;587
729;656;585;568
744;671;589;577
750;716;598;564
760;726;584;563
755;693;584;570
731;617;579;577
740;541;601;602
735;581;596;568
740;586;592;577
741;581;585;575
769;644;561;579
784;680;589;578
780;693;615;573
767;714;644;570
741;674;622;568
723;584;598;577
718;527;579;580
721;321;536;590
724;401;572;591
747;572;594;597
757;625;563;570
740;549;571;583
726;468;586;591
719;471;577;584
720;472;576;585
720;449;573;589
722;465;574;591
716;466;568;591
736;569;595;598
759;607;599;597
756;551;594;588
729;499;584;579
714;428;546;589
754;467;533;609
759;401;533;621
750;460;586;610
740;409;575;612
721;359;566;593
729;485;572;570
770;623;545;566
779;661;591;583
775;652;599;585
755;592;588;589
761;558;607;616
793;663;636;630
780;673;637;591
757;648;623;578
712;625;590;558
697;634;602;532
705;579;595;565
718;567;583;569
730;524;578;552
727;493;579;583
743;548;584;581
760;613;565;558
774;652;609;592
769;642;610;598
744;569;597;590
734;530;589;594
758;508;593;628
752;511;586;620
736;487;579;599
717;382;546;579
731;420;565;592
749;476;583;613
769;426;536;638
760;462;578;631
750;511;582;603
760;568;580;597
778;662;585;551
780;644;575;590
767;604;577;583
748;640;614;554
743;670;620;529
736;671;636;569
732;648;618;559
721;520;580;570
706;243;522;560
714;393;564;574
723;434;574;584
724;426;573;585
755;531;589;596
778;598;572;587
771;569;574;589
747;527;578;593
722;439;586;594
721;376;566;594
721;344;553;593
721;345;552;592
737;595;573;546
751;620;590;590
757;663;611;570
752;645;611;581
752;574;591;576
728;488;593;594
719;454;573;580
764;607;559;559
781;637;591;585
784;657;596;569
801;675;613;586
800;674;608;594
792;667;609;586
755;612;599;582
738;573;594;581
721;534;594;576
721;535;594;581
721;529;594;580
723;525;593;584
724;515;590;585
723;505;588;587
724;500;587;588
723;488;583;587
724;490;584;590
724;484;582;589
725;486;584;590
725;485;584;590
728;624;631;580
714;670;635;529
713;612;609;547
731;520;609;575
720;552;588;544
716;491;571;566
721;483;573;568
723;485;580;574
744;568;592;586
771;593;583;594
774;630;610;586
743;611;604;568
722;466;601;582
762;550;614;592
773;639;632;606
788;678;619;593
797;680;610;583
796;664;597;593
799;668;603;583
799;667;600;595
799;669;609;602
785;646;606;596
755;598;593;592
772;627;590;586
793;679;586;575
782;648;598;584
753;598;594;587
752;599;596;590
733;535;592;597
728;585;597;587
724;642;612;548
717;637;623;551
713;575;602;560
725;582;604;571
736;506;585;579
729;458;573;577
723;422;560;574
732;533;571;551
749;664;613;544
742;608;600;586
733;546;587;588
725;505;580;583
727;518;584;586
727;520;580;583
728;516;578;583
729;515;578;583
750;513;571;607
759;579;598;621
761;576;599;621
748;572;593;606
737;567;587;581
753;587;585;606
787;577;549;664
782;656;619;636
760;638;610;614
743;605;589;585
739;583;579;582
736;571;575;580
736;573;582;585
737;581;587;588
751;641;626;601
781;679;639;629
785;696;650;638
776;713;663;633
749;706;646;595
740;714;651;556
735;682;633;568
734;601;601;574
692;475;516;533
725;432;545;583
728;455;562;582
726;475;575;588
757;572;588;590
789;641;597;590
799;664;585;591
794;663;596;594
791;662;602;593
777;658;596;587
763;684;597;581
769;701;583;567
773;725;597;572
771;719;598;575
751;687;596;580
732;653;592;581
727;559;571;587
728;512;578;591
727;502;582;594
727;513;584;593
756;610;602;596
774;631;599;598
764;619;599;589
739;560;588;590
729;491;573;593
727;502;582;594
728;450;547;578
745;525;582;604
746;563;600;606
738;529;591;604
717;416;560;604
727;456;578;601
730;457;577;602
729;441;574;601
734;435;573;599
772;493;562;600
791;667;623;590
780;694;638;592
768;699;661;631
718;707;642;533
697;660;622;550
703;590;588;551
714;541;591;574
706;443;562;564
715;389;545;577
716;390;549;581
715;413;563;582
716;443;569;582
766;607;580;582
782;641;596;587
776;629;597;582
742;573;590;577
757;524;584;606
775;519;555;622
765;551;596;609
739;517;588;584
708;354;544;585
719;398;555;590
726;433;560;591
727;410;563;594
725;403;562;594
751;637;632;591
764;678;642;590
764;670;625;588
754;668;624;572
759;707;650;612
741;687;628;571
737;650;617;577
746;630;580;576
770;657;576;589
769;671;594;578
748;616;587;577
741;593;580;581
725;506;572;583
765;615;594;601
784;651;610;591
787;671;615;584
765;662;610;575
749;710;600;547
749;733;587;553
771;738;593;560
772;744;599;565
770;736;599;569
798;742;629;588
814;736;630;611
815;721;633;612
807;702;624;605
820;727;617;581
818;717;614;594
802;713;617;579
760;652;608;558
730;636;601;536
717;614;606;543
724;558;599;571
728;492;581;573
733;356;578;600
726;336;547;586
721;309;538;589
728;309;538;586
753;454;551;596
758;534;584;607
759;578;589;595
793;608;530;591
780;671;562;599
768;685;548;565
754;654;560;601
752;631;559;598
746;508;544;601
733;454;546;599
727;326;546;599
727;337;549;604
723;349;549;604
751;585;573;578
778;659;587;582
785;672;601;590
775;645;594;594
748;568;582;581
741;648;617;550
741;694;648;578
723;659;625;536
711;529;582;547
724;342;584;580
704;378;541;548
713;366;547;568
723;429;565;572
726;443;573;576
725;446;574;576
725;450;575;572
742;607;588;544
757;656;606;564
758;669;619;568
746;620;607;587
733;543;583;593
734;425;549;594
750;542;578;590
780;636;606;602
785;649;594;584
767;615;584;581
743;532;577;587
721;420;550;590
722;415;558;594
725;398;559;596
724;375;558;597
725;375;557;597
754;611;585;563
760;644;533;537
759;681;612;564
760;690;614;560
762;670;602;578
761;635;575;585
752;578;557;588
748;551;544;585
749;561;559;592
752;595;576;591
756;630;590;588
792;682;644;632
786;680;624;608
763;626;594;596
741;519;591;598
724;376;551;596
723;379;552;600
723;386;555;602
726;398;562;603
724;395;562;603
725;408;563;603
751;583;584;594
756;615;579;583
769;661;595;581
786;688;593;581
810;712;564;584
809;707;607;583
807;703;608;590
767;608;590;595
743;543;571;588
722;437;562;591
725;443;564;594
725;449;569;595
727;454;571;597
727;450;565;596
727;437;562;599
731;462;562;598
728;495;561;590
725;592;611;558
708;667;633;487
720;680;647;532
721;629;622;542
724;595;596;550
730;584;584;521
728;541;590;572
724;507;582;569
723;507;575;569
762;635;592;572
771;628;615;578
755;630;614;555
720;564;597;561
720;480;560;577
742;550;610;602
772;517;608;648
756;540;605;620
744;573;587;573
736;498;563;586
730;455;556;587
761;635;611;603
770;678;630;577
770;671;623;582
754;622;605;578
764;605;587;581
755;560;585;583
733;547;592;589
729;550;590;588
730;609;590;584
755;647;597;589
777;654;619;598
783;658;619;603
767;634;608;589
730;569;592;583
717;530;583;585
726;540;593;596
749;630;594;582
779;659;589;587
802;700;615;578
803;698;620;591
799;684;614;598
793;671;606;594
748;584;592;589
721;537;576;579
705;582;592;544
729;705;648;530
711;704;649;530
701;639;621;541
709;561;604;556
724;507;576;564
717;444;561;575
719;473;560;574
720;487;572;578
722;495;572;579
725;504;574;582
729;516;575;585
732;512;574;586
734;512;576;587
731;492;572;586
729;430;561;589
727;450;565;586
736;559;584;584
733;509;564;585
728;447;558;585
725;411;556;588
727;421;559;588
730;446;559;589
731;440;559;590
731;459;569;590
731;471;573;589
730;479;575;588
756;548;603;655
752;556;605;654
735;512;589;605
728;530;587;559
731;544;587;588
743;555;599;632
759;570;605;678
758;575;606;672
743;563;591;623
736;560;581;598
734;536;567;588
738;569;588;589
756;594;607;654
780;593;611;700
776;610;621;692
758;581;605;635
750;582;581;605
748;567;552;578
748;573;570;583
749;587;579;583
749;590;584;586
750;592;585;587
751;591;584;588
749;586;582;588
747;575;581;588
746;573;580;589
745;571;579;589
746;575;580;590
746;576;582;591
745;573;582;592
743;566;579;591
742;557;576;591
740;541;576;592
737;530;576;594
734;521;578;594
733;485;566;596
732;457;564;598
730;432;562;601
730;408;562;602
730;412;564;602
730;424;569;602
730;443;572;601
730;455;573;602
730;478;577;599
794;637;602;576
776;627;609;604
759;576;593;597
729;480;554;593
738;655;640;640
725;684;625;535
726;621;612;571
721;490;562;570
726;466;571;552
726;366;571;597
724;341;554;591
724;318;547;596
727;340;543;593
733;388;553;596
737;443;549;589
746;550;564;568
750;633;618;607
749;672;606;558
747;656;595;561
741;611;584;577
731;471;558;593
720;325;549;592
759;517;618;620
780;598;640;641
779;587;623;646
783;603;613;651
779;664;606;603
779;691;645;613
760;669;634;609
739;610;619;596
730;554;596;587
723;491;571;597
775;628;616;607
783;657;622;595
772;636;607;579
735;571;578;570
746;677;578;571
744;714;578;541
755;713;596;575
762;720;606;568
790;729;641;621
790;689;624;638
788;679;623;639
792;708;650;651
776;705;635;651
765;696;642;617
748;687;637;598
744;690;643;591
690;683;641;531
688;651;616;531
718;629;612;561
729;526;586;581
692;375;500;528
729;327;529;590
724;329;547;585
726;318;550;593
729;359;555;593
741;480;558;585
756;666;558;558
759;704;611;555
767;690;606;576
761;639;589;593
764;674;571;587
758;665;570;579
751;637;568;583
731;570;568;584
733;574;574;590
721;442;570;602
766;619;583;591
781;635;575;594
798;669;592;571
794;674;604;579
777;640;590;580
746;567;587;588
728;468;578;595
721;360;550;597
717;322;547;600
718;316;548;601
719;306;547;602
724;311;551;603
720;308;550;603
721;307;550;604
723;344;554;603
743;509;558;591
771;652;583;579
771;641;591;606
763;613;593;594
746;546;581;598
748;512;569;601
757;416;546;613
759;508;579;618
732;487;586;593
734;433;553;598
725;388;556;594
727;400;558;594
729;413;560;595
729;422;562;596
729;352;543;603
737;450;578;608
739;483;579;608
743;538;602;612
752;592;621;618
758;622;627;617
752;612;622;606
744;573;610;599
737;539;599;595
720;443;545;584
725;452;551;593
731;488;571;599
733;505;579;601
738;532;583;598
736;506;574;598
733;501;575;596
734;519;582;598
733;511;583;598
732;499;582;599
731;495;580;599
732;501;581;600
733;510;582;599
733;513;583;599
734;515;582;598
733;511;582;597
732;508;582;599
732;508;583;598
733;515;585;599
733;515;585;599
733;514;584;599
733;514;584;599
734;516;586;600
733;516;586;600
733;510;585;600
774;585;613;630
779;584;606;617
763;550;588;605
743;511;570;592
729;503;579;599
734;521;581;602
735;523;579;598
737;526;578;598
738;535;578;598
740;542;580;598
739;553;582;597
739;555;584;598
739;557;583;597
741;560;583;597
752;530;576;671
752;520;555;675
756;593;591;652
750;596;590;619
745;583;589;601
741;573;578;598
740;568;565;594
741;570;571;598
742;578;578;598
741;576;580;599
764;639;620;634
771;670;637;637
759;637;615;621
749;586;590;609
740;570;584;605
741;568;584;607
739;562;578;606
738;553;577;603
737;552;576;604
780;656;634;643
800;636;608;641
786;679;609;609
766;653;622;591
713;632;607;536
722;630;617;557
725;592;599;568
731;515;591;601
724;470;539;560
729;460;543;569
734;502;559;572
757;558;575;603
785;616;611;648
791;658;632;640
784;669;620;640
765;680;631;594
746;623;610;574
740;571;593;582
750;597;580;576
751;620;593;574
755;648;606;550
758;632;583;578
748;576;577;585
726;470;584;596
719;466;572;592
726;449;569;594
770;533;571;617
775;585;611;639
757;542;601;629
744;466;575;618
727;455;576;601
725;400;553;602
722;384;550;602
722;393;556;603
723;404;560;602
727;407;562;605
724;393;560;603
724;393;561;605
724;399;561;604
725;402;562;604
725;396;560;606
737;496;567;602
751;576;575;600
761;640;586;589
770;662;572;574
761;629;578;583
742;566;579;584
714;499;582;593
747;666;616;520
760;709;653;577
763;722;672;636
733;710;653;556
726;649;620;560
725;538;576;568
726;485;584;581
731;489;572;573
729;475;560;574
729;475;560;575
733;491;568;580
735;508;573;578
737;513;577;581
737;513;575;581
738;519;578;582
740;530;583;588
746;559;591;593
749;581;596;598
753;599;601;600
754;608;604;601
755;606;603;599
755;580;602;602
756;564;600;606
758;558;599;608
763;588;603;604
760;556;598;604
759;551;596;606
756;523;593;608
752;498;588;609
745;464;582;605
738;399;561;598
731;391;568;598
730;449;586;597
731;484;596;595
732;470;592;597
732;439;579;601
760;517;617;639
767;522;600;626
749;459;566;609
743;447;560;605
727;451;576;598
740;522;585;592
749;569;589;584
762;629;587;537
750;570;590;588
743;555;582;580
729;490;585;593
728;484;586;594
745;395;562;602
751;490;576;610
736;494;589;601
728;441;580;605
728;465;587;604
726;444;579;601
760;582;574;584
758;577;579;594
757;628;542;583
753;625;581;591
738;580;584;594
744;610;621;611
739;551;612;622
732;512;599;607
731;515;601;609
716;420;562;595
733;511;597;606
754;620;641;632
751;593;622;631
728;491;583;608
705;344;531;592
711;383;544;599
729;508;578;603
731;515;585;604
729;509;581;604
731;514;578;600
786;621;586;603
795;637;571;616
783;681;625;600
764;713;625;588
730;719;643;530
723;683;640;565
727;596;599;574
716;331;541;539
714;452;565;563
729;473;563;575
729;477;565;578
730;477;566;579
730;478;562;577
730;475;559;579
730;477;561;580
732;488;571;581
739;534;590;591
738;545;589;589
740;548;589;589
740;552;589;588
744;567;592;586
747;594;598;587
749;603;600;588
749;606;600;587
751;598;598;590
749;578;595;595
750;577;597;596
751;578;598;597
751;580;598;596
751;579;597;597
750;570;594;595
750;571;594;595
749;577;595;592
743;566;589;588
741;552;582;588
739;542;580;588
736;531;574;588
733;497;571;590
732;467;564;591
732;447;558;591
741;548;575;582
756;682;541;541
777;690;621;613
777;689;631;622
780;673;641;643
784;646;625;651
794;649;636;662
769;627;615;585
734;576;584;545
721;498;559;571
723;510;582;587
726;516;586;590
723;502;580;590
752;646;626;600
753;685;638;568
760;687;625;576
768;676;608;572
767;643;608;571
750;612;590;570
737;553;578;582
717;519;588;587
725;502;581;590
765;522;564;597
784;608;595;611
790;635;590;603
772;577;581;600
750;476;558;603
742;362;542;609
780;476;556;626
788;501;586;636
773;635;615;596
707;619;605;491
685;587;588;551
706;552;589;563
714;462;577;587
708;462;505;573
742;327;530;596
759;510;547;598
767;618;534;586
768;621;543;590
752;534;547;595
735;428;548;597
730;495;517;543
746;474;577;607
738;364;555;607
760;543;579;612
772;576;573;615
781;615;556;602
775;623;581;601
749;678;606;497
760;680;641;584
755;664;621;582
730;547;590;590
732;502;585;600
728;337;540;596
721;291;531;603
723;324;541;606
725;332;548;606
728;343;552;607
762;482;617;646
784;522;594;610
784;531;537;591
793;575;572;609
788;587;590;605
779;563;583;603
751;504;573;599
729;497;578;605
725;523;565;598
722;557;569;597
753;575;593;604
774;587;606;604
768;590;601;575
737;539;587;572
712;519;594;584
660;614;590;525
696;644;631;532
694;626;623;546
697;482;580;567
716;407;560;538
713;310;563;584
750;566;547;527
746;533;571;580
751;585;584;573
751;581;585;582
740;515;577;584
758;493;586;626
768;482;576;640
769;500;599;644
743;449;586;617
729;462;593;598
722;370;557;595
719;326;545;590
720;332;550;595
722;346;556;598
726;337;532;590
742;423;573;621
736;447;581;616
736;467;591;613
733;406;574;604
734;387;560;597
754;519;611;636
746;505;603;628
731;444;583;604
725;370;555;602
721;353;549;601
749;362;553;632
777;478;609;669
762;412;570;643
756;507;581;603
771;563;560;590
777;590;583;590
762;554;586;590
741;503;582;597
712;541;575;562
739;618;643;606
728;632;623;539
724;538;591;565
726;521;587;575
723;431;577;585
723;398;550;582
725;376;553;587
724;368;558;590
723;378;562;590
723;399;565;591
722;415;569;589
785;616;584;587
772;575;583;588
750;536;581;588
748;525;581;591
738;537;574;571
758;561;554;597
747;583;601;593
737;476;584;607
719;315;542;605
725;362;554;602
733;462;594;605
780;658;599;553
784;663;607;585
777;640;595;581
754;554;580;589
737;485;563;581
738;638;630;572
736;666;646;562
734;616;616;576
720;510;571;581
718;454;578;573
726;390;571;592
728;407;557;589
730;382;559;594
727;376;560;593
733;445;569;591
748;544;581;589
763;598;585;577
765;616;599;589
771;559;566;596
781;563;604;638
774;504;574;635
746;406;560;616
731;382;554;607
725;357;554;609
748;496;560;596
757;603;597;570
766;614;594;590
749;541;587;594
748;504;572;603
731;389;574;610
731;372;561;609
743;409;542;599
754;476;566;610
772;617;598;605
773;594;589;611
757;489;566;607
742;371;572;620
759;473;558;600
783;542;603;628
799;616;578;597
800;626;593;596
800;639;579;592
808;641;607;621
809;647;617;620
799;629;608;610
797;621;601;614
790;618;568;594
820;679;618;592
808;656;611;595
779;608;598;592
754;558;582;593
770;664;630;601
752;615;598;588
729;545;575;589
716;505;568;590
788;655;596;606
797;648;610;615
777;627;613;596
743;568;599;591
732;540;593;597
729;489;581;607
723;480;569;607
723;446;560;605
720;424;560;607
722;421;564;608
724;431;567;611
724;438;567;611
724;421;565;610
725;419;563;611
757;415;562;686
762;376;563;695
740;410;564;621
737;413;556;602
735;426;563;608
738;430;557;608
733;387;554;607
731;387;554;607
731;393;557;608
751;547;632;626
759;651;646;587
757;630;622;607
736;524;584;600
717;387;548;599
722;474;566;592
756;570;617;618
760;569;596;599
724;435;541;601
730;596;626;601
715;638;635;537
731;612;624;577
726;459;566;587
715;385;575;577
728;318;557;593
723;291;538;591
730;332;544;593
729;340;546;590
742;442;556;591
754;532;571;590
766;615;584;552
756;557;568;584
737;439;552;588
725;353;549;596
730;387;566;597
766;479;584;635
778;545;617;668
763;485;592;645
739;369;566;617
756;449;577;624
786;569;578;604
779;556;579;605
760;516;575;603
742;454;565;599
732;337;543;604
725;318;550;606
727;336;553;608
730;341;554;609
727;344;555;608
730;352;555;608
729;350;556;608
730;351;555;609
767;568;636;651
769;576;632;643
745;452;584;622
736;390;571;618
723;336;542;600
742;388;571;610
777;608;648;653
773;609;641;644
753;505;592;624
754;497;581;620
725;499;572;554
751;647;641;618
745;658;633;572
745;621;612;577
731;548;587;580
743;452;597;600
719;452;563;588
723;466;567;596
724;485;575;595
725;488;577;600
727;489;581;599
727;480;579;599
726;470;578;599
726;462;576;599
726;447;573;600
715;402;559;569
738;414;548;602
736;467;568;608
730;455;580;604
731;463;580;609
727;429;570;604
725;405;556;604
724;415;557;603
768;492;575;648
770;524;599;651
755;480;591;637
747;445;581;629
728;435;571;608
754;528;578;605
769;580;580;587
761;578;594;595
746;493;578;609
729;406;573;611
730;382;561;611
726;350;552;610
725;361;552;609
760;566;589;618
776;645;593;590
785;659;591;594
801;660;546;586
799;651;584;593
786;677;621;574
749;640;620;553
742;634;649;624
719;633;622;536
716;522;587;565
730;433;589;586
721;367;560;575
737;430;552;582
752;545;562;587
763;661;579;578
765;636;572;587
752;572;565;587
738;490;563;593
740;572;565;566
750;597;560;574
744;602;604;585
737;548;595;601
734;489;587;598
728;417;558;597
738;468;557;596
736;470;562;598
737;482;570;599
740;447;561;603
748;316;539;621
752;307;546;637
747;437;565;617
753;579;608;597
762;656;633;581
760;631;611;590
743;529;581;595
783;622;590;576
793;647;610;593
778;623;599;589
751;572;593;585
743;655;627;581
717;646;636;539
716;677;634;451
695;629;613;542
689;567;591;547
707;477;549;556
709;452;544;576
714;503;575;588
729;567;600;592
736;577;604;595
749;621;592;564
766;670;620;592
769;680;635;589
751;631;615;591
739;576;588;592
722;541;593;594
721;533;588;595
716;518;581;593
719;525;584;594
746;596;600;571
797;665;609;587
797;680;624;579
789;659;620;578
789;671;616;573
777;657;612;577
739;592;606;587
743;639;594;572
761;688;599;577
759;676;593;583
759;676;599;585
753;670;598;587
769;677;630;601
777;671;620;598
761;642;613;593
724;626;613;566
694;632;633;564
706;644;630;553
685;639;614;529
695;645;631;553
701;622;621;567
704;603;612;573
708;566;605;583
708;541;597;589
753;622;617;609
767;645;603;595
749;620;595;577
715;550;588;584
733;591;584;572
733;603;599;589
739;626;619;603
731;604;615;605
699;501;586;594
702;496;572;588
706;499;577;593
711;517;585;597
715;535;591;598
717;541;590;599
717;546;585;598
728;551;590;607
730;541;589;608
731;547;591;609
732;554;592;608
762;650;630;628
770;664;616;611
770;659;620;616
763;650;624;622
759;611;587;621
766;586;599;649
789;640;616;651
787;620;606;644
777;622;613;635
740;604;607;593
725;547;585;593
724;542;586;595
724;532;584;595
724;525;582;594
778;683;633;608
784;701;656;616
785;690;634;616
757;739;629;532
750;738;661;548
726;733;657;549
722;674;628;563
725;628;602;570
734;544;571;566
720;497;550;573
714;462;547;573
719;481;557;581
724;497;566;585
725;499;568;587
726;504;571;587
726;504;566;585
727;509;567;586
728;527;570;584
732;545;579;587
736;561;583;588
743;580;588;594
743;573;589;595
743;572;590;597
743;559;588;598
743;546;586;600
744;550;587;600
746;559;590;603
745;556;589;603
743;531;585;604
746;495;570;605
747;392;561;608
745;335;550;610
746;339;552;611
746;346;555;611
746;343;554;613
747;352;555;615
748;345;559;615
749;340;557;615
750;351;558;615
750;365;560;615
750;373;560;616
747;356;547;616
743;315;524;611
742;312;525;611
743;318;526;612
743;320;529;612
742;333;529;612
742;348;537;613
763;277;527;691
762;472;576;683
763;508;596;672
741;508;594;601
737;503;582;601
736;496;571;589
752;502;590;653
763;501;592;692
760;508;597;682
740;525;596;619
740;553;598;572
742;529;576;598
744;521;569;616
767;502;579;686
778;527;600;699
765;526;589;678
744;504;585;613
736;501;586;607
735;475;579;612
754;449;569;687
770;532;593;688
758;542;595;641
742;487;590;624
726;466;573;596
736;472;576;624
757;493;591;682
755;388;544;701
744;391;572;669
732;436;582;625
727;485;590;607
727;487;585;606
723;474;573;599
775;241;520;736
766;476;595;709
745;489;593;638
737;512;599;577
728;460;577;602
722;404;559;600
716;384;560;600
722;427;571;602
724;449;574;602
727;469;576;603
728;472;575;603
727;454;575;603
726;440;574;603
727;450;574;602
729;471;575;602
729;465;576;603
728;449;576;604
727;444;578;605
727;463;579;601
729;478;582;601
729;478;581;603
729;464;581;604
728;452;580;604
727;441;578;604
726;422;575;604
727;419;576;603
726;410;574;603
726;411;574;603
738;343;456;560
740;491;546;586
727;469;568;608
722;459;574;609
724;471;583;612
722;465;575;609
716;457;566;606
745;533;562;592
755;531;557;605
745;507;581;609
733;512;583;610
726;448;562;612
749;537;604;618
794;571;606;675
792;559;589;663
786;572;609;653
771;541;593;634
759;509;583;627
744;467;571;614
729;452;570;612
737;484;575;612
737;485;570;610
737;480;561;610
737;483;562;606
739;494;568;608
743;520;571;606
744;521;573;607
742;520;575;609
742;517;574;609
741;512;573;608
741;515;574;608
741;518;574;608
763;566;600;670
759;533;590;680
744;514;571;618
741;480;570;618
739;508;559;602
743;527;573;609
761;541;581;681
760;482;523;688
754;493;548;652
748;524;573;620
748;533;576;609
745;537;575;603
760;541;582;677
772;569;600;700
765;525;573;688
748;516;555;620
737;516;542;584
745;536;568;603
745;544;577;606
744;543;576;607
744;541;568;606
744;542;569;607
744;545;573;608
744;547;577;609
744;545;577;610
743;543;577;609
765;574;586;626
777;606;613;646
801;666;631;656
792;600;575;652
779;596;598;643
752;555;589;617
733;494;550;613
742;534;573;613
747;552;585;616
759;583;611;618
770;639;623;618
764;621;616;617
753;573;599;609
770;622;594;586
789;652;621;618
791;707;668;614
774;684;651;600
737;657;608;560
701;639;615;524
711;532;585;575
704;359;517;537
721;442;567;576
732;486;576;586
733;482;569;584
735;487;563;589
735;490;561;587
740;504;570;594
741;510;572;594
745;528;578;598
745;525;572;597
746;529;570;597
747;538;575;598
746;538;579;598
744;535;582;597
743;530;578;595
740;518;577;598
741;522;579;599
741;515;576;599
740;509;575;600
740;511;574;599
739;491;564;598
733;455;559;599
728;398;558;600
725;401;561;600
727;397;561;602
727;382;557;603
727;382;557;604
727;370;552;604
727;366;552;605
727;332;550;607
727;332;551;608
754;593;541;566
763;608;608;609
755;561;587;613
743;433;558;614
734;358;563;617
727;340;545;610
758;334;543;642
764;553;615;617
764;497;596;645
744;391;552;625
735;386;559;618
749;427;552;613
748;403;555;618
743;382;556;619
738;378;557;618
730;374;557;618
730;375;556;617
731;377;558;618
732;377;558;618
731;376;558;618
731;377;558;618
730;378;558;618
731;379;558;619
731;379;558;620
731;376;558;620
740;389;559;619
761;479;560;617
784;567;557;595
784;581;577;607
803;634;575;600
811;652;583;605
811;645;599;606
808;643;602;606
788;594;589;602
754;527;588;585
755;551;614;603
755;514;599;626
769;564;620;640
777;653;648;637
763;688;659;589
764;684;663;615
749;686;662;594
746;668;642;586
738;551;597;589
743;473;589;612
714;381;544;574
721;363;547;595
726;375;553;597
731;420;570;604
731;421;572;605
730;397;564;604
729;392;562;604
729;433;577;600
729;446;582;598
730;456;585;601
729;402;574;605
730;399;572;608
730;397;567;609
728;393;563;608
729;391;563;610
730;392;564;610
731;395;565;611
732;389;564;611
753;336;549;642
764;446;585;657
747;449;579;626
730;426;573;608
728;397;556;612
727;408;569;613
728;419;573;612
747;551;579;611
759;668;594;572
760;661;593;596
757;664;594;593
772;666;599;603
779;645;601;616
781;592;605;621
756;557;601;610
725;482;601;610
725;461;577;604
724;452;577;603
758;532;580;610
782;640;615;605
777;610;609;609
746;545;593;594
767;572;592;601
778;599;598;603
783;610;605;597
785;607;595;600
797;629;596;598
792;632;595;587
793;635;602;607
765;565;595;609
762;644;626;567
765;658;631;567
770;661;627;593
773;686;656;611
774;710;673;653
736;691;651;557
720;673;648;563
716;634;623;560
723;535;586;573
721;366;539;586
728;355;540;583
725;430;578;584
756;614;633;607
778;671;628;565
800;668;589;577
784;619;593;600
759;535;571;606
748;497;565;602
729;412;563;602
730;400;573;609
729;372;562;607
727;369;561;609
764;572;601;614
773;659;620;578
770;649;618;582
757;607;604;591
746;553;596;591
724;480;568;575
764;500;593;649
760;494;582;634
738;488;582;611
773;502;579;589
794;645;617;620
803;663;613;617
800;650;615;620
799;638;587;606
784;637;615;609
751;625;611;560
751;661;642;579
730;633;615;554
719;580;599;560
722;491;577;581
700;321;494;530
719;265;539;607
728;311;552;603
729;318;553;606
765;592;614;613
773;636;627;623
761;588;593;605
740;465;554;606
723;350;522;591
730;345;543;591
738;406;568;613
738;414;571;614
734;383;557;614
735;400;558;613
736;412;558;610
738;424;562;612
765;496;573;622
777;559;597;627
790;605;615;645
799;615;626;681
798;624;639;659
803;615;621;670
802;615;624;669
800;619;628;671
786;598;628;662
767;555;619;636
750;436;588;623
745;420;584;621
768;589;596;599
790;628;619;649
778;622;571;592
759;532;553;601
745;475;557;602
724;370;554;605
731;404;571;609
733;407;571;611
747;418;580;605
767;569;639;613
776;564;620;625
777;579;612;630
778;641;618;635
783;676;639;617
764;644;627;619
753;635;617;580
774;666;620;590
754;682;647;576
759;678;672;650
716;674;648;540
712;616;612;557
709;482;568;567
699;251;506;547
745;556;577;588
775;670;586;551
774;657;602;594
755;595;583;588
757;595;597;589
772;617;613;619
763;618;617;617
724;477;545;594
742;601;560;607
784;695;576;559
780;701;575;590
775;696;586;590
759;653;581;596
737;576;572;597
718;435;565;597
718;387;565;608
781;401;571;656
784;565;636;677
757;485;592;634
729;384;545;596
759;495;549;595
778;545;599;617
781;592;594;604
757;539;581;605
753;623;607;548
728;572;612;563
708;626;600;512
726;622;617;565
728;494;587;589
709;261;533;607
733;468;572;583
728;359;555;595
724;329;555;596
722;350;555;595
732;398;511;576
751;546;582;609
750;553;602;613
756;585;590;612
749;580;584;607
769;681;594;583
770;677;591;597
754;615;581;597
749;586;574;597
669;398;545;599
662;415;525;603
698;499;533;609
726;576;567;616
739;601;567;610
736;599;564;599
705;534;544;600
705;524;538;593
747;591;537;585
756;620;561;594
758;631;564;596
752;611;561;590
754;615;556;597
713;564;564;602
696;540;565;607
688;504;543;605
775;571;557;687
770;580;578;653
745;477;547;637
712;382;535;614
717;436;503;607
733;553;535;603
750;652;528;590
757;656;538;595
745;616;536;588
725;546;538;597
698;423;540;611
697;390;535;609
742;565;578;643
759;631;609;660
759;619;601;661
754;666;617;643
726;696;629;595
722;709;632;555
719;686;612;555
723;625;581;584
710;552;561;585
715;484;552;606
709;481;534;589
706;459;534;591
707;457;538;591
709;463;542;595
711;473;543;596
720;512;548;595
723;529;552;598
720;506;547;598
720;499;546;600
723;501;546;602
724;518;549;601
722;503;547;599
719;499;546;597
718;496;546;598
720;501;546;598
720;501;546;598
720;502;546;598
719;498;546;598
718;497;547;598
740;587;593;633
760;549;585;681
730;511;560;681
746;540;548;616
764;609;544;606
768;612;571;614
748;581;571;612
727;513;556;612
706;384;530;615
711;382;536;614
766;494;553;684
755;557;579;647
736;449;547;631
703;372;507;601
723;466;508;599
750;559;500;606
759;609;546;604
745;574;559;612
732;528;550;609
724;452;544;611
772;562;579;646
751;541;575;623
727;399;542;604
694;302;499;594
704;297;511;607
723;543;551;579
716;510;520;590
729;642;558;578
738;656;578;595
750;651;581;597
775;646;573;609
768;607;558;607
743;556;550;597
728;614;577;575
703;632;593;561
632;689;590;453
702;669;611;564
682;616;588;561
681;551;567;574
692;481;562;595
693;458;544;594
691;439;538;595
691;445;541;594
694;463;546;596
696;469;550;601
727;340;500;595
745;432;529;618
722;453;539;612
699;377;534;606
709;383;540;607
711;393;541;606
715;437;539;607
715;414;539;609
740;671;575;563
754;683;615;618
738;662;599;615
718;572;572;606
716;537;552;607
710;453;543;605
710;439;542;606
711;465;545;606
748;602;618;639
771;546;584;658
734;447;546;622
720;412;542;608
670;383;538;605
703;488;541;607
718;509;553;592
707;485;549;596
672;500;547;552
676;608;574;528
706;624;593;586
700;587;584;587
691;424;543;596
672;269;503;625
687;363;524;590
692;356;527;601
691;351;525;604
690;344;524;602
692;339;524;598
710;492;562;599
722;535;578;615
714;490;561;610
704;409;546;613
675;272;494;602
691;311;517;611
694;336;526;616
695;344;527;616
729;366;511;633
761;513;570;665
768;549;581;678
770;566;587;680
764;550;581;665
758;556;588;666
750;551;589;656
720;454;562;631
714;448;553;619
704;421;546;618
697;363;528;613
742;602;587;605
748;645;593;546
748;631;579;577
724;612;579;572
715;637;599;579
706;660;609;555
700;669;614;548
692;617;598;565
689;485;554;589
688;452;547;555
698;409;543;606
695;383;533;595
696;376;532;601
702;414;533;597
748;510;557;655
755;545;580;663
742;518;563;649
726;487;548;625
712;467;530;597
716;449;530;605
717;460;542;610
715;458;544;610
714;452;542;610
742;557;583;618
774;540;572;679
750;541;566;640
727;497;552;620
716;487;548;609
715;474;544;608
715;474;543;605
718;493;545;608
720;504;546;607
760;540;549;648
764;595;587;642
744;548;568;618
723;530;560;600
719;493;543;603
718;496;544;602
718;498;550;606
717;497;552;606
714;500;557;602
728;563;592;589
718;654;616;589
736;665;610;576
718;565;583;598
718;532;578;605
731;517;555;591
738;560;558;592
743;559;569;596
716;545;570;595
704;498;555;595
702;502;560;600
716;633;605;573
713;667;620;564
709;608;593;588
704;376;522;604
685;391;504;574
688;410;527;588
698;435;538;594
702;449;543;597
703;449;545;599
703;440;542;597
707;452;543;601
711;461;548;604
708;448;544;601
710;452;546;602
720;485;551;606
721;481;554;609
719;475;555;609
717;471;554;607
715;468;554;607
715;469;553;608
715;454;550;608
709;419;544;605
708;412;543;604
708;409;542;604
708;404;541;605
708;388;541;605
707;384;541;606
707;386;540;606
706;392;542;605
706;407;542;606
706;392;542;605
706;392;542;605
706;407;542;605
706;409;542;605
707;408;543;606
707;405;542;606
706;406;542;605
706;407;542;606
707;414;543;606
708;414;544;606
737;463;549;637
750;545;592;653
738;517;580;642
731;537;566;619
732;583;537;591
734;634;554;572
743;659;564;586
772;679;565;581
779;661;586;597
781;649;585;600
762;623;579;598
730;555;571;600
716;521;569;609
709;486;555;603
709;485;554;604
706;487;552;600
722;500;552;602
761;606;582;610
745;554;567;613
714;583;583;571
708;609;594;577
642;615;591;595
671;636;600;555
682;549;587;596
683;412;541;606
688;412;501;622
696;287;517;612
702;279;518;617
701;278;517;617
702;283;519;617
728;342;517;618
741;389;524;616
738;402;529;611
771;559;537;592
778;602;543;595
782;609;543;596
783;612;545;601
787;629;544;599
787;616;536;610
782;590;550;610
768;573;554;609
743;511;551;610
732;467;551;613
733;578;577;593
747;652;597;574
746;647;604;614
724;563;578;601
718;468;564;616
704;416;529;593
765;605;578;619
770;650;596;609
761;609;581;591
722;525;557;590
686;543;574;570
653;630;602;523
696;646;609;560
683;618;605;558
688;542;586;583
658;452;504;533
684;351;521;598
702;373;534;610
704;364;531;614
706;345;522;619
724;470;572;639
732;588;575;595
742;594;567;610
740;561;551;608
727;531;547;604
719;520;546;595
717;480;553;600
754;637;554;581
779;634;532;562
766;625;566;576
782;650;566;573
785;651;570;586
791;666;606;600
800;678;610;628
795;683;615;617
780;687;615;597
766;688;619;593
732;700;627;541
704;693;630;570
699;645;601;569
704;600;583;580
696;362;511;571
752;556;562;600
773;636;596;611
765;636;598;608
731;585;583;597
770;669;602;612
769;672;610;618
739;603;587;611
723;540;563;610
706;479;544;604
716;515;559;604
721;529;575;610
722;531;571;610
749;575;599;641
756;611;606;648
794;650;601;663
789;612;580;655
758;564;585;618
731;482;558;613
727;491;543;593
744;575;555;597
751;611;574;602
760;645;568;564
759;629;564;597
747;572;554;597
736;509;552;604
720;426;544;608
724;439;550;611
725;456;553;614
745;592;557;598
745;648;567;603
761;694;565;579
759;681;566;592
765;713;589;518
768;711;621;612
752;644;600;608
729;526;568;607
709;410;514;587
774;637;550;593
778;658;578;602
782;668;590;602
777;657;590;605
758;617;579;599
756;625;578;600
759;630;572;601
767;657;590;587
769;658;561;592
764;634;558;597
746;553;555;607
740;551;557;597
722;602;598;575
746;679;629;604
731;656;607;571
718;566;572;587
719;551;568;591
733;511;569;607
746;537;557;604
744;525;555;605
763;577;538;599
757;565;555;605
757;571;594;625
767;564;590;645
764;582;600;645
739;542;591;623
730;505;565;617
719;481;564;612
719;478;561;609
720;459;554;611
719;452;554;610
720;454;555;610
758;607;596;640
763;643;624;649
739;555;590;623
735;535;586;628
719;465;557;602
740;525;582;622
764;631;632;658
763;636;618;650
745;569;595;634
726;563;581;594
715;566;580;577
719;628;581;562
724;641;604;579
722;593;594;597
737;379;589;615
701;447;549;565
711;385;537;598
754;605;535;571
745;499;515;601
721;414;532;598
718;356;526;617
723;384;540;617
724;389;544;621
721;386;540;619
719;375;536;618
719;374;536;619
754;389;547;668
748;462;568;646
739;442;558;640
731;423;551;631
756;545;553;609
765;605;546;589
758;541;549;602
739;586;571;572
737;622;596;579
745;652;628;636
726;657;609;569
721;610;587;586
720;513;560;596
697;366;523;609
723;509;556;607
725;580;553;599
725;553;549;601
759;543;551;628
769;608;599;639
770;630;591;641
766;626;580;639
779;683;593;588
763;683;609;604
740;678;614;596
726;657;607;600
714;615;582;598
711;588;582;601
704;575;554;586
726;615;554;577
744;625;573;590
745;611;592;594
724;566;576;594
706;526;550;598
737;534;587;649
758;526;602;679
763;613;622;680
756;651;628;651
735;693;646;601
721;667;623;574
722;591;585;589
718;553;568;590
732;554;576;607
741;609;571;595
762;647;581;612
754;635;559;593
734;550;556;597
721;482;561;608
742;488;559;626
765;531;583;659
768;565;595;661
766;560;591;659
761;530;583;655
767;640;589;620
753;620;599;630
737;594;587;605
741;586;578;610
748;562;553;607
765;632;594;613
763;633;581;599
737;541;562;596
719;425;545;604
723;483;564;604
768;655;583;565
782;690;622;602
773;673;621;602
749;634;607;603
731;625;599;605
719;579;578;592
736;596;599;608
737;586;599;612
754;575;570;631
768;626;593;651
782;668;625;680
766;659;605;639
752;635;603;627
736;601;600;611
749;625;578;604
763;683;616;609
761;692;633;578
728;671;622;565
666;692;633;519
693;691;638;551
696;654;618;567
698;557;587;581
686;354;529;605
699;442;547;588
708;450;557;599
759;639;569;598
757;622;606;620
756;605;587;610
776;646;579;605
786;662;591;609
782;651;592;607
759;628;582;605
756;698;586;605
752;706;589;605
750;710;586;593
755;722;583;591
761;720;580;587
779;720;601;599
788;692;600;609
784;661;602;610
754;616;589;609
729;567;580;609
708;520;549;611
713;587;563;609
715;543;565;612
717;504;566;618
717;502;565;617
715;503;564;616
716;479;563;618
716;464;560;618
715;441;558;620
715;433;557;621
715;434;557;621
716;439;556;621
756;616;553;585
775;670;593;600
767;645;587;608
740;553;568;610
700;589;598;580
692;662;616;513
719;660;636;570
709;588;603;578
715;384;531;605
701;358;514;585
705;365;530;600
714;408;544;604
719;436;552;609
719;428;553;610
718;414;549;607
730;536;578;583
736;631;594;579
740;631;594;610
743;584;569;612
745;582;558;607
757;647;524;588
750;632;541;593
738;573;546;597
724;526;549;601
716;425;549;601
729;535;545;597
744;667;551;548
753;691;601;590
754;694;607;588
754;671;591;596
763;665;623;632
772;660;629;647
772;685;631;633
763;681;636;628
727;673;608;541
720;674;613;559
721;581;577;591
734;484;574;630
714;488;540;587
718;463;547;599
721;485;554;601
741;546;571;603
755;643;583;592
767;659;588;598
756;638;589;606
742;569;578;606
723;502;556;595
723;498;559;608
742;540;561;607
761;588;569;609
773;605;547;601
751;584;571;601
726;518;579;608
725;484;562;612
725;466;556;611
755;558;566;610
789;652;556;605
788;648;563;602
763;605;570;606
746;502;533;600
770;634;610;651
775;652;626;657
773;658;626;656
766;671;634;644
758;684;640;635
741;660;613;596
729;561;575;596
752;611;555;598
773;632;597;646
781;677;593;605
782;687;586;604
791;721;565;558
781;731;558;588
776;711;567;600
759;667;565;606
734;579;556;608
735;535;545;613
718;359;531;620
725;352;532;622
744;505;550;623
746;516;545;621
740;634;540;582
757;682;558;589
763;692;580;606
784;686;563;597
778;643;561;611
767;610;558;611
734;479;535;611
715;591;576;563
656;676;600;482
728;676;629;584
713;547;569;592
691;355;529;623
709;471;549;594
715;468;555;609
713;459;554;603
713;441;551;605
716;438;547;602
741;602;591;593
739;590;586;608
724;492;554;617
719;420;542;610
725;457;548;618
725;454;544;615
725;446;542;616
726;438;543;617
726;434;543;617
727;433;545;619
726;432;544;619
725;433;543;619
747;378;555;691
752;397;543;708
755;473;573;687
741;464;558;635
735;486;531;610
745;581;568;606
750;644;533;607
754;671;585;583
745;639;588;609
737;579;576;607
756;542;591;641
758;550;589;634
766;570;598;655
768;582;603;658
783;624;613;680
776;599;603;655
762;591;599;632
775;629;596;602
776;642;595;612
768;628;594;609
740;562;577;602
715;490;583;610
717;440;552;610
721;402;549;618
720;391;544;619
721;386;545;620
723;382;545;621
721;379;543;621
732;435;549;621
732;416;543;620
733;417;543;621
734;424;544;621
733;422;545;622
732;398;543;623
730;388;543;624
728;386;543;624
727;388;543;625
728;390;544;624
728;392;544;624
728;392;544;625
728;394;544;625
729;397;544;624
730;399;545;625
730;400;545;625
731;402;545;624
731;404;545;623
731;403;545;624
730;400;545;624
730;399;546;624
730;401;546;624
730;403;546;624
729;402;546;624
729;391;544;664
741;433;569;678
751;439;579;678
736;438;563;623
721;386;535;616
727;396;543;618
727;391;542;619
725;389;542;620
724;393;543;620
724;394;543;621
725;394;543;621
724;392;543;620
725;392;543;621
724;392;542;620
724;394;543;621
726;399;544;621
726;399;544;621
725;393;544;621
725;392;543;622
724;395;544;621
724;402;547;620
724;421;549;619
724;431;551;618
738;457;552;615
786;645;596;615
767;615;593;608
736;501;567;611
724;404;539;604
725;392;546;619
724;389;545;621
753;559;557;613
746;592;569;604
773;670;583;598
779;680;577;601
805;704;574;533
803;683;562;600
796;663;581;610
759;643;606;581
751;642;611;568
628;625;610;543
681;601;602;543
699;474;562;580
697;474;510;609
713;346;539;594
726;409;552;605
739;494;551;591
734;436;551;612
737;439;548;615
738;459;551;618
736;451;547;613
735;427;547;610
735;421;549;613
735;432;549;612
734;441;550;611
734;451;549;604
757;448;539;622
760;520;566;621
737;528;582;593
739;404;538;615
723;368;536;613
736;427;544;609
737;435;547;615
747;549;585;606
746;569;555;589
754;599;582;607
756;605;586;618
755;594;584;620
773;618;557;609
762;605;575;612
745;527;558;612
716;427;546;606
731;461;557;620
788;645;545;587
793;679;580;604
788;655;591;591
782;649;601;597
761;655;608;577
731;635;604;559
729;686;625;575
725;684;629;582
725;622;605;597
721;579;588;597
725;527;580;608
775;639;576;619
783;641;537;592
775;610;554;597
753;574;565;601
775;647;581;608
773;635;599;623
750;561;580;617
762;570;573;621
782;621;570;600
790;640;563;609
805;679;596;625
805;674;578;607
798;665;589;602
800;670;596;610
796;659;596;614
800;674;595;617
802;697;604;604
793;687;603;610
759;660;603;561
713;648;599;532
727;668;630;569
723;642;619;579
716;544;584;591
727;357;572;619
694;324;516;582
710;282;518;607
722;324;533;611
725;344;540;615
762;520;586;646
771;503;589;665
759;429;564;647
743;368;538;630
736;385;547;621
738;418;547;620
740;430;546;617
742;447;546;615
742;450;546;614
784;566;596;665
783;565;598;660
757;527;561;631
743;483;539;602
742;464;542;608
746;494;553;612
749;522;556;614
750;526;554;610
750;522;553;609
747;510;552;609
745;499;555;607
746;505;560;607
746;510;561;601
760;533;565;605
774;599;616;624
782;586;610;647
779;570;600;648
775;673;599;559
767;658;612;621
746;631;608;607
733;554;583;615
767;619;549;615
774;640;581;601
742;524;565;607
717;619;589;587
746;649;632;625
732;653;619;582
727;566;585;599
721;445;550;600
721;357;547;611
727;341;544;617
735;409;545;612
751;502;550;608
746;467;550;607
770;596;544;597
760;566;560;605
750;522;562;608
770;637;633;660
760;583;593;602
735;398;544;608
704;263;505;595
721;301;525;618
729;353;541;618
761;391;555;646
758;429;557;634
776;429;559;661
770;485;577;651
747;433;558;631
741;426;561;624
736;371;536;617
739;369;537;618
754;368;550;639
773;557;606;651
777;503;595;670
765;473;583;660
747;536;584;615
746;625;610;593
753;669;619;559
738;633;597;570
738;587;585;587
742;552;566;595
755;486;552;617
747;448;539;608
747;442;545;610
786;658;554;617
786;662;615;620
764;613;595;612
743;477;540;619
736;423;545;608
739;432;549;618
755;460;546;622
782;554;588;652
787;570;575;655
782;563;578;649
762;536;573;629
757;536;574;629
747;496;555;614
749;484;550;616
754;542;552;595
774;654;618;617
776;666;616;622
775;668;621;625
770;689;638;607
765;686;643;636
740;656;619;581
727;585;588;577
731;465;557;596
688;370;485;559
722;333;529;612
739;479;553;602
774;651;585;620
776;653;569;602
759;585;558;600
747;544;559;601
732;490;562;598
732;515;573;604
735;509;572;603
733;493;568;602
750;525;564;600
772;603;570;596
786;646;604;612
783;649;608;613
754;586;589;605
740;571;578;598
750;575;606;619
767;574;603;653
753;547;593;636
739;531;586;601
728;434;547;606
722;401;541;605
755;515;579;631
783;477;554;678
777;518;583;668
751;469;570;643
737;457;570;605
734;392;548;620
762;554;561;604
779;595;602;658
778;632;568;604
758;635;606;603
734;617;594;581
732;637;602;580
737;607;597;594
736;541;577;610
706;386;497;579
723;362;530;612
730;383;546;612
733;410;552;615
735;438;558;614
735;451;559;612
786;625;525;584
794;632;556;604
771;589;567;602
751;517;561;613
736;394;544;614
732;336;539;623
733;336;516;632
727;336;468;641
749;313;525;599
751;372;530;632
707;399;536;622
696;339;479;597
738;585;446;548
738;415;422;588
719;352;463;584
703;385;484;585
698;441;499;584
700;557;548;593
713;616;558;582
716;622;562;581
707;640;568;557
696;656;578;556
692;645;580;561
689;644;578;560
686;589;561;562
682;507;528;567
654;279;466;567
670;367;491;568
679;405;506;578
682;428;513;574
683;438;514;576
680;430;513;574
682;442;520;570
685;455;530;566
746;630;507;583
746;634;578;590
742;612;562;582
735;573;525;572
749;593;515;580
745;596;532;582
713;635;528;582
708;662;528;579
718;658;514;568
716;655;516;574
720;644;519;576
712;613;518;580
700;498;510;584
696;329;491;583
694;290;493;583
696;305;504;586
711;516;533;564
723;573;528;572
736;628;556;573
736;631;558;573
728;581;546;578
766;640;552;581
784;635;537;591
784;641;557;598
777;667;584;606
689;619;558;558
646;574;562;538
684;533;546;565
674;418;487;509
695;355;520;570
698;426;531;569
699;437;534;572
700;442;533;572
703;453;533;572
705;440;533;574
703;453;535;572
705;480;538;572
706;482;539;572
708;483;540;571
711;480;540;568
709;483;544;569
708;483;546;568
709;494;548;568
706;497;548;568
706;500;548;569
706;500;549;568
706;505;549;568
715;521;550;567
755;608;567;565
736;606;572;561
721;567;557;567
701;554;558;574
702;564;553;574
699;557;548;573
697;543;548;573
698;533;549;575
699;535;550;576
701;544;551;577
702;548;552;577
726;535;548;650
737;490;539;669
718;500;547;601
712;515;542;594
702;514;540;578
708;527;544;581
714;533;544;582
717;536;542;583
721;543;542;582
725;556;546;583
733;622;547;550
741;625;435;534
740;656;552;562
732;621;554;580
725;587;532;572
721;557;521;578
720;552;520;580
720;556;525;582
721;562;531;582
722;569;534;584
744;622;569;589
749;594;558;622
732;583;550;598
731;589;557;594
721;560;537;581
748;593;549;609
769;579;541;657
762;575;521;629
734;553;520;596
732;588;547;592
722;587;545;584
721;575;537;584
719;564;533;585
718;560;532;587
716;560;535;588
731;599;555;589
765;672;601;608
765;668;596;627
763;655;590;624
753;672;610;614
720;662;586;582
727;669;591;568
713;602;571;569
719;501;566;600
686;449;522;562
701;440;520;579
713;503;528;577
732;582;540;578
753;660;546;551
756;652;552;579
741;602;539;577
725;537;536;580
707;493;533;580
769;567;568;678
757;605;577;635
737;522;551;615
743;586;536;607
744;668;550;583
757;692;540;567
760;685;542;573
744;645;542;574
722;564;539;573
722;476;539;577
703;449;533;580
706;435;530;587
709;449;534;588
710;478;538;585
716;520;538;583
727;583;549;582
746;659;596;613
749;701;587;552
751;700;583;561
781;704;573;575
786;666;549;588
780;640;565;593
750;651;578;551
733;655;601;559
615;664;610;467
665;649;595;530
680;610;573;538
687;552;540;562
701;497;551;593
707;517;534;581
707;472;532;589
705;462;527;588
729;585;529;569
734;609;545;584
727;573;555;590
716;536;540;579
717;526;538;591
717;535;541;590
718;542;543;591
722;550;544;591
725;555;544;591
726;560;544;591
724;553;544;591
750;586;563;601
761;621;579;597
764;623;580;604
760;617;579;602
788;640;612;640
800;659;605;658
801;659;607;660
800;665;604;657
792;654;604;651
773;616;591;639
764;556;565;634
750;590;587;626
742;548;573;617
735;507;553;611
735;513;556;611
728;491;537;600
746;570;543;597
749;599;557;597
769;668;571;577
773;667;578;590
763;646;571;589
738;557;548;591
707;488;535;585
700;573;563;574
720;596;583;582
725;624;587;579
727;615;583;581
725;587;575;583
719;622;587;573
708;617;590;563
694;637;578;536
704;656;597;556
707;631;591;571
719;590;582;587
721;554;549;569
710;543;539;581
715;543;540;584
754;614;573;577
769;629;581;590
745;581;567;594
728;530;545;595
716;523;541;597
718;515;543;598
718;512;545;599
721;496;544;599
721;486;541;600
721;478;539;600
721;467;539;601
721;460;539;603
722;451;537;604
722;431;534;605
721;422;533;607
722;419;532;608
722;426;533;609
722;432;534;609
723;441;534;610
723;433;534;609
723;421;533;610
722;419;534;610
723;423;535;610
758;375;536;688
758;477;555;665
728;501;550;606
715;465;529;590
725;513;545;599
751;530;566;670
759;475;531;698
744;432;518;662
725;470;528;599
752;570;566;599
776;625;570;587
777;640;583;585
754;607;577;584
740;551;548;591
723;537;554;593
724;530;551;593
723;497;541;595
740;606;588;593
701;632;584;552
704;613;570;565
711;556;549;581
686;462;476;542
721;396;513;601
723;458;528;593
725;466;534;599
723;478;534;596
724;497;539;596
741;534;550;603
727;533;551;594
742;427;539;662
731;500;551;629
733;532;569;621
733;540;555;602
729;531;544;598
746;534;563;657
757;521;560;679
751;498;537;656
738;532;546;618
737;546;559;603
735;548;554;607
751;559;576;653
764;500;542;707
756;546;565;671
764;602;578;624
760;612;574;591
766;621;577;580
771;622;579;584
751;597;575;588
741;553;549;597
727;496;545;604
722;461;537;604
722;447;535;605
722;443;536;606
725;444;537;608
727;438;536;609
730;430;535;612
725;376;532;614
728;529;554;600
727;588;589;592
740;622;626;651
685;649;601;543
688;582;579;574
696;485;535;578
744;536;553;590
769;594;550;580
775;601;543;591
773;622;548;592
777;675;548;590
779;704;538;587
770;687;545;593
760;673;547;593
739;611;539;594
727;504;533;601
711;304;513;611
710;276;504;615
736;448;587;631
747;646;561;572
759;681;560;583
759;665;554;592
760;645;545;600
774;624;560;598
780;652;597;608
771;665;602;596
751;652;594;595
715;652;594;571
731;630;594;591
727;523;555;588
688;379;463;544
714;307;502;592
721;355;520;592
724;354;524;597
725;363;524;598
723;362;523;598
723;359;523;598
723;363;524;599
725;368;526;600
733;506;536;566
744;560;538;574
752;616;575;583
751;570;562;590
758;554;566;603
765;559;544;579
767;559;530;589
745;524;534;593
742;488;534;598
722;409;536;601
724;386;530;601
721;374;524;602
723;377;526;603
740;443;545;606
759;549;585;625
767;597;596;635
749;517;566;619
733;404;529;611
726;373;522;608
727;380;530;606
728;399;533;607
731;415;533;606
730;389;529;606
727;385;530;607
729;388;533;607
745;482;565;609
774;469;580;665
762;453;561;647
737;397;541;611
749;473;531;602
760;534;543;603
768;551;550;585
755;500;542;598
746;487;540;598
742;555;588;598
717;570;563;570
721;572;571;568
728;499;553;593
735;457;537;570
745;520;545;597
740;482;534;591
742;495;537;592
738;476;540;595
737;460;542;597
736;422;544;599
735;428;543;596
737;431;539;597
741;459;546;599
743;453;543;599
742;437;540;601
740;396;536;601
740;427;538;597
743;494;540;593
750;569;552;591
749;646;568;546
755;651;550;583
756;656;564;587
752;630;563;594
756;560;542;607
769;618;594;627
753;535;568;619
744;467;548;615
730;454;545;602
727;413;534;601
727;389;534;605
765;512;559;636
773;534;564;656
757;569;568;614
762;609;567;607
768;628;548;589
786;664;555;606
801;686;556;601
801;681;571;601
797;672;576;603
776;625;558;600
751;622;577;565
744;635;589;578
718;644;601;580
724;608;594;585
724;506;554;589
725;305;510;610
729;353;529;599
747;510;541;601
741;477;543;601
754;635;550;587
759;658;581;593
752;603;562;598
742;545;547;601
744;558;550;600
733;486;550;601
731;497;550;603
730;504;549;603
729;511;547;603
767;598;549;611
780;598;561;606
783;630;575;605
767;591;569;600
767;561;561;601
798;637;560;646
793;625;591;637
770;573;563;623
748;552;562;606
746;485;537;609
764;545;541;612
775;562;545;610
784;590;553;613
773;570;551;610
757;511;541;610
753;455;534;610
732;329;527;618
725;318;526;615
755;520;546;611
778;642;550;554
777;640;555;596
767;648;586;587
745;628;593;584
725;626;583;570
709;606;589;568
718;510;562;594
715;349;518;613
725;437;538;603
722;447;540;600
724;454;542;601
724;456;545;602
725;455;546;602
725;450;546;603
724;450;546;603
726;456;547;603
727;460;548;604
726;465;548;604
760;536;550;604
753;539;553;605
788;619;545;593
787;621;557;597
772;584;556;599
746;531;554;601
737;470;539;606
730;478;543;609
739;534;546;608
755;578;549;608
760;646;551;564
766;670;569;597
763;656;561;597
750;583;558;600
770;489;541;619
770;530;586;632
757;535;581;625
738;530;565;615
777;646;563;611
789;672;597;609
781;647;594;596
750;596;572;594
723;615;576;562
653;666;585;507
737;665;610;578
727;618;596;583
720;438;548;594
718;438;480;601
732;328;506;603
736;347;523;611
731;352;527;609
730;353;527;611
727;345;522;610
728;336;522;612
728;340;525;611
766;452;530;610
765;457;530;609
749;380;528;608
730;262;514;617
730;262;508;620
728;262;507;620
728;240;510;619
764;489;537;617
781;642;531;577
779;614;534;609
767;558;531;603
753;495;532;610
746;418;530;611
726;299;523;614
727;328;521;613
731;317;521;616
731;313;520;617
731;325;521;616
731;337;523;616
731;337;523;616
744;318;504;678
750;344;548;672
741;340;535;630
733;347;500;606
741;361;523;615
762;367;518;688
759;367;521;686
747;372;510;652
742;387;521;615
749;473;529;606
753;517;534;596
758;576;534;597
791;650;543;596
799;651;553;601
787;606;538;592
758;537;541;593
744;478;543;594
728;379;529;601
727;374;531;602
729;375;533;604
728;372;532;605
729;367;532;605
730;359;532;606
729;355;529;606
727;350;528;606
733;381;532;608
735;386;533;607
745;449;548;649
748;375;543;664
738;383;541;630
717;359;522;604
741;374;537;651
742;360;530;668
744;269;516;698
734;345;525;649
725;342;533;619
714;348;523;595
716;328;520;599
717;331;521;601
721;358;525;601
725;526;546;573
717;613;579;548
739;600;558;581
745;582;538;588
757;596;544;610
764;634;538;563
784;673;548;593
773;660;555;592
770;623;541;593
761;593;548;597
742;537;545;606
702;383;520;608
715;390;527;610
715;385;527;611
715;382;527;611
714;383;527;612
713;383;526;612
714;385;527;611
713;386;529;610
714;409;533;610
714;436;537;611
715;464;540;610
715;473;541;608
724;505;544;611
745;556;555;611
763;617;576;592
772;633;572;604
747;593;565;589
720;632;583;559
637;637;574;536
677;673;613;554
681;641;604;569
679;535;558;580
649;390;463;539
678;330;496;597
689;348;517;597
695;355;524;603
696;355;524;605
694;346;519;604
695;336;514;606
694;333;513;606
743;346;528;660
741;372;526;642
731;358;533;624
709;335;516;608
711;315;513;613
716;361;527;609
743;556;536;607
751;661;527;556
746;627;542;602
737;603;542;600
726;570;543;602
711;373;535;613
714;386;533;611
717;376;528;615
718;354;522;617
733;439;527;616
740;462;531;614
755;606;562;611
766;686;594;610
785;689;581;593
768;610;560;598
753;586;545;597
729;627;577;589
711;626;591;579
697;672;598;447
684;617;587;564
692;459;531;576
719;325;501;596
717;386;521;603
716;350;522;608
712;337;513;607
712;308;510;611
724;351;517;615
738;450;530;614
737;415;527;614
739;420;527;614
742;440;533;615
744;453;536;616
745;480;537;614
742;450;536;616
741;452;537;617
737;408;527;617
734;369;521;617
732;360;521;617
726;356;525;617
726;358;526;617
725;355;522;617
725;358;524;617
725;371;527;617
750;300;517;674
756;406;546;666
740;422;544;637
746;462;527;611
778;576;539;621
749;524;544;619
729;448;535;623
726;401;532;621
742;384;533;630
773;546;588;664
781;546;581;676
781;535;579;675
785;544;585;681
784;453;549;684
779;532;589;678
767;498;559;663
752;429;545;642
741;395;541;637
732;375;537;629
732;372;536;627
730;352;530;625
763;502;581;662
766;549;597;655
755;472;558;636
783;583;555;629
781;576;553;621
761;515;546;618
736;562;560;578
736;571;577;589
736;581;591;597
736;512;559;604
739;482;559;611
735;370;530;617
727;342;517;618
732;342;524;619
763;519;562;622
778;565;557;626
779;568;556;610
775;548;541;612
764;605;545;616
768;658;551;616
776;688;547;602
758;650;545;610
743;617;541;609
735;551;538;612
729;368;528;615
730;329;530;623
730;313;528;623
729;328;529;623
729;331;529;624
730;331;530;625
732;330;528;624
732;322;527;625
732;323;528;625
749;437;535;702
769;354;549;703
749;338;533;658
731;346;530;600
737;362;523;613
737;359;522;614
735;354;522;616
738;354;524;620
737;358;523;617
737;356;525;619
737;348;525;621
734;323;522;621
733;337;523;623
734;350;523;623
735;355;524;623
737;363;525;624
765;454;557;650
778;547;586;661
776;555;591;665
750;430;549;646
728;361;518;609
727;340;511;626
730;352;523;623
731;362;529;626
774;467;587;683
779;469;580;692
752;393;542;649
743;355;530;636
733;359;535;625
741;542;593;629
702;563;561;590
719;607;591;586
725;563;580;602
725;460;543;611
713;302;501;630
730;347;524;618
726;325;516;624
723;325;510;624
734;350;519;621
752;495;530;620
770;567;534;620
771;560;532;621
768;558;529;621
770;566;531;620
780;576;531;625
788;603;572;660
785;602;531;628
778;579;535;627
755;505;527;625
739;387;506;627
731;360;520;633
726;364;523;633
726;362;522;633
726;358;522;633
726;361;523;634
726;363;523;634
726;365;525;634
727;364;526;634
726;361;523;634
726;357;523;635
726;360;523;634
728;363;526;635
727;367;528;633
728;390;537;631
729;396;538;631
728;366;526;634
728;365;527;634
728;365;527;635
727;366;527;635
727;367;528;635
728;369;529;635
727;371;529;633
728;373;530;634
727;373;530;634
728;370;530;634
727;368;529;634
727;362;527;635
728;349;527;635
753;522;525;628
773;590;526;644
779;635;516;619
772;602;526;620
747;535;528;615
736;576;573;614
705;603;595;579
725;612;603;604
718;501;561;609
735;269;555;626
693;329;508;595
715;308;509;621
724;330;523;621
725;326;527;625
724;318;524;625
725;336;524;626
724;339;525;626
723;360;531;622
725;397;538;622
726;428;541;620
727;438;542;622
730;455;543;622
747;558;561;625
769;631;582;625
769;630;586;617
747;570;563;612
748;470;539;626
772;390;510;666
758;476;550;643
746;452;550;634
733;434;546;630
729;411;537;628
723;366;529;628
725;366;529;631
756;562;545;591
752;545;553;627
743;518;560;623
762;559;560;624
780;576;534;625
779;597;557;625
748;628;576;602
742;610;587;613
727;622;567;578
737;625;595;613
734;566;568;620
724;399;526;618
720;357;512;619
724;380;532;621
773;579;584;641
771;621;595;628
750;545;569;628
736;449;542;631
723;369;522;629
724;380;534;631
726;384;535;633
758;487;561;651
764;486;552;652
787;550;585;667
792;541;549;669
781;549;561;647
774;585;558;634
765;589;548;623
791;666;536;609
802;682;562;616
796;659;558;622
796;652;577;620
755;631;586;601
739;653;576;571
727;632;605;609
713;611;595;602
702;520;555;609
720;366;561;626
703;356;519;618
715;351;519;624
750;590;599;630
759;663;603;609
749;618;583;626
735;546;555;628
757;569;572;638
770;579;535;622
765;569;542;622
756;555;549;625
737;489;552;629
724;433;540;628
725;405;537;629
725;394;535;630
727;397;538;630
727;425;543;629
728;447;551;628
772;603;561;621
780;642;605;633
761;581;585;632
743;495;553;632
729;432;518;631
724;369;512;629
734;408;527;632
736;424;534;634
781;513;549;672
786;573;588;671
790;567;579;674
809;681;602;656
784;657;585;641
750;574;557;619
764;571;562;637
773;625;532;575
776;619;549;621
765;578;551;622
751;501;546;623
726;406;545;626
726;377;540;625
725;368;532;626
726;370;532;627
