732;735;684;736
733;738;669;734
715;737;662;729
737;758;655;726
739;757;663;727
706;730;655;726
688;714;655;729
685;715;659;730
678;711;661;730
663;690;656;729
656;683;658;732
661;685;659;734
675;692;658;735
677;706;660;735
675;699;665;738
677;736;670;731
699;760;693;733
705;768;698;731
734;772;699;727
752;770;685;731
739;739;666;733
719;717;659;735
700;704;658;736
694;701;658;737
683;695;656;738
708;710;657;741
688;696;652;740
690;697;650;741
686;694;643;739
712;782;688;687
694;771;688;725
668;751;680;715
668;755;685;711
681;729;672;724
684;703;640;727
702;698;641;737
705;702;650;739
702;700;652;735
697;693;642;734
699;687;632;736
717;691;628;738
750;704;613;733
754;709;648;748
750;694;635;751
748;692;640;749
752;692;614;755
738;697;641;749
698;684;635;737
671;676;646;725
645;613;583;724
638;605;568;722
645;631;597;722
665;659;622;720
674;670;637;721
690;687;633;716
723;723;648;720
738;742;653;723
748;751;654;723
760;771;646;718
760;761;635;724
755;753;634;722
732;722;629;723
706;684;630;725
685;657;618;724
677;653;618;723
655;624;608;724
689;653;628;730
736;678;609;737
733;687;636;736
720;688;648;734
696;681;647;727
682;671;633;729
686;675;638;727
687;680;641;726
684;681;643;726
683;675;614;726
693;794;692;599
686;758;663;718
668;755;668;698
663;747;669;704
670;698;609;705
685;652;613;728
681;666;607;715
687;675;621;715
691;682;632;717
691;680;630;717
684;676;619;715
685;676;611;715
697;688;617;717
733;724;616;715
733;736;663;726
721;727;653;731
692;698;649;727
709;701;657;731
736;739;702;747
720;700;667;742
691;674;630;733
661;648;591;724
628;598;523;716
643;626;567;721
653;649;599;724
691;685;648;733
721;721;707;748
696;692;666;741
661;653;609;730
647;631;566;720
652;632;579;723
665;655;624;733
657;635;598;737
649;617;584;736
635;628;605;722
630;615;582;723
630;616;583;722
630;617;583;722
724;697;698;757
721;680;671;759
662;647;627;735
633;627;595;720
715;674;527;705
678;634;554;710
613;591;603;718
625;596;591;718
629;602;595;719
626;603;591;716
622;617;616;715
643;653;648;726
634;629;628;727
721;745;748;771
625;766;726;711
622;740;689;716
596;699;656;707
638;471;617;729
544;566;547;688
612;566;544;711
621;565;509;714
649;624;577;719
648;637;605;720
647;639;607;718
645;633;595;718
649;635;576;715
657;641;581;716
653;648;612;716
690;653;650;749
657;629;629;735
695;640;609;734
730;686;634;727
734;667;605;736
696;653;577;719
667;635;575;712
714;712;678;729
721;710;658;737
682;672;635;731
642;646;618;721
626;615;569;717
618;593;549;715
624;611;573;717
628;622;587;718
630;624;590;719
629;622;589;719
689;706;668;743
676;707;654;722
633;638;579;716
653;631;601;728
701;700;709;748
694;692;689;749
669;666;653;736
725;660;539;722
756;688;572;724
710;670;595;717
658;633;595;720
631;613;566;715
647;655;613;716
685;721;660;701
675;683;646;728
650;648;616;724
640;627;597;722
697;744;694;727
665;742;673;726
668;725;649;714
666;710;636;713
661;686;608;717
663;660;542;719
678;686;618;721
686;697;646;723
691;700;649;727
694;702;651;726
694;701;647;726
691;695;640;725
690;695;638;725
691;696;637;726
694;696;622;722
684;690;611;718
686;692;612;718
686;690;609;718
680;680;602;720
663;659;595;721
646;641;588;721
691;650;574;726
740;672;640;753
743;691;650;743
725;684;634;741
699;670;624;736
686;655;610;736
688;667;636;739
694;677;652;743
706;687;663;748
717;691;663;754
741;713;691;761
737;709;676;760
713;689;660;746
725;694;662;754
724;705;676;755
716;698;670;755
694;682;658;755
658;646;628;732
640;597;559;721
630;604;555;718
634;622;576;720
638;634;593;721
643;639;594;721
647;643;592;720
651;644;590;721
654;650;591;720
658;655;594;721
665;662;601;722
563;781;656;685
691;751;686;731
689;749;683;726
681;741;672;722
672;712;649;723
682;708;656;733
678;686;643;734
671;678;633;737
680;684;640;737
677;685;645;736
669;681;637;734
663;681;637;732
669;693;645;728
664;684;635;728
675;705;575;716
682;723;634;720
679;718;640;723
695;708;654;736
707;688;640;740
692;652;595;738
659;637;583;726
643;612;568;724
628;582;544;722
626;602;566;722
642;631;593;725
640;629;598;725
640;630;599;725
637;628;600;727
635;625;596;727
635;623;596;728
678;652;598;728
694;663;600;727
689;666;602;723
710;676;597;726
750;701;620;728
731;696;622;726
755;704;574;718
756;712;618;722
752;709;630;725
748;699;623;725
694;666;614;724
666;648;603;725
646;625;593;725
629;608;581;723
626;607;578;722
634;625;597;726
654;652;625;732
645;643;613;726
653;635;592;728
662;665;639;734
664;668;645;735
654;655;636;730
643;646;619;728
622;592;554;721
644;689;639;720
624;725;650;719
648;746;677;725
653;735;669;723
654;736;671;714
652;711;655;715
655;692;633;723
680;681;640;737
674;684;640;738
670;685;635;730
668;685;636;727
669;685;642;728
666;679;648;733
656;649;610;729
671;665;640;736
662;661;644;735
653;648;629;730
642;640;617;729
687;671;627;729
732;681;591;722
738;690;600;728
735;693;613;728
716;686;613;726
675;661;604;722
648;636;587;724
604;580;564;724
618;607;580;724
623;621;595;726
624;624;595;726
622;621;586;725
636;645;583;724
678;682;592;716
689;686;604;724
659;656;604;727
630;628;597;726
627;625;596;727
674;679;606;727
729;731;604;714
721;727;644;721
704;706;630;725
666;667;605;724
651;647;580;722
614;615;565;722
574;740;679;675
657;751;685;725
674;742;670;721
668;740;675;716
654;708;657;718
658;650;628;731
643;656;619;721
654;648;603;725
647;638;598;725
640;633;603;725
639;633;605;725
650;669;627;721
651;669;640;724
687;730;663;721
721;745;660;723
755;768;630;719
756;767;616;716
746;749;611;716
720;722;604;715
674;673;592;720
691;690;637;727
688;687;670;743
686;690;680;740
671;678;659;735
643;634;606;727
596;526;484;716
614;575;520;719
660;645;582;721
683;682;654;734
706;714;683;751
706;714;690;750
684;687;658;739
645;662;620;726
707;754;727;758
664;765;718;727
648;745;686;724
630;719;668;712
616;654;603;716
625;621;608;725
628;633;610;723
625;630;606;721
623;627;600;718
626;629;594;719
631;638;597;721
651;653;600;722
681;682;610;722
703;708;656;742
726;729;656;736
712;708;644;737
703;682;626;737
705;677;596;738
682;658;614;738
723;685;639;747
750;709;678;759
744;705;658;752
704;685;635;738
700;670;605;733
677;653;591;729
662;637;573;725
653;636;592;726
660;655;620;729
670;666;632;733
669;663;628;731
667;662;629;729
671;665;628;729
678;671;629;731
683;674;629;733
698;680;632;736
702;682;637;739
727;689;627;734
734;707;660;735
722;709;663;733
694;698;657;728
686;690;644;728
664;682;641;726
668;678;647;723
661;665;621;726
664;676;642;731
659;684;651;731
662;688;654;733
639;669;631;727
640;661;622;727
647;669;624;727
649;682;636;727
652;692;645;727
652;695;648;727
638;743;671;721
658;755;679;727
659;763;689;724
659;761;687;722
661;755;682;723
661;734;666;719
656;698;632;720
664;696;648;727
661;684;643;726
667;682;635;726
669;683;632;726
670;684;630;727
671;685;632;728
666;683;628;727
664;680;626;727
659;679;630;727
652;671;629;728
646;666;630;728
642;658;628;729
640;655;627;730
652;686;639;729
649;683;639;730
652;724;607;716
670;737;650;727
717;730;663;751
725;711;665;755
696;691;656;739
668;658;612;733
634;627;585;725
605;570;546;721
663;649;611;728
690;677;632;734
713;689;641;738
736;696;658;748
726;692;638;737
705;673;607;730
676;662;606;724
666;656;614;724
653;648;623;727
650;649;625;729
633;695;656;734
638;702;652;736
634;702;659;722
647;708;665;715
656;700;663;710
664;684;652;717
674;666;642;720
689;681;659;726
699;695;663;719
748;757;651;698
743;746;676;721
734;734;666;722
704;694;657;722
684;661;647;723
660;633;638;718
663;640;643;723
666;646;648;726
692;659;650;728
725;669;642;730
738;694;655;729
744;694;631;726
723;686;642;727
722;689;655;732
739;694;654;740
722;686;652;740
735;684;653;741
737;686;650;743
725;687;655;740
719;683;654;738
678;658;638;732
658;647;631;722
662;651;638;720
660;648;622;722
654;645;610;719
656;646;611;723
614;753;673;691
686;764;712;726
690;773;716;728
672;757;691;723
650;721;670;721
636;671;635;720
650;663;648;729
641;667;645;725
656;687;662;727
652;695;667;725
657;713;667;722
692;752;691;735
688;745;661;720
688;734;659;719
681;710;652;724
704;699;656;743
694;695;654;736
693;668;608;731
693;675;626;735
672;661;614;732
693;650;576;733
694;660;601;730
729;664;576;742
722;688;630;738
710;690;638;735
674;673;627;727
644;645;604;722
670;668;600;723
648;652;607;727
639;643;596;726
639;645;589;727
642;648;591;726
659;714;672;737
679;740;684;733
675;721;657;724
672;721;655;718
667;714;648;716
666;698;631;719
675;683;635;726
664;675;606;727
674;683;617;729
679;687;630;730
682;687;635;731
685;690;643;732
693;706;662;734
692;692;644;734
686;692;654;734
682;695;660;733
694;714;687;737
690;705;678;736
677;684;656;734
678;683;653;737
670;679;638;733
687;693;649;735
704;709;659;740
700;708;656;736
681;690;618;727
651;655;556;719
637;633;547;718
634;634;566;720
631;637;584;721
632;637;591;723
631;636;590;723
631;633;580;722
636;640;579;722
659;670;588;723
661;671;591;724
661;717;565;718
707;721;596;720
694;699;595;721
664;677;588;721
645;652;580;722
631;627;571;722
632;635;599;727
632;638;601;727
631;637;601;728
630;635;600;728
667;706;653;728
686;751;635;707
708;752;663;730
696;748;661;727
688;730;653;727
670;693;624;731
660;678;616;730
651;659;624;733
651;663;625;733
649;663;624;732
647;663;623;731
646;660;620;730
683;683;647;737
738;708;632;731
709;707;651;732
684;690;640;728
671;680;631;728
646;665;621;727
649;666;627;731
646;661;621;732
679;702;673;747
626;739;663;720
647;752;684;728
644;739;675;727
636;729;672;723
633;700;654;720
637;677;622;727
647;651;573;723
677;685;630;735
688;699;643;735
695;713;628;726
682;689;603;732
661;665;601;733
703;677;643;750
743;720;685;759
716;694;655;747
681;665;619;737
624;610;556;726
654;685;631;728
664;740;633;717
660;739;674;736
666;748;672;727
661;724;654;726
644;680;615;725
639;663;601;727
669;669;653;742
705;712;665;736
701;717;674;737
682;697;658;733
669;684;634;732
656;703;658;733
560;743;685;709
640;756;708;729
645;754;695;729
643;732;670;726
650;732;668;719
652;721;659;718
648;690;626;719
664;667;630;731
656;660;592;723
675;675;617;735
691;686;640;740
710;686;635;743
709;684;622;744
707;693;639;740
704;697;645;738
690;690;632;730
675;680;616;730
646;635;554;724
646;642;574;725
644;648;593;727
635;634;594;727
632;630;588;726
628;616;575;726
624;606;566;726
626;612;570;726
629;621;579;726
671;706;655;727
684;743;653;711
668;725;630;719
660;703;621;724
650;674;601;726
651;675;609;728
638;655;619;727
641;653;613;729
640;652;606;728
639;652;604;728
639;654;605;728
640;655;607;729
642;656;609;729
730;692;651;740
744;715;658;729
721;699;633;730
672;671;621;727
670;672;618;726
636;648;617;727
636;647;616;727
648;659;613;726
662;683;616;727
684;696;612;729
688;708;566;707
681;689;580;723
661;663;572;722
651;657;582;724
683;705;649;729
688;719;661;730
686;718;667;736
668;696;652;737
644;663;616;732
629;620;583;726
619;592;553;725
630;628;566;725
643;650;591;727
646;655;601;729
644;651;599;728
644;652;595;727
648;657;598;727
685;710;665;742
626;762;675;712
666;774;698;725
658;758;685;721
656;717;653;714
659;702;634;716
671;683;608;720
686;691;640;732
680;687;644;732
679;684;637;731
699;690;632;732
727;698;639;740
744;709;653;747
718;694;638;738
677;671;611;728
678;673;597;722
660;672;629;727
685;692;647;733
730;742;708;754
721;708;674;752
700;685;653;744
662;655;638;734
649;644;625;729
655;647;632;731
634;629;604;727
630;608;581;724
625;595;564;723
648;645;566;719
660;660;599;722
712;728;574;709
756;764;634;724
756;760;639;727
760;762;665;736
763;761;638;722
759;752;640;722
748;733;627;723
711;694;618;724
685;674;620;727
666;655;614;726
635;623;591;724
606;630;585;723
657;736;672;732
655;729;665;725
650;721;663;724
643;692;647;727
652;695;658;734
664;676;654;738
658;676;648;735
665;682;647;733
695;697;580;723
710;723;634;729
741;747;655;739
762;778;652;731
754;754;625;728
733;739;620;728
691;701;604;724
669;686;615;728
661;680;612;728
624;631;599;730
623;624;595;729
644;686;613;721
720;771;677;727
712;762;670;735
687;710;639;731
651;651;588;731
625;622;580;724
630;634;596;728
632;639;602;730
633;642;608;730
698;663;593;736
705;679;627;728
701;681;617;729
674;677;621;722
656;664;617;726
638;635;589;729
656;687;668;745
634;711;657;734
643;721;668;735
651;726;671;731
652;729;670;728
646;709;660;727
642;680;630;729
650;686;643;735
700;690;654;749
681;678;632;741
658;634;533;723
662;639;569;729
658;651;603;731
665;674;631;731
685;696;641;731
693;696;593;720
701;703;555;717
694;692;563;722
650;647;577;726
620;621;588;727
624;629;588;727
628;627;584;729
690;653;549;724
726;684;583;734
703;683;613;727
654;659;607;727
631;635;587;725
615;597;552;725
614;598;552;726
618;612;564;727
628;632;587;729
629;637;597;731
627;633;589;729
622;625;576;727
619;615;564;727
620;618;566;727
622;621;573;727
629;636;582;727
652;667;588;728
673;686;593;728
690;696;595;730
694;697;580;728
676;681;587;728
667;676;609;727
682;692;637;729
654;659;622;730
649;652;615;729
644;653;617;727
644;653;616;728
647;656;621;729
650;659;622;730
657;668;621;733
687;767;707;712
663;757;688;730
648;746;675;724
652;740;671;720
645;733;668;712
641;708;653;712
652;698;645;725
665;680;603;731
662;688;627;735
666;691;636;732
666;693;637;730
666;690;635;729
662;674;617;727
660;662;610;727
644;646;599;728
631;631;593;727
628;626;583;726
723;665;612;745
749;687;610;740
702;665;601;729
686;675;627;738
662;654;618;735
649;580;504;728
641;619;575;724
637;628;598;728
621;617;580;725
628;637;613;726
627;632;602;725
668;647;617;737
714;687;656;751
695;657;601;743
656;629;574;732
632;625;590;724
642;650;627;728
634;636;597;726
626;621;574;724
627;638;569;716
640;670;632;716
654;689;639;719
659;691;643;723
654;681;636;725
668;713;689;744
604;732;666;712
629;733;674;727
643;717;663;724
638;692;641;721
637;683;630;722
647;641;610;725
649;647;610;727
650;654;626;729
656;661;629;729
656;656;620;727
650;650;611;725
651;647;600;725
655;655;610;727
659;677;628;724
668;700;652;722
701;752;684;728
705;759;677;721
726;764;675;715
728;754;667;718
742;735;656;731
717;725;656;724
682;690;640;725
666;681;642;727
644;658;631;729
646;667;643;729
644;664;641;730
642;661;638;730
729;692;632;737
755;690;640;753
750;700;641;746
713;693;635;737
702;684;623;739
701;680;637;742
720;692;646;748
724;697;653;749
709;689;649;746
672;662;623;738
638;653;629;736
632;640;619;730
627;634;613;727
631;682;649;730
675;736;702;749
656;737;665;730
660;734;663;725
647;707;646;719
640;676;616;723
640;617;569;732
654;674;642;727
653;675;649;727
654;668;639;725
669;684;632;724
665;681;623;724
715;731;604;719
700;716;614;720
673;689;613;721
652;659;606;722
634;635;604;724
631;631;603;724
713;671;594;722
745;699;634;739
749;712;648;738
745;716;649;733
765;733;651;724
776;752;645;711
758;738;666;718
704;703;650;716
665;674;641;720
646;657;610;716
615;624;601;719
620;633;613;721
622;640;616;721
623;642;619;721
623;645;618;722
624;644;615;721
672;689;614;724
689;717;609;698
678;701;620;717
660;682;621;719
649;673;624;721
626;643;615;720
627;643;621;724
627;643;620;724
627;642;617;724
628;641;617;724
629;644;617;724
630;643;616;725
631;641;611;725
630;639;609;725
647;692;676;741
616;727;674;725
647;736;675;726
662;721;657;722
661;724;662;720
658;704;649;723
672;709;656;734
689;699;655;740
673;690;644;731
663;677;626;727
661;674;622;726
663;673;621;727
671;674;621;729
684;689;628;731
699;702;631;733
700;704;627;732
687;692;623;731
670;672;621;729
655;657;622;729
651;656;623;729
653;658;626;730
654;659;626;731
655;659;627;731
655;660;628;731
655;660;629;731
664;668;629;730
759;709;620;743
739;709;660;736
703;697;653;731
684;700;659;722
693;698;655;729
709;718;667;730
697;694;638;737
683;684;631;734
663;658;613;732
673;678;642;735
694;703;640;733
689;706;632;729
710;726;624;729
703;719;612;722
686;697;606;719
668;681;621;721
669;683;627;722
668;693;665;727
651;689;643;729
660;693;638;727
649;678;621;726
646;660;617;730
648;658;621;731
643;637;613;731
657;656;617;733
648;647;602;729
648;645;601;728
632;711;649;734
658;739;654;729
678;770;704;728
674;760;689;722
664;739;675;705
665;697;641;714
661;654;580;725
679;686;637;722
685;691;641;723
690;694;641;723
694;697;640;723
687;693;633;723
689;694;633;723
692;696;636;724
693;693;634;724
693;692;636;725
696;693;638;726
696;693;639;726
704;694;638;729
695;690;641;728
724;697;648;736
755;714;645;745
758;718;663;743
758;714;661;745
750;708;652;740
735;704;643;732
712;703;644;723
699;698;645;723
704;700;642;725
723;713;655;736
746;737;670;747
745;736;673;749
755;748;707;757
748;731;683;754
728;697;655;747
704;654;603;741
673;651;614;729
662;648;614;726
643;633;586;724
637;620;570;720
663;682;640;720
668;686;648;723
649;663;575;723
663;679;609;722
664;674;627;731
658;663;622;728
650;644;624;728
633;611;584;724
657;659;630;729
670;676;651;736
699;704;674;739
691;684;648;737
678;670;629;732
665;658;615;730
657;648;605;728
669;670;630;731
656;659;629;728
646;638;595;725
638;615;563;722
641;622;566;723
647;637;582;724
652;643;596;725
658;648;601;726
658;647;599;728
658;647;600;728
728;746;739;768
666;765;716;718
669;728;664;726
669;702;640;719
654;678;612;720
633;611;526;715
655;650;579;721
671;675;616;727
670;677;629;727
667;674;622;726
664;672;618;724
668;679;620;724
670;679;620;725
672;681;625;726
679;685;629;727
675;676;620;726
676;674;616;727
677;672;614;728
684;671;614;732
702;681;628;741
713;724;681;744
732;713;658;750
738;723;644;746
713;712;642;751
722;720;612;736
698;688;590;726
677;678;603;723
663;661;599;722
663;626;584;723
633;612;585;723
675;624;580;740
682;678;652;743
688;657;630;746
660;637;622;738
690;654;606;732
716;654;532;720
752;699;591;730
757;720;633;727
763;725;637;727
764;725;629;725
764;736;639;723
754;713;606;724
734;695;595;724
671;658;585;720
639;642;597;722
649;643;603;724
644;638;594;723
633;623;583;723
629;619;583;723
623;723;678;737
644;731;683;728
642;705;654;727
625;669;627;719
625;672;626;719
641;659;640;733
651;658;630;728
645;647;607;723
643;638;584;724
644;641;581;723
647;647;590;724
649;651;596;724
649;650;596;723
648;648;594;724
647;643;587;723
640;634;586;724
658;650;615;730
686;690;663;746
692;701;683;742
724;715;678;743
697;688;653;734
710;669;546;718
702;640;461;714
719;689;563;722
726;712;613;725
717;706;624;727
697;696;594;722
682;685;581;720
668;674;579;720
661;670;585;720
656;663;595;722
668;676;607;723
660;658;600;722
676;654;595;724
694;666;604;728
731;688;635;734
738;696;642;735
745;697;634;740
732;691;630;735
709;677;627;732
692;669;626;730
675;663;626;728
646;639;609;724
642;643;616;724
644;641;618;728
646;646;623;728
650;652;622;727
650;653;616;725
656;660;619;724
654;661;620;724
652;659;626;724
648;655;621;724
641;645;609;724
644;648;609;723
645;655;616;723
663;694;634;716
686;736;681;718
692;736;671;727
685;717;656;730
672;696;637;731
665;683;624;732
678;716;655;741
672;741;654;733
679;764;682;730
677;747;669;728
676;734;662;723
670;722;652;720
674;715;645;724
681;700;654;740
688;709;657;741
691;706;653;740
687;693;642;736
669;669;618;734
665;669;611;733
664;683;616;734
640;676;619;736
638;676;623;736
658;704;656;732
671;720;663;724
680;732;674;723
696;736;671;719
755;757;672;730
761;756;664;721
745;741;659;723
715;730;659;726
681;692;648;726
653;676;643;725
655;676;641;724
630;653;636;725
631;653;633;726
633;651;631;727
637;657;628;727
640;659;625;728
641;659;621;729
645;660;621;729
651;667;625;729
655;673;628;729
657;677;631;729
657;676;632;729
661;683;633;728
661;683;635;728
662;685;635;728
663;686;638;728
664;688;639;728
665;693;643;727
661;689;639;727
655;683;641;727
649;676;639;728
645;667;639;729
641;660;639;730
642;657;638;730
643;657;638;731
668;720;666;730
665;698;658;729
668;729;609;709
686;757;663;724
700;771;674;727
720;776;676;725
735;783;669;723
751;780;659;728
749;772;652;730
727;741;635;731
704;718;639;733
656;663;643;739
652;656;635;741
653;656;632;741
689;668;640;747
677;669;647;742
706;665;610;745
700;676;644;742
679;665;635;738
676;667;634;739
667;677;655;737
674;685;652;735
685;694;648;732
728;748;626;716
724;737;645;729
756;762;662;737
770;768;644;726
770;762;644;727
761;744;645;728
750;729;639;728
707;688;616;727
674;666;609;724
675;665;611;725
636;632;608;726
638;636;602;728
636;634;600;729
632;629;596;729
587;682;634;729
642;721;650;739
646;748;675;728
654;744;677;727
656;741;675;725
644;704;657;719
644;683;639;728
671;672;654;741
666;680;647;737
658;677;642;732
657;677;636;727
671;686;624;727
698;708;624;729
712;717;623;730
720;724;626;730
693;695;612;727
662;664;594;726
676;704;665;735
668;727;675;725
670;709;657;727
651;676;623;732
639;640;597;730
628;605;567;722
656;658;580;724
658;666;610;726
694;692;551;716
685;696;610;725
668;682;624;729
653;663;611;729
663;672;607;728
635;636;599;729
695;754;712;740
675;754;699;740
648;725;665;721
656;708;650;717
655;688;609;714
659;650;566;714
665;676;634;726
662;674;629;725
654;661;615;724
650;655;606;722
662;671;609;723
688;690;620;725
723;734;638;723
702;702;630;730
679;683;630;731
663;665;621;727
656;663;634;732
656;666;640;732
655;665;638;732
648;656;627;730
701;662;589;735
741;664;612;753
750;695;652;756
736;697;654;748
728;701;661;748
696;679;652;740
687;660;622;736
664;649;614;735
660;655;628;736
647;643;623;734
643;644;626;732
643;644;625;731
662;673;631;731
684;689;644;732
710;706;615;730
726;721;628;735
725;709;653;749
741;701;634;748
722;699;629;742
666;654;615;732
663;651;614;733
641;638;610;728
642;636;602;726
642;636;593;726
647;644;595;726
650;663;606;726
656;685;612;725
641;737;655;726
666;754;681;729
665;760;693;718
650;741;678;711
644;692;642;712
649;644;602;717
646;628;570;721
642;651;605;719
640;654;618;719
640;650;612;720
639;644;608;721
637;642;601;722
640;643;598;721
653;652;603;723
652;652;603;724
644;642;598;724
638;634;589;723
640;638;585;722
749;741;639;731
740;743;678;734
707;706;650;735
689;669;615;737
664;641;596;733
652;558;458;729
656;590;533;733
657;628;570;733
642;628;590;728
651;649;624;729
683;670;634;740
722;680;652;757
716;660;607;753
674;637;589;737
647;629;594;727
624;637;618;720
678;680;623;727
702;710;618;714
699;697;571;718
672;673;568;721
650;648;588;725
646;642;612;728
629;620;585;725
635;789;740;719
668;766;716;731
653;738;686;726
615;697;650;713
611;652;594;715
635;607;540;717
666;668;641;727
658;666;642;726
656;658;633;725
652;652;625;723
675;667;620;722
749;709;646;737
759;719;639;728
738;707;640;726
700;689;639;724
666;677;640;723
647;651;625;723
641;649;622;720
645;650;622;721
660;692;644;715
678;737;671;716
698;751;678;709
755;765;665;717
751;743;658;723
748;736;650;723
721;709;644;722
700;692;633;722
674;672;625;722
732;688;628;730
739;689;631;723
759;699;621;733
747;702;629;730
713;689;629;726
668;674;629;722
660;669;624;722
631;646;620;724
630;641;611;724
623;628;598;724
617;624;592;724
532;757;676;652
633;745;675;729
624;723;666;718
618;704;660;703
622;578;583;728
639;646;626;724
641;652;628;724
641;653;623;720
645;655;610;720
640;650;594;717
643;649;590;719
645;653;594;720
648;657;604;720
647;657;606;721
649;659;607;721
648;658;607;720
648;659;607;721
651;661;609;721
654;665;611;721
656;671;616;722
658;677;618;722
660;679;619;721
664;683;622;721
666;685;624;721
666;685;625;721
665;685;626;721
666;684;627;723
669;682;625;723
658;664;621;724
657;663;622;724
655;663;623;724
653;659;621;724
652;655;615;724
656;661;618;724
655;663;620;724
655;664;623;724
656;664;625;724
655;664;626;724
655;664;626;723
658;665;626;722
706;674;626;732
718;680;607;726
735;696;637;736
725;706;654;730
718;717;660;722
692;698;648;723
682;679;595;719
662;664;600;724
699;698;642;731
735;715;646;729
743;717;628;724
746;719;629;722
750;723;634;723
758;733;653;735
750;719;627;727
730;700;611;723
703;692;616;721
728;712;625;722
747;724;672;740
754;735;639;722
717;702;616;720
668;673;597;717
649;649;590;720
651;656;596;720
582;657;620;721
593;683;617;734
629;728;666;726
630;703;650;723
622;694;648;719
623;667;620;721
650;662;576;713
651;662;600;729
650;667;623;732
647;663;615;731
641;652;609;730
633;641;598;728
629;634;583;728
628;631;584;727
633;659;602;717
651;695;573;721
667;710;624;722
695;711;655;739
673;685;645;737
688;642;584;742
680;660;625;740
661;656;621;734
630;654;617;722
629;621;568;725
624;606;555;722
671;659;618;737
711;725;699;753
730;703;668;758
696;671;625;743
653;646;594;727
630;635;591;719
622;589;522;721
625;613;556;722
635;641;592;723
637;640;566;719
663;664;594;728
685;700;650;733
675;689;635;733
674;720;685;750
612;740;683;721
642;747;683;725
653;730;668;720
656;704;645;716
649;687;610;713
661;659;565;713
690;694;650;736
705;712;666;738
698;694;642;733
679;668;619;729
666;657;615;729
664;657;617;730
667;662;623;732
667;664;627;731
666;662;626;732
662;660;625;731
688;677;625;731
731;695;628;732
694;678;627;729
712;683;596;727
693;685;627;728
706;695;628;727
723;707;628;727
722;705;627;726
692;684;622;723
652;666;621;723
621;633;607;725
626;638;608;722
641;660;613;723
642;662;616;724
648;675;617;724
673;701;623;724
705;730;614;707
735;748;625;721
749;756;628;719
755;752;628;721
745;741;633;722
720;714;634;724
705;699;633;725
669;675;633;724
658;664;629;724
650;660;629;724
645;653;624;724
642;652;624;724
642;651;623;724
649;654;623;724
675;665;625;726
700;684;630;727
731;703;647;735
728;698;631;730
705;688;632;727
666;676;639;725
648;673;651;727
667;684;636;725
656;673;632;724
654;673;630;724
657;681;633;723
664;688;640;724
677;701;652;727
675;684;630;725
685;707;668;735
687;705;665;736
677;702;652;727
666;693;639;727
676;696;640;731
678;686;602;728
702;693;620;737
723;704;633;740
719;710;652;739
701;702;647;735
669;675;622;727
648;655;598;723
646;650;570;722
652;668;607;724
655;676;615;725
658;678;616;725
657;673;605;725
661;674;603;724
669;680;606;725
666;680;607;725
664;679;609;726
614;725;650;729
650;743;645;716
664;777;700;724
670;764;689;723
660;746;679;724
653;694;636;719
659;670;622;730
650;653;566;719
651;657;571;721
659;674;604;722
663;679;615;723
663;679;615;722
660;674;606;722
662;674;605;722
665;676;604;723
668;678;607;724
673;681;610;724
680;686;612;724
681;687;611;724
688;688;610;727
695;692;618;727
698;694;620;728
697;693;621;728
696;692;623;728
696;690;623;729
693;690;623;728
696;693;625;728
690;691;626;727
689;693;627;727
689;695;629;727
693;698;631;727
690;698;634;727
692;700;634;726
688;700;635;725
683;698;635;725
682;693;630;725
669;682;628;724
669;685;632;723
669;687;634;723
665;683;633;723
669;683;632;724
698;693;634;723
736;706;644;736
751;716;643;735
739;708;656;742
721;701;644;741
726;704;651;742
736;699;607;744
695;687;624;730
680;681;629;731
668;682;634;728
653;671;628;728
643;653;595;724
645;649;578;723
648;652;579;724
683;716;668;736
684;741;675;727
683;734;660;726
668;712;648;729
659;695;628;730
679;707;654;742
644;753;665;716
670;770;700;732
655;746;678;727
651;719;664;723
636;686;633;719
656;653;634;733
659;658;606;730
689;692;618;732
709;731;636;731
725;750;658;728
712;732;628;728
671;681;601;726
653;663;592;725
632;626;579;729
659;650;607;734
691;669;622;739
733;685;606;733
746;703;637;742
753;735;655;738
730;728;654;725
754;768;631;709
737;758;635;709
728;742;638;720
675;699;632;719
655;666;615;721
633;641;604;721
676;669;618;723
721;694;619;722
737;715;646;724
753;735;670;723
766;750;680;730
757;740;656;721
720;700;607;718
669;662;586;717
661;665;611;720
667;672;623;724
630;645;615;724
637;700;653;725
632;716;664;734
649;722;674;735
638;713;669;725
638;704;662;726
647;687;643;736
670;684;629;739
677;698;656;740
672;696;649;733
667;689;633;733
664;682;626;728
668;683;626;729
673;686;629;730
674;688;635;731
670;687;635;730
659;675;631;728
652;667;626;728
655;670;628;729
668;680;632;732
682;690;639;733
680;692;643;733
693;704;652;730
731;714;646;739
757;737;650;737
750;733;663;737
748;730;657;737
724;710;640;730
703;703;635;727
683;695;628;725
678;696;603;722
723;743;607;718
714;737;625;728
711;737;629;730
701;728;628;729
678;708;622;727
649;676;620;726
648;668;617;726
633;643;610;729
632;643;612;728
632;641;610;728
632;642;611;728
700;728;620;717
722;739;661;730
711;728;652;729
677;689;626;728
649;652;606;728
637;622;606;732
625;630;592;727
632;635;601;730
601;664;625;733
631;691;627;737
629;722;660;726
652;706;650;721
662;712;655;719
664;695;638;727
667;661;606;738
673;684;631;738
671;685;636;736
656;657;618;732
633;637;610;731
633;635;609;732
635;638;612;733
636;640;616;733
635;641;617;733
634;639;616;733
653;686;657;728
684;714;629;722
744;755;666;725
757;764;688;737
757;759;676;733
736;739;660;726
708;713;646;726
693;701;650;732
657;666;631;729
635;634;611;729
634;643;617;729
640;651;621;730
648;663;622;730
647;663;622;731
648;663;622;731
648;664;624;732
644;660;623;732
640;652;621;732
639;648;620;732
660;698;650;734
672;746;656;724
686;765;667;724
691;763;669;728
712;767;665;729
698;744;658;731
739;769;651;731
736;768;648;728
707;732;639;731
676;692;624;730
665;679;614;730
637;637;620;738
688;670;635;746
666;663;631;739
680;658;602;741
669;668;629;736
652;661;629;734
645;647;611;732
682;695;603;726
711;735;649;724
718;740;643;724
723;745;635;726
761;763;628;710
770;756;630;729
766;747;644;731
742;723;652;732
699;689;631;725
666;664;611;723
667;659;606;723
626;630;603;724
626;631;600;725
624;625;594;725
621;622;583;725
621;624;588;726
621;628;594;728
641;699;659;737
634;727;642;717
650;741;671;726
651;721;666;726
645;717;665;720
646;688;628;722
666;666;589;718
668;674;619;730
661;682;636;730
656;677;628;728
650;668;619;727
648;666;608;726
651;668;604;726
656;672;608;725
658;670;609;726
662;673;613;727
664;675;612;726
671;673;611;727
683;673;612;729
687;671;607;730
694;674;609;732
688;669;571;725
714;682;592;736
716;698;625;730
723;711;648;739
703;688;614;733
698;668;615;742
686;683;651;742
665;678;650;737
649;663;637;730
653;663;633;730
651;664;624;728
650;664;622;726
647;659;609;726
644;658;603;725
647;660;613;724
649;662;620;724
652;664;623;723
651;662;622;724
646;657;617;724
646;655;612;724
645;656;613;724
645;659;615;724
647;662;616;724
652;668;622;725
652;671;627;726
652;671;627;725
650;667;621;725
647;661;617;725
655;672;625;726
666;687;636;728
683;697;645;729
720;724;678;745
717;726;668;732
704;712;650;727
692;697;642;724
700;705;652;726
693;695;619;725
689;697;652;732
689;691;649;732
660;672;632;728
639;649;614;725
639;647;616;725
639;645;615;726
698;678;621;727
686;673;623;729
741;696;570;723
734;706;630;725
707;699;638;726
683;685;625;726
675;678;626;725
637;648;626;725
638;650;622;726
639;649;622;726
639;650;623;726
640;652;623;727
642;654;623;727
690;674;629;735
699;682;633;736
724;686;622;726
745;695;616;736
730;700;636;731
698;689;631;726
670;669;617;725
663;655;559;721
669;671;605;725
649;656;611;727
623;615;590;727
664;661;617;726
733;710;634;732
749;715;628;729
761;729;636;729
761;725;599;716
757;722;628;730
751;721;643;728
707;695;635;725
677;674;627;725
625;636;627;725
621;614;588;722
619;604;569;722
622;619;583;723
624;628;595;725
625;630;597;725
625;627;595;725
625;627;597;726
506;774;669;726
668;752;712;743
633;741;687;728
647;716;661;724
652;713;652;717
652;700;625;721
653;669;586;717
661;684;632;727
669;695;643;731
667;692;643;729
660;681;633;727
648;663;619;727
640;650;614;727
635;637;609;727
632;633;603;727
630;628;597;727
628;630;599;725
648;687;632;722
647;685;640;722
696;736;632;716
701;750;668;725
697;710;620;729
697;696;644;735
714;729;684;740
688;714;670;732
674;731;673;729
684;741;693;735
669;708;661;732
648;671;621;728
669;675;613;726
647;644;596;723
661;653;606;727
687;665;613;733
691;667;617;732
700;674;619;720
714;689;619;722
731;722;648;722
747;744;660;723
756;761;652;721
744;753;646;715
711;727;634;715
670;686;605;713
658;671;605;717
657;675;609;718
678;675;641;732
696;696;664;739
697;674;624;734
678;658;601;725
669;657;601;725
671;667;618;726
708;736;695;747
702;747;691;737
664;719;658;731
648;685;630;727
632;649;602;725
603;566;503;714
612;582;541;718
625;613;581;721
631;634;600;723
631;632;598;723
641;646;596;722
676;696;665;739
608;707;647;716
660;724;662;719
659;720;660;717
645;687;628;722
614;587;540;722
627;636;596;723
636;644;608;725
638;650;613;725
659;699;634;719
685;763;634;691
697;760;677;723
709;765;667;718
719;760;645;715
718;755;606;700
715;748;611;719
701;726;601;718
676;695;611;719
657;673;615;721
675;668;607;722
703;683;620;726
751;711;630;726
752;702;624;733
732;700;628;727
705;691;630;725
685;682;631;724
677;676;630;724
682;677;631;725
681;680;632;725
710;698;632;726
733;717;637;724
742;710;614;726
725;705;625;726
699;696;636;727
677;687;638;726
675;681;636;726
642;659;628;725
642;657;628;727
642;657;626;727
640;657;627;728
639;658;627;728
640;658;627;728
640;656;627;728
657;675;635;730
661;681;632;730
662;683;638;731
664;686;638;731
662;684;636;729
662;685;636;730
665;689;639;730
668;691;639;731
665;690;640;730
660;686;640;730
653;679;639;730
651;678;638;731
651;673;631;730
652;676;635;731
660;685;640;732
672;698;645;733
664;694;647;733
683;702;620;728
709;714;660;742
690;705;649;734
700;676;604;738
698;691;638;737
688;694;641;736
667;678;628;730
638;634;567;723
629;621;554;720
633;634;566;722
643;650;589;723
657;670;615;727
678;691;642;734
693;703;656;739
696;709;666;737
684;692;626;731
653;633;511;720
652;636;512;719
668;669;585;723
690;700;640;731
712;721;673;739
696;703;643;733
677;686;613;724
661;672;605;721
638;637;552;721
698;688;609;729
751;720;654;749
738;732;668;737
703;709;643;732
674;685;617;725
672;677;603;725
662;714;659;726
667;725;661;725
619;748;649;728
634;764;668;716
658;753;666;724
666;745;668;728
655;698;632;727
668;702;646;727
677;685;627;729
668;680;627;726
689;682;616;727
715;699;636;735
727;716;655;738
735;724;665;741
760;774;712;757
762;786;710;756
754;778;702;755
732;760;678;746
708;732;661;740
678;693;620;731
662;670;606;724
641;643;586;718
652;672;626;719
661;683;639;722
679;699;642;722
692;710;604;720
690;704;633;731
686;703;634;728
672;686;619;726
688;685;623;732
716;725;687;747
706;696;658;743
687;668;628;738
666;653;612;733
657;649;610;730
657;654;608;730
689;692;632;733
674;676;613;729
721;732;575;721
707;721;577;720
688;696;586;721
666;676;595;721
664;680;606;721
634;638;612;724
631;634;602;722
632;635;602;722
660;691;647;719
700;727;712;758
684;742;693;735
678;723;667;735
657;690;638;732
638;655;601;729
635;646;594;727
620;584;549;722
635;629;603;726
639;637;609;727
634;629;597;726
631;616;583;726
630;614;580;726
630;618;583;726
632;623;589;727
597;719;636;707
672;743;684;733
662;735;675;729
654;727;669;722
653;702;645;721
654;691;619;723
654;693;655;738
685;699;659;737
683;699;654;733
678;693;643;731
679;693;641;731
687;697;643;732
684;696;643;732
681;693;643;732
679;692;646;732
680;693;647;733
682;694;646;733
685;697;644;733
693;705;650;734
703;723;658;735
722;752;652;730
718;739;652;737
707;725;654;738
692;697;641;738
709;680;641;747
693;665;619;742
692;680;640;741
692;684;644;742
687;676;629;743
694;679;632;744
655;657;608;734
651;655;607;732
652;660;612;732
652;663;621;734
686;669;632;764
703;683;646;769
695;679;637;763
681;672;628;749
668;666;610;736
661;664;596;730
681;673;624;746
717;641;639;774
724;695;673;776
715;690;670;765
679;674;646;744
665;662;617;738
654;663;604;723
656;658;600;725
659;662;599;725
661;665;601;725
660;665;601;725
707;694;646;768
717;686;641;772
707;675;627;772
683;664;606;743
648;648;580;724
651;656;591;726
654;661;601;727
655;662;601;727
657;661;600;726
666;666;602;727
694;683;620;734
726;695;629;747
725;713;667;745
729;711;662;747
714;700;650;743
691;678;623;737
666;660;605;731
678;670;615;735
650;657;613;725
643;648;597;724
639;636;573;724
640;637;575;724
641;641;589;724
642;648;599;725
690;660;631;763
701;651;616;771
680;660;638;756
662;657;619;739
647;627;578;723
638;640;567;723
658;651;594;739
670;670;636;740
702;660;633;768
687;666;638;755
672;662;622;740
708;688;627;746
745;731;692;757
749;735;683;747
722;708;653;740
684;670;619;731
660;646;594;728
641;650;617;725
640;631;582;724
642;634;585;723
642;638;589;724
643;638;591;724
642;638;593;724
645;641;593;724
655;649;595;724
682;684;614;725
692;702;629;726
708;727;626;712
709;714;622;728
705;685;607;733
703;684;619;735
703;663;621;736
703;670;630;736
691;675;640;733
672;660;627;731
663;655;627;730
652;651;625;726
651;644;607;726
646;638;600;725
649;644;602;726
660;658;605;725
685;690;608;727
713;734;610;722
720;729;615;730
708;723;613;727
685;699;604;723
677;691;616;724
688;704;640;729
693;704;688;744
689;699;676;742
662;661;634;734
643;619;576;729
632;622;592;724
654;654;630;729
669;673;654;736
685;685;661;739
668;659;623;734
655;647;612;730
654;651;622;728
652;651;622;727
643;634;593;725
644;625;573;726
697;662;607;736
737;676;606;746
725;696;647;740
705;688;637;738
691;674;620;731
680;671;609;725
687;681;611;726
670;672;614;725
673;674;609;725
671;671;599;724
670;668;593;724
671;669;593;724
674;671;596;724
656;729;636;721
672;748;671;727
674;754;680;726
668;741;672;724
659;708;650;719
643;698;636;718
641;659;636;727
644;656;632;728
636;645;619;725
626;629;596;724
628;667;572;718
637;667;599;723
650;724;582;706
677;751;640;718
689;746;657;726
724;725;641;749
732;733;671;754
739;730;679;757
726;718;673;753
689;682;652;741
688;684;652;739
684;685;639;737
670;676;623;731
652;635;556;731
674;653;591;732
698;674;625;739
719;705;672;750
725;706;661;744
716;694;640;739
696;671;608;728
669;653;591;724
647;641;580;724
647;638;569;723
659;650;584;724
666;658;597;724
655;647;591;724
655;647;591;724
661;650;592;725
676;686;618;722
682;704;623;718
696;715;637;727
695;714;648;732
690;704;645;735
684;684;627;734
689;693;635;736
691;686;637;735
688;677;617;736
681;672;606;735
685;671;605;735
687;674;609;736
691;678;616;737
694;681;623;738
697;684;628;741
690;683;626;738
685;681;622;736
685;682;624;736
690;685;628;738
704;689;636;743
730;694;638;746
757;708;651;754
751;719;665;747
737;707;657;745
693;683;637;736
680;675;641;739
660;661;635;737
666;663;631;738
706;691;642;741
742;707;659;741
751;708;637;745
722;700;638;740
686;682;635;738
719;687;637;748
707;678;615;742
720;692;631;746
711;696;645;745
691;691;642;740
684;699;656;737
665;693;655;731
661;686;642;727
656;676;628;727
650;666;620;727
651;713;669;731
682;770;724;743
668;778;711;733
665;769;687;728
659;760;679;725
656;740;671;724
649;703;648;720
646;678;623;722
644;646;585;725
649;636;587;727
641;640;612;727
641;643;617;727
638;638;615;726
638;640;611;725
658;659;605;724
722;717;630;733
719;721;598;726
697;699;585;723
672;689;585;719
657;678;589;721
680;716;614;719
681;714;642;735
664;698;653;736
666;697;641;732
671;692;606;724
646;649;555;722
662;665;539;720
676;688;598;726
667;683;621;730
656;667;612;730
601;639;592;726
681;736;698;750
664;749;702;737
652;737;682;735
641;725;672;725
630;695;644;720
637;673;622;730
659;660;595;736
659;666;627;736
655;664;622;733
657;661;610;733
663;665;608;735
676;670;610;738
675;670;614;740
695;679;624;744
714;687;630;746
723;703;652;745
722;697;631;744
723;697;626;743
717;693;626;743
709;692;632;743
688;677;622;739
682;680;627;736
679;677;623;735
672;666;608;733
672;666;608;733
672;667;606;734
680;675;616;735
685;679;619;735
711;692;622;735
699;683;616;733
743;705;591;734
746;715;631;733
740;716;636;734
734;712;632;732
739;713;629;733
743;715;635;737
755;725;658;744
756;716;638;742
729;698;636;738
717;693;626;735
693;669;588;728
699;689;618;728
685;689;626;727
666;668;611;727
636;632;573;727
638;635;590;727
622;644;604;727
675;734;702;751
659;759;705;734
653;754;689;732
647;740;674;727
641;730;668;724
639;702;647;722
655;699;639;725
670;681;642;736
666;686;620;733
673;694;631;734
673;694;631;733
672;694;627;733
675;696;626;733
678;696;627;733
689;702;630;735
700;711;635;736
702;715;632;735
691;704;628;734
685;700;625;734
688;701;624;733
694;703;622;734
702;712;627;734
696;711;616;726
720;729;628;736
717;733;655;734
698;710;638;732
708;702;632;741
738;698;597;759
723;718;672;747
706;700;654;743
668;674;622;731
657;675;633;729
639;632;562;724
644;646;585;726
669;683;644;733
691;697;658;742
692;710;681;740
676;688;659;736
660;663;617;731
644;640;584;728
645;644;594;728
673;677;637;735
698;699;655;748
693;706;679;741
664;667;632;735
638;623;571;729
613;582;537;722
614;584;537;723
622;605;561;726
659;643;602;735
693;643;564;745
676;651;606;740
654;649;620;732
649;652;628;732
697;686;631;730
719;701;615;725
705;682;592;725
680;664;587;725
661;649;584;726
636;624;579;725
632;620;579;725
634;624;584;727
634;624;586;726
634;627;587;727
633;626;585;727
633;625;584;726
632;625;583;726
567;738;662;711
649;747;698;733
659;748;684;732
651;739;674;730
646;722;663;723
656;711;649;723
664;716;655;730
674;700;657;739
677;702;657;735
674;699;645;732
668;687;635;728
661;673;628;728
654;663;633;730
647;656;631;730
642;653;628;728
640;650;624;727
640;647;619;725
636;641;608;726
696;681;626;728
693;679;617;727
707;685;604;728
683;681;620;724
675;688;615;721
705;733;686;744
681;727;672;733
669;713;660;730
654;690;641;731
637;654;609;729
606;572;534;720
665;679;599;721
705;731;662;729
709;739;671;728
692;711;639;727
657;675;604;724
635;649;587;726
640;649;602;729
703;745;712;760
662;761;710;734
650;743;686;733
628;705;663;723
626;666;627;722
627;632;583;726
642;626;581;727
646;644;607;726
647;645;603;725
648;650;618;726
638;638;602;724
636;635;598;725
632;628;594;725
633;628;594;725
634;633;599;726
634;634;603;726
634;635;604;727
676;686;622;726
733;744;608;717
711;724;656;736
693;707;643;735
701;700;648;742
700;688;622;739
705;669;618;747
701;686;647;742
688;683;642;738
665;664;623;731
670;673;632;734
689;691;637;731
665;662;611;725
672;661;530;721
664;662;590;726
664;666;608;731
641;643;605;731
641;647;622;731
695;697;642;734
679;682;627;728
700;692;594;731
700;701;631;726
682;689;630;730
707;690;627;729
761;704;597;737
758;706;629;736
758;712;634;736
758;718;632;733
765;723;632;734
772;735;631;719
771;718;614;741
757;732;653;734
764;743;657;736
763;741;654;725
739;702;596;724
678;659;579;724
658;657;601;725
676;691;642;729
638;650;608;727
632;673;602;725
653;689;641;732
650;674;634;733
662;681;650;737
645;651;621;728
633;623;581;728
684;644;569;729
720;682;604;734
705;691;640;731
691;683;629;729
671;662;613;727
652;639;583;726
630;627;580;725
633;624;573;726
634;629;588;727
632;632;597;728
670;743;692;737
670;743;677;736
664;728;662;733
657;711;650;729
655;690;621;734
657;663;567;732
655;664;592;738
649;654;594;737
646;654;599;733
647;656;598;731
669;683;603;731
674;687;605;730
690;698;612;731
696;705;587;729
675;685;598;732
665;668;603;734
675;666;605;739
685;664;628;746
674;658;629;738
682;651;627;747
671;663;635;742
654;659;635;734
643;653;631;730
698;661;572;726
716;693;643;740
706;690;620;729
695;670;591;726
679;663;584;724
661;655;589;725
674;669;607;727
635;643;611;730
631;629;595;728
621;613;569;727
622;612;568;727
623;618;573;727
626;625;587;728
627;627;589;728
627;627;589;728
628;627;588;728
628;630;594;728
634;641;606;730
647;654;624;733
656;665;636;736
684;701;671;746
686;702;677;744
680;693;663;741
655;658;625;734
635;625;586;729
626;611;566;728
636;630;593;731
653;662;636;735
699;709;683;745
693;702;670;744
676;685;655;740
646;677;630;735
622;707;642;732
676;752;699;739
667;756;696;735
657;739;677;733
652;720;664;728
649;700;643;724
648;689;629;723
651;694;637;724
662;672;633;734
666;674;632;729
665;672;617;726
660;649;565;724
665;664;593;724
672;680;622;725
680;689;627;726
684;693;625;726
682;693;624;726
680;693;627;726
680;693;628;726
681;692;625;725
681;690;622;725
677;686;612;723
669;675;601;724
668;674;602;724
668;674;602;724
669;675;603;724
667;674;602;724
683;694;626;729
697;712;652;731
725;743;680;735
721;734;659;738
715;731;654;733
734;745;668;746
742;763;703;751
736;743;671;749
722;726;660;745
719;727;662;744
687;705;652;731
675;696;639;727
677;696;635;728
666;683;607;723
666;683;608;722
667;683;602;722
666;680;597;722
667;679;595;722
672;680;603;724
678;686;620;726
675;681;621;725
669;670;616;725
653;662;621;726
653;664;627;727
659;669;633;728
692;683;636;730
724;691;634;733
735;713;643;726
725;710;639;728
702;700;641;725
682;688;641;726
671;685;639;726
651;666;641;728
650;664;636;727
645;655;626;727
643;652;623;727
640;650;621;727
640;649;620;726
684;697;635;727
719;738;617;709
752;754;621;723
761;757;637;725
765;755;674;741
763;750;652;725
748;724;630;723
699;679;603;722
668;672;617;722
680;687;636;728
652;662;641;729
658;706;674;735
651;689;653;734
604;700;628;721
627;719;663;728
643;728;671;726
643;727;675;725
637;706;666;724
633;678;640;728
645;664;615;734
675;687;613;731
694;715;616;720
691;708;624;720
666;680;618;722
652;663;620;723
645;670;625;723
651;685;632;723
654;697;635;722
650;691;632;723
634;681;589;720
646;689;593;721
652;686;609;726
672;686;628;733
674;655;585;737
686;644;586;742
684;663;607;740
668;668;619;732
665;679;632;731
652;665;613;726
655;674;615;726
650;662;598;725
644;651;580;724
642;650;588;724
639;652;600;725
639;654;605;725
636;648;609;726
642;676;628;721
662;699;652;721
689;729;680;731
686;719;659;725
675;706;644;723
661;686;631;725
668;694;637;729
659;680;640;728
656;672;627;727
655;670;624;725
655;670;623;725
656;671;625;725
659;675;627;725
659;677;630;726
660;679;631;725
662;681;634;725
662;682;634;725
659;678;634;726
657;675;633;725
663;682;634;726
666;686;636;726
664;682;636;726
664;683;635;727
665;685;636;726
665;686;635;726
666;687;636;726
666;687;636;726
666;686;637;726
664;686;638;726
665;686;638;726
666;688;639;727
665;683;630;728
659;674;623;730
659;668;614;738
652;652;600;739
654;654;595;734
659;663;607;735
662;673;622;737
662;681;636;737
698;675;635;774
685;647;595;766
666;659;605;748
654;665;596;733
660;676;606;732
659;679;605;732
660;682;603;732
683;708;659;741
720;680;636;778
671;687;629;743
658;677;601;718
655;687;608;726
657;695;621;725
655;695;623;726
710;690;641;775
687;708;662;756
670;702;639;743
660;698;626;725
652;687;618;724
649;678;611;724
688;706;677;749
721;679;650;785
704;681;643;773
679;671;627;746
666;658;600;740
649;665;603;725
651;654;595;726
654;658;595;725
663;709;575;712
687;737;668;723
684;723;663;732
702;721;678;744
700;670;620;744
686;668;620;740
671;665;622;735
662;644;609;733
646;626;588;728
636;595;550;726
637;614;557;726
664;687;572;714
671;708;614;714
693;732;639;715
704;750;665;717
737;764;673;721
741;754;664;719
758;741;640;732
755;732;633;727
724;701;602;724
692;682;607;724
659;651;599;725
623;596;568;725
628;615;582;726
631;624;592;726
632;625;591;726
631;623;588;726
636;635;604;727
641;641;611;729
641;642;612;730
642;642;611;730
641;641;611;730
644;645;615;731
645;647;618;732
650;653;619;731
661;666;622;731
662;669;623;730
662;669;622;730
663;673;622;730
663;674;624;729
660;675;627;728
660;677;628;728
664;680;625;727
664;684;626;726
665;685;628;727
663;684;627;727
660;679;619;726
660;680;621;726
663;684;622;726
664;684;620;725
660;678;615;725
659;678;616;725
660;678;616;726
662;679;614;726
666;683;614;727
669;683;613;729
669;680;610;730
716;723;669;744
662;760;676;721
686;768;683;734
684;750;671;728
680;731;659;724
680;711;638;722
693;719;654;732
709;716;659;740
707;708;645;739
699;701;634;733
697;698;627;733
689;694;625;731
687;695;627;732
689;697;629;734
691;698;628;734
692;697;627;735
689;695;628;735
688;695;629;735
691;696;630;735
692;697;632;736
688;696;634;736
682;693;634;736
682;694;635;736
682;692;634;736
680;688;635;736
705;706;624;729
723;722;655;741
719;724;666;739
708;714;661;738
692;697;652;737
665;676;654;738
655;669;638;734
655;667;638;734
656;669;639;735
689;689;638;734
707;696;639;734
762;721;647;744
763;734;661;741
767;744;660;737
773;760;670;728
778;762;664;735
765;748;663;731
721;718;649;728
684;696;649;731
674;691;647;731
647;665;634;733
675;697;638;730
687;713;645;733
688;717;646;734
699;725;649;729
703;724;643;730
699;715;639;728
690;705;636;728
677;693;637;729
689;691;639;733
701;696;647;738
727;714;665;744
717;711;660;735
699;699;641;728
678;684;632;724
668;670;621;725
641;654;623;727
645;661;629;727
643;658;624;727
613;652;614;728
672;748;701;735
675;755;686;737
673;753;679;728
658;709;645;731
669;697;638;729
682;704;652;736
681;702;643;730
670;692;631;726
664;681;619;727
662;674;615;727
670;673;620;728
679;675;623;732
687;678;625;734
693;683;629;736
700;690;631;736
731;710;643;735
735;711;638;738
719;710;643;734
700;705;647;729
688;699;643;730
696;706;644;732
669;684;636;732
660;674;629;731
661;678;628;731
663;682;630;732
665;686;631;732
690;714;664;738
674;695;618;735
692;702;620;741
695;709;639;744
708;717;658;751
713;717;662;754
711;735;679;752
716;715;656;749
704;708;651;745
698;704;646;742
691;706;655;742
724;732;676;754
737;735;672;759
727;730;667;749
710;712;638;743
707;718;650;741
698;710;647;736
671;691;635;731
657;680;636;732
641;660;613;728
642;661;610;728
642;663;622;728
638;659;626;727
636;654;624;727
637;649;618;725
635;646;610;725
639;648;605;727
645;654;609;727
644;654;611;727
640;650;610;728
641;652;614;728
640;651;610;728
642;654;613;729
644;656;615;729
646;660;618;729
646;660;619;729
645;660;620;729
645;661;620;729
647;663;621;729
649;664;621;729
651;666;623;730
653;669;625;730
654;672;626;729
654;673;625;729
654;673;626;729
656;675;627;729
660;682;630;729
666;688;635;730
670;689;634;730
678;695;633;730
678;694;631;730
670;687;621;728
665;683;624;727
665;684;627;728
666;685;629;728
668;687;628;728
673;690;629;728
676;694;632;728
686;700;634;729
688;701;634;730
692;702;634;730
692;703;634;730
692;703;636;731
700;710;640;732
701;712;643;732
695;708;643;732
690;701;640;732
693;701;637;732
696;704;638;732
693;705;639;732
693;704;640;732
693;704;640;732
692;703;640;732
692;703;640;732
691;704;640;731
698;710;644;732
709;720;653;733
729;737;661;736
730;743;675;736
727;738;673;737
740;746;694;752
743;751;684;744
716;729;663;738
698;704;635;733
682;690;623;731
682;697;645;733
672;684;632;729
677;692;639;731
683;695;638;733
682;694;632;734
684;691;627;735
692;731;668;742
672;749;664;739
682;767;690;733
684;756;679;733
680;750;680;727
679;721;664;731
694;721;672;743
694;716;677;743
687;701;666;738
676;692;655;734
672;687;647;732
671;681;637;733
670;680;639;735
677;693;655;739
673;692;651;737
667;686;647;735
661;681;644;735
659;680;642;735
657;677;643;735
651;674;643;735
648;672;640;734
648;663;627;734
658;701;631;729
695;735;698;755
692;757;682;729
686;737;662;729
721;701;622;748
726;720;676;753
708;690;651;748
676;671;643;738
650;657;627;727
617;585;546;723
619;594;555;723
624;616;575;725
639;637;593;726
634;633;598;727
632;625;588;726
630;621;579;726
629;623;581;726
631;627;591;726
632;630;598;727
633;632;599;727
685;667;597;721
694;674;607;725
689;677;610;725
699;685;618;726
715;693;628;717
706;683;604;725
663;645;584;723
642;636;609;729
633;632;598;727
635;635;599;728
634;634;594;729
631;626;588;728
631;625;586;728
631;628;593;728
631;630;597;728
631;628;595;728
632;628;589;728
633;629;590;728
633;629;589;728
634;630;589;728
635;632;590;728
636;635;593;728
638;640;596;728
639;642;602;728
640;643;603;728
640;644;604;728
640;644;604;728
640;644;603;727
640;644;603;727
640;645;604;728
642;647;604;727
655;662;605;727
677;692;641;731
677;688;635;733
674;683;629;734
673;685;628;733
677;690;633;733
681;696;637;732
678;695;636;731
674;691;630;728
673;691;628;727
673;692;629;727
675;694;631;728
679;702;639;729
686;708;654;732
678;701;638;728
682;703;641;733
697;723;669;738
700;727;673;738
694;720;664;734
687;713;654;730
681;708;645;728
651;677;587;720
659;687;614;722
662;689;620;723
662;688;614;723
661;686;607;723
662;685;605;723
663;685;606;723
665;686;608;723
667;687;608;724
666;687;607;724
666;684;603;723
664;680;601;724
665;680;602;724
669;681;602;726
670;684;603;725
673;684;605;726
704;722;673;747
651;760;687;722
674;768;696;732
679;756;681;730
681;736;664;726
679;715;640;723
683;716;644;724
690;697;627;729
692;697;615;730
689;698;623;730
681;692;621;727
665;673;614;726
658;667;613;727
669;679;622;729
679;686;626;730
670;679;618;730
668;677;619;730
662;667;609;729
663;666;607;730
669;669;607;731
713;703;661;749
702;733;699;737
722;707;667;750
711;700;650;745
709;707;629;738
725;714;636;744
714;715;557;724
701;705;594;722
684;693;602;723
675;686;600;722
666;666;593;723
665;664;581;723
665;648;587;726
695;664;603;732
736;687;651;754
725;700;655;737
705;676;609;731
661;640;569;723
673;650;578;728
654;653;615;726
681;671;622;729
694;681;620;727
715;699;635;728
713;687;606;725
746;712;613;721
767;737;623;725
764;740;657;726
760;735;644;724
758;733;629;721
763;737;635;720
755;734;645;719
745;728;655;719
715;706;640;721
693;695;638;719
670;680;631;722
662;671;647;724
669;695;653;719
666;695;655;723
688;721;693;744
676;708;667;734
666;699;657;733
659;692;649;730
650;677;635;729
647;668;622;727
640;650;627;724
648;658;631;725
647;656;620;724
649;656;610;725
655;667;617;725
658;668;617;727
681;725;681;744
648;749;668;719
680;765;690;731
669;746;675;726
661;721;660;728
674;717;662;736
674;714;665;730
684;709;658;732
679;701;645;731
677;699;642;729
675;700;638;730
675;700;640;731
677;704;642;732
677;705;642;732
676;706;644;733
671;702;642;735
669;701;646;734
665;696;641;734
666;693;631;734
664;691;630;735
663;684;628;736
663;685;627;736
662;686;627;736
663;689;628;735
665;689;631;735
665;690;634;734
668;692;635;734
672;692;635;734
670;690;635;734
662;683;634;733
659;676;634;733
652;668;633;734
644;661;633;734
644;661;634;735
644;661;634;734
643;660;633;735
644;660;633;735
642;660;633;735
657;697;656;735
666;710;664;735
680;736;676;726
692;742;675;731
694;749;681;728
697;752;683;728
754;767;681;718
765;760;663;729
760;758;665;728
731;736;662;727
709;717;649;729
675;692;647;729
659;680;641;729
631;649;616;730
635;656;624;730
636;657;624;730
635;654;619;731
687;665;574;736
712;698;631;737
709;699;637;737
673;669;608;735
645;644;608;731
655;649;615;730
686;663;638;738
655;634;590;728
680;659;635;736
746;695;623;736
743;699;637;734
722;701;639;732
697;687;625;728
672;661;596;725
652;637;572;725
660;648;582;726
627;635;604;728
628;638;605;728
627;630;592;727
623;621;576;726
678;660;594;727
685;669;607;728
691;678;612;728
721;697;626;731
718;703;639;729
709;693;623;728
676;667;607;726
673;669;608;726
627;637;610;729
631;642;614;729
631;642;610;728
630;640;605;728
630;637;604;728
631;641;605;728
631;642;607;729
632;644;610;730
632;644;609;729
632;642;607;729
629;642;607;729
630;644;607;730
633;646;607;730
637;648;606;730
638;649;605;730
644;654;605;730
646;656;604;730
648;660;606;731
651;662;608;730
652;665;609;731
660;671;612;731
662;673;613;731
665;677;615;731
671;687;620;731
675;693;626;732
679;695;627;732
678;698;630;731
680;702;633;730
682;706;635;729
681;707;636;726
679;706;636;725
676;699;623;724
672;694;612;723
674;700;626;724
671;694;621;724
667;690;618;724
667;687;617;724
668;689;618;724
669;691;617;724
669;691;616;725
670;691;617;725
670;691;616;727
670;691;617;727
672;693;618;727
641;735;651;733
682;754;652;735
683;768;678;730
677;760;676;731
671;745;667;723
668;725;647;720
679;725;661;727
681;713;660;734
675;699;639;736
665;692;636;733
672;697;634;733
671;699;634;732
673;701;638;734
664;694;633;735
669;697;638;738
673;700;644;740
676;701;644;742
677;699;645;743
682;702;645;743
685;701;646;745
684;700;645;744
682;699;642;744
682;696;641;743
684;697;643;744
687;703;647;745
688;714;656;744
690;722;665;742
712;750;697;753
718;758;687;745
709;746;677;743
699;719;661;743
696;708;647;743
704;716;652;742
717;708;659;750
720;706;655;749
734;720;665;748
734;709;635;745
736;714;645;746
736;717;655;748
752;736;675;760
759;743;683;765
747;737;680;756
739;717;660;751
722;698;624;747
719;708;650;745
705;705;648;736
693;698;630;726
679;686;624;719
673;683;622;722
670;673;597;722
670;680;614;721
674;688;627;723
679;690;635;725
689;687;605;728
705;715;660;739
707;720;671;740
698;712;662;734
689;701;644;729
676;685;620;725
650;636;542;716
659;656;560;719
670;671;597;724
680;688;623;725
695;703;630;724
705;713;630;724
702;711;608;719
710;723;640;728
713;727;645;726
705;714;634;727
720;708;642;740
701;677;591;732
709;677;599;742
726;713;652;741
733;717;656;742
735;727;661;741
736;733;671;741
734;753;667;734
724;751;674;737
728;748;677;742
696;706;649;734
690;693;618;729
719;709;626;732
707;699;543;715
720;711;619;731
720;723;653;730
713;715;646;729
697;698;616;726
691;696;604;725
672;676;601;729
707;750;694;747
691;766;697;737
682;752;673;730
668;735;659;720
662;705;629;722
678;710;647;728
675;696;632;728
680;694;623;730
680;695;629;731
680;697;628;729
677;694;627;727
670;684;620;727
673;688;624;729
677;695;632;729
677;699;634;729
666;688;632;728
662;681;625;727
655;672;623;728
656;671;623;729
663;676;627;729
674;689;630;730
694;708;634;729
685;704;634;728
717;731;624;720
712;727;634;725
691;703;632;728
683;693;630;728
691;698;645;732
682;690;635;732
686;700;646;724
692;694;619;735
688;697;630;735
671;681;623;735
654;659;610;733
637;623;575;728
662;674;603;730
702;710;608;731
728;727;649;748
727;746;610;732
705;725;589;724
682;700;582;723
669;685;594;724
668;682;610;724
659;661;605;733
672;666;626;741
659;651;615;734
689;668;641;751
687;682;659;747
676;681;659;743
698;690;650;733
731;701;629;724
714;672;527;718
703;679;584;723
682;687;626;725
673;679;632;726
676;678;621;727
636;640;596;727
630;629;571;726
632;632;571;726
537;759;640;653
687;770;703;736
676;776;701;733
665;766;684;724
651;747;671;714
649;712;645;715
653;709;646;721
664;703;666;733
664;696;659;733
654;679;632;723
671;709;667;725
656;690;637;721
653;720;668;724
681;741;685;730
699;746;676;734
715;750;661;733
725;760;657;722
720;754;634;726
692;722;607;724
675;701;623;724
668;690;629;727
654;669;625;727
672;670;624;731
682;675;629;733
748;689;592;742
753;716;652;739
763;745;667;730
766;758;674;722
760;745;658;724
733;728;650;721
720;715;645;725
672;687;648;729
649;663;633;729
641;657;634;729
672;670;634;730
704;683;640;732
746;710;656;742
734;705;635;733
686;682;624;726
674;672;616;729
699;694;658;740
671;666;631;733
691;662;625;742
689;683;660;742
678;680;654;738
664;664;636;733
655;659;612;729
645;651;548;721
666;687;584;723
699;727;628;723
705;733;611;723
691;710;602;721
665;677;589;721
686;700;650;730
670;681;652;732
652;651;622;730
669;666;634;733
673;677;649;736
669;675;647;736
710;758;737;767
671;775;734;736
661;757;703;737
626;709;647;726
641;698;642;726
649;700;644;725
653;694;636;725
665;681;638;731
655;663;606;729
653;655;587;730
684;680;645;738
684;687;662;741
672;670;633;731
686;672;648;739
694;687;659;740
697;692;657;732
733;708;650;727
727;702;601;717
723;713;639;725
722;717;644;726
702;697;627;724
662;669;606;722
679;668;620;731
727;717;697;758
722;710;684;755
709;698;664;746
676;668;634;735
641;638;613;724
639;637;608;725
625;615;584;722
636;645;622;726
636;645;622;724
639;648;615;723
661;671;616;722
680;698;633;721
665;687;643;722
710;721;638;720
725;729;671;742
741;741;699;757
727;725;671;745
703;687;641;738
668;660;623;733
654;664;640;732
646;665;651;734
652;688;660;732
655;709;664;727
649;708;654;722
692;772;689;721
691;766;683;722
669;721;663;726
652;683;648;727
632;649;629;724
638;663;643;727
640;667;646;728
642;668;645;727
682;684;640;724
707;696;632;724
736;722;652;728
728;726;653;726
692;705;645;723
674;689;637;725
659;678;629;723
638;645;600;723
637;653;619;724
637;656;622;726
655;707;684;738
610;727;652;726
619;749;676;728
626;744;678;729
632;725;668;720
632;720;667;717
642;696;631;720
654;682;647;731
657;678;638;730
657;679;631;726
659;679;626;726
657;676;625;727
661;676;626;730
671;687;641;736
709;701;656;748
718;705;653;745
699;700;650;740
695;700;647;739
689;701;650;737
681;690;632;735
691;699;647;737
695;702;643;735
693;699;636;729
686;694;622;726
685;692;619;727
713;739;670;730
721;766;683;728
741;768;683;750
756;761;682;763
748;743;679;763
749;737;681;760
717;703;658;747
690;669;617;738
675;652;596;732
697;668;606;736
697;664;605;732
739;681;607;744
730;705;645;733
716;701;641;728
692;672;614;726
661;650;597;724
629;606;565;724
631;622;581;726
653;707;676;735
627;743;685;732
659;763;701;732
661;748;682;725
659;748;682;718
661;725;664;716
670;714;657;723
687;706;664;725
683;704;674;729
681;696;665;723
681;691;655;720
681;686;647;716
694;714;667;717
728;761;724;751
722;755;699;735
726;746;684;735
743;733;667;742
753;748;692;750
753;743;684;748
734;714;668;741
715;702;662;733
699;680;636;726
693;674;634;727
665;653;623;719
656;629;598;718
677;666;650;722
673;666;659;726
661;608;587;723
668;650;635;725
678;665;649;725
713;689;652;723
754;709;615;712
745;707;637;719
734;700;627;723
694;674;613;720
668;656;609;722
634;621;575;721
589;669;613;720
597;694;639;725
635;726;667;720
656;730;667;723
653;733;670;719
649;713;653;718
653;698;628;720
655;673;626;723
684;699;655;733
693;699;651;738
688;687;631;735
708;698;649;747
712;714;670;753
717;722;679;754
717;724;680;754
733;713;658;757
750;741;692;763
754;744;689;764
752;739;680;763
756;743;687;764
753;743;687;763
758;746;679;759
771;762;707;767
770;763;703;768
755;739;676;759
734;722;659;750
715;713;650;742
704;702;631;736
698;702;632;734
685;702;635;729
663;664;560;721
663;672;574;722
666;678;592;723
669;680;599;724
710;744;683;742
724;771;697;731
720;757;672;737
697;726;637;733
679;691;599;729
677;680;589;728
668;664;578;726
684;681;623;733
670;679;633;732
655;661;614;732
647;652;606;731
684;671;612;736
689;676;623;740
737;690;595;743
737;707;643;741
709;708;653;733
683;686;632;728
655;660;611;727
649;663;622;728
636;647;603;728
631;647;606;731
583;702;605;718
641;753;680;737
643;763;689;731
652;756;680;729
654;746;674;723
648;707;632;720
662;714;655;728
672;697;640;733
667;684;609;729
657;672;588;727
678;682;609;736
675;694;645;735
698;683;639;750
692;702;667;749
681;696;662;743
666;681;633;736
678;691;586;726
676;689;563;724
700;717;554;723
703;722;590;725
683;713;609;725
666;690;603;724
685;682;579;724
705;690;582;725
693;680;582;723
719;697;605;730
731;717;652;736
724;713;649;735
700;694;633;731
680;680;625;730
667;668;621;731
644;656;612;732
654;668;635;732
652;668;634;731
651;665;630;730
648;663;629;730
683;676;632;730
702;688;629;728
677;687;647;728
664;675;638;728
633;644;613;726
638;653;623;728
637;664;624;728
645;712;657;729
691;778;723;738
676;775;699;734
664;766;681;726
654;755;675;719
650;719;638;724
671;716;659;734
675;718;654;735
670;707;647;734
664;692;634;732
656;672;616;732
650;664;614;731
641;655;616;732
646;660;621;735
643;657;621;735
639;650;617;733
689;684;621;733
752;735;603;723
751;734;631;730
753;737;639;731
752;750;659;724
754;738;649;733
724;713;637;730
706;704;645;730
704;729;670;730
676;703;627;724
661;709;658;738
670;711;662;740
656;689;643;737
649;669;622;733
648;638;580;728
681;668;622;735
686;671;631;737
714;671;568;733
721;690;613;734
709;695;632;733
680;675;616;726
667;666;605;727
646;656;623;728
630;624;576;727
627;626;577;728
630;637;591;728
636;648;601;729
641;653;602;730
526;780;649;645
689;772;706;746
659;766;693;737
636;746;677;732
636;721;660;726
638;698;637;732
661;712;661;740
670;702;654;740
666;696;640;738
665;694;630;736
663;694;629;734
664;696;633;734
666;698;636;735
671;701;639;735
672;701;640;735
672;703;641;735
667;699;639;734
655;680;614;733
652;678;617;733
661;689;629;736
663;688;628;739
663;685;626;739
655;674;623;739
667;709;650;739
668;711;662;738
690;753;647;721
705;770;678;730
744;776;682;734
772;779;659;735
765;767;671;734
760;764;662;737
731;734;648;733
722;718;650;739
674;690;639;737
656;679;639;738
659;675;635;738
717;702;648;743
763;733;627;738
763;733;655;751
760;737;658;750
735;730;659;747
735;723;654;751
724;705;640;750
739;719;661;760
736;723;659;755
723;715;654;750
689;693;640;746
661;677;636;742
652;668;629;740
654;675;644;740
651;674;644;741
635;667;626;740
635;693;637;741
615;730;641;739
640;750;664;734
660;754;675;735
670;761;680;731
674;741;667;729
667;720;647;732
651;677;562;723
666;699;621;727
676;715;643;727
678;718;650;726
678;715;647;726
674;706;638;725
673;697;626;725
674;695;626;726
676;695;626;726
678;694;626;727
675;687;621;726
679;687;621;727
679;691;626;728
732;713;639;739
748;727;646;738
732;725;661;739
712;719;657;735
723;728;661;732
736;733;656;750
729;739;671;743
717;729;659;741
697;708;644;739
702;710;657;744
679;691;636;738
691;650;561;746
704;698;648;747
716;710;663;752
723;714;665;756
730;714;662;756
723;707;655;752
731;721;663;744
732;711;646;749
707;695;614;739
701;705;640;736
679;701;635;729
663;689;623;730
636;645;564;725
632;641;569;725
636;652;586;727
680;719;670;737
666;720;644;721
678;723;666;740
668;712;661;738
650;687;629;734
638;666;602;731
627;635;580;729
644;663;623;734
643;662;624;736
641;653;615;737
636;651;610;734
634;644;603;735
635;645;603;736
640;651;611;737
644;654;615;738
646;655;616;739
644;653;611;738
651;657;616;742
651;655;615;741
652;654;619;745
644;649;616;745
632;641;603;735
696;679;655;775
700;704;673;771
706;663;663;774
681;643;632;758
682;671;601;739
702;697;598;739
734;746;652;735
741;754;630;730
733;750;608;724
733;753;607;725
753;769;618;727
757;783;615;707
753;774;627;728
749;765;613;727
710;717;600;727
678;682;593;726
656;657;586;726
656;675;609;725
654;673;623;729
624;644;545;732
651;691;624;730
663;696;648;739
655;682;637;735
675;695;617;735
671;681;583;728
695;709;625;724
699;711;597;726
694;704;607;728
665;677;603;729
664;674;605;730
634;643;607;730
633;641;602;729
626;626;573;727
624;619;569;727
626;626;574;728
628;632;583;729
675;695;604;727
681;705;628;733
688;721;640;728
680;703;615;728
663;676;594;727
653;664;589;727
622;614;573;728
630;640;600;729
635;648;607;731
634;648;607;731
613;704;647;733
622;739;678;727
656;747;687;734
640;718;668;733
638;716;667;735
642;697;658;739
660;695;666;747
649;676;654;742
654;674;638;738
661;678;632;737
661;679;632;737
660;678;632;739
657;672;632;741
651;667;632;740
646;659;628;738
644;659;627;737
641;657;626;738
640;654;622;737
656;659;615;738
687;675;616;739
705;688;617;740
719;699;611;733
701;688;615;733
689;686;624;731
692;688;624;732
648;656;623;734
637;649;620;732
637;648;617;732
639;648;616;732
637;647;612;733
636;647;610;733
636;644;606;735
638;647;605;735
632;637;594;731
630;636;595;731
631;639;598;732
631;640;600;732
632;640;600;731
632;638;598;731
632;636;594;731
633;640;595;731
633;639;592;731
634;639;591;731
635;642;591;731
635;642;591;731
636;643;591;731
637;644;591;731
656;660;610;732
669;668;620;735
670;669;623;734
669;620;537;731
703;661;590;746
711;692;631;749
707;699;644;747
688;691;637;742
666;679;624;735
655;677;627;733
669;692;652;738
663;681;637;735
674;688;640;744
679;700;656;745
671;689;643;742
661;672;617;738
631;620;543;724
651;654;570;728
672;688;638;739
716;736;714;757
718;745;714;757
705;733;690;751
690;712;665;742
673;694;642;737
639;669;611;731
679;776;713;722
674;774;705;735
665;768;691;729
656;747;672;727
646;697;629;720
659;706;645;722
669;686;622;725
664;671;587;725
664;671;571;725
667;675;578;726
671;682;591;727
680;686;602;728
684;690;605;728
683;690;604;727
692;697;619;729
700;704;630;733
696;701;622;731
691;701;626;730
692;704;632;731
695;707;638;732
692;707;639;731
687;709;642;728
685;709;645;728
683;708;645;728
679;707;646;727
677;706;645;727
677;707;644;727
676;706;644;726
676;710;646;725
674;709;646;724
672;705;635;725
675;710;647;727
677;713;651;726
675;714;652;725
675;711;651;726
678;708;650;728
680;706;650;729
678;705;650;730
681;706;652;731
684;706;657;733
687;708;659;735
688;709;661;735
689;711;662;734
690;713;663;734
689;713;663;734
689;713;663;734
689;713;663;733
690;714;664;732
691;715;665;733
688;712;662;732
686;712;664;730
684;711;664;729
681;706;662;729
679;704;659;728
689;713;651;728
738;758;687;740
738;762;695;737
734;744;670;743
721;730;656;743
733;740;679;749
734;711;656;750
737;709;661;758
720;697;650;748
699;684;645;743
670;671;645;736
658;662;630;734
697;684;638;736
719;685;603;732
747;705;597;734
744;706;589;728
718;692;589;725
689;672;589;727
675;670;599;727
647;647;591;728
646;649;602;729
702;756;733;766
659;777;726;722
665;750;681;734
657;718;660;728
650;709;653;723
658;708;650;725
667;699;660;733
670;706;666;734
667;698;658;729
665;692;646;727
666;692;637;727
667;694;639;728
668;697;642;729
667;697;643;729
667;698;645;730
711;726;678;747
722;714;657;744
729;706;633;743
721;706;640;739
735;751;694;748
751;792;735;750
743;788;723;745
720;765;696;744
693;718;663;740
693;688;634;740
719;698;650;744
721;692;642;726
728;680;584;735
709;684;606;728
699;683;614;728
682;679;615;728
690;689;622;727
703;711;672;743
700;679;635;740
707;666;615;746
692;666;621;742
688;708;665;742
681;717;672;740
648;772;709;729
672;773;710;734
672;777;707;734
661;767;694;733
653;746;675;730
653;723;658;729
648;707;644;726
652;699;626;725
651;646;558;721
652;659;563;723
661;682;629;724
653;670;626;726
654;672;630;727
656;676;631;728
665;691;636;727
682;705;637;726
690;716;614;723
701;731;639;725
697;732;646;724
710;727;660;739
741;730;663;763
743;746;693;758
722;719;677;755
706;726;682;745
695;744;694;741
699;749;704;739
688;744;699;733
671;713;664;732
653;685;625;727
647;659;598;726
688;673;555;725
699;682;576;725
729;707;597;724
711;709;633;724
695;704;629;725
687;696;608;725
676;691;598;723
650;673;606;723
662;690;630;728
667;694;637;729
660;688;634;729
657;681;626;730
655;678;630;730
656;682;637;730
663;697;650;731
664;704;657;731
661;703;659;730
656;693;654;730
650;677;643;729
649;675;639;729
652;679;642;729
656;683;642;729
658;684;643;729
657;683;642;729
659;684;641;729
665;686;639;729
671;692;640;729
677;696;637;728
677;697;639;728
675;695;642;729
673;695;645;730
675;696;647;731
668;686;647;731
678;690;648;732
708;699;650;738
742;718;661;744
737;728;674;741
729;719;665;739
722;724;667;733
700;705;649;731
709;722;632;731
710;725;656;736
734;739;674;747
736;737;678;755
734;736;684;760
724;724;673;755
697;693;648;743
680;693;646;735
666;677;620;731
649;676;605;724
667;708;661;729
671;736;659;731
691;748;690;740
689;743;674;739
677;720;650;735
670;697;627;734
676;706;643;738
665;686;639;736
664;686;631;732
689;702;637;737
720;716;666;751
706;723;668;737
699;708;641;736
683;695;616;730
673;684;597;729
652;663;576;726
644;654;589;730
646;667;605;730
692;754;703;754
672;768;701;734
664;750;678;729
653;725;657;724
650;707;641;725
657;707;643;729
678;701;659;741
683;703;650;737
679;697;630;732
678;695;622;730
685;702;628;732
690;705;632;733
693;709;635;733
696;710;638;734
692;707;635;734
687;704;631;734
680;702;628;733
684;703;628;734
687;703;630;736
678;697;629;735
677;698;632;734
677;698;631;733
676;695;630;733
675;694;629;733
674;690;628;731
671;688;628;730
672;692;636;731
671;691;635;732
669;686;633;733
691;709;666;746
705;707;634;740
690;704;645;738
650;659;608;733
702;680;595;734
744;718;656;743
756;732;654;742
744;720;639;738
705;697;623;731
674;678;615;730
667;675;617;730
637;654;629;731
640;661;629;734
678;704;624;729
704;740;611;725
726;749;622;731
741;760;631;731
755;761;638;733
769;762;622;725
764;755;658;735
761;746;655;741
738;721;644;738
698;698;640;734
685;688;639;735
676;684;640;735
680;687;642;735
656;672;633;736
645;667;630;735
640;660;626;734
641;660;625;734
642;663;628;735
642;663;629;736
642;663;629;736
640;661;627;735
638;660;625;735
636;658;625;735
649;673;629;735
674;701;639;736
694;720;646;737
701;725;632;733
703;727;649;742
691;714;644;737
680;703;635;737
669;691;626;737
656;669;622;737
648;665;613;734
650;668;616;734
651;671;622;735
653;674;624;735
657;678;628;736
661;684;633;737
661;689;637;736
663;691;638;735
663;692;639;734
664;694;640;734
673;702;645;733
677;708;650;732
679;710;653;732
679;710;653;731
679;709;648;731
679;708;647;730
681;708;646;732
681;708;648;732
675;700;644;733
667;692;630;733
725;770;733;771
686;792;728;738
681;787;711;734
677;778;694;732
672;769;687;728
674;752;676;725
676;719;656;735
696;729;669;746
701;726;667;744
687;722;663;739
672;698;637;736
674;695;633;737
667;682;625;739
652;670;626;741
666;683;626;742
668;684;626;741
695;735;673;740
691;737;662;734
695;747;672;730
699;750;679;734
726;771;680;734
754;793;664;714
762;798;665;723
749;784;652;722
715;751;627;722
689;723;637;724
665;695;636;728
643;662;619;727
637;658;620;730
637;657;620;731
637;658;621;731
671;728;662;731
676;733;659;727
683;730;628;725
678;710;631;726
671;700;645;733
690;717;663;736
708;744;713;745
708;724;679;741
695;706;659;738
667;722;662;737
669;714;666;740
651;752;675;731
649;766;691;728
645;763;688;732
658;755;683;730
672;741;668;725
670;713;649;728
680;732;669;732
698;729;677;736
699;723;666;734
699;712;655;731
708;716;652;733
734;739;679;749
733;752;682;731
732;745;669;731
712;733;658;729
786;780;648;721
780;780;680;727
771;768;670;729
743;744;669;729
700;713;638;725
656;674;620;726
624;645;617;727
622;640;606;727
621;641;607;727
618;634;597;727
738;714;564;720
744;728;629;727
726;722;630;727
686;692;613;727
652;663;591;726
681;692;629;731
648;643;581;729
678;697;665;743
679;698;666;744
651;685;648;739
680;769;718;735
672;778;719;747
640;764;690;735
634;740;668;734
638;726;660;729
637;701;639;724
634;682;617;725
628;640;575;727
654;684;645;730
660;691;651;729
654;685;636;725
648;678;619;723
652;682;628;723
665;695;641;724
663;690;640;725
670;694;639;725
682;703;646;726
712;736;681;738
718;739;657;726
733;760;666;720
769;795;655;696
766;795;663;712
757;787;658;719
740;772;656;720
701;734;640;717
675;707;639;721
652;667;639;723
640;657;632;722
640;652;627;723
633;649;624;723
676;732;674;728
700;767;661;707
695;761;652;713
684;728;642;721
655;671;616;722
631;645;616;715
633;652;628;723
622;625;585;722
626;636;600;724
630;645;612;724
733;701;610;722
727;703;629;726
706;696;623;724
677;678;612;722
670;671;610;724
673;671;614;724
636;647;613;724
636;648;613;725
638;648;608;725
636;645;604;725
638;650;605;725
645;654;608;726
649;661;611;726
649;661;611;726
648;661;610;726
649;662;612;726
649;662;613;726
646;660;612;725
650;664;613;725
654;668;615;726
654;668;616;726
654;668;616;726
653;668;616;726
657;672;618;726
660;675;621;727
659;677;621;727
665;685;623;726
669;693;627;726
668;694;630;725
668;693;629;727
668;695;629;727
671;699;635;727
673;701;635;728
673;699;635;728
674;699;632;728
679;764;680;721
684;774;686;733
682;758;671;725
684;751;667;720
685;747;665;720
686;737;658;725
687;717;647;734
689;724;663;731
686;722;656;728
688;720;650;726
689;719;648;726
688;717;647;727
686;716;647;728
682;715;652;730
664;698;649;729
647;664;626;730
640;658;630;731
633;644;622;730
631;633;604;731
664;712;649;728
691;765;643;703
672;740;629;722
698;742;659;733
708;747;702;746
733;719;672;746
728;720;673;751
736;692;633;753
736;718;663;750
723;719;673;744
705;708;664;736
670;680;635;726
647;645;587;721
661;670;611;721
687;691;628;724
690;692;636;724
689;689;634;725
683;679;623;723
681;670;616;724
689;675;619;727
706;687;625;729
717;698;634;730
750;725;657;732
751;722;655;736
744;724;662;735
716;718;664;731
697;709;666;731
691;701;664;731
673;685;658;731
666;678;653;732
657;671;646;732
653;659;637;730
647;652;631;732
651;656;636;733
652;658;637;734
687;701;648;734
697;717;648;730
734;755;659;736
762;775;664;732
767;772;663;730
783;778;644;722
766;759;671;722
755;750;658;726
705;703;648;725
685;682;624;725
666;667;622;726
667;672;626;725
632;640;625;726
634;643;618;728
627;627;603;727
575;696;609;710
655;733;676;735
664;736;675;735
659;727;671;732
652;718;668;732
658;700;662;741
649;650;643;743
661;678;656;741
671;686;649;740
672;689;651;738
716;701;655;746
757;740;707;768
741;733;680;757
714;712;655;742
674;688;630;726
637;633;566;721
634;639;578;723
641;647;599;725
642;652;604;726
668;708;669;734
705;764;716;739
695;742;678;741
658;692;627;730
654;670;599;729
677;694;620;730
705;724;654;735
723;753;669;728
718;735;643;730
679;677;602;729
626;631;599;728
630;634;600;729
650;647;603;729
702;673;577;728
751;706;610;735
757;722;634;734
761;726;634;736
759;721;620;731
762;708;620;744
755;708;636;742
715;698;631;733
670;670;622;731
675;671;622;732
599;704;642;735
643;738;676;733
664;741;680;738
647;725;671;733
644;719;667;730
639;702;657;731
642;684;645;735
651;656;621;734
657;672;650;736
690;690;645;734
756;730;626;728
755;736;647;727
722;715;648;729
686;690;644;729
699;704;664;736
712;725;681;744
695;701;651;736
670;674;622;731
699;686;615;729
697;680;611;726
719;686;600;721
739;710;614;726
752;723;637;729
737;714;629;721
762;726;645;737
751;726;654;731
721;711;645;726
696;691;636;727
732;719;648;729
752;733;676;741
756;734;646;728
714;701;635;724
683;685;629;724
662;666;624;725
633;645;614;728
576;688;618;726
638;731;672;736
645;733;674;733
643;716;665;729
647;715;662;727
643;682;627;728
617;604;531;721
642;635;558;728
660;668;605;731
667;684;629;729
664;688;630;728
693;703;655;740
692;708;664;737
703;689;636;745
708;715;671;748
728;726;680;756
756;733;675;769
756;754;709;766
750;747;697;763
731;733;682;755
750;747;688;761
761;744;679;763
754;734;663;763
742;739;677;750
719;724;662;739
703;711;644;730
700;703;627;728
679;686;601;725
678;685;601;724
703;733;665;728
703;723;658;730
680;690;521;718
677;700;615;727
666;690;635;737
671;682;635;737
696;695;648;740
717;690;638;741
724;687;630;741
746;697;657;754
743;699;642;742
731;695;630;738
706;688;629;731
701;694;643;731
703;704;655;735
701;706;658;736
669;684;645;735
657;668;629;733
680;712;668;733
642;750;657;723
676;775;689;731
680;766;679;725
665;750;673;722
650;705;645;725
651;703;663;733
670;697;670;738
665;698;665;733
672;704;658;729
685;714;655;726
683;714;650;726
697;728;644;728
699;724;635;727
685;699;618;725
708;711;603;727
701;703;641;738
702;710;656;743
732;725;669;752
719;705;644;747
732;701;657;758
741;721;675;761
727;711;668;752
714;700;657;749
693;683;634;743
671;671;620;737
672;675;619;734
716;703;648;750
729;746;710;757
741;738;691;764
723;712;663;757
694;691;637;742
683;684;613;734
682;699;638;726
688;688;594;727
691;691;602;726
695;693;606;726
696;695;610;726
691;694;612;727
686;693;606;724
601;766;680;689
670;777;692;724
676;771;690;728
676;744;668;726
674;704;626;727
660;657;564;721
691;705;651;729
696;711;658;727
689;703;634;726
690;705;636;726
688;701;629;726
690;701;628;726
690;701;624;726
706;716;605;724
734;756;668;735
753;768;683;748
752;758;665;747
754;759;673;754
754;754;673;755
753;754;675;754
735;739;661;742
711;722;640;730
676;710;635;721
668;682;586;719
661;678;580;719
690;736;676;727
677;715;650;725
670;712;585;705
686;732;653;724
689;738;663;724
692;740;668;724
682;718;647;723
682;708;644;725
667;686;604;720
666;688;605;722
668;692;621;722
668;692;620;722
664;688;605;723
655;683;600;720
566;713;581;715
633;740;635;703
662;738;657;716
658;716;642;718
663;705;653;723
663;683;641;724
661;671;629;725
666;681;624;724
685;703;633;723
716;738;667;734
715;739;633;722
680;697;607;721
651;667;598;721
624;634;600;724
637;653;620;726
690;668;586;728
741;675;592;746
728;696;636;736
659;658;609;727
680;674;642;740
714;707;680;756
698;689;663;747
662;653;611;736
641;646;613;729
625;594;558;725
637;615;568;729
672;656;615;738
698;668;639;744
695;655;605;745
654;651;614;731
647;651;607;729
631;614;550;725
632;632;569;725
638;650;594;727
638;651;600;727
651;665;597;726
683;704;618;725
715;737;652;724
705;715;606;724
673;679;573;722
649;655;574;724
645;654;606;728
630;641;593;726
633;644;585;726
626;710;654;734
636;717;594;711
636;736;659;724
647;738;668;727
643;710;651;723
641;696;631;723
665;681;633;727
680;700;652;730
687;702;643;727
682;694;624;725
686;694;624;726
687;693;624;726
684;691;629;728
681;689;629;728
675;680;624;728
663;671;625;728
654;663;626;729
709;685;628;729
756;717;656;742
753;718;639;730
722;702;623;726
680;675;614;724
671;680;628;726
654;677;634;728
642;654;608;727
641;648;595;728
634;642;594;728
633;643;605;730
634;648;611;730
663;705;645;726
671;746;669;728
693;771;677;721
741;783;684;723
767;783;672;727
755;763;670;732
747;745;657;731
714;736;658;726
685;702;655;728
651;681;665;730
658;702;671;727
671;721;679;724
694;754;703;726
682;732;675;730
663;712;659;728
652;693;639;728
652;681;639;730
635;642;609;726
642;663;626;729
640;673;628;729
566;731;635;705
670;765;698;735
668;773;698;733
665;759;679;725
657;736;657;717
661;716;624;722
698;713;658;734
695;720;661;735
685;716;652;728
679;708;625;723
682;708;618;724
687;715;628;725
699;724;646;729
710;726;649;734
724;730;653;736
720;727;652;734
719;721;647;736
713;709;645;738
702;701;646;738
685;694;648;733
686;689;644;733
666;675;631;729
657;663;621;729
657;659;618;729
666;675;619;730
709;704;633;732
724;734;664;741
716;729;664;739
714;711;642;733
695;690;643;732
716;680;587;720
735;699;596;726
736;726;624;726
738;743;639;725
738;760;633;718
738;762;597;719
698;737;608;719
684;723;615;721
667;698;621;723
654;680;620;726
639;663;621;727
627;642;611;727
627;640;609;728
629;645;612;728
630;648;616;729
630;648;616;729
630;649;616;729
630;649;616;730
640;659;619;730
639;657;621;732
641;660;624;733
643;663;626;735
647;668;625;734
672;702;642;734
692;759;641;712
704;752;678;740
697;739;666;740
687;720;656;738
683;704;643;740
688;702;640;743
679;681;622;744
695;689;632;747
706;690;630;747
728;693;623;744
732;695;611;747
717;700;628;740
699;696;624;734
700;702;638;735
689;707;657;730
692;712;658;726
696;710;638;725
698;702;616;725
701;738;682;740
658;758;658;721
696;780;701;730
693;775;689;722
683;758;679;716
681;721;650;722
693;720;662;728
688;711;646;724
685;711;646;724
681;709;648;724
681;708;646;724
685;705;638;726
681;700;631;725
684;702;636;727
686;705;641;729
676;698;636;727
671;692;628;727
662;683;618;727
652;671;606;726
634;648;589;726
630;643;591;726
637;691;552;706
668;723;645;727
707;735;678;746
704;718;671;746
685;686;645;733
661;618;534;731
662;642;552;726
644;651;589;724
653;668;621;727
682;684;638;735
683;659;600;732
708;690;650;750
702;690;649;745
680;683;645;736
661;666;620;733
661;668;625;730
639;655;605;727
640;646;584;725
648;645;564;721
656;664;602;725
655;645;573;724
685;699;640;734
694;712;662;737
691;712;663;738
729;774;727;763
684;770;704;736
676;766;698;737
669;736;660;727
670;718;636;725
672;702;619;728
676;691;587;726
697;706;631;735
703;718;651;737
704;721;652;737
707;723;650;735
711;725;652;737
710;718;651;738
704;709;646;738
706;712;644;738
697;705;645;738
690;701;642;736
686;700;639;732
686;702;638;730
696;715;644;731
708;731;649;733
733;761;651;723
728;750;644;734
708;724;640;733
686;697;636;734
707;703;652;743
702;669;620;752
697;692;647;743
702;707;648;742
708;722;638;736
716;739;553;709
724;743;613;728
708;729;616;727
682;709;611;724
667;692;606;724
657;675;599;725
640;652;575;726
637;645;598;728
637;646;602;728
634;645;601;728
676;733;667;732
681;764;631;705
691;760;663;727
685;740;657;728
660;682;620;728
604;584;583;727
623;635;592;726
630;647;607;727
635;651;612;727
721;704;636;736
721;709;626;726
682;681;616;724
663;670;606;726
669;679;614;727
615;655;621;731
632;712;653;747
624;747;676;735
635;744;675;732
635;740;676;727
643;727;666;726
672;722;655;737
680;690;623;737
685;703;636;743
682;706;641;741
669;689;637;740
658;674;629;739
657;672;630;741
662;690;637;740
669;714;658;743
699;764;679;745
714;768;704;745
711;754;685;751
694;730;669;747
671;695;639;742
656;668;611;735
657;668;624;739
677;682;640;744
705;695;650;748
712;692;633;752
726;707;661;754
726;701;652;753
715;694;643;749
700;681;635;745
687;673;627;742
676;665;620;739
665;663;622;737
647;650;614;733
637;645;612;733
636;651;623;733
637;650;622;733
638;650;621;733
637;646;612;733
636;636;589;733
635;628;582;733
639;632;580;733
668;661;618;738
682;673;633;738
705;674;630;743
704;676;621;746
699;680;632;743
693;683;640;742
674;675;633;736
658;661;614;733
677;693;657;737
700;717;685;746
696;710;670;743
696;701;649;739
698;699;643;739
699;701;645;740
699;701;645;740
694;695;639;738
690;697;637;736
674;676;600;731
679;688;621;733
678;688;614;732
675;680;602;731
670;674;590;729
660;662;583;729
661;661;590;731
661;666;607;731
672;670;610;732
737;688;570;732
753;707;642;747
730;721;666;741
701;708;666;729
671;680;645;728
641;659;635;726
632;637;606;725
636;713;661;732
614;755;679;733
633;767;697;729
637;759;680;731
643;757;682;724
655;757;682;724
659;731;665;727
661;692;636;734
673;685;651;739
656;677;650;739
642;658;632;734
640;653;630;734
639;649;622;734
642;652;622;734
752;711;618;725
765;735;652;736
760;735;653;735
714;717;640;723
718;729;644;727
722;747;650;741
756;778;650;725
759;779;648;730
750;769;645;731
719;741;640;732
689;708;639;732
663;681;639;731
654;662;628;729
650;662;639;731
648;662;638;732
646;663;638;732
644;662;636;732
684;734;671;731
694;758;678;726
693;733;666;728
668;693;646;729
668;691;652;733
650;668;637;726
650;667;635;726
656;686;657;730
652;676;646;727
650;670;640;727
672;688;642;733
689;708;661;734
694;710;661;737
697;716;665;735
692;711;665;735
676;699;655;735
640;696;653;740
629;738;667;732
654;754;692;741
676;765;689;736
661;744;670;733
660;738;669;724
667;746;672;720
679;741;666;725
687;733;659;732
696;723;655;727
698;730;672;735
692;725;666;732
691;720;659;730
689;715;651;730
688;704;646;734
692;706;650;741
685;699;649;742
657;681;644;740
647;670;644;740
678;725;679;743
683;731;688;748
683;740;685;736
685;738;679;733
716;751;682;732
768;766;663;732
771;768;673;734
768;771;682;741
739;750;677;741
730;748;696;750
700;724;681;743
665;675;644;739
645;651;622;736
646;648;618;735
628;619;567;734
628;634;595;731
631;635;594;732
627;638;603;729
687;688;664;742
712;719;696;754
691;692;669;742
657;650;618;733
626;642;609;726
618;592;553;726
618;594;550;726
738;692;559;722
748;710;606;729
726;702;615;732
671;665;604;728
624;616;571;728
622;614;569;729
657;704;655;739
608;733;661;738
629;752;675;729
632;735;670;727
627;724;665;722
632;684;628;724
651;661;645;731
655;687;667;731
658;688;659;730
655;679;649;728
651;671;634;726
646;663;623;726
652;674;630;727
656;680;638;728
656;682;642;728
644;665;631;727
633;653;628;727
629;645;617;728
627;639;606;728
625;632;603;728
625;633;602;728
640;674;608;726
658;708;637;724
670;746;654;726
674;752;635;720
680;737;645;729
676;710;654;736
662;692;644;733
647;635;579;729
666;681;647;738
666;682;651;740
649;654;618;737
662;668;636;741
634;640;608;727
627;617;569;727
664;653;614;738
680;642;591;741
706;698;667;754
708;699;670;752
650;660;628;730
648;657;625;729
626;641;606;726
630;647;612;727
629;642;604;727
626;631;593;727
625;628;584;727
626;630;584;727
628;633;589;728
630;637;594;728
630;638;595;728
682;702;593;721
702;720;644;734
713;732;631;727
718;734;616;724
765;758;639;737
767;758;645;728
756;735;628;728
718;701;610;724
680;677;610;726
665;663;606;728
674;673;614;730
638;649;614;729
628;635;602;730
525;729;632;709
665;760;706;739
651;760;693;735
640;742;678;730
639;736;677;725
641;712;664;726
643;688;653;737
628;643;621;734
636;665;635;731
639;665;633;730
636;652;625;729
635;647;619;729
634;645;616;730
636;649;621;731
640;656;626;731
651;690;643;730
661;713;657;727
694;758;683;725
688;750;659;721
667;712;641;722
647;677;633;727
635;660;631;724
637;658;632;728
637;662;634;728
637;661;633;728
651;666;632;728
740;705;633;737
749;725;661;734
711;708;653;730
691;685;622;732
701;694;641;737
708;705;665;742
694;668;615;738
666;653;605;732
654;646;600;731
650;657;617;730
656;674;642;732
643;655;617;729
632;642;601;727
687;671;606;728
685;682;626;728
743;716;632;729
735;725;655;728
714;717;653;727
684;690;639;727
666;681;632;727
632;639;610;727
637;651;620;728
652;673;631;727
673;704;645;726
707;737;651;716
700;730;633;721
687;718;642;726
668;690;626;727
663;682;613;728
629;645;602;728
603;650;617;726
550;714;656;727
622;746;677;730
635;723;662;734
632;683;633;730
629;678;630;725
638;686;646;728
640;657;632;729
634;646;606;728
630;640;596;726
632;641;590;726
635;647;595;727
650;663;608;728
669;683;620;729
680;694;634;730
678;696;635;731
671;687;628;731
669;680;623;731
656;663;620;731
648;658;624;732
653;665;630;732
656;669;636;735
656;669;634;735
654;665;630;734
653;665;629;733
703;699;635;734
706;703;640;733
734;722;646;723
755;737;642;731
755;742;644;730
748;738;643;729
738;734;643;728
736;739;642;727
745;759;647;725
750;770;661;720
753;776;646;725
749;773;642;725
740;760;641;725
705;724;631;723
678;695;627;722
669;684;630;722
659;669;629;727
654;665;631;727
654;665;631;728
653;665;631;728
654;667;630;729
655;667;631;729
654;667;631;730
651;661;629;729
651;663;626;729
652;664;622;729
654;665;619;730
658;673;624;731
663;675;624;730
669;684;625;731
671;691;627;731
690;698;634;736
695;707;644;738
682;680;605;730
699;685;603;736
702;699;637;738
718;708;649;740
728;708;651;740
728;711;655;738
738;694;615;739
717;702;636;731
706;701;637;729
689;698;636;727
664;683;628;725
648;669;615;727
644;659;598;726
642;660;601;726
647;669;609;727
650;668;608;727
653;672;605;727
656;676;608;727
661;677;609;727
659;678;609;727
658;675;610;728
659;677;612;728
662;678;612;729
665;682;616;729
669;684;619;730
670;687;618;730
669;684;614;730
616;740;650;734
688;733;615;734
692;763;671;739
690;751;668;736
690;742;663;730
684;727;651;731
693;729;657;737
699;713;662;745
693;704;651;742
680;691;633;738
674;686;626;735
669;677;617;734
653;662;606;733
651;659;605;733
651;653;604;733
646;646;604;734
640;644;603;733
640;645;604;733
639;645;604;733
640;646;605;732
653;653;608;732
662;668;609;731
656;670;605;729
637;656;603;730
628;642;595;731
630;642;599;730
632;643;601;730
632;646;603;730
666;685;611;729
671;690;613;730
697;718;614;728
756;754;599;721
769;763;638;732
765;757;653;731
758;750;647;728
764;751;643;728
758;737;641;729
722;708;640;728
674;683;630;726
651;669;628;727
642;657;617;726
642;658;619;726
642;659;620;726
683;677;626;731
684;684;632;732
694;680;620;724
697;689;625;729
679;685;637;727
672;683;638;727
669;678;633;727
661;718;677;738
647;710;666;736
647;734;667;725
633;742;671;728
639;738;669;726
644;723;663;726
652;711;660;734
662;704;660;741
632;655;603;730
645;666;610;729
656;681;627;726
655;680;622;724
657;678;615;723
660;680;615;724
661;677;621;726
680;690;643;737
680;680;637;742
702;684;664;748
691;683;651;745
684;690;661;741
685;702;664;736
701;725;667;729
710;719;646;734
709;729;624;723
695;715;626;722
679;700;624;721
670;694;630;723
670;699;631;723
645;665;629;726
641;659;627;726
665;693;655;728
680;708;661;727
707;743;677;717
751;753;670;728
753;758;678;725
751;758;676;719
748;742;661;723
730;733;661;725
716;726;662;725
671;689;646;724
641;656;621;728
642;690;646;730
640;714;645;735
643;731;669;736
651;728;671;732
659;735;677;736
663;722;671;740
671;712;654;740
671;695;659;742
669;687;646;738
652;671;627;732
651;667;618;731
649;655;607;732
664;658;612;740
683;669;624;747
703;668;619;755
695;703;671;747
683;693;664;746
667;675;641;736
699;683;629;734
697;677;600;727
740;707;619;735
738;720;637;730
717;709;629;728
693;684;600;724
660;657;576;726
625;615;558;726
624;620;568;727
648;646;598;735
665;659;618;741
680;667;618;744
702;709;677;747
707;703;660;747
704;700;639;743
675;691;629;732
663;692;629;727
668;701;636;728
659;681;583;727
661;686;597;725
663;690;608;727
663;689;612;728
662;687;609;727
663;687;605;727
665;687;604;727
670;692;608;728
670;694;609;729
670;694;610;729
672;694;611;730
677;698;617;734
692;707;630;741
686;697;619;736
715;711;651;756
720;718;665;757
704;712;664;751
677;697;653;743
660;677;632;736
657;681;640;734
653;670;617;731
657;676;624;732
671;688;642;737
662;672;610;733
681;692;643;742
692;703;663;743
701;705;659;740
705;702;638;735
722;720;658;731
723;693;583;728
698;679;564;724
682;680;582;727
671;682;608;728
673;687;615;728
670;720;661;737
632;751;677;729
648;756;675;729
643;747;672;728
644;737;669;727
643;711;656;728
638;689;643;731
622;642;611;726
639;663;640;728
645;669;646;728
647;672;644;728
647;669;641;727
643;668;639;727
639;663;636;728
683;699;658;738
716;742;698;740
732;728;665;741
723;712;636;734
725;705;623;733
715;697;616;732
739;711;626;735
727;704;619;728
715;703;616;727
697;690;611;727
681;680;609;727
661;668;604;728
651;669;640;735
681;701;668;745
694;719;689;747
691;713;678;745
678;698;664;740
657;671;632;734
637;640;595;732
618;664;582;726
639;666;614;729
645;668;622;732
642;665;622;733
644;665;620;731
644;658;601;730
644;659;601;730
645;661;606;729
647;666;606;729
648;667;606;729
650;669;606;729
654;675;618;730
699;714;668;745
705;733;697;749
722;719;672;756
711;705;653;751
685;698;652;741
672;701;661;732
670;708;672;729
660;691;651;725
652;680;633;722
648;674;626;723
652;676;630;724
622;720;651;726
682;777;717;719
673;773;693;728
677;761;678;721
675;751;673;719
671;721;657;723
678;699;655;721
681;700;664;722
672;698;662;723
678;701;660;724
672;695;655;725
670;699;663;724
668;697;668;723
662;689;667;724
661;689;669;725
658;686;666;724
655;684;662;723
670;703;662;720
679;717;666;721
676;718;668;721
703;744;658;716
724;762;663;719
749;775;676;724
775;779;667;724
772;776;677;720
759;767;676;721
709;730;665;721
679;703;650;719
662;694;651;719
689;723;656;720
673;701;643;721
674;701;616;721
678;704;615;723
685;710;614;721
679;702;598;722
671;687;595;722
663;677;595;723
663;678;596;724
631;639;594;726
656;704;663;737
606;725;660;732
627;746;680;730
633;739;675;730
635;735;676;728
631;711;667;727
626;695;657;729
656;698;677;737
648;679;664;729
655;675;653;726
671;681;640;728
701;688;640;733
745;708;665;749
737;721;667;739
730;713;645;736
721;701;626;739
713;695;623;738
704;672;564;738
687;669;596;736
671;672;623;735
669;678;641;737
698;726;686;744
690;717;675;738
660;686;619;727
656;688;624;727
667;713;654;729
705;731;678;737
723;731;671;737
762;748;643;727
749;736;656;726
742;723;623;727
712;702;613;725
693;695;610;725
673;681;616;727
677;690;623;727
639;658;619;729
640;658;584;727
700;777;704;704
677;764;683;739
650;755;674;729
658;737;666;727
659;719;654;729
674;693;664;739
664;691;643;732
667;690;634;730
671;699;640;729
678;711;649;729
679;715;655;728
678;711;654;728
677;709;647;727
677;709;648;727
680;711;650;727
680;709;644;727
678;703;637;728
672;692;621;729
714;727;665;744
711;733;667;741
711;731;659;741
708;729;656;739
724;737;665;743
720;713;621;743
729;726;659;749
716;724;663;744
706;721;659;739
693;716;655;735
689;710;648;734
721;725;663;747
712;717;640;743
702;707;625;732
700;703;617;734
694;703;628;733
680;697;631;732
663;682;616;730
648;652;585;727
633;628;577;727
630;622;576;728
628;629;585;728
629;633;592;728
664;679;607;728
676;693;609;729
728;746;603;724
720;743;640;729
712;731;623;728
726;718;600;728
754;721;558;722
747;730;619;725
706;708;637;727
692;696;644;728
675;685;643;728
673;679;632;728
640;659;625;727
639;652;621;728
636;649;618;728
629;642;605;728
602;699;643;734
640;759;703;728
655;759;697;741
638;745;679;735
635;733;671;730
632;704;654;724
671;706;646;734
652;667;623;731
666;695;647;732
675;701;644;731
677;696;629;730
677;692;623;730
683;692;623;730
682;694;625;730
688;702;644;732
686;701;641;731
684;700;637;730
683;693;626;730
666;680;617;731
669;682;620;732
660;672;623;736
648;663;628;739
649;664;634;740
649;668;639;740
647;672;639;737
665;731;673;734
692;759;693;725
692;753;684;732
710;756;678;728
718;752;679;731
754;754;652;724
756;753;664;732
727;731;657;729
698;702;655;733
674;690;654;733
652;668;640;731
654;674;645;732
654;672;644;733
654;673;644;734
656;676;649;734
656;676;649;735
663;684;641;734
691;701;642;738
680;702;652;735
694;708;626;728
710;725;648;736
734;742;669;749
752;756;682;758
739;727;657;754
725;731;666;746
701;709;653;737
691;702;638;730
690;708;645;728
665;685;626;726
676;713;655;727
665;690;633;726
654;701;602;723
677;719;648;736
701;726;649;736
684;703;641;735
711;737;649;725
686;714;644;726
662;680;627;727
630;632;578;723
624;618;574;725
628;624;582;727
630;637;600;729
631;639;605;730
631;640;606;730
631;638;603;731
632;641;608;731
635;646;615;732
636;646;614;732
638;647;615;734
645;652;618;736
647;652;618;736
645;653;618;734
648;655;619;734
649;658;620;733
650;660;621;732
651;661;622;731
650;661;621;730
650;660;620;730
637;644;602;727
