702
702
702
701
701
701
702
702
702
702
702
701
701
702
702
702
702
701
702
701
702
701
701
702
702
702
702
702
702
702
702
702
702
702
702
699
702
698
699
702
700
700
699
701
701
698
700
700
691
700
698
701
699
701
701
700
701
701
701
701
700
701
700
701
701
701
701
699
700
700
700
701
701
701
701
701
701
700
700
701
701
701
701
701
705
705
711
719
730
733
733
730
735
731
729
736
739
741
736
729
724
721
723
729
741
731
717
742
733
740
748
737
729
719
736
738
763
758
764
759
734
729
719
702
703
707
692
691
702
702
702
682
726
752
756
737
717
741
750
745
727
706
716
735
750
746
733
720
732
731
746
754
758
752
734
716
706
728
761
765
759
743
719
711
687
700
697
690
700
679
694
702
702
701
697
693
717
737
735
715
699
710
748
743
709
699
696
695
697
698
696
702
709
706
701
705
706
713
717
730
751
742
729
706
698
706
752
757
741
709
696
694
692
689
700
701
694
696
698
700
713
722
720
716
709
710
744
747
749
715
695
718
739
747
721
709
702
696
696
686
701
703
696
696
695
705
705
713
712
710
703
698
726
749
731
700
698
709
709
695
692
694
702
699
693
698
699
705
695
694
756
752
725
706
746
749
746
753
766
763
757
752
720
728
698
680
697
699
700
697
694
695
740
742
726
703
696
696
697
696
695
709
737
742
738
728
707
700
694
713
707
734
735
721
708
705
732
738
735
717
696
698
699
699
699
699
698
699
699
732
763
755
725
697
701
698
699
699
699
699
699
700
753
757
725
703
695
698
697
713
716
713
708
702
695
696
703
696
680
697
695
719
707
707
711
708
705
695
757
753
717
704
698
697
696
699
702
737
733
696
694
696
700
749
725
694
695
692
698
709
697
697
699
702
701
706
716
698
697
716
744
726
706
695
721
711
709
685
696
702
711
733
725
710
681
685
690
696
697
715
714
695
696
701
699
698
698
700
701
758
752
744
707
696
695
710
735
750
752
767
766
767
762
743
726
709
752
761
755
732
712
703
722
751
755
733
718
703
704
705
707
706
719
726
714
719
725
720
708
704
703
733
761
761
737
718
700
767
761
737
710
682
690
690
691
694
698
699
702
701
686
700
699
697
697
694
691
713
749
747
742
723
707
704
734
756
758
738
715
710
703
702
703
731
747
754
749
730
709
713
703
700
698
709
708
700
702
703
708
717
742
730
697
689
696
697
695
694
694
694
695
694
695
694
694
763
761
720
716
737
729
709
687
690
695
753
761
741
708
694
694
765
753
732
695
682
691
687
690
691
692
692
683
692
692
692
690
694
696
697
695
693
694
691
692
726
752
753
725
700
686
689
693
727
729
729
712
695
736
746
733
717
703
695
689
712
732
743
767
772
770
757
753
738
715
696
696
696
721
712
700
697
706
723
748
745
724
700
701
704
765
770
749
710
696
718
740
738
729
708
733
766
762
756
748
744
723
715
706
686
741
755
744
727
726
755
750
736
710
696
700
699
784
789
782
766
775
788
784
769
737
712
713
730
737
726
723
736
735
706
697
683
689
695
700
699
696
693
695
781
783
771
736
756
759
733
703
705
718
712
725
730
730
737
735
748
776
774
772
770
762
738
721
723
729
713
695
695
721
744
741
757
767
756
750
724
703
697
696
713
701
706
700
700
694
694
695
738
748
735
721
678
698
693
695
698
690
719
753
759
755
749
735
694
688
699
698
697
765
773
781
788
782
773
752
724
706
681
696
694
695
698
695
698
720
737
758
758
754
732
755
759
737
707
690
696
722
752
755
746
752
713
729
728
708
712
714
692
692
694
696
698
698
698
716
723
721
709
700
696
699
698
734
758
761
785
784
783
768
739
738
766
771
760
711
702
698
693
699
680
686
692
695
695
695
720
720
719
717
725
741
739
741
730
734
728
720
701
692
692
692
693
695
680
692
693
692
693
706
722
699
711
708
705
699
705
709
696
695
696
670
705
738
735
738
726
700
690
694
718
718
707
693
692
713
709
706
717
708
700
691
695
690
718
730
735
726
722
737
724
707
717
719
746
734
693
681
686
692
712
712
703
690
682
688
691
702
713
719
715
704
699
707
696
693
712
715
714
720
743
741
729
693
693
698
696
696
694
694
693
690
680
678
681
686
695
687
688
688
691
696
706
709
713
728
698
730
756
751
747
757
747
733
720
704
695
687
686
691
692
689
688
689
684
671
689
688
690
680
685
693
696
702
697
686
698
729
731
713
694
693
716
706
719
698
693
694
716
724
713
689
690
701
708
710
703
705
700
709
732
729
738
742
735
717
703
695
708
692
691
693
695
698
694
718
716
700
691
707
698
693
692
696
704
709
698
690
695
696
697
703
709
712
702
694
695
697
698
708
721
705
706
702
713
710
704
692
697
713
709
714
736
741
713
703
696
700
689
692
696
703
702
704
702
700
700
628
698
698
698
697
696
699
699
699
698
698
697
697
698
698
698
698
697
698
697
698
698
706
703
700
697
691
699
731
719
700
689
694
711
723
721
705
702
699
699
697
694
688
700
700
690
682
686
691
710
702
697
701
697
698
699
714
692
696
697
695
699
699
697
698
706
711
709
727
730
715
696
692
704
685
687
688
703
707
700
701
699
701
700
699
713
706
696
705
701
705
705
722
732
731
706
700
695
680
693
697
708
692
691
699
700
697
696
696
692
693
692
692
691
690
707
712
703
691
693
719
723
710
693
690
694
693
690
690
704
719
720
714
705
733
717
682
686
698
722
718
701
692
678
701
734
718
720
716
729
721
716
702
694
694
695
695
696
697
710
722
726
722
709
696
698
695
695
693
694
694
707
705
709
713
717
713
709
713
739
734
709
694
695
703
699
697
696
696
696
697
696
693
712
720
710
688
692
695
690
693
708
717
709
695
715
706
717
713
708
704
700
697
694
692
691
688
740
748
747
771
746
738
705
693
696
697
687
694
692
693
724
741
737
728
719
719
736
723
728
721
731
740
743
727
699
700
701
698
698
696
697
698
697
697
697
697
698
698
698
697
697
727
732
713
695
697
694
696
697
698
695
696
687
695
693
680
694
695
698
701
716
706
703
699
694
696
696
697
732
733
730
739
736
738
724
717
697
694
708
725
727
718
694
693
694
684
694
678
695
695
679
688
692
696
698
695
690
699
700
724
738
721
691
692
695
700
705
700
706
695
706
728
738
731
718
691
693
703
712
708
700
695
695
695
691
746
743
742
734
735
742
748
749
734
702
695
692
698
697
697
698
697
698
698
699
699
698
699
698
698
699
698
698
699
699
700
699
699
698
683
681
693
693
699
692
720
724
707
698
709
728
723
714
706
697
708
721
710
698
692
697
698
713
735
731
720
742
716
701
696
710
718
704
699
709
733
738
741
744
751
737
709
693
683
689
696
699
697
699
694
694
715
708
687
697
714
717
715
729
740
724
712
703
701
702
700
710
734
733
732
725
708
727
724
730
720
696
699
715
711
722
727
721
728
727
716
713
732
682
688
694
696
700
701
698
707
702
694
695
694
690
699
701
704
721
721
713
697
740
737
741
739
732
750
759
759
744
736
718
700
704
700
701
701
701
701
713
722
737
726
701
697
696
695
695
695
695
741
745
744
727
707
693
689
690
694
694
693
726
712
702
688
689
694
703
710
727
723
720
736
756
751
742
731
706
680
692
694
678
691
642
692
705
714
713
715
725
723
681
693
698
706
702
701
716
729
727
710
704
705
734
730
707
687
669
715
713
701
713
701
695
693
692
692
694
683
694
695
698
719
735
732
702
696
689
710
734
723
701
742
748
737
703
697
708
722
716
703
692
695
703
708
701
702
695
699
722
723
708
700
702
701
726
744
735
720
683
694
714
711
695
700
679
706
698
698
722
704
712
716
720
739
752
747
730
707
704
703
696
694
686
739
742
704
717
722
729
723
710
691
696
695
693
724
734
727
719
727
738
746
748
741
729
729
704
704
726
738
728
702
692
709
697
699
696
715
715
703
693
676
683
689
690
694
685
694
697
700
699
698
729
747
734
702
718
712
734
742
738
733
752
755
740
721
700
699
691
694
706
694
690
690
697
688
703
705
717
715
707
732
738
714
698
700
691
691
688
710
713
701
698
702
696
704
699
722
724
720
707
734
723
707
701
754
741
706
700
698
698
690
687
687
691
690
738
731
702
692
714
712
693
695
697
751
752
746
723
698
693
688
700
696
698
694
693
696
695
693
694
695
696
695
695
695
696
696
695
711
732
733
727
713
699
700
732
734
715
706
730
727
716
691
687
691
696
699
692
696
697
698
696
697
698
713
759
757
737
751
750
756
757
756
758
759
739
730
708
700
698
694
693
695
696
750
752
741
712
692
692
692
666
688
693
693
700
697
711
707
692
693
716
721
716
692
694
740
748
719
694
693
706
715
711
700
690
690
703
707
712
721
713
704
709
715
688
689
684
706
723
724
698
698
699
711
715
713
740
745
749
747
734
714
721
731
735
737
752
767
765
756
748
718
713
710
674
687
694
696
743
745
739
717
699
682
692
703
696
697
696
696
713
727
728
716
710
702
701
707
711
713
706
701
696
728
744
737
707
704
702
695
698
694
681
687
693
698
690
693
696
697
696
696
697
726
709
711
711
707
703
697
698
698
698
698
729
740
745
762
773
767
753
747
763
757
754
762
762
750
720
701
682
696
692
694
693
690
681
748
754
743
713
701
723
725
705
694
694
694
695
696
697
697
697
696
695
696
696
695
695
695
695
696
742
739
723
694
694
694
672
696
694
694
695
695
695
695
695
695
696
715
744
751
746
752
757
764
762
740
713
699
694
695
762
758
742
707
690
693
693
710
732
744
734
712
695
689
688
692
693
694
694
692
693
702
715
718
722
721
725
730
727
740
751
732
702
699
707
699
712
745
741
726
727
747
748
741
733
722
699
760
763
761
769
779
769
761
723
698
692
707
732
735
724
708
692
696
681
681
686
689
695
693
708
733
730
737
731
737
739
722
738
755
759
733
695
689
693
706
746
741
709
701
693
710
745
753
755
766
769
762
741
715
720
725
720
710
716
703
691
674
686
703
695
696
696
708
720
738
761
757
744
716
693
697
715
732
732
714
696
703
725
723
711
750
754
770
777
773
757
739
722
717
693
695
705
691
692
694
695
728
727
710
692
685
690
692
691
689
690
717
713
739
740
754
763
758
756
745
735
753
742
749
740
725
730
742
754
750
741
737
729
730
737
743
751
736
718
699
691
682
694
702
716
719
720
716
751
740
738
720
740
724
705
691
708
727
726
716
738
744
744
704
708
691
687
686
690
694
684
703
724
728
732
717
735
725
713
751
758
747
720
706
704
698
698
705
741
745
742
749
767
762
746
698
698
712
742
728
706
717
732
727
709
691
688
727
720
706
708
690
703
704
699
693
685
715
723
716
746
749
728
705
700
692
713
731
727
716
703
691
714
717
700
694
698
702
735
742
721
699
717
723
720
743
754
752
717
695
696
688
688
690
692
695
696
695
693
695
699
697
697
697
699
711
709
704
705
705
706
733
753
747
722
713
701
702
699
685
732
740
720
699
694
723
744
741
723
702
707
744
751
735
706
702
678
697
691
695
697
696
693
692
692
693
695
697
696
719
724
707
691
696
695
694
704
731
730
742
740
738
728
733
712
702
694
741
753
747
722
698
696
700
685
713
702
725
734
749
759
762
776
780
768
750
717
705
691
695
697
710
738
732
712
702
736
747
747
721
706
692
678
690
695
705
724
722
718
732
714
742
738
738
755
765
763
740
708
700
697
696
722
756
747
724
686
676
686
691
729
748
750
750
775
778
768
752
734
713
727
712
720
704
698
759
758
760
744
710
698
711
697
695
696
698
716
726
720
704
696
697
696
723
752
752
756
758
765
758
724
745
750
756
744
714
699
713
706
707
739
753
741
717
718
735
729
707
709
709
712
709
726
742
752
760
756
747
724
743
740
728
712
701
706
699
696
696
693
696
697
696
695
696
696
766
758
734
704
699
721
733
739
745
761
764
753
751
722
705
693
693
689
693
692
706
703
699
697
686
702
719
733
741
758
745
755
746
741
719
700
691
694
697
694
691
696
696
732
766
762
739
709
727
733
705
707
696
693
691
695
741
703
690
681
688
701
701
723
724
717
728
715
686
694
702
708
703
693
693
695
696
697
697
696
695
697
697
724
745
721
701
738
735
698
697
692
696
699
699
698
697
697
697
698
698
698
737
724
700
698
742
768
766
725
709
697
698
698
698
701
707
709
710
709
707
707
708
778
770
754
733
709
713
718
722
722
720
720
719
753
761
754
731
706
722
750
750
732
705
700
736
757
742
710
688
690
685
687
692
696
729
732
724
736
748
735
697
731
761
756
741
715
725
747
742
737
732
721
721
710
706
723
744
738
718
699
696
719
744
746
739
732
734
739
718
719
699
700
690
692
693
699
707
722
759
760
755
750
743
765
769
753
731
713
713
710
730
727
751
757
742
723
721
734
722
714
695
714
727
736
724
697
699
686
695
698
700
700
699
718
743
749
751
753
750
743
739
756
767
761
753
764
745
765
766
768
764
754
763
770
747
714
720
715
706
712
714
705
693
693
697
698
698
696
692
702
704
720
752
743
739
734
717
698
694
719
727
705
708
707
704
719
733
736
726
711
683
686
692
719
720
724
719
707
693
691
737
736
704
695
693
695
730
755
746
710
694
692
694
692
702
707
706
691
708
705
694
719
743
746
733
718
733
740
745
741
725
704
701
700
703
717
721
721
748
772
771
750
730
707
716
700
704
684
689
694
696
698
699
696
695
695
695
697
697
695
708
751
743
727
708
720
736
755
747
744
765
767
755
765
758
758
748
746
751
740
730
741
747
763
767
744
753
737
721
702
697
692
685
695
699
700
706
695
697
759
768
751
710
702
695
694
694
708
739
726
731
737
725
713
700
694
696
719
761
765
754
754
766
766
743
722
701
687
691
715
735
756
755
745
722
694
714
749
741
710
727
746
746
739
750
754
756
758
759
780
778
775
744
719
709
699
680
690
698
702
713
717
742
742
745
742
756
768
776
767
766
752
728
714
703
702
701
727
728
728
721
713
734
735
753
748
736
719
707
699
699
702
709
739
739
722
704
695
693
734
740
762
770
769
766
772
774
757
751
743
720
723
732
691
690
688
687
692
717
744
749
751
757
758
757
749
746
740
742
736
747
744
723
712
717
727
706
687
687
691
710
737
737
722
706
701
755
743
712
704
704
757
750
714
709
694
691
690
691
693
693
693
693
708
744
728
717
695
691
718
748
732
710
776
760
733
695
693
695
746
729
719
710
693
689
696
710
714
703
704
726
744
736
711
692
699
694
674
687
692
695
692
690
690
692
694
696
734
749
744
712
695
698
694
695
697
697
709
715
720
715
769
768
764
728
704
688
687
698
702
709
715
711
745
730
696
684
686
693
691
740
760
758
754
755
753
745
735
739
737
719
711
709
725
717
703
726
738
745
747
738
734
698
695
706
699
685
687
669
728
740
688
687
689
689
689
686
725
722
711
698
688
702
726
732
718
697
687
690
688
689
713
722
722
717
698
716
728
719
686
689
695
689
688
689
700
708
696
689
690
693
692
713
720
724
727
740
733
719
696
697
690
684
696
711
720
743
746
747
740
708
696
693
694
695
693
693
693
687
682
683
698
688
687
691
693
693
696
715
698
695
690
694
694
692
693
693
707
734
739
756
758
759
760
768
752
741
745
714
709
697
694
710
754
756
731
703
693
688
687
691
692
699
700
706
693
695
694
693
694
694
695
695
695
694
694
694
694
695
711
740
756
758
753
764
761
753
750
739
708
697
691
691
693
699
697
702
715
729
737
727
741
738
699
687
705
678
685
688
707
715
707
700
693
692
746
760
760
749
742
727
694
694
695
695
695
695
696
696
697
697
697
697
706
708
710
710
712
713
740
750
743
735
727
710
702
722
756
754
730
697
694
696
698
699
690
687
692
696
697
701
699
695
695
696
698
698
699
721
755
765
756
738
742
741
712
707
697
694
693
693
694
696
696
695
695
694
695
696
696
746
764
750
715
707
694
696
696
695
695
695
694
716
726
726
720
746
745
744
740
744
736
743
741
765
770
761
731
697
701
721
697
690
695
697
697
742
721
692
696
692
696
700
702
747
753
730
702
699
744
755
706
694
694
697
697
697
697
697
697
697
697
697
728
770
751
715
680
725
738
727
705
705
698
698
698
735
752
760
765
722
694
695
694
697
696
733
728
707
695
674
696
695
694
692
691
695
698
709
746
754
760
763
759
757
762
761
726
702
698
749
756
739
707
698
718
753
761
748
712
688
713
700
696
699
694
709
746
743
723
702
696
745
765
764
751
730
714
775
765
751
722
698
703
695
695
695
709
714
728
724
737
756
749
745
721
700
696
696
723
735
731
755
762
761
728
710
700
693
701
693
697
697
700
702
693
695
696
698
698
717
729
729
724
715
707
688
740
752
733
708
720
747
750
758
764
749
736
715
703
698
699
695
704
718
727
716
706
763
765
753
714
695
698
693
689
692
701
711
728
703
695
696
723
754
757
742
735
736
714
709
711
700
699
698
698
709
741
735
724
712
715
687
691
694
692
692
693
695
705
714
722
725
757
768
771
768
760
760
768
769
760
744
720
695
693
692
696
698
690
719
748
752
726
727
738
738
746
754
742
722
717
721
745
746
722
716
698
687
