771
769
761
766
781
779
791
803
814
819
807
794
771
764
755
757
753
751
759
767
791
779
766
771
786
807
814
803
785
787
767
772
777
798
825
826
822
819
825
837
831
822
801
787
775
771
751
746
744
738
761
793
799
801
802
806
806
805
803
802
793
797
786
795
795
799
795
797
799
803
790
780
769
769
773
777
776
768
765
766
769
769
775
779
778
778
779
782
789
787
785
786
787
788
785
803
810
809
803
799
790
785
785
778
777
778
780
778
777
777
778
779
781
782
782
783
781
782
783
783
782
782
800
814
822
829
832
830
835
837
832
831
828
823
809
803
796
782
790
795
790
778
778
778
784
802
813
810
801
797
810
814
797
777
750
740
744
773
783
794
784
767
760
753
755
750
760
767
777
776
768
774
764
756
757
760
762
764
763
762
761
766
810
789
770
761
755
758
787
806
802
790
776
767
760
760
762
762
762
760
784
800
794
776
771
755
758
758
786
801
807
786
768
770
759
749
749
753
811
808
791
767
795
815
817
817
817
816
813
796
793
794
768
769
767
762
788
819
824
821
820
821
820
819
791
798
796
790
786
784
786
800
826
821
809
806
811
805
791
798
783
773
768
769
768
805
813
807
807
813
821
820
804
794
792
807
811
784
780
764
768
778
787
795
802
799
795
788
770
785
819
826
822
834
841
837
830
828
822
816
818
835
828
836
835
834
834
839
832
820
828
833
830
827
824
817
783
774
760
767
791
814
820
819
815
816
826
825
821
812
788
781
774
765
759
758
778
778
806
811
810
798
777
777
752
752
751
751
752
753
752
753
752
750
749
749
751
759
816
812
803
789
770
766
768
756
753
752
754
758
759
757
757
756
755
756
756
753
753
754
755
754
768
766
759
756
640
755
781
782
810
813
810
812
819
798
781
762
744
760
774
792
792
789
788
784
781
780
781
788
780
779
779
779
777
779
778
780
780
782
782
776
772
767
780
763
761
758
762
767
775
805
807
800
800
808
822
819
815
809
805
797
791
820
823
819
806
802
798
784
782
762
803
816
820
819
824
793
824
837
838
833
827
828
826
821
803
796
796
780
785
807
815
808
800
796
794
787
793
794
790
786
785
778
794
799
796
795
792
787
777
763
759
755
748
749
752
753
758
764
768
774
780
777
780
777
778
778
777
774
763
765
766
762
762
767
796
803
780
769
757
757
774
801
800
790
777
787
785
781
782
781
777
787
805
806
799
789
782
774
765
800
788
778
778
778
772
765
767
756
752
751
822
825
821
817
817
816
805
789
789
773
763
744
745
746
742
743
746
747
747
744
745
747
747
745
746
762
789
792
785
783
777
758
744
750
750
749
768
810
812
809
810
813
818
822
818
820
819
814
816
815
823
823
825
824
831
835
830
827
828
823
823
816
806
800
783
783
777
772
769
771
758
762
761
760
761
763
764
765
766
766
765
754
753
753
753
751
752
753
783
774
769
767
766
771
776
767
757
743
743
743
743
744
745
746
746
743
757
747
753
770
761
759
756
756
757
806
820
817
812
813
824
808
784
769
788
791
794
793
796
793
818
825
818
802
783
779
778
781
790
793
799
805
811
809
801
794
792
787
749
756
763
760
748
754
763
767
767
769
756
754
762
764
765
774
777
778
774
769
762
802
804
796
783
771
759
768
761
760
758
759
760
758
756
754
753
763
766
765
791
790
804
815
821
819
827
826
825
824
823
822
820
810
811
803
789
786
785
791
778
781
781
759
755
779
783
782
791
797
800
801
807
799
803
804
808
804
811
815
812
782
772
764
751
781
811
815
812
814
812
801
787
796
820
820
820
821
823
825
828
836
837
836
834
833
831
825
810
791
794
793
791
790
789
792
779
773
778
779
772
764
771
762
760
759
758
794
781
774
776
772
768
762
759
756
822
823
818
817
818
799
817
814
812
810
806
793
803
806
801
801
792
790
792
807
817
823
822
822
821
828
835
838
841
837
832
825
818
799
797
781
781
781
779
776
776
775
777
781
774
784
794
798
800
795
786
782
770
789
782
786
791
796
795
793
789
790
786
795
793
803
801
801
802
797
802
799
792
795
797
793
786
780
776
802
806
809
813
819
820
823
819
814
818
810
806
806
799
793
790
790
775
767
768
762
764
760
764
787
800
800
789
780
784
784
799
801
810
800
789
789
783
795
802
805
793
781
778
780
789
791
798
789
772
768
753
752
777
792
793
781
766
766
760
752
754
754
764
775
772
797
802
796
785
769
764
762
774
787
794
794
791
786
780
772
767
755
772
775
794
800
804
807
804
798
803
799
805
803
800
800
797
800
807
807
795
800
802
801
797
793
788
788
790
781
774
770
762
760
759
759
763
762
761
765
781
785
799
805
808
815
817
815
813
810
807
806
795
791
787
787
786
780
786
783
792
795
788
782
779
778
776
776
788
777
777
771
765
764
785
790
788
784
784
770
766
767
768
764
753
749
752
749
746
746
744
745
744
747
751
750
747
747
746
748
749
748
748
748
748
749
749
748
761
798
711
796
793
793
792
800
797
790
776
773
769
756
747
750
749
750
749
749
750
751
752
751
759
777
808
811
812
823
828
827
817
804
788
777
806
814
820
820
824
836
836
835
832
832
828
808
804
789
769
761
754
755
755
753
761
772
772
787
790
807
814
816
816
813
823
826
824
816
821
821
822
831
834
837
840
840
841
847
851
848
848
847
845
841
837
830
837
832
824
815
796
784
779
798
815
817
818
819
822
819
810
796
794
792
777
775
767
770
774
773
779
793
806
803
800
801
798
792
785
800
705
815
812
811
818
819
808
796
792
787
785
791
798
818
816
817
816
814
802
818
820
820
814
804
810
771
808
799
802
797
785
777
776
773
774
820
825
824
825
828
824
819
813
805
800
802
819
821
820
797
794
783
766
769
769
784
785
791
791
792
792
787
784
816
819
811
811
815
822
826
814
816
811
792
783
770
777
771
791
792
791
790
790
786
795
800
801
801
802
799
791
805
804
797
795
794
790
780
771
796
809
816
812
815
817
816
810
793
786
779
773
769
771
782
792
791
805
807
807
807
813
814
808
811
812
811
819
815
816
816
813
813
800
804
790
778
779
796
807
805
806
805
803
794
776
782
778
769
768
768
771
796
794
802
803
800
801
801
809
810
816
818
817
826
828
824
821
814
794
774
767
768
766
822
826
813
811
810
804
788
788
779
784
804
825
830
829
836
840
838
843
842
840
838
839
837
838
831
822
816
817
811
819
818
823
812
794
788
779
774
771
774
774
774
791
794
812
803
802
790
785
774
775
775
775
775
776
775
775
776
798
818
823
828
830
832
831
835
839
838
836
834
831
825
822
817
806
810
805
798
777
782
773
772
769
759
759
767
800
811
820
822
818
812
789
792
791
799
794
800
800
797
809
820
825
815
811
800
783
761
760
751
750
792
787
800
808
801
787
774
760
764
764
765
764
762
775
808
808
809
813
817
818
814
808
808
806
803
796
798
799
820
820
817
813
797
784
804
805
816
817
818
816
812
804
791
772
781
780
781
777
775
774
778
782
778
780
779
778
775
770
763
762
763
805
826
828
826
825
841
837
810
785
745
751
758
790
803
797
781
774
760
771
783
795
802
801
796
782
782
782
772
774
789
777
800
805
804
811
820
816
813
812
811
678
790
778
789
802
815
818
817
817
814
806
790
779
775
761
765
766
776
775
775
772
775
774
772
763
767
806
806
803
807
810
815
807
798
802
788
784
786
798
809
815
814
813
815
811
813
811
801
791
781
775
762
763
783
783
809
811
812
820
820
813
815
815
813
813
802
797
792
795
796
782
805
804
827
830
829
830
832
830
836
836
829
836
829
829
817
800
786
764
759
780
778
782
784
783
777
771
758
760
764
750
747
769
769
765
774
774
758
746
747
744
764
768
801
807
806
807
805
805
811
811
812
816
817
819
817
818
816
815
814
814
807
791
778
768
748
761
770
794
798
799
800
800
797
788
775
776
762
760
755
755
757
761
766
765
758
758
760
760
759
759
765
773
779
782
781
776
769
778
796
802
797
786
780
773
778
775
776
777
778
782
785
781
782
784
781
775
769
760
758
754
736
749
756
763
765
763
794
802
799
800
798
789
770
759
755
774
816
817
797
771
748
754
756
750
808
819
818
821
822
815
802
792
790
786
781
772
767
771
769
798
782
798
805
804
801
792
775
794
816
817
812
804
794
781
788
808
801
793
794
794
789
772
766
766
765
801
837
824
816
817
823
816
794
772
758
763
760
756
751
751
773
806
778
774
788
793
801
803
801
803
793
809
810
815
807
791
778
761
749
746
752
786
814
814
813
811
802
794
784
796
807
817
816
817
818
817
817
830
835
831
826
819
816
798
793
775
777
780
781
799
810
815
802
787
779
765
760
755
751
772
786
783
789
777
802
814
809
803
779
768
766
767
766
791
813
826
831
834
829
837
839
835
833
830
822
805
791
783
790
772
820
830
833
838
841
844
838
831
830
832
829
833
839
839
834
838
841
835
828
829
827
825
833
843
840
835
836
827
819
808
802
803
789
770
782
796
801
801
791
796
793
785
784
809
813
814
809
815
810
817
819
818
818
820
794
784
768
780
778
775
776
774
773
768
764
758
753
731
746
750
739
737
735
801
800
800
804
802
803
792
781
787
779
775
781
782
799
799
807
808
806
806
806
811
811
811
804
786
767
731
764
757
760
750
736
724
716
719
728
764
785
772
762
760
757
806
808
796
786
784
794
785
789
781
763
765
766
770
751
764
769
756
750
743
738
770
807
817
809
810
810
811
814
820
811
781
763
756
738
737
740
738
751
756
760
762
769
789
780
758
744
727
733
747
753
789
790
779
667
784
794
799
802
800
793
782
764
735
750
755
758
762
805
822
823
818
807
784
751
762
763
785
797
791
790
784
772
825
819
816
816
821
815
812
809
794
793
767
768
756
764
763
762
766
774
808
799
813
828
824
821
821
823
824
826
816
811
810
807
808
810
807
808
805
798
794
807
822
820
807
795
764
783
784
769
764
759
758
753
738
717
717
736
762
760
755
779
783
769
750
730
732
731
785
791
781
768
755
768
795
787
784
780
779
780
777
741
762
762
783
796
801
796
801
805
806
803
791
773
761
746
741
773
786
797
785
776
773
770
765
773
777
779
773
773
769
754
742
749
748
827
812
805
804
790
766
760
766
762
760
758
775
790
787
785
784
809
821
819
801
792
801
799
800
793
795
796
800
803
797
791
782
774
763
759
737
748
752
805
819
813
804
801
796
783
764
755
761
755
729
757
763
753
752
780
820
818
814
806
799
830
816
810
797
788
777
777
778
787
798
800
798
795
803
793
791
788
779
757
737
775
785
786
768
760
740
732
740
745
749
749
747
745
763
769
759
755
756
756
754
751
746
813
818
806
777
744
761
757
735
736
735
735
736
781
792
777
756
747
730
736
741
792
807
798
774
791
814
817
821
821
819
816
806
780
776
761
768
769
764
758
750
749
739
768
792
789
779
782
804
799
782
768
760
734
733
771
802
808
792
776
762
802
812
808
808
817
833
833
832
830
829
800
793
766
764
766
765
763
759
758
759
759
754
800
803
790
788
789
782
765
752
755
766
764
785
815
821
825
823
814
792
768
747
778
799
794
783
803
804
818
821
818
801
779
768
770
766
765
763
767
771
770
762
773
783
783
779
806
815
812
801
785
771
757
751
755
757
757
757
762
771
777
776
779
780
780
777
774
776
748
709
707
703
701
697
728
738
758
769
771
760
749
737
732
709
716
715
718
719
720
719
719
720
716
714
713
727
745
758
772
777
779
775
783
794
776
770
769
760
770
788
795
796
793
788
781
762
766
756
749
745
744
779
776
784
793
795
802
804
802
796
779
768
753
751
781
794
810
816
816
815
813
818
821
820
813
809
794
778
757
738
740
733
731
743
751
759
765
758
769
783
784
785
788
796
796
797
799
807
807
816
812
797
793
797
799
791
824
830
825
817
813
796
785
774
778
770
772
775
774
778
788
791
790
788
782
772
790
805
818
818
815
812
798
773
769
736
730
731
730
734
735
733
733
732
732
732
733
733
733
737
737
738
770
789
796
795
797
799
800
797
779
795
789
784
770
758
757
766
779
774
774
774
771
757
747
737
751
760
808
820
817
816
814
809
799
775
756
755
761
756
759
765
775
787
790
781
770
787
810
816
815
808
810
818
809
802
783
783
781
780
799
795
804
794
794
788
783
775
763
760
755
755
750
752
777
779
803
806
808
808
816
822
827
822
820
804
799
807
807
806
805
804
801
790
780
784
772
770
766
760
760
756
755
777
812
805
812
816
805
793
793
793
774
752
763
767
770
784
808
813
817
816
812
807
799
783
774
760
783
799
787
786
789
796
804
806
804
799
806
826
820
806
800
807
805
810
816
826
831
832
829
822
817
795
785
766
764
763
763
765
764
771
785
783
785
781
775
758
760
764
825
818
812
808
806
787
800
734
800
789
765
753
778
790
795
795
796
795
786
770
745
750
746
744
734
726
690
667
662
668
669
673
675
684
684
682
682
682
704
742
750
749
737
718
703
685
691
690
686
684
686
687
688
688
687
686
687
687
687
687
681
685
684
686
687
684
688
687
688
689
689
690
689
690
689
690
690
691
690
691
690
690
690
691
691
691
691
690
691
691
691
691
691
692
691
692
692
692
692
692
692
692
693
692
693
692
692
692
692
693
693
693
692
692
693
693
693
693
693
693
693
693
694
693
693
693
694
693
693
693
694
693
693
693
693
693
693
693
693
693
693
692
692
691
690
691
691
692
691
691
691
691
692
691
691
692
691
692
692
692
691
692
691
692
692
692
691
691
692
692
692
692
691
692
692
692
692
692
692
692
692
692
692
692
692
692
692
692
692
692
692
692
692
692
692
692
692
692
692
692
692
692
692
692
692
692
692
692
692
692
692
692
692
692
692
693
693
692
692
692
692
692
692
693
692
693
693
693
693
693
693
693
693
693
693
693
693
693
693
694
693
693
693
693
694
693
693
693
693
693
693
693
693
693
693
693
693
693
693
693
693
693
693
693
693
693
693
693
694
694
694
694
693
694
694
694
694
694
693
693
694
694
694
693
693
694
694
694
694
694
694
694
694
694
694
694
694
694
694
694
694
694
694
694
695
694
703
694
696
691
694
695
694
694
695
695
695
696
696
697
697
699
696
699
697
699
698
698
698
697
698
698
699
698
698
697
697
698
698
698
698
698
698
699
698
699
699
699
698
699
699
699
698
698
699
698
698
699
699
699
698
698
698
699
698
699
699
699
699
699
699
699
699
699
699
699
699
699
699
699
699
699
699
699
699
698
699
699
699
699
698
698
698
698
698
698
698
698
699
698
698
699
699
698
698
699
699
699
699
699
699
700
699
700
700
699
699
699
700
699
699
699
699
699
699
699
699
699
699
699
699
699
699
699
699
699
699
699
699
700
700
700
700
700
700
700
700
701
701
701
701
702
702
702
702
703
702
702
704
703
704
704
704
704
704
704
704
705
705
704
705
704
705
705
705
705
704
704
704
704
705
705
705
705
705
705
705
705
705
705
705
705
705
705
705
705
705
705
705
705
705
705
705
705
705
705
705
705
705
705
706
705
705
705
705
705
705
705
705
705
705
705
705
706
706
705
705
706
705
705
705
706
706
705
705
640
706
706
706
705
705
705
705
705
705
706
705
706
705
705
705
705
705
705
705
705
705
705
705
705
705
705
705
705
705
705
705
705
705
705
705
705
705
705
705
705
705
705
705
705
705
705
705
705
705
705
705
705
704
703
705
705
705
705
705
705
705
704
705
705
704
703
703
704
704
703
703
703
702
702
704
703
702
701
702
702
701
702
702
702
701
702
702
702
702
703
703
702
702
703
703
702
702
702
702
703
702
702
702
702
703
703
703
703
703
703
703
703
703
703
703
702
702
703
702
703
702
703
703
702
703
703
703
703
703
703
703
703
703
703
703
703
703
703
703
703
703
703
703
703
703
703
703
703
703
703
703
703
703
703
703
703
703
703
703
703
703
703
703
703
703
703
703
703
703
703
703
703
703
703
703
703
703
703
703
703
703
703
703
703
703
703
703
703
703
703
703
703
703
704
703
703
703
704
703
703
703
703
703
703
704
703
703
703
704
704
704
703
704
704
638
704
704
704
704
704
704
704
704
704
704
704
704
704
704
704
704
704
704
704
704
704
704
704
704
704
704
704
704
704
704
705
704
704
704
704
704
704
704
704
705
704
704
705
705
704
705
704
704
704
704
704
704
705
704
705
704
705
705
705
705
704
704
705
705
704
704
704
704
705
704
705
704
706
704
704
705
704
704
705
705
704
705
704
705
705
704
704
704
705
705
705
704
704
704
705
705
705
705
707
707
710
710
708
703
701
697
702
708
726
764
741
653
654
666
668
657
642
639
633
592
572
566
557
542
522
560
560
578
548
524
559
572
559
566
579
600
606
614
618
616
625
614
577
559
572
591
606
617
616
615
623
630
629
633
634
630
623
611
622
622
620
627
629
628
627
628
627
629
627
630
630
633
632
631
633
633
633
633
634
634
635
636
637
637
637
638
638
638
639
639
639
638
638
639
638
639
639
638
639
640
639
640
640
641
641
641
642
642
642
642
642
643
642
643
643
643
643
644
644
644
644
644
644
644
644
645
644
644
644
644
644
645
644
644
645
644
645
645
645
645
646
646
645
646
646
646
646
646
646
647
647
647
646
646
647
647
646
647
647
647
647
647
647
647
647
648
647
648
648
648
648
648
648
648
648
648
648
648
648
648
648
648
648
648
648
648
648
648
648
648
648
648
648
648
648
648
648
648
648
648
648
648
648
648
648
648
648
648
648
649
649
648
648
649
649
649
649
648
649
649
648
649
649
649
649
649
649
649
649
649
649
649
648
649
560
649
649
648
649
649
649
649
649
649
649
650
649
649
649
649
650
649
650
649
650
650
650
650
649
650
650
650
650
650
650
650
650
650
651
651
650
651
650
651
651
651
651
651
650
651
651
651
651
651
651
651
651
651
651
651
651
651
652
652
651
651
652
652
651
651
652
651
652
651
652
652
652
652
652
652
652
652
652
652
652
652
652
652
652
652
652
652
652
652
652
652
652
652
652
652
652
652
652
652
652
652
652
652
652
652
652
652
652
652
652
652
651
651
652
652
652
652
652
652
652
652
652
652
651
652
652
652
652
652
652
652
652
652
652
652
652
652
652
652
652
652
652
652
652
652
652
652
652
652
652
652
652
652
652
652
652
652
652
652
652
652
652
652
652
652
652
652
652
652
652
652
652
652
652
652
652
653
652
652
652
652
652
652
652
652
652
652
652
652
652
652
653
652
652
653
652
652
652
652
652
652
652
653
652
653
652
653
652
652
652
652
652
652
652
652
652
568
653
652
652
652
653
653
653
653
653
653
653
653
653
653
653
653
653
653
652
652
653
653
653
652
653
653
653
653
653
653
653
653
653
653
653
653
653
653
653
652
653
653
653
653
653
653
653
653
653
653
653
653
653
653
653
653
653
653
653
653
653
653
653
653
653
653
653
653
653
653
653
653
653
653
653
653
653
653
653
653
653
653
653
653
653
653
653
653
653
653
653
653
653
653
653
653
653
654
653
653
654
654
654
654
654
654
654
654
654
654
654
654
654
655
655
654
655
655
655
655
655
655
655
655
655
655
655
655
655
655
655
655
655
655
655
655
655
655
655
655
655
655
655
655
655
655
655
655
655
655
655
655
656
655
656
656
656
656
656
655
656
656
656
655
656
656
655
656
656
656
656
656
656
655
656
656
656
656
656
656
656
656
656
656
656
656
656
656
656
656
656
656
656
656
656
656
656
656
656
656
656
656
656
656
656
656
656
656
656
656
656
656
656
656
656
572
656
656
656
656
656
656
655
656
656
656
656
656
656
656
656
656
656
656
656
656
656
656
656
656
572
656
656
656
656
656
656
656
656
656
656
656
657
656
657
656
656
657
656
656
656
656
657
656
657
657
657
657
657
657
657
657
657
657
657
657
657
657
657
657
657
657
657
657
657
657
657
657
657
657
657
657
657
657
657
657
657
657
657
657
657
657
657
657
657
657
657
657
657
657
657
657
657
657
657
657
657
657
657
657
657
657
657
657
657
657
657
657
657
657
657
657
657
657
657
657
657
657
657
657
657
657
657
657
657
657
657
657
657
657
657
657
657
657
657
657
657
657
657
657
657
657
657
657
657
658
658
657
657
658
657
657
657
657
657
657
657
657
657
657
657
657
657
657
657
657
657
657
657
657
657
657
657
657
657
657
657
657
657
657
657
658
659
658
658
658
658
659
659
659
659
659
658
659
658
658
659
659
659
658
658
659
659
659
659
659
659
659
659
659
659
659
659
658
659
659
659
659
659
659
659
659
659
659
658
658
659
659
659
659
658
659
659
659
659
658
574
659
659
659
659
659
659
659
659
659
659
659
659
658
659
659
659
659
659
659
659
659
659
659
659
659
659
659
659
657
659
659
659
659
659
659
659
659
659
659
659
659
659
659
659
659
659
659
659
659
659
659
659
659
659
659
659
659
659
659
659
659
659
659
659
659
659
658
659
659
659
659
658
659
659
659
659
658
658
659
659
659
659
659
659
659
659
658
659
659
659
658
658
658
658
658
658
