743
743
743
740
739
743
742
742
742
742
742
742
742
742
742
742
743
743
742
742
741
747
743
743
740
742
742
742
742
741
742
742
742
742
742
742
742
742
743
742
743
742
743
744
744
744
744
744
745
744
745
745
745
745
745
745
745
745
745
745
745
745
745
745
745
745
745
745
745
745
745
745
745
745
745
745
745
745
745
745
745
757
761
755
755
754
753
757
758
758
758
753
750
753
785
664
813
806
799
793
792
789
775
781
786
786
787
798
811
814
807
795
784
784
782
770
767
757
750
747
597
797
798
786
766
795
810
799
789
789
795
801
800
802
804
800
785
776
780
799
799
786
768
743
745
740
740
737
735
734
735
738
740
744
787
800
796
780
768
763
808
816
810
789
762
755
747
747
746
748
764
783
776
763
755
758
766
796
800
785
761
762
748
746
745
764
816
807
794
783
787
801
800
790
771
748
733
733
734
734
735
737
738
739
739
740
741
743
742
743
743
744
744
745
745
750
767
765
766
761
757
750
751
743
768
768
762
760
759
776
779
789
790
781
773
801
793
772
756
774
649
790
787
773
752
747
760
768
761
752
769
764
777
774
783
796
798
780
760
766
779
776
767
746
748
743
791
797
790
792
792
786
794
795
793
784
772
755
750
746
759
743
739
733
735
737
727
737
739
739
739
740
744
744
743
740
749
766
770
767
759
753
748
796
793
782
760
780
793
793
794
792
783
789
800
798
782
758
747
740
737
748
765
780
776
758
748
745
741
731
728
735
740
744
746
772
783
783
776
760
783
800
797
770
757
737
738
739
763
771
758
748
739
742
763
788
794
786
765
730
728
732
736
739
746
772
773
785
790
789
779
767
755
751
744
758
743
746
743
752
765
787
775
755
746
738
707
738
744
743
740
735
734
739
740
742
756
757
762
767
759
749
741
735
736
737
738
739
740
741
743
763
797
801
799
794
799
808
808
803
793
781
758
756
742
743
788
792
780
752
743
741
750
775
768
756
757
760
740
741
741
740
740
756
754
746
746
745
748
743
784
807
793
765
744
740
730
738
742
742
741
784
784
759
754
747
741
740
741
747
748
746
696
727
731
739
740
764
778
779
773
758
765
756
756
753
752
797
801
784
753
746
739
796
796
788
775
768
748
740
734
733
731
737
740
741
739
738
754
771
760
747
741
727
816
787
791
768
751
770
789
787
762
753
749
733
732
774
786
783
770
746
739
743
743
749
771
782
778
776
777
785
777
763
751
747
741
742
741
740
741
741
741
741
741
741
741
741
741
741
741
741
741
741
741
741
741
742
749
780
778
765
752
750
746
747
746
770
800
796
771
757
736
763
753
753
743
753
772
780
778
760
749
759
790
762
747
752
767
764
752
745
759
762
776
771
757
749
743
736
737
739
766
785
786
779
764
753
752
750
755
755
748
746
749
740
738
738
739
741
763
807
798
770
754
743
743
743
760
774
780
772
760
753
748
745
749
766
774
764
756
739
736
737
742
745
741
766
790
788
763
779
790
778
781
789
790
793
794
796
796
808
800
805
804
792
760
752
743
738
740
740
754
779
792
783
783
781
762
750
750
741
738
737
755
772
754
742
739
739
743
743
741
812
805
788
749
733
735
748
734
739
742
745
748
746
744
741
742
743
759
808
803
784
760
760
753
773
767
755
744
743
746
796
801
780
752
744
769
781
781
774
761
754
743
739
740
742
742
725
757
785
794
765
753
746
765
774
751
746
743
756
786
796
779
754
743
735
739
735
765
755
771
756
747
742
743
743
751
761
769
777
785
797
787
776
759
759
768
763
791
785
756
744
755
794
795
783
773
770
757
738
736
736
738
740
743
741
738
738
741
755
772
779
783
784
773
754
744
740
773
797
806
804
799
794
784
768
763
741
743
745
746
744
744
744
744
745
745
745
744
744
745
745
745
745
754
811
827
827
814
793
772
753
755
756
754
775
810
817
812
796
774
771
755
756
758
758
756
756
756
758
759
758
757
757
756
757
758
758
756
756
755
756
756
756
754
753
753
759
764
758
756
773
760
756
755
753
753
751
751
752
755
756
757
754
750
748
778
799
797
766
756
742
742
772
781
749
765
791
797
793
776
758
751
786
783
775
756
762
758
745
745
745
783
796
776
772
800
802
803
813
800
775
754
743
745
745
744
758
781
777
773
764
750
752
749
748
743
754
795
795
772
756
742
751
757
764
759
750
746
744
746
777
798
794
786
769
778
779
788
784
774
779
805
789
806
812
812
801
806
810
810
780
756
736
737
740
742
747
729
735
741
743
738
777
786
785
796
793
776
753
773
777
781
786
785
806
801
785
751
742
740
738
739
739
740
740
740
739
739
739
740
740
739
739
739
739
740
740
740
740
739
739
739
741
741
741
741
742
743
744
744
745
746
747
784
794
792
779
767
756
755
749
753
754
720
754
756
752
750
745
747
745
742
744
772
778
770
758
748
773
794
794
774
756
752
752
751
756
776
783
787
800
802
797
786
818
819
800
767
772
794
826
820
812
792
762
754
719
738
742
741
730
775
791
793
781
759
783
771
759
747
756
768
756
748
739
749
741
738
741
745
746
750
769
786
790
784
774
770
756
755
754
758
792
802
774
753
736
740
784
802
782
757
759
780
792
787
760
745
745
770
800
790
773
741
747
736
736
738
741
740
790
789
748
756
775
763
749
738
758
791
794
783
758
746
773
781
771
747
747
748
733
752
745
743
768
802
796
755
749
740
740
738
746
760
777
775
755
775
780
791
802
829
825
808
773
750
739
744
736
735
734
738
790
800
805
774
749
755
783
786
794
799
790
761
786
801
802
792
798
812
803
781
757
728
734
744
742
727
744
747
759
756
750
775
772
759
750
741
760
791
796
785
753
742
732
741
749
753
752
752
747
743
742
742
742
742
743
742
743
743
802
817
802
773
757
755
760
756
756
753
750
754
758
760
760
759
758
759
760
762
764
765
765
763
762
762
758
761
761
759
754
756
755
749
744
742
744
742
763
795
791
771
748
764
781
788
792
797
803
801
775
756
752
736
738
737
735
752
771
768
757
748
742
736
735
737
740
742
741
806
816
795
752
747
737
745
749
723
740
739
738
738
740
744
740
769
800
792
761
751
812
800
776
749
738
736
737
739
739
743
766
776
767
762
765
758
744
752
779
787
779
756
756
792
805
797
778
787
786
788
784
793
807
807
807
810
812
800
788
750
731
723
736
743
742
736
734
735
740
808
811
802
799
797
792
766
769
762
768
769
767
761
753
782
775
755
744
733
733
748
728
736
740
741
741
739
741
742
739
739
752
771
767
761
766
779
780
781
774
759
753
755
770
771
769
760
754
750
742
741
740
741
742
743
743
743
745
745
745
744
744
745
746
746
746
746
747
748
748
747
747
747
747
748
748
749
749
749
749
750
752
752
752
752
752
752
750
750
746
744
745
745
744
744
744
743
784
779
756
744
745
755
795
793
774
779
792
783
750
745
741
737
737
754
775
802
808
806
799
785
771
756
745
768
797
764
750
754
770
788
802
824
828
823
805
753
734
745
746
746
745
744
745
746
748
749
748
745
745
747
750
750
747
744
742
743
748
751
753
731
772
760
753
751
752
753
744
742
741
739
761
789
785
754
742
797
801
782
761
751
760
781
787
778
775
782
775
764
744
739
742
743
743
743
742
742
743
743
743
765
794
796
781
760
748
741
741
753
776
788
763
758
744
763
775
796
800
800
801
805
805
797
772
750
736
739
698
743
740
738
730
737
741
743
742
741
746
750
751
753
758
759
760
758
754
751
748
742
742
746
767
773
769
755
750
795
798
794
794
796
780
789
796
800
811
807
800
797
781
765
785
789
793
799
794
786
779
751
746
738
732
734
738
744
746
745
744
745
748
751
752
752
753
754
755
755
755
756
756
757
757
756
757
757
756
753
753
752
750
749
749
748
749
751
750
747
764
773
740
736
739
740
740
740
739
739
740
743
746
746
745
745
744
745
751
758
768
778
775
787
788
781
781
775
761
756
806
813
810
810
823
824
815
797
768
750
737
739
740
741
741
741
741
743
744
746
787
794
778
752
740
737
739
790
807
788
749
749
742
742
743
773
765
747
727
738
753
786
789
781
766
748
735
742
744
744
744
823
825
817
786
757
763
754
753
715
757
749
748
750
749
749
752
757
783
789
796
795
792
780
768
749
768
780
776
758
746
770
798
799
783
764
793
794
793
777
765
795
786
782
769
769
767
747
743
745
746
743
741
742
760
804
806
786
753
764
759
771
775
767
754
741
801
811
794
754
776
791
799
794
776
758
748
744
775
771
751
746
748
754
789
789
775
751
731
739
746
748
748
813
823
805
772
746
737
746
749
748
748
750
752
755
756
755
754
754
755
756
756
755
755
754
753
753
754
754
662
732
727
736
738
731
739
742
744
744
742
742
742
744
745
746
748
745
746
747
749
751
751
750
750
750
748
746
747
747
747
747
746
745
742
737
737
736
736
736
736
737
736
736
736
737
737
736
746
743
627
744
742
742
733
732
748
784
790
781
805
802
785
755
756
762
748
742
741
754
749
778
795
796
755
739
740
768
790
793
776
761
821
816
807
782
741
715
728
738
759
777
793
789
779
767
755
776
770
750
742
747
776
778
760
750
733
750
778
762
745
743
744
748
747
748
829
819
812
802
805
802
802
794
784
789
805
785
770
751
742
684
742
740
740
740
744
769
771
775
769
754
790
783
755
630
726
732
735
756
776
769
742
724
731
754
783
783
759
746
739
740
740
740
809
815
794
790
790
781
760
750
678
731
736
736
738
757
793
788
760
750
734
739
773
761
767
778
776
762
750
743
749
741
739
736
763
783
781
761
747
743
791
798
763
744
773
784
778
756
750
741
739
768
785
786
777
753
751
771
794
801
788
772
776
805
807
803
811
807
799
770
738
741
771
771
760
739
743
785
624
753
749
736
740
735
753
754
736
739
742
739
738
733
766
773
757
746
734
732
735
737
782
790
778
755
747
746
770
801
800
771
745
736
736
737
738
738
738
737
737
738
738
738
738
738
738
738
738
739
741
749
751
753
755
758
759
758
756
753
752
752
752
753
753
753
754
756
757
757
757
758
784
768
750
750
751
775
790
783
771
758
748
750
754
755
714
761
756
749
750
745
753
757
756
754
752
789
800
795
800
804
805
798
785
796
806
786
751
743
736
735
749
778
789
790
795
794
813
812
638
780
752
711
721
741
740
763
775
776
775
759
748
743
736
753
755
767
755
744
746
741
790
790
760
744
747
741
739
739
740
741
742
743
747
749
752
753
754
754
756
756
755
753
753
752
753
753
753
753
751
751
751
797
778
758
748
750
759
794
790
774
776
772
758
746
745
750
743
751
784
766
759
758
752
745
741
741
743
745
745
744
744
745
746
747
748
749
750
764
786
793
795
807
821
824
819
791
761
745
745
745
745
744
743
743
742
739
737
735
735
736
768
751
738
738
739
740
740
738
735
733
735
737
741
744
741
740
762
749
742
741
741
740
741
764
784
788
782
770
751
735
741
755
797
799
805
819
820
818
819
802
793
791
790
785
806
808
800
775
753
749
742
738
746
742
740
740
745
741
740
741
740
801
806
797
758
748
783
784
763
748
759
777
792
796
809
818
812
799
783
751
738
779
784
768
752
736
777
788
784
766
755
755
755
740
740
742
742
733
738
741
744
744
744
613
741
741
741
742
741
757
755
760
772
768
757
749
746
799
808
790
764
749
744
736
738
756
762
804
809
809
806
801
821
827
817
804
770
745
736
738
740
739
738
738
739
740
740
742
742
743
744
746
747
747
748
748
750
749
750
751
751
752
752
756
760
762
762
763
765
767
768
769
767
766
765
765
766
765
758
751
749
752
754
753
753
754
755
756
757
758
758
759
760
759
758
756
755
755
755
756
755
755
754
755
755
755
755
755
755
755
754
755
755
755
754
754
754
754
753
753
753
752
753
753
753
753
752
752
752
752
752
753
754
754
756
756
756
757
758
758
758
758
758
758
758
758
758
636
761
762
762
762
761
762
762
762
762
762
761
762
763
763
763
763
763
763
762
761
761
761
762
761
635
761
761
761
762
763
762
762
762
760
760
759
759
760
760
759
759
759
758
758
758
758
758
759
762
763
763
763
762
761
757
754
751
750
749
750
750
751
751
750
750
750
750
751
752
753
753
754
753
752
752
752
751
752
752
752
752
753
753
753
752
751
752
751
751
751
752
752
751
751
751
752
752
752
752
752
753
753
754
755
755
786
786
766
759
752
751
764
775
772
760
754
750
751
752
754
755
753
752
751
752
754
756
756
755
754
754
756
757
758
757
757
757
757
758
758
758
757
758
758
626
757
756
757
758
761
762
760
760
760
761
763
765
765
765
768
770
771
771
770
770
770
771
772
772
640
770
770
769
769
768
768
768
768
768
768
768
769
768
768
769
770
769
766
766
765
765
765
765
768
769
771
773
774
774
776
778
780
781
781
780
780
779
779
779
778
777
777
777
776
775
776
773
762
756
747
743
767
813
817
782
756
742
795
800
781
765
754
762
742
736
740
746
745
748
784
795
791
779
782
786
788
784
779
770
757
756
807
804
782
759
745
750
757
804
823
823
819
815
811
628
802
809
793
761
740
739
736
736
779
778
762
746
745
742
724
737
733
736
746
750
754
749
744
744
746
747
753
773
772
756
749
744
773
796
807
799
784
758
757
746
742
739
737
738
739
740
739
739
739
749
772
793
785
760
756
742
740
818
809
809
811
811
810
808
825
817
805
768
752
755
739
740
737
750
739
744
743
738
735
738
740
739
737
736
736
742
745
746
746
746
748
750
750
751
753
753
752
752
752
759
766
764
751
752
748
747
744
743
800
807
798
800
812
806
775
748
737
741
743
790
794
784
646
751
777
785
776
754
754
799
805
805
813
805
802
784
763
746
769
778
771
750
753
746
741
739
738
734
736
736
741
744
742
738
739
740
743
746
749
750
751
752
752
751
749
748
747
744
795
799
796
778
755
768
768
776
761
769
789
789
785
786
792
789
770
753
747
741
756
797
800
776
753
736
737
738
740
740
740
751
717
724
734
740
750
739
736
736
739
740
741
789
783
771
778
770
776
775
772
788
809
804
779
778
804
800
800
806
814
811
790
773
763
808
797
756
749
784
790
791
772
778
785
769
748
727
742
743
742
772
783
786
783
764
749
734
759
780
780
776
768
758
748
740
737
738
739
741
742
742
743
744
744
745
745
745
746
746
746
745
745
811
805
790
765
754
744
798
633
787
755
756
765
776
790
780
778
786
768
747
740
765
814
806
775
762
760
748
746
744
741
739
736
800
804
777
751
741
747
731
745
746
741
747
796
805
784
759
742
743
745
747
770
784
786
796
817
810
791
766
759
746
749
750
750
748
746
751
790
799
774
751
735
739
739
756
752
741
739
735
742
745
743
782
785
774
763
749
745
744
740
739
740
742
743
743
742
824
823
807
761
753
742
741
754
767
775
774
757
764
798
796
784
757
747
735
747
741
756
763
781
787
791
804
806
810
691
812
820
821
823
818
816
797
792
785
762
797
795
784
760
757
727
736
740
738
757
780
796
799
804
799
807
813
808
782
772
755
741
742
741
782
801
798
779
751
733
737
739
716
735
739
738
739
731
737
741
740
738
738
737
767
786
795
794
783
769
754
739
762
793
799
781
757
748
736
736
704
748
747
744
771
782
791
767
752
743
743
733
756
738
739
740
735
754
769
779
796
804
806
804
793
774
767
756
753
776
802
798
767
757
739
792
813
808
788
770
746
754
747
744
742
745
742
740
602
745
746
746
745
743
808
811
778
749
782
792
794
776
762
795
802
804
807
828
829
811
774
750
744
743
741
737
738
740
742
742
741
740
740
741
741
741
741
746
747
748
748
749
749
749
749
751
752
752
752
752
751
752
752
752
753
753
754
756
757
757
756
757
757
775
792
795
795
809
802
795
792
772
757
765
773
767
772
791
792
781
757
752
742
762
778
775
765
754
754
742
743
731
738
656
743
757
775
788
790
792
788
773
760
753
775
780
759
752
745
740
739
753
776
770
752
754
752
773
784
784
778
751
760
764
759
753
749
756
786
792
782
787
805
806
796
785
773
784
780
792
778
754
737
749
736
743
735
740
743
738
739
741
745
748
801
810
808
809
803
794
791
807
807
790
758
747
779
785
787
786
775
750
742
738
767
780
786
782
775
760
769
793
788
776
751
746
750
771
684
762
752
773
788
794
787
778
765
759
742
804
806
783
777
787
777
760
776
793
800
794
788
796
783
761
752
745
747
740
740
741
782
786
781
753
740
741
741
742
719
748
744
739
737
738
740
743
740
738
739
740
741
742
742
744
748
748
747
748
747
747
747
748
751
754
755
755
755
755
757
759
759
759
759
759
758
759
759
759
758
756
753
751
747
748
745
745
745
809
816
790
777
802
810
642
804
806
790
767
772
776
772
766
755
771
783
769
747
746
736
737
736
738
737
729
733
735
743
737
738
740
742
745
746
746
775
777
786
783
789
781
778
763
749
757
745
747
753
749
750
742
737
738
739
740
740
740
740
740
741
742
741
742
742
742
743
742
741
741
741
786
779
760
751
747
750
776
783
771
756
754
754
765
776
782
768
762
758
757
775
781
782
768
757
752
759
775
784
777
753
752
748
758
769
780
763
749
742
746
745
766
781
780
766
762
760
774
783
828
826
810
788
756
745
604
739
757
798
804
790
748
741
748
748
745
744
747
751
755
755
754
754
754
756
754
747
743
725
725
732
735
722
731
736
737
737
735
734
742
745
761
768
784
793
794
792
773
756
765
781
761
741
741
751
774
782
776
749
751
754
748
744
742
754
769
769
763
759
754
747
742
743
744
745
745
744
744
767
796
789
775
756
746
747
776
787
791
801
810
806
796
759
747
731
735
736
736
735
735
612
736
735
736
736
736
736
735
787
805
794
756
745
732
737
738
737
753
773
756
755
760
753
747
726
748
749
742
739
766
780
789
789
793
795
789
771
756
755
742
753
763
771
757
750
738
737
738
773
793
758
745
705
737
740
739
740
744
733
735
738
741
742
741
740
742
776
780
768
750
742
736
737
778
784
782
780
792
794
786
787
793
775
752
752
744
758
758
774
782
803
815
813
803
774
749
725
747
764
763
741
737
735
737
796
795
762
749
734
735
736
738
773
787
793
798
785
769
764
757
779
794
799
823
827
824
800
778
769
754
739
737
740
738
739
742
743
742
740
742
745
746
746
742
806
805
801
789
767
763
804
787
793
791
774
785
790
792
800
805
804
805
803
811
821
809
793
753
748
736
737
736
736
735
736
737
736
736
736
736
737
738
740
741
744
744
745
747
749
751
752
753
755
635
762
764
767
770
767
762
762
762
762
762
760
758
757
754
754
755
718
751
754
748
755
756
757
759
760
758
758
762
764
764
766
770
768
765
768
773
777
779
779
779
777
773
770
770
780
792
800
807
819
823
831
826
821
822
825
829
816
801
801
783
782
804
794
768
756
748
752
742
735
737
736
740
741
738
737
741
742
743
743
782
787
778
781
778
786
805
794
794
796
786
763
750
751
767
773
764
753
744
729
732
736
741
743
742
742
743
744
745
746
746
746
746
746
747
747
748
748
755
687
774
757
747
749
754
798
793
766
752
747
748
769
785
778
756
756
747
756
776
785
762
754
748
742
640
780
771
750
735
736
739
742
744
756
793
797
785
763
767
800
813
804
806
819
824
826
828
815
805
671
770
759
746
742
736
736
737
739
740
739
739
738
739
739
739
739
740
740
754
751
725
735
742
748
750
750
749
746
746
748
747
749
749
749
763
794
801
798
789
767
753
747
750
751
748
794
786
760
745
746
746
747
748
748
757
776
775
756
752
747
752
762
750
738
735
737
746
757
772
778
778
769
752
753
740
740
737
736
735
737
737
738
737
737
748
781
796
775
754
747
736
733
734
786
680
756
735
729
738
816
834
824
803
772
748
748
744
745
743
741
741
745
798
800
777
748
733
740
743
743
710
746
753
735
737
736
733
738
740
741
770
820
820
799
771
756
742
745
755
773
780
781
788
795
813
810
798
752
747
730
734
734
733
782
781
772
760
733
739
737
737
736
733
738
741
723
810
798
791
805
807
792
764
764
777
772
772
771
767
764
768
779
763
752
740
723
730
735
737
821
794
768
759
753
746
737
719
726
742
741
740
742
741
745
748
749
747
749
751
756
758
755
753
758
761
762
767
770
770
770
770
769
764
756
746
740
740
774
774
753
743
756
775
757
745
740
768
790
786
760
741
755
786
786
787
786
773
760
755
744
740
740
741
739
738
742
742
740
739
739
741
741
741
741
740
740
741
741
741
741
741
762
791
798
793
772
751
766
790
797
792
777
795
797
784
757
737
737
740
746
762
757
750
748
741
742
739
739
806
811
781
750
735
731
720
742
741
746
746
745
743
744
744
776
777
763
748
744
740
744
814
825
814
812
840
841
838
833
814
798
766
750
752
750
749
749
750
751
754
756
757
757
758
759
760
760
760
760
760
760
760
818
835
823
806
795
782
765
752
740
746
749
749
747
744
745
745
818
830
806
759
747
736
741
742
739
749
723
756
736
740
744
743
740
778
807
804
770
738
739
760
777
785
779
763
750
744
747
781
778
763
744
733
734
736
788
802
799
785
769
726
748
732
736
736
737
725
734
737
741
741
741
740
739
739
740
741
768
782
776
756
748
740
741
741
755
803
808
789
763
758
740
741
781
798
794
775
756
746
743
743
744
745
744
745
744
744
744
744
783
815
813
799
784
758
752
739
742
742
743
744
745
744
803
826
818
789
755
739
746
748
747
747
746
747
726
767
753
743
740
738
737
744
746
747
743
743
751
773
775
757
747
748
744
744
741
739
740
756
777
783
767
759
748
746
743
805
817
810
793
799
804
810
814
827
822
814
779
752
735
727
713
732
736
742
742
747
745
746
768
773
757
748
739
739
741
741
803
817
806
781
758
751
828
823
804
763
758
804
814
798
765
750
745
745
741
762
772
747
736
743
746
746
727
730
726
733
738
742
744
746
745
743
742
743
745
745
745
744
744
745
748
750
754
756
758
760
760
760
763
763
767
771
772
772
773
775
776
775
772
770
771
770
769
788
810
818
815
805
789
785
761
759
758
756
754
754
755
758
768
790
794
789
773
762
759
748
748
768
787
762
750
746
807
819
800
760
741
735
741
744
745
743
741
742
742
743
743
743
743
743
743
745
748
748
748
748
803
785
757
752
749
776
801
802
785
764
758
757
754
753
754
843
834
823
784
765
791
794
768
755
740
742
741
740
740
741
742
742
743
750
747
748
748
747
749
749
750
749
751
754
753
751
750
751
751
751
751
751
745
705
727
716
725
726
753
763
771
781
778
773
774
798
799
795
788
778
814
819
800
767
749
750
745
742
739
741
780
796
789
781
776
789
792
782
786
788
802
811
812
798
771
744
738
724
737
740
734
738
739
762
784
794
792
784
784
797
795
772
744
735
764
777
766
763
767
761
754
749
734
737
741
742
742
740
739
740
741
741
742
741
741
807
802
779
755
751
739
740
740
743
745
800
807
802
788
761
767
788
801
800
788
761
758
751
751
751
749
749
748
748
763
794
801
791
791
802
801
791
777
758
754
753
742
747
742
741
747
743
739
737
738
740
741
741
740
740
740
741
740
741
740
741
740
740
741
741
801
805
784
746
767
790
786
779
776
778
772
748
734
735
738
741
741
740
740
739
740
741
741
741
740
740
740
741
741
741
740
786
806
808
771
754
739
749
755
756
752
767
743
736
739
742
746
745
753
754
750
743
743
744
743
742
742
743
777
803
812
800
762
757
739
745
743
742
741
741
742
743
743
742
742
743
743
744
743
743
743
794
800
777
786
798
799
815
832
828
824
805
783
751
756
787
794
788
775
755
757
743
709
742
757
744
746
736
748
752
753
752
752
752
754
757
758
775
801
797
777
802
802
774
757
762
757
777
781
774
803
794
757
747
751
744
739
739
741
743
761
795
797
781
784
794
802
810
809
803
833
836
823
800
