663;529;558;648
663;528;557;648
663;528;557;648
664;528;557;648
663;527;558;647
664;529;557;648
664;529;557;648
664;529;557;648
663;527;557;647
664;528;557;648
663;528;557;648
664;529;558;648
664;529;558;648
663;527;557;648
663;528;557;648
663;528;558;648
664;528;557;647
664;528;557;647
664;529;558;648
664;529;558;647
666;535;557;647
668;551;559;643
683;572;573;641
685;570;586;645
677;549;561;647
676;548;559;647
681;554;564;649
695;572;580;653
704;591;589;658
706;597;592;657
704;603;593;656
701;602;589;652
703;607;592;652
705;612;601;657
704;611;607;656
706;622;611;656
706;623;609;656
706;622;605;655
705;622;606;650
701;611;593;645
702;606;593;645
704;608;597;647
707;614;603;650
709;615;605;650
711;615;604;651
713;619;606;653
715;618;607;654
716;618;605;654
715;618;605;654
715;618;605;654
715;618;606;655
716;618;606;655
716;617;605;656
715;615;602;655
716;615;600;655
717;613;600;657
717;612;600;657
717;613;598;657
715;609;593;657
714;607;591;656
714;607;592;657
714;608;594;657
715;608;594;657
715;609;594;657
714;608;593;656
713;608;593;656
713;610;593;655
714;610;594;655
713;611;598;655
713;611;598;654
712;609;595;653
711;606;595;6
711;605;594;653
711;605;594;653
710;603;594;653
709;601;590;652
709;602;590;653
709;600;590;653
710;600;590;653
710;600;591;653
709;600;590;653
709;599;590;653
708;598;590;652
708;597;589;652
709;598;590;651
709;599;590;651
709;601;593;648
709;602;592;645
708;603;592;644
709;604;594;643
710;607;598;645
711;611;601;645
712;612;602;646
713;615;605;647
719;621;609;649
721;623;612;651
725;625;617;655
727;628;620;655
728;632;623;657
730;638;626;658
732;645;630;661
732;648;632;662
734;653;634;663
732;652;632;662
730;653;632;663
730;654;633;662
729;650;631;659
728;650;629;657
728;652;627;653
728;654;627;651
728;653;625;651
723;643;620;651
720;636;618;650
715;626;610;641
706;605;598;637
688;586;592;637
687;582;599;639
733;678;630;653
728;676;645;645
728;678;636;639
741;684;628;652
740;691;621;631
731;688;616;631
729;676;610;629
743;696;633;622
735;685;609;625
733;675;628;646
725;669;639;650
724;673;638;647
716;662;634;643
712;644;623;637
702;617;604;636
694;572;586;632
695;609;590;635
738;639;562;631
747;612;582;640
760;634;590;646
756;631;595;645
746;661;629;637
723;657;635;639
690;656;635;610
687;659;636;628
676;655;639;638
674;648;638;641
674;639;634;646
;639;622;649
710;650;629;649
713;665;635;643
713;678;631;637
705;697;636;631
694;701;636;621
690;688;637;623
690;674;638;633
696;647;638;648
704;642;635;649
718;613;629;665
720;620;635;664
727;645;638;661
729;660;642;655
730;677;647;632
729;680;645;626
721;679;643;618
723;676;635;614
728;680;636;618
728;670;629;621
704;634;619;634
721;655;616;618
723;651;610;624
732;650;605;626
719;634;601;628
727;635;603;633
725;619;606;640
723;618;619;645
723;629;625;641
729;633;624;644
723;634;625;637
715;646;634;627
702;655;640;620
683;648;642;618
658;652;638;606
673;669;654;618
672;664;651;622
669;642;644;623
667;627;634;625
659;590;619;626
697;580;574;607
707;617;610;634
714;635;624;641
718;644;625;638
716;636;614;638
711;631;613;635
721;643;631;649
738;659;646;666
731;645;637;665
706;596;618;654
686;567;601;644
666;474;539;633
674;507;559;635
666;497;550;633
662;477;532;634
678;510;554;637
695;528;552;651
696;556;586;651
693;557;584;644
680;514;540;638
688;550;568;637
702;582;601;646
705;567;569;646
718;609;620;666
707;578;596;662
702;554;574;659
679;542;560;631
676;512;541;636
670;496;524;635
737;622;636;679
740;593;611;683
727;596;619;675
718;591;613;665
740;618;608;654
744;638;610;623
744;633;612;644
727;618;607;634
720;609;606;632
707;621;611;621
710;641;630;622
706;635;636;624
692;667;640;604
687;677;660;625
681;676;659;618
678;668;649;618
676;647;637;617
673;611;619;620
673;550;588;628
676;532;587;635
657;465;539;639
652;522;572;659
652;486;505;655
659;559;540;652
662;563;549;651
657;562;558;645
647;560;565;637
638;535;559;625
626;503;545;619
638;519;538;623
669;559;535;622
679;541;529;627
686;490;482;619
83;480;460;621
671;479;478;621
674;565;556;631
673;568;571;637
681;539;543;647
676;529;545;645
669;530;551;642
652;532;557;635
634;525;559;628
635;510;556;630
608;452;528;617
631;516;528;624
636;529;530;625
641;561;548;624
654;594;571;618
658;603;576;619
654;603;573;615
641;590;571;612
629;563;558;610
624;564;559;609
629;575;565;608
599;554;561;594
623;608;565;596
653;646;598;601
649;640;596;597
630;596;586;604
609;528;554;608
611;480;555;621
604;445;519;614
606;438;515;616
609;454;525;618
610;453;525;618
611;458;528;619
619;489;548;623
621;487;545;623
619;477;537;621
615;469;531;619
615;472;532;619
615;476;535;619
617;482;537;620
615;479;537;620
614;478;535;619
614;477;533;619
614;478;533;620
614;479;535;620
612;482;545;621
644;507;596;685
649;483;577;676
637;481;551;637
640;500;552;632
648;530;558;627
657;598;594;626
662;608;599;623
653;572;580;618
638;499;527;612
625;458;509;616
605;381;486;617
655;537;588;632
675;553;595;645
674;557;597;643
669;547;591;636
712;585;588;625
722;584;585;627
713;575;570;629
715;569;561;628
712;561;553;629
705;554;557;627
681;534;554;625
660;504;551;625
684;581;598;621
691;606;622;648
669;605;616;616
662;596;606;611
664;602;605;611
669;606;606;615
677;623;618;618
674;632;623;624
657;618;613;615
655;630;622;616
645;627;622;612
623;595;602;610
664;581;588;621
680;573;577;629
707;585;580;648
717;602;591;649
714;589;565;640
714;575;532;642
706;579;538;642
707;601;590;652
700;594;593;649
698;592;589;648
704;599;592;657
707;594;584;661
711;607;601;661
712;615;611;658
713;626;624;661
713;627;627;662
710;628;631;661
707;640;638;653
694;645;639;633
692;656;647;629
678;659;642;596
658;657;636;546
650;652;627;545
649;634;618;557
649;616;607;572
650;611;610;575
633;571;605;581
613;538;594;583
619;531;595;591
623;537;597;594
625;538;598;598
624;535;598;598
623;551;598;592
633;579;604;587
650;597;612;588
670;618;606;576
672;626;614;577
670;625;617;582
676;612;621;599
676;605;621;604
680;573;604;612
685;566;604;623
685;581;611;624
675;579;613;618
655;576;613;606
655;574;613;609
618;542;603;591
621;509;588;600
619;483;576;601
621;486;573;602
622;491;576;603
623;501;583;603
623;509;587;603
624;513;589;603
646;534;584;603
697;568;586;607
705;569;582;607
699;573;579;606
694;564;573;608
685;540;558;610
711;567;569;615
734;593;529;611
732;587;553;614
727;588;562;615
714;582;568;616
697;579;574;615
684;580;582;615
695;599;594;627
687;604;612;631
692;614;621;633
694;611;622;634
696;637;635;636
683;622;622;627
659;616;615;603
644;615;612;604
658;624;622;609
645;606;615;613
635;578;603;614
634;552;593;615
650;576;604;617
664;561;597;618
701;581;594;628
726;623;625;638
733;630;617;633
722;611;606;628
692;577;590;620
653;528;579;617
601;355;500;612
619;444;537;613
630;488;574;618
633;485;567;621
630;469;552;621
628;463;544;620
662;539;573;619
698;602;585;614
707;614;577;614
697;604;572;612
677;564;568;616
651;520;561;618
624;472;545;609
630;475;554;619
672;541;568;619
685;560;573;619
718;611;534;594
720;624;579;609
709;624;592;609
694;643;620;604
678;649;629;613
622;620;620;594
613;605;611;594
620;586;604;596
624;554;596;605
638;502;599;614
617;464;557;602
620;457;548;609
623;468;551;609
639;525;570;600
656;588;584;600
667;610;599;607
672;616;607;607
670;605;601;608
655;558;576;607
641;500;552;611
644;529;529;602
668;583;530;610
696;624;552;604
706;638;567;602
702;635;568;604
693;622;560;605
678;588;549;606
685;575;552;620
689;589;606;630
669;543;587;624
651;490;553;624
636;470;547;622
661;515;581;626
657;508;567;622
688;555;596;636
702;592;615;639
705;600;618;641
704;617;622;637
703;634;627;626
674;644;621;588
694;653;640;614
685;654;638;612
683;646;635;615
671;623;621;613
659;596;609;610
648;556;597;611
649;561;600;610
670;578;597;613
678;588;591;610
661;577;586;607
690;608;576;602
705;621;588;613
693;606;586;616
690;599;587;619
700;568;579;636
704;572;570;654
704;558;590;661
697;528;574;656
692;528;582;652
708;574;606;660
712;604;624;658
714;606;623;656
720;616;621;657
718;622;621;649
700;621;623;629
719;639;630;635
728;637;603;634
730;639;617;625
732;636;608;631
730;631;599;628
714;616;593;627
695;598;593;625
692;602;566;596
716;643;612;621
710;650;625;627
713;652;628;631
710;661;634;629
693;661;637;621
641;659;634;607
649;674;641;591
627;674;646;593
623;678;648;599
614;660;640;603
613;616;620;606
616;566;601;609
622;496;575;610
631;529;563;605
655;593;595;612
682;639;620;630
691;653;612;618
678;640;608;618
669;623;608;621
679;651;639;634
694;623;628;644
680;575;611;641
676;581;611;639
664;578;615;636
652;567;613;634
623;532;591;613
634;503;585;627
711;571;587;639
719;601;602;639
720;611;602;638
706;612;600;625
688;604;598;612
675;653;623;603
650;648;622;601
626;643;624;591
632;631;620;605
630;609;612;610
631;589;606;613
630;566;599;615
665;578;575;609
676;592;588;616
689;609;587;614
696;617;591;619
691;613;595;621
679;592;595;621
668;575;591;622
656;554;586;621
658;560;586;620
696;579;585;623
706;587;605;641
705;594;597;626
695;571;583;629
667;520;574;631
619;475;544;604
630;495;565;625
626;549;578;625
631;557;583;629
685;606;602;638
717;646;617;644
729;654;611;644
722;631;606;638
705;617;610;631
667;631;623;602
595;669;635;498
660;673;653;592
648;671;650;591
643;664;642;591
634;639;626;595
634;584;605;605
628;536;586;605
619;448;546;606
625;456;561;616
645;534;570;619
660;566;577;616
675;619;598;604
673;620;592;612
670;609;596;613
665;601;605;618
676;598;614;619
695;604;619;631
699;609;623;636
690;604;622;633
672;587;617;627
695;620;614;619
685;616;604;596
705;614;592;622
706;620;602;624
703;620;604;624
691;613;600;621
674;641;613;607
607;644;613;548
619;655;620;582
639;659;632;594
644;660;637;603
666;660;644;617
674;650;646;623
672;647;647;613
686;649;654;637
696;655;662;646
683;637;650;636
665;604;630;620
648;514;587;619
633;388;500;624
639;411;521;629
640;443;544;627
675;544;598;636
656;507;578;629
666;497;567;636
686;574;597;631
723;643;594;596
720;645;592;614
700;606;543;612
646;496;499;620
641;465;510;620
642;464;534;627
642;474;543;629
641;475;546;630
661;540;535;621
658;558;560;620
672;587;573;613
674;575;571;625
629;416;533;630
637;467;541;629
639;474;548;630
641;480;548;630
699;546;531;626
731;557;555;632
725;566;551;634
706;553;562;634
678;555;574;623
652;610;607;602
640;638;622;587
652;642;626;608
642;622;615;610
634;573;588;612
666;584;557;607
706;629;525;582
713;612;546;626
711;620;569;631
696;600;567;632
727;622;589;641
732;648;622;646
726;620;612;648
721;612;607;645
705;593;607;640
673;563;598;626
665;578;584;612
689;588;564;629
687;608;579;628
687;641;601;619
688;636;598;622
681;616;588;621
695;623;592;623
708;646;622;630
714;642;619;637
705;628;611;636
706;630;613;635
705;624;611;637
691;596;602;639
683;639;621;633
686;659;649;645
661;673;642;620
642;664;633;618
625;632;613;617
617;596;610;622
667;622;626;635
666;579;613;637
699;563;600;659
703;588;615;662
691;587;614;654
675;579;612;647
658;565;608;640
666;568;609;646
640;532;594;636
650;565;594;628
663;585;597;630
656;578;593;631
683;647;599;612
691;667;615;612
689;665;616;615
685;651;610;618
671;597;592;626
632;493;581;636
634;480;562;632
635;495;571;631
637;501;574;632
682;544;593;640
727;587;570;635
716;592;588;636
707;600;598;637
692;587;598;636
704;627;576;598
706;624;554;619
707;624;549;629
701;616;555;631
690;602;559;631
673;570;555;632
655;528;549;632
636;448;533;636
642;537;539;624
684;616;621;639
685;622;615;639
674;602;602;636
659;570;577;636
644;505;543;636
628;398;479;626
631;416;504;632
637;474;548;635
641;508;579;635
624;572;608;617
659;665;651;609
648;653;634;610
637;619;615;613
634;587;607;617
630;578;608;618
617;541;588;585
687;568;595;631
711;607;603;631
713;609;592;629
707;608;588;626
695;604;589;623
676;601;590;616
695;627;606;613
686;618;605;616
685;611;612;627
682;604;611;631
677;591;610;631
667;571;602;632
679;574;606;641
678;565;605;635
684;582;616;646
699;592;619;657
701;588;618;657
698;585;615;655
686;579;614;649
665;567;610;642
662;550;603;642
688;573;598;646
706;595;581;637
710;610;580;635
710;609;579;633
714;619;584;634
710;629;593;630
715;640;595;628
714;636;595;628
717;637;593;629
702;614;594;631
717;624;575;620
721;623;599;629
714;615;602;632
708;641;615;624
696;649;625;622
649;640;619;612
651;657;632;606
628;658;638;616
625;642;627;620
622;606;611;623
623;578;604;627
628;563;596;628
630;522;530;596
653;542;557;624
662;577;590;626
678;604;600;623
687;604;596;629
690;615;597;627
691;624;589;623
682;609;595;635
698;642;593;625
685;635;593;622
675;606;564;626
643;543;550;627
634;491;549;630
632;458;539;630
640;516;557;626
647;534;576;631
657;573;587;631
646;578;575;613
676;618;600;625
674;607;598;627
661;562;582;632
651;525;558;630
637;482;560;633
636;473;553;633
634;474;549;632
633;512;551;631
680;574;556;631
698;584;571;635
703;584;583;638
698;595;589;634
687;587;580;629
671;571;578;626
652;556;580;621
640;610;612;606
641;653;624;527
646;642;621;597
644;645;624;597
646;636;625;606
643;620;620;609
643;594;611;612
653;601;611;611
666;585;606;619
647;562;603;617
683;578;605;632
699;586;608;641
704;600;619;645
705;605;624;649
698;596;623;647
684;585;618;638
656;556;611;631
640;532;594;628
679;565;578;620
712;627;598;622
702;613;604;627
687;572;594;629
652;529;561;606
644;501;573;624
641;506;582;625
687;564;599;632
731;612;585;628
730;606;596;629
722;604;598;632
711;595;598;630
707;614;597;619
697;631;604;618
704;655;587;557
695;649;598;612
699;650;597;613
699;644;597;613
701;637;598;615
690;619;601;616
675;598;606;616
674;634;623;606
615;630;624;602
631;652;636;595
647;656;641;608
648;651;638;610
643;590;611;616
639;542;593;619
682;519;560;623
700;480;537;629
703;515;551;627
711;517;555;636
715;544;582;636
729;597;615;648
727;587;611;646
713;596;618;637
700;575;607;640
673;541;600;631
668;476;553;630
665;476;571;632
671;493;587;632
691;533;606;642
705;579;626;647
708;560;612;651
703;552;607;646
697;554;611;639
690;558;615;634
699;607;634;631
686;598;626;624
700;632;634;627
705;661;652;622
702;668;655;626
680;663;645;608
689;666;654;627
674;661;649;622
668;650;641;620
662;627;629;616
656;607;627;617
650;604;620;613
666;626;628;612
686;642;632;621
692;646;633;619
683;622;620;616
672;589;607;618
660;552;596;621
650;494;599;631
648;473;566;624
646;495;579;627
702;594;594;618
723;591;592;616
734;580;590;631
731;599;600;631
750;622;611;638
748;620;610;635
747;622;607;621
742;593;586;635
735;576;581;635
696;529;587;636
688;497;585;639
654;502;589;635
645;491;587;632
647;480;577;631
646;482;575;633
681;513;576;636
700;554;595;635
718;589;611;642
716;605;618;633
703;615;621;621
688;602;619;618
662;633;622;587
659;649;642;608
665;652;644;610
663;642;639;613
664;631;630;614
691;646;623;613
699;648;621;612
713;655;617;614
724;649;604;616
727;646;605;617
728;636;606;617
727;622;612;627
721;593;601;628
715;588;604;629
708;576;599;628
722;597;605;629
710;596;598;614
727;616;604;627
716;604;592;624
709;597;602;625
696;585;598;625
672;547;588;626
684;577;583;625
689;596;556;597
706;618;580;613
709;621;577;626
706;605;571;627
696;575;557;627
687;553;554;629
675;521;555;630
651;472;556;633
614;627;612;571
676;664;651;619
667;670;653;610
664;668;653;606
662;666;649;601
657;645;639;604
652;606;624;610
650;579;615;615
649;558;606;619
644;514;582;611
651;516;586;617
653;522;592;622
655;523;594;622
658;526;595;623
660;527;594;623
658;524;591;622
732;615;612;629
742;621;603;637
739;599;589;627
735;611;597;626
722;612;601;619
709;606;603;610
695;594;608;607
694;627;619;611
707;649;636;622
710;659;634;620
707;657;625;619
712;643;574;612
712;633;575;613
708;617;579;619
705;602;577;622
709;619;605;614
698;629;620;623
702;657;620;605
706;665;639;617
709;668;641;625
700;673;640;619
684;650;626;626
650;663;634;613
660;671;642;607
667;667;637;615
675;650;628;619
701;622;614;625
718;618;615;638
739;619;608;640
744;629;615;639
735;633;618;633
718;639;622;624
732;681;655;633
725;672;643;625
732;675;641;632
724;668;641;635
717;649;638;643
697;616;631;643
723;603;617;658
717;627;634;642
675;617;636;618
640;613;637;611
634;542;610;619
668;611;634;628
696;661;658;627
686;649;640;617
673;624;623;617
661;601;617;623
656;561;606;631
685;587;616;637
702;613;627;651
707;632;638;652
709;627;634;654
708;618;626;653
699;631;629;645
697;637;632;641
693;657;633;600
690;634;613;629
676;591;575;625
676;579;580;628
683;588;596;628
698;616;628;634
699;596;603;643
712;593;589;659
712;583;586;673
705;570;587;669
693;578;591;658
694;600;592;644
680;595;581;639
696;587;506;631
699;590;480;631
704;556;455;634
701;568;516;635
707;632;609;640
708;638;626;643
695;631;627;633
686;605;621;636
686;596;622;641
681;582;619;640
700;620;614;633
695;611;604;637
721;623;580;626
724;608;568;634
727;608;562;637
730;614;564;637
729;621;568;638
738;631;580;635
737;622;574;637
731;611;574;637
706;574;566;633
698;578;573;635
683;632;605;625
675;628;600;630
613;594;557;618
650;590;553;631
663;631;605;629
659;620;605;628
660;576;591;631
674;552;580;632
654;423;508;619
674;409;519;647
685;507;587;651
683;528;601;650
706;555;589;649
729;587;581;643
726;572;571;634
723;567;557;640
713;563;571;641
700;543;575;642
693;549;569;639
707;585;579;641
688;597;574;638
707;625;572;630
714;625;559;634
715;628;564;634
725;634;575;637
732;630;578;639
739;632;592;637
750;630;576;639
741;589;575;639
735;575;577;641
721;570;580;641
703;563;580;641
687;561;579;640
698;613;573;618
693;647;621;61
697;652;625;620
689;638;622;621
691;633;622;626
686;615;619;629
676;577;607;632
672;553;595;638
658;557;587;637
671;579;611;637
652;602;604;626
655;630;621;620
659;624;624;628
656;587;616;631
650;546;598;636
648;478;562;634
634;361;499;626
683;562;607;640
685;607;617;636
680;612;610;631
687;631;616;629
691;628;615;631
681;576;597;636
670;517;571;635
655;456;547;636
656;473;563;640
655;476;564;641
654;479;561;640
740;661;559;605
743;604;571;636
711;555;573;637
679;528;580;638
663;506;578;640
646;435;554;640
649;467;560;640
650;473;561;641
653;477;562;642
697;597;609;645
719;643;635;671
716;676;621;627
708;664;606;621
712;656;597;627
711;640;594;634
681;536;557;637
713;613;561;623
731;633;522;628
737;652;552;632
732;651;573;634
726;642;573;635
710;612;579;636
;641;616;656
735;643;640;658
732;621;620;660
735;623;614;656
734;640;616;647
734;654;613;631
733;655;615;637
733;650;596;633
735;655;600;633
752;654;585;637
752;651;584;638
764;663;578;632
770;667;591;643
768;660;597;645
755;626;586;641
737;590;583;643
706;553;581;642
674;522;581;642
666;596;617;629
609;601;610;613
617;622;614;599
632;620;618;617
638;607;618;623
642;568;608;633
654;490;580;633
643;426;540;633
639;398;522;629
643;411;531;634
645;435;543;637
680;545;571;635
700;604;554;622
708;603;567;636
701;586;558;635
691;565;558;636
678;546;559;637
674;582;575;616
673;597;603;609
694;638;638;638
695;644;641;640
712;655;641;641
697;634;624;640
706;631;585;636
712;625;578;642
697;574;554;637
693;617;613;643
687;617;620;644
637;640;626;595
662;654;641;6
667;647;638;628
665;628;623;629
691;628;612;632
695;630;610;631
699;609;594;633
700;611;608;635
696;597;606;638
690;581;595;638
685;561;580;638
680;543;575;640
673;531;577;641
690;558;582;641
685;544;582;643
682;537;587;644
689;549;589;645
700;554;591;645
691;557;585;635
714;581;601;648
714;585;607;647
702;561;600;645
673;514;580;640
652;458;542;640
650;470;560;644
652;488;571;645
652;490;572;644
652;489;569;644
650;485;565;644
651;484;565;645
651;485;564;646
652;491;575;647
653;505;590;651
702;548;574;664
712;576;599;669
719;577;606;673
719;582;608;673
703;578;612;664
682;550;611;656
662;525;601;651
665;531;601;653
659;484;573;647
656;466;557;647
654;451;551;647
656;458;553;648
697;532;576;648
705;569;594;642
676;576;584;625
701;603;601;638
704;604;603;639
703;577;594;646
694;530;579;6
675;492;570;652
649;464;560;646
650;459;554;648
648;456;544;648
648;471;549;649
697;536;585;656
723;587;608;663
731;605;606;661
726;605;600;655
704;593;596;642
669;567;592;626
654;547;586;633
630;564;580;611
647;633;635;631
670;655;645;632
673;645;638;636
668;626;628;636
658;577;610;639
652;529;580;642
652;421;525;640
687;496;557;649
691;523;575;651
690;521;576;652
670;495;570;652
658;470;551;647
658;458;547;647
656;450;545;647
673;501;547;643
711;595;594;647
728;653;621;640
726;654;621;641
728;647;621;648
708;624;619;641
718;587;601;660
716;582;604;659
708;557;598;665
681;511;571;656
636;378;492;643
655;422;532;650
663;470;553;652
687;528;597;656
712;533;592;670
720;568;615;672
718;574;617;671
727;612;622;664
725;623;624;654
723;637;622;642
727;641;623;646
9;635;616;638
712;622;611;638
694;584;600;639
682;613;620;636
648;596;619;632
691;633;645;657
674;635;638;630
667;616;622;633
656;588;615;634
720;627;610;633
732;636;625;644
718;605;607;643
698;554;585;645
688;538;574;645
656;489;566;648
658;493;565;648
659;500;568;648
672;561;567;634
689;597;603;639
704;648;623;612
704;641;618;637
704;647;618;630
697;629;615;631
674;600;605;634
670;560;597;645
658;520;564;637
649;468;550;645
651;488;561;647
653;498;573;648
655;509;578;648
655;531;580;646
653;552;579;644
653;549;573;644
653;525;570;646
654;512;569;648
654;517;571;648
654;525;577;648
655;526;575;647
655;525;574;647
655;526;573;647
699;581;583;648
735;626;584;633
748;642;607;641
745;637;609;644
735;627;607;642
731;623;604;642
736;618;599;647
749;637;583;
748;646;617;647
742;640;615;648
731;611;604;648
712;591;598;645
688;568;593;645
667;589;611;633
660;589;622;635
641;639;620;591
670;654;640;627
671;650;639;629
660;629;627;630
680;610;606;634
711;633;622;645
743;627;592;644
746;638;599;646
729;638;605;643
715;626;599;635
712;651;613;623
709;642;626;627
715;638;624;641
706;632;627;642
729;663;628;640
745;663;610;636
743;644;584;626
746;640;583;639
751;658;617;639
750;652;613;635
750;657;618;640
751;660;623;645
743;648;617;640
740;648;612;638
723;636;608;638
752;660;597;632
754;649;602;642
743;619;593;645
720;616;593;642
688;615;600;639
633;647;609;590
675;657;640;630
666;646;636;632
655;619;625;631
651;577;612;637
648;562;604;635
651;510;600;641
651;486;575;642
649;461;554;641
648;442;544;641
649;444;543;642
51;459;551;643
653;463;553;644
653;463;552;645
652;452;545;645
652;446;542;645
662;508;554;645
685;574;598;647
692;615;620;644
700;649;623;642
699;647;621;642
690;620;609;645
688;609;604;648
688;610;604;651
676;581;585;642
691;615;595;646
701;642;614;652
706;644;620;655
699;632;619;654
694;619;620;648
703;606;620;657
705;577;606;659
708;514;579;667
701;532;597;663
685;507;580;661
665;461;556;654
696;515;598;661
729;616;643;678
734;598;627;681
725;576;613;674
712;561;606;664
690;558;607;650
669;551;607;636
692;580;612;642
703;596;617;647
713;632;634;656
713;650;641;637
714;658;645;637
713;658;645;640
714;666;648;635
709;669;647;631
707;675;660;645
689;680;655;613
680;675;647;609
671;666;642;609
668;653;636;610
668;637;623;616
666;608;616;621
657;524;568;623
671;547;581;624
678;559;595;629
676;554;585;631
673;540;573;632
672;532;573;631
672;533;577;633
671;526;581;634
657;509;580;634
655;508;581;635
653;504;581;635
658;511;583;637
665;518;585;638
666;517;582;637
666;514;581;638
696;546;587;636
733;596;594;636
723;577;583;636
695;552;584;634
703;610;587;622
712;645;571;604
713;648;591;618
717;652;593;621
714;642;585;622
707;626;574;622
720;613;567;626
733;607;574;613
744;623;590;634
739;614;587;630
719;595;587;630
710;591;598;636
724;641;639;648
711;627;623;642
707;615;627;638
697;600;620;637
690;574;608;638
682;549;593;639
717;597;613;642
740;641;620;646
742;648;619;644
722;630;606;636
708;607;594;631
697;634;615;617
694;657;635;593
674;658;648;605
673;644;637;615
662;629;626;614
659;579;607;621
658;563;595;624
706;591;611;629
735;624;619;638
741;623;611;637
738;602;570;641
729;589;545;641
730;600;555;646
726;641;581;650
723;629;596;653
706;619;600;651
672;601;606;636
658;550;586;636
646;507;521;632
649;523;538;630
646;509;546;626
650;517;554;625
703;662;647;657
716;700;661;631
713;699;653;638
710;693;642;638
700;670;623;640
663;634;611;632
669;684;635;598
670;688;649;618
666;625;621;632
652;556;600;631
680;605;595;612
704;607;601;644
715;634;602;633
718;627;585;639
714;608;564;639
707;586;556;642
713;574;554;644
720;579;585;649
721;584;584;639
738;603;598;652
737;604;599;649
723;585;592;644
700;551;578;638
714;591;565;636
696;587;577;642
724;649;569;627
725;659;579;630
730;653;569;635
737;656;590;639
749;662;615;648
746;650;613;644
716;560;569;641
690;524;564;639
673;503;560;641
708;553;559;642
709;562;579;644
734;585;554;637
733;585;565;642
721;574;570;643
702;558;579;643
692;610;617;632
659;618;627;631
618;585;605;629
632;605;609;621
649;599;612;630
654;584;609;636
656;574;606;637
660;541;604;634
663;511;586;639
657;469;556;637
653;448;544;636
693;553;606;637
708;610;611;638
714;617;621;645
715;622;626;645
706;604;623;644
690;565;609;642
714;575;595;642
733;593;584;638
743;601;590;642
737;601;592;643
720;574;587;642
695;544;579;642
704;581;573;638
710;589;567;643
717;613;581;637
726;628;568;637
723;623;567;638
716;599;567;638
695;568;566;639
680;527;564;641
666;483;552;639
671;514;560;642
708;567;568;642
718;598;603;651
726;621;605;641
724;603;582;643
709;564;566;644
688;523;564;643
686;588;589;631
704;638;656;668
677;656;649;621
670;630;622;627
660;598;606;629
654;574;597;633
657;547;587;636
636;461;526;618
654;435;544;638
691;593;618;644
660;580;616;641
655;590;602;636
677;614;613;639
676;588;603;644
668;546;578;641
680;511;576;646
652;493;572;642
653;481;557;645
652;464;550;644
704;614;575;636
736;632;588;638
726;583;579;645
696;552;584;646
673;516;570;646
650;458;540;644
653;470;553;646
657;478;559;647
657;478;559;648
679;563;561;635
693;582;599;651
701;637;585;637
707;651;599;631
705;643;599;638
703;617;582;641
712;607;576;650
700;603;583;649
720;627;572;646
725;630;557;642
722;621;554;641
715;603;557;642
692;573;559;643
691;564;565;642
666;514;573;643
698;542;599;622
725;607;617;650
722;589;617;652
716;598;622;652
731;654;640;640
712;657;643;624
728;666;625;613
730;661;620;623
728;640;590;636
723;610;573;639
744;616;577;643
760;638;549;631
764;650;590;645
765;645;598;645
763;638;603;647
750;619;587;646
720;572;572;644
706;623;619;637
703;659;652;642
664;660;648;609
677;640;623;626
661;598;598;631
654;550;572;634
660;544;573;638
654;459;549;640
664;482;560;643
676;546;571;643
720;602;573;643
727;638;604;647
738;616;594;653
740;628;594;651
728;635;595;645
708;617;591;640
713;610;604;651
696;582;624;652
716;509;579;668
708;494;584;662
699;520;587;659
688;521;592;656
677;506;590;654
659;461;563;648
690;542;576;643
690;530;567;646
663;465;558;648
661;459;560;649
663;469;564;650
664;476;566;650
663;476;566;650
663;476;565;650
662;471;562;650
662;472;562;650
686;528;560;644
693;551;592;652
730;610;576;647
741;639;619;654
733;623;618;655
698;549;590;650
667;466;555;649
663;472;561;648
665;483;562;649
664;544;570;647
724;645;611;638
760;666;617;647
765;656;611;649
757;645;596;646
729;638;584;641
694;612;575;641
654;523;558;643
662;566;575;645
670;582;580;649
672;591;579;648
711;624;580;648
735;671;621;651
749;669;617;651
743;668;613;648
729;663;613;644
706;648;611;638
707;664;638;646
722;677;642;646
722;666;633;643
718;653;626;645
705;648;624;644
723;660;613;633
737;659;618;644
749;649;626;652
756;654;609;643
750;638;590;636
757;640;578;635
754;649;593;635
747;659;625;641
743;652;623;645
719;626;605;636
707;596;577;638
685;591;576;638
659;567;586;639
653;555;587;642
666;609;627;646
658;599;625;641
646;622;612;598
656;626;631;623
654;618;629;629
654;590;620;636
644;485;566;640
637;391;514;636
643;421;535;639
657;502;560;641
673;558;577;640
660;562;584;630
689;630;600;628
695;646;618;630
691;631;618;635
676;596;607;638
664;559;594;636
670;522;584;631
705;501;568;657
713;567;614;663
712;589;625;662
700;581;625;655
676;550;614;647
673;532;605;648
653;484;571;643
655;466;558;645
651;456;550;645
652;460;552;645
653;471;559;646
654;474;561;647
656;480;566;647
654;477;562;646
654;476;562;647
654;477;562;647
691;573;623;638
694;635;635;627
698;636;638;640
687;603;623;645
665;556;593;646
652;520;556;643
638;429;514;644
652;516;562;645
687;556;581;647
733;610;607;661
744;626;617;657
744;619;607;653
730;600;588;644
707;577;584;638
681;552;576;635
699;601;574;639
698;622;589;642
705;659;584;625
712;666;594;631
707;660;610;634
705;659;624;633
740;663;639;664
740;649;633;662
723;607;626;659
698;599;623;642
685;570;617;642
676;520;582;644
661;444;538;646
658;464;555;645
666;557;598;635
684;603;594;626
703;647;630;640
711;655;641;649
713;666;651;646
704;665;649;647
706;676;665;663
659;668;643;604
638;636;624;620
645;609;617;630
649;572;607;638
683;598;600;633
685;616;567;599
677;570;570;63
685;601;589;636
694;616;597;638
689;584;592;641
676;538;576;643
663;484;563;643
661;497;572;643
663;498;574;645
682;575;579;641
699;639;595;636
711;650;578;624
709;643;595;635
714;661;602;637
717;674;606;632
719;676;605;631
717;668;597;631
723;667;611;639
717;623;596;640
713;580;577;629
724;606;586;641
724;606;604;644
711;591;604;643
690;567;595;642
692;568;586;640
714;600;588;639
736;620;608;641
739;616;594;646
728;606;590;643
711;594;586;643
684;583;585;643
664;564;587;646
654;527;570;641
655;513;565;645
654;470;559;646
656;474;563;647
657;483;565;647
657;485;566;647
657;484;566;647
657;482;564;647
656;482;564;647
657;483;565;647
657;484;565;647
657;487;566;648
673;518;565;646
700;561;585;648
723;625;571;631
727;616;612;646
717;612;614;645
707;596;607;643
750;653;616;664
753;669;661;661
748;649;644;666
736;622;632;663
720;621;637;656
701;623;644;637
687;623;645;625
685;616;633;620
705;594;622;645
714;607;631;655
717;613;638;659
715;607;636;661
712;597;631;659
705;598;632;653
696;601;634;644
690;597;633;641
683;586;632;640
673;574;626;637
664;542;611;635
669;539;609;643
660;505;590;638
658;465;561;639
653;450;544;637
671;496;576;643
675;511;571;641
;590;622;655
725;633;646;657
727;636;644;657
719;615;627;652
705;578;604;648
699;540;574;646
693;494;529;642
721;543;567;654
742;612;621;660
753;629;625;662
755;628;621;662
751;632;619;657
732;621;613;647
715;659;632;631
685;646;616;610
698;666;642;635
688;662;643;636
687;647;633;638
684;625;620;640
676;601;616;642
694;599;606;641
724;639;631;661
730;622;636;661
727;624;634;661
720;620;629;653
;597;623;628
660;585;617;606
672;629;635;597
676;636;620;564
676;632;633;591
674;629;632;597
671;613;628;599
677;610;621;599
686;613;616;605
672;551;551;598
700;590;556;611
706;610;594;616
703;598;595;618
695;579;585;618
693;554;577;620
723;621;637;640
724;618;630;641
718;600;622;641
711;591;621;638
696;575;618;633
672;553;610;628
659;552;613;624
656;489;569;625
653;467;557;623
698;585;566;622
713;593;593;629
711;617;571;615
702;602;568;615
697;591;568;616
687;575;569;617
673;546;570;619
666;501;569;615
679;578;586;606
673;589;616;619
696;636;631;615
703;656;647;620
705;659;648;624
702;648;638;625
692;620;621;627
684;624;623;624
685;634;632;624
691;641;651;649
670;665;648;607
671;664;643;607
663;646;625;607
661;609;614;614
662;571;589;619
655;512;545;600
655;445;541;622
656;475;564;622
659;500;575;623
665;515;588;624
667;522;591;626
668;520;588;626
672;519;587;630
668;509;575;629
665;502;572;628
671;496;571;631
698;436;547;641
723;505;558;649
717;562;609;644
715;587;618;644
713;600;621;639
721;626;621;633
745;650;600;613
747;662;622;622
739;651;617;630
730;619;599;630
708;580;582;628
693;569;590;628
679;554;611;631
7;597;620;636
726;622;630;637
718;625;633;633
710;620;634;630
698;614;636;622
654;561;618;607
657;516;599;613
660;497;576;621
663;483;565;624
669;494;566;625
702;560;567;623
733;643;567;612
733;637;569;621
731;639;579;623
724;622;578;623
716;597;569;623
699;574;568;625
715;587;606;633
713;599;620;634
702;564;597;633
708;567;603;642
704;573;611;641
698;569;610;638
686;550;605;637
670;510;579;634
697;574;610;639
705;577;604;639
730;630;642;653
732;640;642;653
732;635;635;651
732;626;626;648
730;625;625;642
732;644;629;638
733;654;632;639
724;651;636;631
698;643;629;624
680;631;624;616
675;629;623;611
676;621;627;614
627;610;605;609
656;651;630;607
673;660;637;613
676;652;635;617
670;627;623;622
671;598;604;623
685;603;594;623
659;490;541;631
667;525;566;629
665;527;580;629
662;496;565;632
658;470;558;632
656;466;555;632
657;470;556;634
658;468;555;635
678;531;598;642
693;597;590;633
693;582;577;635
699;596;560;632
701;624;586;626
714;639;615;634
724;650;634;643
737;668;650;654
740;647;636;662
741;639;627;661
731;600;620;661
724;576;610;659
712;568;610;656
702;584;618;647
706;602;629;651
745;628;634;662
729;602;627;663
725;536;583;
722;537;596;656
713;568;620;650
697;570;628;642
695;567;622;640
682;523;606;637
682;501;586;638
678;482;570;639
674;479;568;639
678;481;567;639
678;485;569;639
664;499;543;620
697;603;582;617
703;615;617;631
701;610;617;635
698;573;609;638
694;543;584;638
688;512;561;637
689;523;567;638
690;528;565;639
691;532;564;640
725;581;571;642
751;621;606;646
756;638;609;643
748;642;610;639
730;631;605;
702;600;587;625
695;587;585;639
670;534;574;639
666;522;564;636
665;530;559;635
718;595;564;630
742;612;597;637
750;603;600;643
735;576;588;640
707;525;570;642
666;487;568;644
670;516;569;639
667;495;565;640
664;484;561;641
664;518;565;640
732;651;612;653
755;665;626;653
756;660;625;653
737;651;619;644
710;594;612;632
686;679;652;584
673;695;669;590
679;689;660;603
94;689;648;605
725;696;622;568
734;689;602;602
734;662;587;630
716;608;543;617
692;580;552;617
678;544;557;625
677;542;567;627
711;599;641;647
718;662;642;622
731;669;641;624
726;668;638;623
733;675;633;618
735;669;624;627
731;640;611;633
720;620;602;636
696;617;617;633
673;571;588;628
642;588;574;599
664;623;620;620
671;626;628;626
670;616;624;630
718;626;616;631
738;652;627;635
736;633;620;635
721;609;605;633
700;583;598;629
683;550;586;632
691;530;582;639
665;485;568;635
663;487;564;635
695;562;564;629
700;554;578;632
744;597;570;632
749;609;589;633
747;607;589;634
732;588;583;635
708;557;572;635
708;547;570;638
675;514;568;638
700;579;583;637
719;586;586;638
735;603;583;631
744;620;584;633
743;632;606;633
719;627;612;625
684;586;607;630
660;531;584;629
643;554;583;625
679;649;628;605
674;629;608;626
659;612;592;622
670;585;593;632
666;539;580;633
667;542;589;634
664;508;584;634
662;497;580;637
662;477;564;638
658;461;553;637
658;447;551;637
658;459;552;638
661;471;556;639
665;486;559;638
683;522;568;637
702;596;598;626
708;616;581;614
724;648;607;621
724;662;623;617
722;657;620;620
711;629;607;620
691;610;607;617
688;585;601;629
680;571;596;630
666;560;594;630
663;542;590;632
659;496;564;635
664;506;569;635
665;510;569;635
666;513;569;635
665;506;569;635
664;500;568;636
663;492;567;636
663;490;555;644
700;437;555;702
711;518;610;675
699;523;596;649
708;572;605;614
720;575;592;642
705;560;575;637
727;584;539;633
728;593;562;637
722;597;590;640
715;589;594;642
706;572;587;642
697;547;572;641
738;590;615;671
734;595;618;667
712;574;609;653
690;556;602;645
679;512;568;641
682;524;578;642
680;520;569;641
699;549;600;647
715;572;612;655
721;583;618;659
715;574;616;657
703;562;609;651
678;535;596;641
678;525;575;643
679;509;563;642
679;506;563;642
703;557;600;647
733;639;650;665
738;650;651;669
729;624;637;662
706;571;605;647
678;515;568;639
657;414;507;633
673;501;568;638
701;566;612;643
724;597;620;660
729;629;639;665
726;617;634;663
710;574;611;655
695;531;579;649
679;512;581;645
676;503;575;642
674;497;568;640
713;623;644;645
726;609;636;658
730;592;629;662
718;583;626;656
736;619;630;646
721;605;628;638
755;641;621;632
752;638;616;623
749;612;591;632
731;582;583;634
714;566;583;634
698;611;612;619
703;678;635;590
696;680;659;623
692;676;659;622
679;648;637;621
672;590;609;627
669;552;582;629
671;491;567;622
677;501;585;634
675;498;579;634
669;481;562;633
665;506;552;630
707;581;554;626
742;589;559;637
733;593;594;636
724;587;599;637
703;563;591;636
676;566;577;615
715;641;632;620
716;641;633;639
710;627;627;637
703;609;623;639
691;580;606;640
680;537;583;641
690;534;599;646
668;495;568;634
665;453;544;637
660;437;534;636
666;480;556;639
669;488;566;640
669;492;567;640
668;490;564;640
666;483;557;639
695;539;559;634
731;607;563;637
730;630;600;637
724;625;606;638
712;600;599;639
692;564;580;638
684;536;565;632
667;471;537;633
665;549;589;624
701;680;653;594
689;646;626;625
671;605;599;620
666;572;586;625
665;552;584;628
664;509;567;634
660;454;538;633
705;577;571;625
693;548;570;634
729;646;601;627
723;647;616;631
734;660;640;648
738;649;636;651
718;604;626;649
705;575;614;643
685;572;616;640
705;593;621;643
712;595;611;640
688;563;593;639
714;590;570;634
701;579;594;638
694;568;594;640
673;538;589;640
678;556;595;640
700;585;602;640
694;583;590;637
722;602;578;637
725;621;612;641
718;605;611;643
693;572;603;640
669;526;577;637
668;524;583;639
666;521;578;640
667;529;584;640
724;635;585;617
753;655;607;637
753;648;616;638
758;664;621;639
758;666;621;639
756;665;626;643
758;664;618;638
742;642;617;633
746;652;621;639
737;647;621;636
746;661;622;637
750;662;624;633
752;666;626;632
753;659;616;635
738;631;589;637
719;622;598;636
697;606;592;637
673;579;581;639
649;523;570;638
658;481;555;643
657;480;561;642
664;579;582;635
707;637;622;631
702;628;622;638
697;611;617;639
687;577;600;642
676;528;573;641
654;409;521;639
662;477;564;640
667;499;573;642
668;500;572;642
665;488;565;641
662;479;555;640
661;478;554;640
663;488;558;641
665;493;566;642
665;500;567;642
715;578;606;649
746;602;603;653
740;603;601;646
729;602;597;639
699;580;588;632
675;545;576;630
661;516;585;637
657;486;564;640
652;647;623;595
675;663;636;616
669;603;605;633
663;578;591;633
659;543;572;633
640;409;497;629
652;454;540;633
663;491;569;639
665;499;572;639
706;589;587;638
696;575;572;638
717;603;543;630
712;598;564;635
710;600;585;638
725;641;636;654
722;652;652;654
719;644;653;656
718;651;658;656
713;647;660;650
700;638;656;642
707;633;646;631
747;663;645;619
749;652;627;629
721;594;600;630
680;530;573;632
661;474;559;636
668;492;565;639
668;494;566;639
668;492;565;639
668;488;563;639
666;485;562;639
667;488;562;639
667;491;563;639
689;528;575;643
698;562;604;650
702;524;565;654
678;500;559;646
672;493;560;646
669;480;561;642
686;541;601;644
707;583;617;648
713;586;605;652
723;608;621;659
727;623;628;662
725;617;628;662
717;659;639;654
660;667;641;599
669;665;631;624
654;645;611;621
664;627;608;631
669;590;594;633
670;562;580;635
664;517;550;622
662;441;535;637
662;496;566;637
702;579;572;634
720;638;628;633
723;633;623;641
723;627;623;650
719;613;621;653
711;584;612;652
734;611;637;668
720;577;619;659
727;558;605;667
728;579;622;670
723;582;624;666
702;565;620;656
682;549;611;648
659;463;557;644
663;513;563;644
725;604;601;655
732;600;587;650
742;608;597;650
734;600;594;647
711;582;587;641
684;569;583;635
697;568;578;638
672;496;568;645
666;490;565;644
665;481;562;643
665;482;561;643
665;485;564;643
667;492;567;644
666;494;567;644
666;494;568;644
666;493;566;644
720;593;565;618
736;642;596;639
732;650;586;639
726;642;589;640
723;630;585;639
714;601;579;641
704;580;574;641
738;612;591;647
760;638;581;646
751;615;581;647
738;608;591;647
731;660;635;640
652;635;613;618
655;616;594;618
659;587;575;636
669;596;600;641
680;604;605;640
714;659;621;640
718;639;615;650
731;660;569;636
733;659;558;634
723;631;561;640
689;554;561;645
663;461;567;649
664;490;562;645
681;548;583;646
681;590;601;640
695;635;625;638
711;661;639;640
707;653;630;645
695;618;611;644
679;570;572;642
686;547;569;645
736;627;636;671
738;636;640;672
736;630;638;673
735;638;641;674
730;658;651;672
760;697;661;679
743;699;666;669
735;691;663;664
730;697;667;658
710;694;661;644
697;696;663;633
692;687;654;628
689;671;640;637
666;632;622;639
659;604;610;638
657;520;534;642
658;507;546;644
660;504;550;645
661;509;554;646
661;509;555;646
661;506;553;646
661;502;548;647
661;506;552;647
661;508;551;64
661;510;553;648
661;512;553;648
661;510;553;647
661;509;552;648
660;509;551;648
660;512;554;648
718;611;637;681
715;544;605;695
686;529;563;666
686;578;564;655
681;589;581;647
679;623;589;635
701;644;593;645
699;634;599;649
690;605;589;650
680;564;570;651
656;482;532;650
659;503;547;651
660;514;553;652
725;638;573;652
748;654;580;654
752;632;565;652
743;614;560;651
733;606;563;651
723;595;569;65
710;586;573;652
692;580;570;652
677;579;566;652
643;665;610;607
682;678;639;643
662;680;641;635
664;662;626;642
663;632;599;642
665;619;578;643
653;517;512;641
663;562;554;644
678;582;570;648
681;586;572;649
676;581;566;648
673;576;561;648
674;583;561;647
686;595;575;649
693;608;597;651
700;618;605;652
698;618;606;652
702;621;614;655
705;622;617;657
706;619;619;659
703;615;619;658
696;610;616;655
689;598;613;655
688;591;611;653
683;584;602;654
682;577;597;654
678;563;590;654
675;554;580;653
673;549;577;652
675;551;578;653
670;548;576;652
713;630;621;654
720;674;641;647
730;681;636;646
722;670;626;641
703;633;603;636
678;585;573;643
658;540;565;645
657;547;575;646
657;552;578;646
655;580;575;645
723;650;599;640
737;654;617;646
734;653;622;647
736;655;622;648
;659;618;638
731;653;621;638
739;655;624;643
734;680;625;632
729;695;619;605
721;694;618;631
727;689;610;635
713;674;604;634
697;643;594;639
672;593;582;640
677;590;576;640
645;515;573;643
646;519;572;644
645;515;568;644
681;529;561;644
744;638;608;652
756;648;612;655
755;645;612;651
741;639;604;649
715;618;591;645
683;588;587;640
688;652;635;644
662;630;631;639
623;669;620;5
640;669;634;615
640;662;634;620
645;631;625;628
644;590;597;632
631;508;529;614
643;500;543;636
648;532;570;640
653;547;582;642
654;545;577;642
654;542;574;641
655;553;576;642
706;659;619;647
737;655;610;653
744;648;615;653
749;662;622;656
733;666;623;645
740;696;644;648
729;698;637;636
725;683;630;645
719;664;633;653
722;651;638;664
714;597;606;662
731;545;557;672
751;631;636;686
758;649;646;690
748;631;634;684
728;601;622;672
696;575;612;658
669;549;605;653
667;490;551;653
659;528;585;650
664;543;600;653
719;606;639;669
732;640;647;668
740;642;638;671
733;627;628;667
716;618;630;661
689;601;629;651
686;583;620;652
664;547;606;646
667;531;586;647
664;510;566;647
663;500;559;646
663;493;557;648
664;501;561;649
665;505;565;649
665;506;565;649
665;506;564;649
664;507;563;6
698;573;569;644
738;655;576;636
753;683;636;657
755;683;637;660
744;676;627;655
724;653;611;645
756;692;655;655
737;699;653;644
734;684;641;653
727;672;634;651
721;663;633;654
713;651;630;653
711;672;645;655
695;685;650;642
706;697;669;679
680;707;656;633
636;694;647;630
638;672;636;632
640;639;625;638
640;595;609;640
649;572;610;646
645;503;566;637
643;460;538;642
641;462;538;642
644;475;549;6
680;597;594;630
673;574;594;644
689;650;603;634
705;669;617;638
708;670;621;642
702;654;618;642
678;610;591;644
661;544;566;644
644;429;535;646
648;488;555;645
652;506;563;646
654;504;562;646
652;501;557;646
652;505;561;646
651;513;567;645
652;529;580;646
652;546;600;646
698;589;624;658
711;611;631;658
723;604;622;669
724;612;626;670
722;616;629;669
714;614;629;664
700;600;625;655
678;589;623;651
669;579;619;648
655;538;589;648
655;561;610;644
654;549;598;645
653;550;593;645
652;558;587;644
653;542;577;645
653;528;573;646
655;526;573;647
654;522;573;647
655;520;571;647
654;508;563;647
654;505;560;647
655;511;563;648
707;579;589;654
721;609;576;647
734;628;578;649
738;642;576;644
736;641;578;645
731;632;578;646
719;610;576;647
695;573;569;648
663;530;568;649
7;518;564;647
656;526;561;648
708;596;561;645
731;606;589;657
730;628;589;651
722;611;575;650
701;600;571;649
708;641;623;658
721;659;638;668
721;672;652;667
719;665;648;667
712;649;641;662
709;631;633;660
705;618;626;659
701;610;622;659
706;662;649;661
705;667;651;666
683;659;633;643
660;620;591;641
657;588;560;640
660;578;572;643
655;599;605;646
645;544;575;664
648;527;581;660
668;595;629;665
659;595;636;654
670;643;641;643
688;674;629;638
696;678;606;631
695;678;601;628
691;665;599;632
681;641;596;634
688;635;589;639
682;636;616;639
711;633;617;654
714;645;627;650
696;628;622;646
654;567;605;642
620;527;606;643
623;496;577;645
662;554;592;645
711;631;593;646
725;667;630;649
726;663;628;653
711;654;621;650
692;657;615;633
699;649;611;633
734;664;615;
755;682;619;632
761;687;619;631
760;686;616;636
764;698;624;640
760;695;614;629
758;706;624;637
754;707;625;638
743;699;621;638
715;676;603;637
710;697;619;615
720;713;659;656
703;723;657;629
687;722;656;627
655;719;654;616
682;722;661;621
682;725;665;626
670;727;671;621
641;730;672;591
647;725;672;609
628;716;669;613
611;691;653;611
612;667;641;616
617;625;630;620
626;629;633;623
633;572;619;631
623;539;598;633
616;490;564;634
617;495;569;636
620;508;584;636
624;527;598;639
624;532;600;640
638;597;597;618
660;643;622;644
667;662;642;642
678;668;646;646
674;656;634;647
653;596;610;646
627;512;581;648
623;504;569;649
627;515;575;650
647;578;591;648
734;672;613;636
741;645;610;645
728;632;612;647
713;612;608;648
680;583;602;650
674;573;596;652
640;531;596;652
0;526;584;653
678;584;591;652
688;613;589;646
713;662;626;652
720;676;633;653
723;666;628;657
710;632;606;658
674;577;584;655
680;580;602;656
670;562;593;658
703;568;588;672
713;613;622;675
714;634;626;674
705;649;626;669
724;672;634;667
729;664;628;649
738;675;635;656
732;674;624;647
737;684;634;649
727;681;631;648
719;679;631;646
701;652;625;644
688;634;626;650
688;599;595;649
684;598;610;648
684;589;608;651
669;573;600;651
647;548;594;651
632;507;571;651
632;511;575;652
632;515;576;652
633;512;571;653
633;508;567;652
633;506;566;653
634;506;566;653
634;510;566;653
634;511;567;653
634;512;567;653
634;513;567;653
634;515;569;653
633;522;573;652
645;625;638;651
604;657;633;599
661;661;649;635
640;644;637;637
633;611;621;640
632;577;609;640
621;494;555;638
630;521;569;643
635;532;579;646
636;527;571;647
641;545;577;648
659;598;605;658
691;661;631;669
700;661;620;672
697;654;609;666
694;645;612;668
689;636;612;668
676;594;596;662
729;632;604;679
724;650;644;673
711;608;615;673
703;593;602;671
694;596;606;665
687;591;603;661
668;581;602;659
663;585;602;657
673;594;592;654
694;620;610;660
727;637;616;674
738;655;636;682
743;664;643;686
746;676;650;684
725;657;636;683
717;639;630;681
699;600;605;673
701;601;609;675
695;595;613;676
687;584;608;673
675;565;591;668
671;545;575;666
650;509;559;658
652;515;563;658
654;516;557;658
735;636;526;644
733;652;590;650
726;656;601;656
717;646;598;655
707;638;604;652
749;670;621;677
735;653;624;673
722;624;601;668
711;596;592;665
694;585;590;658
672;545;570;658
50;483;534;660
651;541;547;651
666;589;606;655
674;661;626;637
696;673;643;650
707;676;643;660
709;665;634;663
704;647;604;651
718;657;610;660
715;646;620;661
709;658;621;652
694;652;611;647
704;667;644;666
662;670;639;642
658;641;618;652
653;614;601;652
654;618;610;653
673;635;610;653
684;642;609;652
682;616;557;646
679;594;558;654
706;643;565;652
716;663;586;654
716;659;588;655
729;672;620;655
07;635;588;656
719;628;530;651
706;611;579;659
703;615;605;666
700;602;604;668
690;585;593;665
675;550;573;662
671;528;571;663
708;617;554;660
713;652;586;658
727;665;582;664
724;666;581;665
724;660;594;671
722;646;606;675
722;635;615;680
742;634;615;690
725;641;641;686
721;640;643;685
712;630;640;680
702;629;640;677
684;614;637;668
674;594;625;665
709;615;606;662
729;631;611;651
733;627;601;661
717;602;581;656
694;582;572;654
683;623;620;650
662;640;632;640
683;661;657;671
640;669;650;632
636;657;637;634
639;640;632;637
639;633;630;639
639;620;628;641
623;543;576;634
639;520;564;646
645;530;572;648
645;520;562;650
646;502;551;652
644;504;553;653
643;501;546;653
649;578;582;645
646;536;553;647
652;593;560;643
667;625;614;653
695;651;623;657
713;668;568;648
720;665;554;651
714;653;514;648
709;641;524;651
695;614;547;654
709;624;572;661
727;638;586;662
726;642;587;659
739;657;602;663
739;660;601;661
725;651;590;656
708;640;583;654
687;626;573;652
663;609;577;653
661;599;578;654
669;627;600;650
667;648;623;646
710;669;640;665
706;659;628;666
702;652;608;659
712;667;626;667
703;674;634;665
710;683;636;658
717;682;634;654
716;683;620;651
700;671;606;651
680;654;587;653
683;657;577;653
652;618;565;654
648;632;570;655
648;634;570;654
647;633;568;655
647;631;566;654
647;627;568;655
648;624;568;655
648;621;568;656
648;615;567;656
648;610;565;656
648;607;565;656
648;607;565;656
649;608;566;656
649;608;566;656
649;607;565;656
649;609;566;656
649;610;566;656
649;614;567;656
649;612;567;656
649;614;567;656
649;615;567;656
649;612;567;656
649;612;567;656
649;613;567;656
699;638;608;691
696;609;591;693
698;622;593;689
686;621;592;682
670;613;580;671
662;611;577;668
671;612;577;677
679;616;582;678
688;620;584;685
692;611;582;685
692;576;558;702
698;592;583;699
685;602;594;683
670;608;596;667
652;579;583;658
646;570;562;658
648;565;558;660
649;575;560;661
650;590;567;661
702;640;571;658
712;654;574;658
742;668;589;663
749;673;597;662
747;674;595;661
735;672;586;660
716;671;585;657
696;672;585;656
687;673;585;657
693;672;577;655
695;674;595;657
745;692;587;655
751;699;619;656
744;699;623;656
729;697;624;653
700;689;627;647
716;698;655;663
715;694;649;665
707;665;626;663
694;630;624;661
684;622;627;661
662;608;625;658
676;599;620;662
693;634;598;651
727;656;568;660
726;673;555;649
724;667;564;652
716;658;570;653
709;636;571;654
710;634;593;659
711;623;600;658
710;654;646;665
714;669;653;666
713;667;651;664
714;681;655;662
711;684;655;662
704;683;649;663
679;689;645;639
703;691;659;651
689;686;647;652
683;677;637;656
666;654;618;653
658;618;600;656
651;606;600;656
650;583;595;660
653;550;570;670
661;575;587;664
657;547;565;668
660;597;607;657
652;602;604;650
669;618;607;649
664;607;600;645
687;597;543;642
693;597;557;647
687;593;553;649
675;588;570;643
665;583;568;645
663;557;566;652
651;517;559;655
656;527;580;656
654;522;571;657
644;512;567;656
637;497;559;653
635;489;555;651
632;474;548;650
632;481;551;650
664;540;590;661
693;523;578;680
700;574;620;679
701;581;624;679
698;576;624;678
687;565;618;671
659;535;600;661
664;527;592;666
653;547;602;658
673;597;611;658
676;621;609;654
684;644;619;644
685;641;605;652
676;618;587;654
663;565;571;660
655;521;557;662
642;515;570;657
637;480;563;657
636;476;558;656
635;470;553;655
636;472;554;655
636;475;555;656
637;480;558;656
637;481;559;656
637;481;559;656
664;511;574;683
671;477;568;685
649;452;549;669
689;562;563;634
716;615;581;656
714;631;602;655
702;612;599;656
677;576;586;655
648;538;568;653
635;485;557;656
690;548;551;662
722;572;584;670
724;604;617;668
707;611;616;665
699;634;617;659
703;658;628;659
674;627;582;651
658;544;558;655
635;474;556;651
641;477;560;659
641;483;566;658
641;487;567;659
713;578;554;649
734;597;578;664
727;598;579;661
721;595;580;660
706;579;576;658
604;679;609;563
678;676;642;623
60;668;640;635
650;624;608;643
640;551;578;648
649;482;579;652
632;463;542;645
632;436;528;647
638;471;550;649
676;544;608;663
707;577;606;662
691;560;597;656
662;525;583;652
660;534;584;656
647;507;575;654
644;503;567;654
639;492;555;652
637;502;551;652
645;556;535;638
657;581;576;654
656;614;603;658
679;630;620;664
681;633;619;668
710;644;636;680
718;637;626;687
704;636;618;674
712;648;622;673
720;657;622;669
722;660;623;664
728;666;626;668
698;650;619;655
678;653;620;633
636;685;636;589
684;682;654;641
662;665;641;645
655;642;626;649
645;590;601;651
638;537;567;650
634;443;509;646
660;589;589;649
690;633;643;667
703;674;649;621
702;670;641;667
698;666;631;662
684;639;621;662
706;637;623;674
731;642;628;688
728;624;595;679
715;613;592;677
717;621;615;682
724;651;634;685
710;650;638;684
729;661;644;692
719;665;646;687
719;663;641;684
730;663;635;683
737;659;620;672
749;661;615;676
745;657;614;671
725;608;563;663
703;592;569;664
686;655;625;659
701;670;658;686
667;670;637;650
652;650;621;651
651;604;588;654
648;580;592;660
653;587;601;660
677;606;614;667
686;488;532;682
689;521;565;682
696;539;580;686
706;559;596;689
712;568;605;688
722;589;632;693
730;599;630;694
740;616;640;698
740;626;642;694
742;628;640;695
742;626;637;692
741;628;635;688
741;628;633;686
743;635;639;686
741;621;630;681
740;626;630;676
739;630;632;672
736;632;631;670
718;629;629;660
716;657;640;653
711;676;623;621
712;693;656;649
702;694;652;651
694;695;647;647
693;694;639;650
704;678;625;663
711;658;607;669
724;669;614;667
724;654;607;667
723;646;606;665
716;642;596;664
706;638;590;662
704;668;633;663
652;674;625;616
691;687;656;664
683;683;650;655
678;669;639;648
670;628;613;651
666;595;603;652
689;592;602;669
702;612;600;678
723;605;613;688
728;624;620;687
727;648;636;675
718;661;646;642
722;675;645;642
717;671;625;635
713;670;616;631
715;670;616;638
732;674;611;650
732;650;607;652
728;636;600;641
713;575;574;660
689;544;574;661
664;524;583;664
659;519;568;660
653;533;567;661
673;552;563;663
709;616;603;668
734;648;620;664
740;663;620;666
725;634;615;659
699;652;626;646
701;654;638;652
645;618;618;647
620;580;580;641
641;566;585;657
704;628;598;659
733;645;615;653
731;641;600;644
729;621;564;656
724;610;559;657
716;602;565;658
725;623;579;658
709;588;577;658
715;581;576;660
714;582;578;662
678;545;571;660
644;519;574;662
645;486;551;662
643;477;552;663
643;482;552;662
644;488;557;663
671;614;606;627
685;628;618;655
669;599;613;659
657;573;603;661
655;547;583;663
647;512;563;659
701;570;533;664
721;591;568;667
731;601;582;670
732;610;602;670
723;604;599;668
701;586;590;662
608;661;567;580
682;676;650;645
672;655;638;660
664;618;613;657
649;552;577;655
641;481;544;653
647;502;570;660
650;503;573;660
649;499;566;660
690;595;625;672
696;640;620;656
685;631;593;650
683;634;597;645
687;645;614;648
679;643;620;651
679;639;620;653
678;632;617;655
681;637;618;656
683;634;614;655
697;667;618;653
703;684;635;649
702;689;639;651
695;678;635;655
683;637;616;660
664;555;571;663
640;456;533;663
642;485;552;663
644;495;563;66
645;496;564;664
724;609;562;651
738;635;585;661
742;645;591;662
750;660;599;664
752;663;603;664
766;672;615;653
771;677;613;664
766;667;610;668
735;627;582;663
689;552;568;667
632;500;563;665
634;473;549;665
637;495;550;663
638;509;560;665
639;536;567;665
723;649;561;670
742;686;624;676
743;691;628;674
721;682;626;665
692;667;616;657
675;675;622;643
694;681;660;688
661;687;647;637
651;660;630;644
653;632;610;651
645;584;600;654
648;589;606;654
692;585;620;665
717;614;617;662
728;619;609;662
733;623;596;664
730;609;597;665
725;606;609;666
729;631;619;668
738;648;622;670
745;655;627;673
752;657;633;676
753;653;629;675
743;642;624;673
720;618;620;668
707;634;629;664
717;649;583;658
722;661;634;671
721;661;635;675
712;647;630;674
690;590;603;672
693;575;605;677
704;551;578;683
714;605;632;690
719;615;636;693
717;598;630;693
711;587;620;688
700;586;619;683
663;489;582;662
726;592;605;684
734;641;636;690
718;630;640;680
701;640;648;667
692;649;651;651
690;630;625;652
700;642;630;637
713;650;623;658
714;641;617;663
707;615;608;664
695;586;592;663
682;552;575;660
684;538;577;662
694;612;623;668
715;652;639;670
716;658;637;667
709;645;632;666
681;589;614;666
665;543;592;666
643;443;537;662
652;494;559;662
679;564;580;664
702;598;591;663
719;654;595;652
729;666;587;659
724;666;590;658
718;655;591;661
709;620;586;663
688;576;575;663
679;549;568;663
658;501;560;663
683;546;565;664
700;595;575;662
734;669;570;641
736;676;577;651
738;679;579;655
732;673;578;655
723;663;578;657
701;664;574;642
721;681;648;67
724;694;651;662
703;678;641;663
692;656;626;664
678;614;604;663
665;559;577;665
663;539;569;664
659;502;564;659
662;513;580;664
661;509;574;663
657;501;564;663
655;487;550;662
654;485;549;662
655;491;554;663
657;506;566;663
658;509;567;663
657;509;566;663
657;506;562;663
657;504;561;663
657;503;563;663
657;510;564;664
657;512;565;664
657;521;577;665
669;547;624;697
691;580;618;702
688;528;594;691
675;524;582;681
662;496;575;668
656;486;542;668
674;482;542;689
698;506;575;705
698;512;567;712
696;506;574;700
673;523;575;679
660;539;569;667
663;516;558;670
684;521;567;689
709;546;579;706
700;548;577;697
699;542;574;699
693;565;586;685
680;562;572;671
691;568;584;676
719;568;588;710
722;620;613;713
736;572;605;729
713;551;588;712
683;536;581;679
686;558;582;660
701;593;564;663
725;654;535;654
729;667;577;661
725;666;585;662
715;652;582;662
699;610;577;663
674;562;569;663
664;512;540;659
657;492;549;664
654;499;556;666
693;580;568;663
697;589;572;664
716;624;584;669
715;630;595;667
712;621;593;668
702;593;577;668
687;550;567;668
664;512;553;664
663;507;554;668
664;516;565;669
663;518;569;669
663;520;569;669
661;519;568;669
661;517;566;668
660;513;564;668
685;583;644;701
684;507;573;702
658;463;542;666
650;423;522;655
655;498;560;658
695;497;578;697
722;600;627;720
737;545;601;738
709;496;571;710
678;488;549;678
664;488;545;669
660;477;529;666
669;522;550;667
697;549;582;687
704;554;587;694
708;545;577;702
708;537;574;702
700;537;575;695
684;534;578;680
670;534;580;671
668;536;584;670
668;540;594;672
689;547;606;692
695;547;603;691
704;527;593;702
698;547;599;689
694;553;594;680
694;559;594;673
683;537;570;670
681;522;547;668
690;530;544;668
698;555;554;671
704;561;568;672
710;559;570;673
710;557;568;672
706;560;566;671
703;562;566;670
701;562;567;670
700;565;570;670
697;566;571;669
690;568;572;668
691;577;581;669
691;583;592;669
692;588;598;670
689;586;604;669
688;588;613;668
694;588;615;669
690;578;612;668
687;575;609;669
686;570;607;668
682;558;603;670
683;558;604;671
682;553;603;671
681;547;601;672
680;545;595;673
679;540;591;673
679;544;593;674
681;547;598;675
683;552;601;676
686;558;607;676
692;563;609;677
695;574;612;677
696;576;613;676
696;577;613;676
730;640;624;674
749;677;618;656
765;696;627;671
759;690;628;671
755;685;627;672
754;683;620;671
755;678;618;673
735;676;598;644
744;686;605;654
743;682;590;660
739;677;582;662
728;667;578;663
710;635;577;664
726;681;635;658
725;697;643;639
702;656;605;661
670;593;578;663
663;575;580;667
683;592;602;671
704;632;609;671
699;608;611;669
720;648;574;663
731;666;572;660
727;662;584;663
712;633;581;665
690;588;576;667
689;580;575;667
660;508;571;671
692;586;568;666
690;583;563;666
722;644;527;655
726;656;573;663
724;654;590;666
716;632;588;668
709;664;624;663
706;706;658;611
687;686;640;652
674;679;630;644
685;675;637;653
677;649;626;661
671;618;615;666
674;593;601;670
666;533;572;671
657;511;553;667
658;519;561;667
738;632;568;666
725;612;566;666
716;597;568;667
703;587;564;666
719;645;626;672
734;648;628;689
737;641;631;692
744;661;646;695
747;668;654;696
745;667;654;695
745;673;660;700
741;674;661;702
732;662;652;696
680;574;601;672
668;536;580;670
658;475;536;666
663;507;571;666
697;586;621;674
724;644;650;693
723;650;647;689
721;634;639;687
717;624;631;684
709;620;630;681
705;663;645;672
671;682;645;643
697;693;665;671
682;695;664;659
656;662;627;653
656;623;611;653
660;582;597;659
657;577;593;661
664;523;576;657
666;523;587;664
662;515;571;664
699;588;566;662
710;624;612;666
713;628;621;674
709;619;622;679
724;653;652;690
728;631;629;692
737;621;625;697
726;609;627;695
722;611;632;694
733;636;632;687
726;630;622;679
741;645;588;673
744;651;596;671
739;638;562;669
739;643;583;669
734;644;604;670
718;675;632;655
672;668;622;645
679;687;647;642
670;692;659;648
671;688;661;651
664;651;641;659
655;610;622;661
714;563;573;673
721;628;625;678
719;634;632;675
715;626;630;674
698;588;610;669
673;545;586;668
686;599;613;665
686;637;626;662
677;664;629;654
713;673;629;669
724;678;636;679
739;683;632;684
744;683;631;684
739;677;640;685
729;676;638;680
722;667;634;682
713;661;637;683
721;653;636;684
728;627;628;693
733;640;641;696
732;652;647;695
728;668;656;692
715;686;664;684
723;702;681;699
694;703;668;664
684;693;662;663
699;691;658;675
687;672;644;664
695;662;639;668
702;665;629;666
703;639;582;652
709;653;602;651
731;664;602;668
729;665;602;669
724;656;590;670
718;631;579;671
707;614;578;671
699;583;574;672
696;558;566;670
708;585;593;677
725;590;596;687
731;644;646;692
735;655;650;694
733;656;652;691
751;675;657;699
741;681;664;694
739;667;639;687
736;668;647;681
732;667;650;687
717;643;642;676
701;639;643;672
676;638;646;660
667;616;634;666
661;531;584;666
659;500;560;665
659;502;558;665
659;503;558;665
660;509;561;666
662;515;564;666
662;516;564;666
662;514;563;666
662;513;563;666
698;554;625;707
704;528;582;714
682;510;566;679
672;509;561;675
667;525;576;663
661;506;557;667
658;501;553;666
659;507;552;666
660;517;556;666
662;546;563;666
693;667;617;631
721;689;642;664
718;681;634;659
712;666;622;661
717;662;610;663
733;664;591;660
733;636;551;661
744;648;570;666
749;654;591;669
751;660;598;675
752;663;605;679
757;693;617;673
769;702;634;678
769;702;637;678
770;706;640;678
768;712;644;672
757;710;637;668
757;721;659;679
752;724;666;680
747;719;670;684
730;687;655;679
725;631;613;675
730;633;627;681
726;636;633;680
700;614;627;669
716;670;662;676
689;679;649;638
656;671;645;628
656;675;651;632
659;669;646;635
645;620;623;636
669;595;600;644
704;600;518;650
726;651;604;660
735;670;633;668
729;665;633;668
726;688;650;663
716;721;664;587
694;706;653;655
687;696;641;646
652;665;630;651
656;614;600;653
657;589;602;658
649;563;529;636
686;607;561;652
691;607;590;657
693;614;596;658
702;627;598;658
697;627;596;657
692;616;601;660
686;607;608;662
685;591;596;666
682;563;579;666
669;534;577;663
666;529;578;662
660;520;574;662
658;514;572;662
655;514;569;662
655;514;568;661
681;622;566;649
716;680;641;651
717;688;656;663
707;675;652;667
688;647;638;663
713;640;622;662
728;635;600;662
743;645;608;664
749;658;609;665
748;656;602;663
736;632;593;662
734;659;593;660
751;710;596;650
758;719;612;656
755;711;609;648
771;718;597;649
771;714;623;658
763;692;620;661
760;685;612;661
728;626;602;661
695;596;598;659
661;567;593;658
669;652;645;657
684;683;677;685
597;704;676;616
598;692;664;628
595;674;654;630
604;639;643;637
609;598;634;642
611;524;576;624
614;475;559;644
610;574;589;632
657;670;640;647
669;686;656;649
669;679;648;649
652;635;619;644
641;572;592;651
618;458;536;644
620;458;532;648
624;475;546;652
673;607;564;645
700;647;591;650
703;657;580;645
689;624;571;647
657;558;564;649
640;500;560;647
633;491;553;652
633;499;558;652
633;501;559;653
633;507;560;653
645;564;548;644
651;611;582;645
682;672;627;639
688;682;617;645
682;669;601;645
677;646;591;649
699;667;630;658
696;622;586;664
692;603;602;665
705;639;624;671
703;645;631;669
703;664;643;667
695;675;645;664
689;701;652;629
673;685;640;653
674;688;646;648
650;661;629;649
651;632;616;653
656;628;613;652
677;630;614;654
697;639;532;636
705;654;590;649
707;672;613;645
711;677;620;638
708;672;617;637
696;651;605;638
679;610;583;642
656;561;569;644
628;515;546;651
633;493;548;657
633;499;553;658
740;617;525;642
745;634;571;659
736;632;590;661
686;578;579;658
697;583;582;665
711;656;648;678
710;634;637;677
688;588;611;669
658;533;572;663
662;548;585;665
657;540;589;663
671;558;595;666
685;565;589;670
704;633;640;676
708;639;642;680
704;631;638;677
697;610;627;672
688;594;614;670
682;581;595;669
680;613;617;667
675;634;630;662
678;655;639;660
671;672;640;641
670;665;637;655
657;659;633;651
659;646;630;653
657;624;620;655
653;595;606;657
659;602;612;658
654;545;577;656
646;497;541;658
644;495;543;657
645;503;548;658
647;512;555;659
648;517;561;659
648;518;562;659
648;516;557;659
648;514;555;658
648;515;555;659
648;519;557;659
648;521;558;659
648;522;558;659
649;523;559;659
649;522;558;659
649;523;558;659
648;522;558;659
649;524;559;659
693;533;619;699
708;525;621;719
685;547;612;687
675;534;583;674
664;519;571;662
661;524;567;664
664;501;555;673
701;505;571;713
715;487;596;722
687;496;577;701
662;518;573;676
657;513;570;670
670;526;581;681
699;530;588;710
699;528;591;713
678;527;586;693
698;569;599;680
752;638;580;668
754;645;602;667
744;636;605;668
734;620;599;667
719;601;591;667
695;586;583;666
678;584;577;666
647;531;551;660
653;534;563;666
655;541;572;667
655;546;572;667
654;541;569;667
654;532;566;667
665;499;560;710
687;521;595;708
666;528;579;671
649;515;556;661
658;522;571;667
693;532;581;698
731;504;576;736
727;542;603;733
715;542;591;721
678;538;577;679
739;624;569;678
752;650;596;662
754;646;600;667
752;643;597;666
746;634;594;666
728;613;584;664
704;612;584;663
686;612;584;664
713;637;601;670
718;644;632;680
718;653;643;682
713;652;642;677
712;644;638;677
708;639;636;676
704;672;645;671
693;666;642;669
658;666;635;651
690;676;651;665
676;657;630;663
659;617;613;661
658;587;599;663
664;603;615;663
671;570;606;665
660;533;578;665
681;572;595;667
701;607;607;663
705;622;617;663
717;639;599;660
718;640;608;661
710;633;611;661
718;655;620;666
712;672;608;633
729;691;624;648
726;682;600;649
711;671;607;651
689;637;611;654
673;597;611;658
658;560;597;655
657;553;602;659
655;547;598;659
666;592;598;651
685;628;597;654
709;665;614;655
717;680;628;657
712;668;618;659
694;628;595;660
671;551;563;662
642;451;517;661
653;486;541;663
657;511;560;664
659;524;568;665
658;520;564;665
738;668;592;665
734;610;561;664
722;585;557;665
701;573;571;665
701;645;629;656
675;695;650;621
685;685;661;650
660;676;646;645
651;663;637;643
650;639;626;645
652;605;605;653
656;580;589;659
652;514;548;662
660;570;551;659
664;599;560;655
700;668;609;655
707;683;630;659
706;675;630;661
699;659;618;660
709;650;618;668
717;638;624;671
729;666;645;678
722;652;642;675
724;644;635;678
721;640;634;676
717;646;642;677
738;682;661;683
744;678;654;685
743;667;650;684
731;651;644;676
723;654;650;672
708;651;650;666
685;635;645;660
656;599;644;655
691;604;617;659
702;619;586;657
713;649;582;633
726;668;577;653
725;671;591;656
725;667;601;659
721;648;597;661
712;619;583;662
735;621;579;665
729;607;578;665
759;650;571;663
757;653;611;669
754;656;610;668
742;640;597;665
724;603;582;662
696;619;576;656
682;665;568;613
680;682;622;643
685;679;634;650
679;649;622;658
672;603;604;661
733;646;647;688
719;648;647;679
720;637;638;675
714;630;636;672
700;612;636;668
673;575;614;664
657;503;580;668
661;508;578;668
661;507;573;668
660;502;566;668
659;576;597;655
639;624;549;594
677;639;626;663
701;659;630;667
691;632;616;664
698;625;525;641
703;606;536;660
699;601;557;663
685;570;574;666
654;484;601;670
654;507;566;664
654;496;550;663
654;483;538;663
733;580;514;659
;620;578;671
756;636;595;670
750;634;597;668
761;654;575;667
752;651;592;669
741;644;599;656
755;653;592;665
728;623;602;659
706;596;600;660
685;600;595;650
719;688;673;698
675;703;666;642
678;672;639;655
693;668;618;656
704;673;614;657
721;680;608;652
728;681;591;635
724;679;592;655
722;683;618;656
724;688;625;653
737;704;641;660
737;704;649;646
742;696;638;657
747;697;644;659
760;696;644;657
758;689;637;661
749;672;607;658
759;688;622;662
762;694;644;672
764;701;635;664
765;691;629;671
761;688;615;667
747;687;608;663
749;697;615;661
731;684;621;661
768;699;615;661
773;703;622;659
768;695;622;662
748;686;614;662
711;660;602;661
677;623;595;664
646;657;615;643
630;707;650;579
692;707;662;644
671;701;652;641
663;675;628;645
651;646;611;656
664;653;648;
680;628;642;670
696;643;655;663
719;658;666;687
725;672;675;693
727;680;681;696
733;683;681;701
753;673;672;714
754;685;677;708
762;683;672;712
765;679;667;714
768;687;671;716
761;679;666;707
756;676;656;702
754;675;653;699
756;668;631;694
758;687;642;690
762;700;655;693
758;709;662;682
758;713;662;677
747;711;650;663
748;724;649;643
753;726;653;661
759;727;655;674
764;733;662;672
762;733;660;671
751;724;649;664
753;716;629;665
759;707;628;669
765;697;615;672
766;698;621;672
760;694;621;671
737;683;618;666
710;686;627;652
701;676;632;655
653;659;630;648
668;681;648;643
686;670;646;653
683;652;633;655
723;691;646;656
732;694;634;649
738;693;632;656
730;691;637;659
736;698;642;662
733;692;641;662
739;701;650;665
726;679;649;670
735;683;656;682
743;682;651;686
39;672;647;687
747;670;646;691
754;673;649;693
762;686;662;700
765;670;648;704
765;677;660;706
766;689;670;707
757;689;671;697
760;702;684;707
762;704;686;709
761;704;686;710
756;692;682;707
754;693;684;704
746;690;683;698
733;710;687;675
709;726;688;639
713;726;693;659
702;715;681;659
676;671;653;648
679;648;649;655
684;613;641;662
655;495;589;654
675;529;609;660
681;549;626;662
749;683;668;668
750;690;670;667
744;689;671;667
749;685;669;674
756;669;651;690
763;681;666;695
762;669;663;691
754;671;667;689
736;666;667;684
721;632;651;676
701;577;625;669
692;543;610;668
681;550;578;656
714;650;655;668
716;675;662;654
723;673;658;658
722;671;655;660
719;663;647;660
715;650;639;659
709;647;636;661
698;659;649;652
687;678;661;629
690;688;666;636
678;631;634;642
669;615;637;644
672;562;620;654
680;568;624;656
716;627;629;657
713;623;622;652
731;659;624;653
727;655;629;654
717;621;627;657
709;607;627;657
717;606;624;657
727;608;630;664
747;656;643;664
752;658;638;668
743;653;632;663
746;665;652;672
728;640;626;660
732;612;625;687
737;611;637;690
727;591;623;684
709;537;596;676
704;525;591;675
714;543;607;679
734;549;606;689
742;613;642;692
738;603;635;692
723;566;617;681
708;544;606;677
690;543;611;669
710;610;623;630
718;614;618;658
725;626;614;647
733;643;599;654
735;651;612;656
733;650;619;657
726;638;624;658
713;672;648;643
669;696;650;589
710;692;663;643
693;676;656;648
682;663;649;647
674;637;640;646
675;612;632;650
667;535;608;653
677;558;621;656
679;561;622;655
748;623;625;667
726;605;615;658
693;571;616;660
680;538;619;662
675;525;603;659
676;529;603;660
696;600;626;663
705;622;640;660
717;679;631;641
724;695;650;639
725;696;654;640
722;682;647;645
715;650;630;654
686;571;609;658
677;513;577;652
732;582;583;655
750;631;619;668
765;648;607;658
759;634;590;660
744;639;578;655
725;640;588;656
704;613;590;659
709;606;593;663
687;560;586;662
720;697;640;596
720;684;634;658
715;685;641;652
719;690;651;657
718;684;647;658
715;664;640;661
713;677;648;659
695;661;640;656
642;645;625;620
660;668;640;642
676;672;646;650
677;652;638;654
677;603;621;657
679;601;624;656
685;523;606;657
676;484;566;656
671;460;552;654
672;469;559;655
675;494;570;656
680;515;590;658
712;603;633;669
722;609;613;664
715;583;602;666
711;588;615;664
695;584;626;662
692;575;626;661
693;588;613;660
712;643;622;655
702;667;625;657
725;686;620;653
728;677;619;654
727;663;614;654
724;642;612;655
712;610;607;656
697;572;592;658
676;520;561;644
677;499;568;659
677;506;572;660
678;505;575;660
678;507;575;660
677;506;573;660
676;504;571;660
677;505;572;660
676;506;572;660
677;509;574;661
677;530;603;663
708;540;612;709
706;510;597;690
736;584;595;672
758;633;623;679
764;645;612;665
756;634;604;661
749;617;593;660
748;654;599;650
754;694;602;651
753;689;598;651
748;678;581;646
740;663;580;655
726;622;576;656
699;570;577;658
683;511;579;657
687;563;598;661
693;606;613;651
715;667;636;635
723;680;637;640
723;679;632;643
716;655;621;653
701;597;599;658
684;546;586;659
675;506;567;654
676;512;575;658
673;557;571;658
668;605;577;658
671;624;586;659
704;628;589;673
741;651;607;682
753;670;634;688
752;665;635;685
738;653;628;674
715;662;625;650
711;660;633;653
702;685;652;643
698;675;652;646
690;655;637;655
680;631;626;654
679;605;615;656
681;585;613;658
688;606;627;660
683;562;615;664
678;544;591;659
697;581;603;669
702;617;625;666
731;671;657;685
727;691;657;664
722;675;641;664
720;654;623;664
726;636;626;673
715;610;627;672
729;606;625;684
711;576;625;678
709;555;615;677
680;513;587;663
677;483;564;663
673;456;549;661
710;514;580;675
710;552;622;674
726;563;618;688
717;569;620;677
703;558;615;671
690;540;601;668
675;460;550;664
673;464;551;663
679;517;571;664
703;572;619;668
719;587;611;666
730;643;652;675
734;655;656;676
734;653;652;674
731;665;654;670
725;669;653;663
713;651;645;660
681;645;633;651
688;661;645;649
707;660;648;665
702;631;634;666
716;631;616;666
731;656;611;659
732;637;593;655
734;654;603;648
738;652;598;665
733;640;597;664
738;621;602;676
738;621;628;686
728;633;655;683
729;635;660;688
723;637;660;681
714;625;656;676
722;650;652;667
722;653;648;664
735;665;611;642
741;676;634;649
738;673;635;656
729;656;628;658
708;607;616;659
706;595;606;658
675;525;594;659
673;521;596;661
673;520;596;661
674;519;593;661
674;519;593;661
675;522;596;662
684;585;587;651
694;632;623;654
701;676;628;627
717;689;650;644
713;677;642;653
687;596;607;654
678;486;602;662
663;493;566;653
669;499;564;657
671;505;568;659
672;512;573;660
746;618;598;663
753;641;611;666
742;622;600;660
726;603;591;660
707;589;591;659
705;635;617;647
696;674;643;641
689;657;628;641
686;628;617;652
681;596;612;654
688;615;627;655
682;557;620;660
675;527;590;660
671;499;568;659
673;494;562;661
674;509;569;661
675;516;574;661
676;521;577;661
676;525;578;661
675;525;577;661
675;525;578;661
675;526;577;661
675;530;579;661
676;537;585;661
676;540;590;661
677;542;590;660
678;542;590;660
678;542;589;660
678;542;588;660
678;542;584;661
678;544;584;661
679;544;585;661
682;561;594;661
702;610;614;661
728;684;657;664
732;679;648;670
724;670;639;665
716;648;631;666
707;624;621;666
698;599;622;666
728;634;654;685
739;651;647;677
729;604;623;675
716;581;606;673
705;556;597;673
691;536;588;672
669;450;548;667
673;480;556;667
676;505;570;669
678;515;576;669
679;520;577;669
679;520;575;669
716;595;630;676
748;589;618;690
736;589;616;681
711;573;608;669
712;564;597;669
699;557;594;667
711;593;614;668
730;623;624;670
734;625;626;671
741;669;650;674
744;652;641;679
734;623;632;677
725;609;629;677
712;577;615;676
703;558;607;674
697;547;600;672
705;573;618;673
694;573;603;667
681;580;574;665
716;611;558;670
727;623;587;672
735;651;614;672
743;681;633;672
736;683;629;668
721;667;616;657
705;642;597;653
694;612;592;655
679;571;576;660
681;573;596;660
685;567;607;661
691;583;624;662
716;627;650;669
696;566;615;667
691;529;585;668
682;516;575;667
684;515;576;669
684;512;577;669
685;518;579;670
685;521;577;670
684;523;575;670
684;527;576;669
684;526;576;669
684;524;577;669
684;518;577;669
683;518;577;669
682;516;577;669
682;515;577;669
683;515;577;670
683;516;577;669
683;517;577;669
683;519;577;669
683;519;577;669
682;518;577;669
683;522;579;668
642;570;580;641
663;651;634;651
687;667;646;651
689;642;632;657
683;616;621;656
677;591;603;654
669;474;559;661
675;508;573;660
681;529;588;661
680;529;582;661
750;626;594;666
756;626;587;668
742;604;581;663
727;582;584;663
708;555;583;663
678;517;593;665
679;520;579;661
677;506;570;662
677;502;567;662
710;596;576;658
740;670;594;654
738;668;594;655
732;641;591;656
710;598;584;659
674;502;590;665
675;510;578;661
676;517;580;660
678;518;578;661
680;528;579;662
696;601;601;660
693;638;608;641
722;674;638;657
725;681;637;657
722;668;626;658
714;625;602;658
695;559;583;659
731;642;634;661
730;647;627;662
726;643;631;660
724;642;636;662
727;657;645;663
727;668;649;662
723;676;655;658
708;691;652;618
708;687;649;658
688;680;650;654
695;674;647;658
690;641;634;662
687;597;617;665
690;604;623;664
688;545;615;665
684;551;597;657
690;574;603;660
693;603;618;662
706;645;609;662
712;657;626;664
714;642;625;666
700;587;608;666
672;459;563;660
676;494;565;660
680;507;570;662
679;510;571;662
725;614;596;661
761;672;608;645
765;648;598;659
760;644;605;659
748;633;610;658
723;574;591;659
728;601;620;669
716;594;631;671
713;591;633;671
704;575;622;670
698;541;597;669
679;522;597;663
679;508;579;664
674;496;570;662
672;500;572;660
723;564;608;672
731;585;625;685
731;572;614;687
720;568;616;679
705;572;621;671
744;627;631;668
736;615;624;664
758;631;598;647
764;633;604;659
763;632;603;663
759;623;592;665
743;617;602;665
726;675;632;651
724;688;653;64
720;698;666;656
692;669;647;648
675;627;629;643
676;594;618;652
676;569;602;654
669;457;564;658
676;509;579;656
680;518;584;660
698;569;604;664
703;588;592;657
705;597;586;653
699;597;586;651
690;587;591;654
681;557;592;657
682;540;585;659
682;535;579;659
681;542;577;658
687;591;599;658
698;634;619;655
723;690;634;620
723;687;620;648
715;663;597;651
697;600;578;656
714;554;558;666
734;650;651;669
735;635;640;679
718;593;615;671
703;547;588;668
692;525;572;667
695;527;574;670
683;522;589;665
684;530;591;665
682;520;575;664
678;493;563;664
676;517;570;661
724;597;632;679
725;609;637;680
722;581;634;679
727;548;609;687
720;572;625;682
708;588;636;676
696;593;637;668
685;571;622;662
679;536;598;663
703;597;616;663
716;617;616;657
741;665;615;651
739;670;621;651
731;634;588;658
728;627;586;661
718;613;587;661
756;663;599;656
764;652;598;664
756;635;587;656
751;622;584;662
741;610;589;662
722;597;602;663
716;668;650;653
676;688;644;554
664;680;639;624
669;682;645;629
670;677;646;637
680;671;647;641
676;644;637;646
677;600;617;649
684;598;620;655
680;537;589;655
675;490;562;657
686;571;570;650
721;667;570;631
723;685;614;650
710;631;613;660
699;596;590;657
684;513;581;660
679;506;567;660
675;482;560;659
676;492;560;660
740;595;551;659
764;616;580;668
765;636;616;667
763;646;622;668
759;633;611;667
744;605;592;664
729;578;580;660
720;565;577;663
709;583;580;663
674;542;594;665
675;551;582;661
676;589;597;660
711;616;605;665
731;640;630;671
741;645;637;677
740;637;640;678
733;627;640;674
724;624;641;668
700;606;633;661
705;612;637;664
736;623;617;648
761;651;620;659
766;647;606;660
751;627;605;660
728;600;605;661
713;587;603;662
709;582;603;661
689;551;595;665
695;558;582;661
703;581;582;662
715;599;600;662
738;651;618;660
746;665;606;660
746;668;607;661
739;645;607;661
732;684;653;661
724;696;665;656
692;690;659;639
685;660;634;650
678;623;623;656
678;606;616;657
0;585;608;659
683;534;575;656
695;511;557;658
730;558;565;660
758;579;604;676
765;620;586;668
767;626;580;665
767;623;571;665
758;607;576;665
734;574;589;664
714;585;594;661
685;530;579;659
694;564;580;662
713;607;583;661
728;658;575;659
736;672;591;664
735;670;590;664
732;663;594;665
731;657;591;666
718;613;580;667
698;557;566;664
683;513;561;662
681;529;591;665
697;552;612;665
715;608;635;668
;621;629;681
735;645;634;677
729;657;636;671
730;661;640;666
731;660;639;660
711;650;623;645
736;669;611;655
736;675;633;658
732;670;633;660
725;654;624;661
712;618;610;661
693;592;596;661
685;589;594;660
679;632;628;647
702;679;662;655
691;683;658;647
682;656;635;653
669;618;621;655
666;569;595;658
676;540;606;666
666;495;564;657
669;483;558;661
667;487;558;661
705;591;573;658
750;664;566;640
5;679;602;661
758;689;613;660
752;680;606;661
739;633;583;661
708;573;571;663
693;519;566;664
737;590;571;659
762;624;597;662
768;637;587;668
767;636;593;669
764;629;588;668
746;621;588;667
729;628;589;665
734;636;585;670
710;595;576;660
747;646;598;675
756;673;625;674
751;678;626;669
735;674;621;664
715;652;608;660
702;663;623;644
671;669;631;644
676;670;636;648
694;673;642;6
692;660;633;659
686;627;614;662
683;594;596;662
670;488;536;662
667;461;528;664
675;505;564;667
714;613;635;678
728;617;643;689
723;569;613;689
723;560;614;692
729;601;631;693
728;616;636;684
735;646;633;677
738;668;605;643
743;673;617;666
743;673;617;667
732;653;600;666
709;600;585;667
692;557;577;668
674;504;579;669
677;516;580;671
677;516;577;670
675;514;576;670
675;514;575;670
730;635;616;647
736;645;625;668
740;647;624;672
728;621;611;670
702;561;590;670
669;466;557;668
675;512;574;668
676;547;579;667
733;664;618;670
754;670;623;676
762;645;595;671
758;629;582;669
748;616;581;668
725;597;585;665
723;667;647;668
703;667;620;654
679;666;628;646
684;665;632;652
689;663;632;654
687;666;644;651
709;674;664;669
734;704;690;688
735;674;675;695
735;669;675;694
;678;678;692
724;673;676;686
709;656;667;678
756;680;648;677
765;681;629;669
766;674;617;673
761;660;596;674
748;646;602;674
724;620;595;669
698;616;591;668
715;610;601;678
704;600;609;679
726;578;582;689
736;618;624;693
737;636;633;693
729;639;633;686
720;649;638;682
726;675;664;685
726;671;662;687
721;670;661;684
742;701;684;701
742;705;686;703
740;706;687;701
734;704;687;694
710;672;660;674
687;657;644;656
687;593;586;667
682;574;573;666
681;572;572;666
703;617;608;671
722;646;626;684
729;676;656;677
729;669;651;679
719;657;637;674
709;626;612;671
700;619;593;669
696;619;592;668
705;630;572;663
763;678;591;663
769;683;615;666
769;685;618;667
763;678;612;666
745;666;601;663
727;659;593;660
702;654;589;660
712;653;594;663
627;711;637;535
702;729;671;6
697;729;671;646
692;724;666;643
685;713;655;643
681;692;636;644
681;641;610;652
675;612;606;657
680;572;605;660
680;549;594;665
676;525;576;664
670;494;562;663
669;492;559;663
671;508;567;663
672;519;572;664
674;529;580;665
673;531;581;665
675;539;590;664
711;625;638;672
728;667;650;672
728;668;643;670
716;656;639;666
697;624;631;664
685;580;610;664
682;563;611;669
701;648;599;666
692;610;578;663
703;585;568;664
743;611;564;662
770;663;588;668
772;677;607;666
770;673;613;665
760;657;601;663
741;622;586;663
719;589;580;663
711;576;578;664
710;591;611;668
709;598;625;670
708;608;628;665
720;646;649;669
722;650;655;671
721;646;651;671
719;626;641;671
710;598;620;671
698;559;594;671
686;529;576;669
658;438;518;660
669;510;569;664
676;559;615;663
692;594;632;667
692;603;634;668
711;639;656;675
718;675;675;671
732;673;674;691
732;670;675;692
728;679;679;689
720;681;680;677
712;695;683;663
696;704;686;640
652;712;686;601
674;714;689;630
662;706;679;624
661;677;658;630
662;618;632;643
671;612;634;650
673;566;607;647
668;529;586;651
665;528;588;650
666;529;585;652
668;534;591;653
669;542;597;654
669;543;597;654
669;540;593;654
731;651;576;633
755;692;616;647
740;679;618;647
726;657;615;649
719;636;613;653
714;628;610;652
744;665;628;658
770;688;627;646
763;678;630;645
761;672;636;652
757;681;637;651
757;698;638;645
745;706;620;619
752;703;627;644
737;689;631;642
731;679;630;646
715;654;629;647
690;622;631;648
666;589;630;642
667;613;640;643
673;669;661;641
637;683;667;637
653;696;669;628
664;695;671;635
664;680;663;635
666;648;648;639
;643;641;642
672;630;627;639
727;676;622;648
723;688;633;654
745;695;636;658
746;699;641;657
740;697;641;652
753;708;663;662
751;713;669;664
735;703;661;662
721;692;663;660
717;673;658;661
689;647;648;658
680;623;641;661
667;576;610;657
668;545;578;660
668;563;569;657
715;664;659;677
717;677;656;668
710;661;646;663
702;652;632;662
739;671;613;659
766;691;617;659
761;689;629;660
