156.525999999999
158.765999999999
169.619999999999
185.11
149.952
99.5439999999996
153.866
130.556
142.392
110.498
93.2919999999997
49.6619999999998
14.6819999999998
40.3719999999998
121.94
86.3999999999998
113.934
86.2079999999999
64.7899999999999
35.5679999999998
88.2319999999998
77.4219999999999
69.888
33.482
100.948
66.612
116.974
71.0940000000004
78.0100000000004
80.2600000000004
76.9680000000005
60.7960000000004
93.2060000000004
104.022
50.4840000000002
84.1740000000001
83.9379999999999
45.2839999999999
93.584
62.506
76.628
70.652
137.004
58.9600000000001
67.1800000000001
60.928
57.92
84.2319999999999
43.1639999999999
112.562
56.6759999999999
38.2419999999998
86.9619999999999
27.0819999999997
47.1519999999996
67.3859999999996
48.1559999999997
70.2259999999997
36.2259999999997
48.3119999999997
78.9159999999996
59.1019999999995
88.9779999999994
81.8119999999994
28.9999999999994
75.7199999999995
69.8479999999995
12.1519999999995
15.1299999999995
18.6599999999997
54.6679999999998
5.0299999999994
18.0839999999994
47.9999999999993
37.9939999999995
60.5399999999995
5.55199999999951
34.3019999999995
49.6299999999995
70.6039999999995
38.6679999999996
40.9899999999996
47.9199999999995
37.8079999999995
23.8159999999995
50.8599999999996
14.4859999999996
55.0459999999996
11.3779999999997
39.2599999999997
37.2059999999996
63.0039999999997
57.9879999999997
62.6979999999996
75.0639999999993
69.4019999999994
63.4939999999994
69.4459999999995
71.2299999999994
76.0679999999994
69.1059999999994
44.7319999999993
74.8139999999994
63.9279999999994
79.0259999999996
65.4079999999995
58.6459999999996
20.6200000000003
67.1720000000003
61.1240000000003
72.4200000000002
86.5240000000003
36.8900000000003
73.4240000000003
69.5000000000002
61.9540000000001
46.6480000000001
27.1140000000003
23.8480000000002
20.6120000000001
25.1000000000003
59.7460000000002
67.6040000000002
1.95600000000013
27.3980000000001
63.5800000000002
74.0819999999999
97.7319999999999
47.3239999999997
56.2299999999995
54.1739999999994
41.0819999999994
24.0099999999994
59.9999999999993
50.7279999999993
73.4659999999993
47.4839999999994
98.4459999999994
94.7019999999994
64.2879999999995
39.6079999999994
76.8799999999994
61.5539999999995
59.2879999999995
94.5139999999995
63.4719999999995
108.886
83.1819999999996
54.7539999999997
78.2039999999997
66.3479999999997
78.0679999999999
70.0019999999997
76.5679999999996
80.0339999999997
78.7999999999996
33.9839999999998
65.126
61.9399999999999
29.7199999999999
89.778
87.3920000000001
57.9540000000001
53.4980000000002
99.1240000000001
97.6920000000002
70.2260000000001
66.4780000000001
76.7860000000001
50.8019999999998
92.8579999999997
54.4999999999998
25.5939999999997
40.5979999999997
22.5419999999998
82.2039999999997
50.2939999999998
59.5419999999997
30.0839999999997
70.5239999999997
43.5839999999997
49.9579999999997
72.3099999999997
56.3899999999998
60.3299999999996
49.6759999999996
50.4179999999997
95.9239999999996
77.8239999999996
69.5879999999997
33.7199999999999
58.3099999999998
34.6179999999999
54.082
33.1519999999999
95.226
61.88
19.446
62.8559999999999
62.8559999999999
65.49
80.952
47.3340000000003
15.0480000000003
65.3360000000004
54.5900000000004
74.7960000000004
13.9140000000003
63.4840000000003
57.4000000000003
84.4760000000003
80.8660000000003
53.1640000000003
58.7440000000004
73.8640000000004
68.2980000000003
67.4520000000005
67.5020000000004
73.8540000000004
68.0120000000003
55.9520000000003
75.5760000000001
30.4680000000003
31.8400000000003
50.5640000000002
98.1100000000001
69.6440000000002
54.5420000000005
57.4140000000003
70.6840000000007
38.7400000000007
50.2980000000005
84.6080000000005
51.0720000000005
74.1080000000004
79.9320000000007
54.4820000000008
71.2780000000007
68.3800000000007
60.2700000000007
47.8640000000007
82.2960000000007
79.3940000000007
76.3120000000007
41.0940000000007
99.6820000000006
64.7000000000006
76.9720000000007
47.8640000000006
65.7300000000006
59.7120000000006
43.8820000000006
52.5740000000006
56.0840000000006
64.2780000000006
23.6880000000006
35.5600000000004
72.5760000000006
48.4280000000007
59.7500000000011
50.4320000000009
62.9620000000009
62.6480000000009
68.892000000001
32.9580000000005
52.2620000000009
72.5700000000007
50.0520000000008
67.6380000000009
71.3160000000009
23.132000000001
24.218000000001
21.992000000001
51.5200000000009
54.4080000000009
61.5260000000009
53.1400000000009
32.0000000000009
51.1780000000009
57.0920000000009
36.2500000000009
55.1620000000008
59.6740000000009
55.5360000000009
4.06000000000097
72.9040000000009
62.4240000000009
41.8980000000009
34.428000000001
48.8680000000008
29.2700000000009
58.9160000000008
33.1060000000007
91.4720000000005
44.4960000000004
54.3220000000006
45.1760000000006
39.3440000000005
47.1840000000004
14.0500000000002
55.5420000000003
46.6620000000003
58.9460000000003
62.1080000000003
27.6880000000001
70.0139999999999
60.8419999999999
51.4739999999999
72.6519999999999
35.2399999999999
51.92
63.294
66.316
65.292
37.4519999999999
70.54
49.908
68.272
39.1979999999999
36.2079999999999
56.2839999999999
37.5599999999999
64.3299999999999
69.2959999999998
47.1879999999998
47.6259999999999
55.1999999999998
73.0539999999999
52.0839999999998
36.7979999999999
54.89
72.7839999999999
51.622
62.458
93.0300000000001
64.7100000000002
60.3960000000002
47.1680000000002
85.2420000000001
64.0400000000002
60.6620000000001
106.82
43.7520000000003
39.5340000000003
72.4400000000003
50.1780000000002
68.8920000000003
59.7340000000003
39.1440000000002
50.3360000000002
39.8200000000002
32.0180000000001
46.3600000000001
51.9520000000002
47.4860000000001
38.6340000000001
13.4920000000002
72.3880000000001
72.3880000000001
47.6180000000002
-5.12799999999982
20.9180000000006
6.80000000000064
8.70200000000045
31.5000000000005
32.0080000000004
16.9620000000004
-4.04199999999958
4.5900000000006
32.8180000000004
31.8760000000004
8.92800000000022
36.0540000000003
38.6000000000005
29.2780000000004
46.1840000000003
21.5980000000004
16.8180000000003
46.0380000000004
61.9820000000004
76.5440000000004
84.1820000000005
56.9420000000005
51.9240000000007
61.5680000000007
61.5680000000007
65.4960000000007
69.1720000000006
85.8720000000006
72.6020000000005
91.1940000000006
60.6520000000002
60.4940000000001
46.456
72.2739999999999
47.586
91.016
52.7700000000001
27.538
37.83
69.042
46.1440000000003
50.9200000000003
32.9360000000003
51.7320000000003
49.5440000000003
49.0600000000003
64.9640000000003
69.4100000000003
28.7760000000003
51.0740000000002
77.5700000000002
58.092
54.372
46.9059999999999
58.4039999999999
81.4239999999999
35.2179999999996
72.5839999999996
66.1979999999996
69.9859999999996
57.7259999999997
88.3459999999995
81.8719999999995
50.9059999999996
44.5399999999996
54.9719999999996
66.7199999999997
51.9199999999995
62.4319999999994
61.6419999999995
13.1779999999994
62.5699999999993
17.977999999999
52.7439999999991
61.8559999999992
65.1839999999992
51.3939999999992
59.8619999999993
68.8799999999993
74.1419999999993
75.0039999999991
7.0099999999992
29.1299999999992
33.8619999999993
78.1499999999993
57.2979999999994
36.3259999999995
35.2239999999995
47.3159999999996
73.4179999999996
15.6419999999993
42.1479999999992
30.5559999999992
42.7679999999993
37.3619999999993
53.9419999999992
33.8679999999993
52.0139999999992
63.1979999999992
60.1339999999992
43.7579999999991
46.7099999999992
31.8899999999994
45.4359999999997
59.0919999999998
66.8239999999998
45.3299999999998
20.4739999999998
47.0019999999998
47.4219999999998
51.5839999999997
64.4379999999999
54.2959999999998
61.4419999999999
47.9499999999999
40.602
42.744
42.852
29.588
55.6619999999998
62.7139999999999
38.8179999999999
48.2459999999998
66.5699999999998
57.0959999999998
36.6439999999998
65.1320000000001
64.5640000000002
16.2580000000004
94.3440000000005
60.9340000000004
50.3520000000003
55.2720000000003
4.00600000000031
57.0940000000003
34.7420000000003
30.9840000000003
56.7740000000001
63.376
31.944
61.712
34.674
57.2859999999999
60.7359999999999
65.67
35.8579999999999
77.6320000000001
71.462
59.852
59.852
40.694
35.776
72.6539999999999
64.276
40.9639999999999
58.6
31.5359999999999
41.612
38.9220000000001
59.7500000000001
56.7020000000001
8.03200000000015
56.5060000000005
48.3280000000005
18.8600000000005
52.5120000000004
48.2560000000003
59.6200000000003
47.1400000000003
52.1700000000003
37.8660000000003
59.6260000000005
38.5300000000007
66.4280000000008
24.3660000000008
39.8100000000009
13.0920000000008
52.7200000000007
47.2340000000007
12.4100000000008
69.1340000000007
74.7780000000008
73.9740000000007
72.4660000000007
65.4580000000008
36.6080000000007
44.9860000000007
41.6880000000008
42.2540000000006
87.2520000000005
54.7840000000004
53.3920000000006
78.5580000000004
76.4040000000005
42.5500000000004
68.1560000000003
59.7040000000003
45.7820000000004
74.5680000000004
62.0200000000004
104.544
105.312
59.0080000000003
32.0460000000003
75.9779999999998
65.4239999999999
85.8639999999998
58.8999999999998
53.2759999999997
84.4419999999998
64.9379999999998
48.5899999999998
58.0039999999998
52.3959999999997
49.2199999999998
15.7239999999998
46.3999999999999
-0.026000000000181
16.4279999999999
20.21
64.6139999999999
47.774
71.592
21.5300000000001
78.5060000000001
52.7720000000004
52.3700000000003
71.6080000000003
49.7560000000002
63.8140000000001
9.67399999999952
41.2859999999996
34.3839999999996
48.2299999999997
44.2119999999996
31.2899999999997
43.8419999999998
54.5119999999998
46.3419999999999
50.7339999999998
54.2520000000001
37.138
20.014
37.7
66.178
34.1220000000001
30.8700000000001
58.4900000000001
42.7500000000001
50.1100000000001
50.0180000000001
47.5140000000001
62.9659999999999
62.9659999999999
83.3459999999999
61.6059999999998
38.9579999999997
74.5239999999997
58.1379999999998
96.3959999999997
88.8759999999996
56.0199999999998
48.3199999999995
31.6799999999994
24.5219999999995
42.7659999999994
60.1779999999994
65.7219999999995
85.2099999999996
81.4979999999995
58.8059999999996
85.2859999999996
47.4679999999997
49.2519999999997
58.7379999999997
24.5419999999996
32.9979999999994
84.2479999999994
30.3059999999991
37.7859999999993
39.5339999999993
44.2519999999994
34.9739999999994
48.2699999999993
75.9619999999994
57.6299999999993
37.5119999999994
49.3859999999993
82.5599999999992
20.0059999999992
58.8199999999993
49.6159999999992
26.2059999999992
51.7519999999993
66.4239999999994
52.5599999999995
32.0399999999996
32.7779999999997
53.5619999999997
7.63199999999983
82.8199999999997
30.1279999999997
33.2679999999999
24.354
48.9300000000001
35.582
35.472
29.304
42.914
38.0620000000002
35.1780000000002
81.7500000000002
55.4640000000003
44.8860000000004
33.5720000000006
84.9200000000005
49.6120000000008
30.2240000000006
49.5720000000007
34.1700000000006
57.0040000000007
74.1240000000005
49.9380000000004
110.402
77.1300000000005
44.8700000000005
43.7260000000005
65.8740000000005
85.5340000000004
53.0300000000007
82.5400000000005
39.4760000000006
69.5480000000006
51.5420000000004
86.4760000000003
45.5900000000001
45.894
42.3039999999999
74.3899999999999
78.338
65.24
93.7040000000001
72.99
55.1239999999995
39.5719999999995
62.9759999999993
60.6859999999995
54.6139999999992
79.7419999999992
86.0959999999991
74.7519999999992
76.1659999999991
68.0059999999992
61.7979999999992
66.4679999999992
58.5219999999991
111.415999999999
18.9439999999992
41.0159999999992
73.0539999999992
67.9259999999992
15.5859999999992
50.1279999999992
35.6119999999993
57.4719999999994
65.8979999999995
16.9339999999995
45.2699999999995
34.8459999999995
36.5919999999995
30.4019999999996
31.6859999999997
12.9299999999997
12.9439999999997
44.5699999999998
70.6219999999997
53.2859999999997
