130.592
111.488
104.603999999999
103.267999999999
142.233999999999
91.5419999999995
150.013999999999
74.0019999999996
76.4839999999995
70.6179999999995
37.2079999999995
55.4259999999995
17.3699999999996
46.6819999999996
52.0639999999996
105.486
105.486
56.4679999999995
5.2639999999995
43.9359999999995
68.1599999999995
76.2999999999996
34.5579999999996
-2.13400000000047
100.268
91.6459999999996
55.6399999999996
81.4739999999996
54.2919999999995
82.9259999999997
53.538
49.8360000000001
63.806
92.0580000000001
114.29
58.2740000000003
67.0720000000003
59.1080000000003
78.6960000000003
101.234
56.7320000000003
56.7320000000003
79.1360000000004
44.4200000000004
45.5500000000004
114.772
56.4600000000004
80.8040000000004
52.4260000000004
72.0780000000004
59.1020000000004
44.6500000000004
68.9640000000004
93.5200000000004
63.3480000000002
89.7160000000002
10.3460000000003
-13.6219999999997
22.6040000000003
62.8640000000003
109.184
36.1760000000004
33.4980000000003
-0.115999999999588
34.2920000000004
69.0360000000004
65.8880000000004
87.6380000000004
93.5920000000004
134.236
85.2300000000003
37.5980000000004
20.1760000000003
75.4480000000003
33.1520000000003
70.8680000000003
91.6260000000003
8.2060000000003
31.1760000000003
39.6220000000003
44.2280000000002
72.3940000000002
70.1300000000003
47.6240000000004
73.8800000000005
78.8540000000004
57.6560000000003
92.8640000000004
70.9720000000004
-20.4019999999998
34.6100000000002
91.6860000000002
67.5900000000004
14.2940000000004
43.4260000000005
52.3140000000005
6.10800000000046
15.4720000000005
68.4380000000005
103.020000000001
78.0600000000006
78.4440000000005
32.0220000000006
26.4300000000006
65.5440000000007
93.2880000000006
52.3260000000007
47.8200000000007
53.2220000000008
10.8820000000004
46.5460000000004
42.04
34.6839999999997
50.7199999999997
91.0739999999996
133.802
46.8839999999997
64.4479999999995
106.708
82.9819999999996
36.5079999999995
88.2839999999995
96.2359999999995
112.105999999999
88.9219999999995
36.3939999999994
38.2879999999992
10.6439999999992
17.2119999999994
54.7359999999994
59.4039999999997
66.3659999999998
67.2539999999998
13.9339999999997
76.5939999999997
-22.8500000000001
99.5819999999999
65.3839999999997
36.5719999999997
63.9239999999997
70.6959999999997
34.6779999999997
71.3019999999997
66.1459999999997
92.5479999999997
87.9959999999997
62.0299999999998
47.5159999999997
94.3939999999997
103.246
98.4859999999997
90.5519999999997
116.558
147.504
84.8759999999997
103.42
91.5159999999996
106.05
93.1379999999997
106.718
62.0079999999998
-0.0600000000002865
26.3399999999996
13.7319999999996
70.5599999999997
83.0439999999998
100.774
45.8979999999997
79.9159999999998
92.5379999999997
92.5379999999997
101.892
84.3859999999996
54.5599999999998
46.5659999999998
29.6959999999997
44.3439999999996
70.3979999999998
31.694
20.2520000000002
37.9319999999999
58.6579999999998
17.1639999999999
-21.2840000000001
-36.3200000000003
29.7139999999997
61.1459999999997
40.7299999999998
1.04999999999973
11.3399999999997
6.1759999999997
-3.87600000000043
125.18
30.0980000000004
-12.0899999999997
17.4020000000004
-4.15599999999961
-26.5659999999997
30.0200000000003
56.6140000000003
64.4900000000002
44.7420000000002
52.7600000000001
86.128
67.3740000000003
59.0280000000002
74.4500000000003
59.8420000000004
86.9400000000003
102.842
97.9060000000003
75.2740000000004
69.4800000000005
48.0320000000004
15.8940000000006
108.712000000001
60.1700000000004
23.7980000000005
30.5240000000003
59.6120000000002
66.5640000000003
9.7560000000002
46.5140000000001
32.3960000000002
58.6840000000002
45.1700000000001
14.234
52.982
19.9
3.88199999999995
25.5100000000001
42.4039999999999
23.8779999999998
79.4259999999998
43.3099999999997
43.3099999999997
52.0879999999997
56.9039999999998
50.8939999999998
67.8399999999998
99.3879999999999
-7.6840000000002
52.0619999999998
41.7199999999998
58.8279999999997
79.04
67.4599999999998
42.1559999999998
99.8079999999998
6.45599999999945
43.8719999999997
42.5339999999997
48.504
55.9220000000001
51.9840000000003
35.5560000000003
53.1260000000002
73.6540000000001
-16.0599999999997
-53.4919999999998
-33.0579999999998
23.5560000000002
8.50200000000018
10.8340000000002
30.7820000000003
58.5380000000002
24.9180000000003
50.7760000000003
19.7840000000004
75.1600000000004
82.9120000000004
68.6040000000005
67.5760000000006
62.2780000000005
64.3320000000008
16.3860000000008
46.7260000000007
59.6100000000007
58.5200000000007
30.0420000000006
21.1320000000006
38.4480000000005
82.4100000000005
12.8480000000008
5.17200000000071
10.1460000000006
-10.4319999999992
14.8840000000008
27.8900000000007
19.4060000000006
-2.2219999999993
-26.6879999999991
45.302000000001
25.8800000000009
26.0720000000009
44.8520000000009
8.67600000000084
20.0880000000006
70.2000000000006
36.5940000000006
2.40600000000063
13.5300000000007
17.6860000000005
1.2480000000005
29.9340000000005
39.8280000000004
58.2680000000004
18.0019999999998
33.3359999999999
32.0219999999999
17.05
28.77
44.646
35.9859999999998
38.6099999999997
67.2899999999999
26.2699999999996
62.0639999999997
83.6879999999998
33.6239999999995
-14.4760000000005
3.76199999999949
33.3459999999994
-29.8740000000005
41.0239999999995
29.1659999999998
-3.52200000000028
19.7519999999998
49.7819999999999
53.436
43.384
47.8600000000001
33.09
55.826
1.34199999999998
15.1899999999999
-7.13200000000006
16.9799999999999
73.1279999999999
61.4459999999992
45.7879999999992
35.6379999999992
40.1219999999993
29.6919999999993
68.0659999999993
47.5939999999991
46.2879999999991
37.445999999999
35.8059999999992
46.7739999999992
68.2139999999991
39.7219999999991
44.6579999999992
52.4499999999993
16.9479999999992
-6.55600000000072
20.6499999999993
22.9759999999994
6.65799999999945
26.6139999999995
22.6439999999994
8.31799999999953
-12.5120000000005
65.9339999999995
43.3479999999994
41.7139999999991
39.3879999999991
50.8499999999991
75.0059999999991
45.6159999999988
51.8719999999989
31.5439999999991
24.2639999999992
11.3879999999992
33.4299999999993
21.9419999999992
26.1559999999993
34.7579999999991
13.7219999999991
8.40399999999909
-5.86200000000088
22.4599999999991
30.4479999999991
36.4579999999991
30.3639999999992
10.3919999999993
21.6039999999995
24.1559999999996
18.8279999999996
18.4959999999996
63.5999999999998
24.9219999999999
62.5279999999997
70.2279999999997
63.0039999999997
43.0519999999997
63.2859999999998
70.8859999999997
90.7099999999998
54.3759999999996
25.0179999999996
28.0459999999996
34.9219999999996
22.0499999999995
15.1399999999995
51.0659999999996
-6.81200000000013
21.6119999999999
20.204
68.5939999999999
68.5939999999999
57.072
60.25
41.5559999999999
12.1559999999997
33.1399999999996
58.0339999999994
12.8239999999996
17.1839999999996
22.1379999999996
15.4539999999995
11.1219999999996
48.8139999999996
70.6659999999996
32.8079999999995
53.4559999999996
61.9479999999996
49.1519999999996
39.2239999999996
42.0179999999997
77.2779999999997
24.7439999999993
22.7359999999992
28.9119999999991
30.7039999999992
-8.96800000000087
40.1339999999991
-21.0360000000011
21.783999999999
28.3519999999993
33.5439999999993
46.4499999999994
9.81399999999962
41.8379999999995
31.9559999999994
41.1019999999993
54.5599999999993
23.8819999999995
28.1759999999995
39.6739999999994
44.2479999999995
2.01799999999935
29.0819999999997
34.6359999999996
53.5979999999997
56.9679999999998
60.0039999999999
51.0119999999998
59.9879999999998
52.4439999999998
50.9579999999997
67.9259999999997
31.8140000000001
30.0640000000001
48.684
56.3920000000002
19.7480000000002
25.8720000000002
56.4100000000003
50.4660000000003
85.1360000000003
53.6160000000001
49.3860000000001
40.5600000000001
26.978
16.9040000000001
12.1739999999999
34.3279999999999
42.2780000000001
28.5640000000001
-2.00199999999995
12.552
31.038
-46.4059999999999
13.7920000000001
11.2259999999999
15.1079999999997
27.3839999999997
28.9099999999996
9.26999999999964
14.3679999999996
34.7099999999996
51.6399999999996
29.0599999999996
29.9839999999997
61.2139999999998
42.8119999999998
8.35599999999977
56.6179999999997
42.6439999999999
56.4199999999998
46.2860000000002
49.196
66.3580000000002
17.9699999999999
-0.994000000000028
18.7059999999999
17.9160000000001
42.996
70.08
27.7959999999999
58.9359999999999
25.6159999999995
50.6759999999996
31.5339999999995
57.9499999999995
53.1999999999995
47.7059999999992
95.7679999999991
53.1879999999993
41.9259999999994
70.3259999999993
31.5099999999995
34.4079999999994
46.1859999999995
64.3719999999993
59.6319999999993
37.9079999999991
25.319999999999
39.843999999999
61.3099999999989
12.495999999999
18.4199999999989
21.8339999999992
-37.7900000000008
20.4159999999991
8.90799999999922
9.2699999999993
20.117999999999
35.8159999999991
53.6219999999992
59.3959999999993
34.1239999999993
25.8539999999996
24.2679999999993
47.7639999999993
57.2599999999994
48.7219999999995
67.3499999999995
41.4659999999994
21.3959999999995
56.5259999999995
67.0279999999996
71.4619999999994
54.0139999999999
26.4459999999999
24.3439999999998
26.5399999999999
34.5739999999998
31.5959999999998
42.1919999999998
-8.06000000000029
44.6519999999998
0.0739999999997281
7.91799999999978
21.0239999999998
17.5379999999999
22.7199999999999
32.9779999999998
-20.9920000000001
5.34199999999964
-13.7700000000006
43.673999999999
33.8479999999995
-1.12000000000057
33.2499999999994
15.8059999999995
47.2359999999994
45.5119999999995
51.0899999999996
37.0379999999996
24.1679999999996
42.7559999999997
-14.7160000000003
11.5559999999996
-5.70800000000031
36.076
44.3840000000002
40.0200000000002
36.7860000000003
84.6340000000004
38.8980000000001
44.6560000000002
42.9060000000001
37.5180000000001
80.7560000000002
52.5380000000001
54.4300000000002
62.9640000000003
61.5660000000001
73.1920000000002
62.9720000000002
54.0280000000002
52.2280000000003
63.3280000000002
67.5160000000003
7.53800000000024
3.49800000000027
-13.7999999999997
13.4080000000002
8.98400000000049
-14.3919999999994
-19.8599999999994
-12.1119999999995
8.30800000000045
-61.4419999999997
-42.5719999999994
-21.8439999999997
-57.2719999999999
-26.0019999999998
1.41199999999992
27.8699999999999
39.5199999999999
41.0299999999999
52.6839999999999
54.5879999999999
28.6739999999998
29.8519999999996
-14.4860000000002
-31.5760000000001
16.9479999999999
23.728
18.6220000000001
61.342
49.8099999999999
40.5919999999999
40.4400000000001
44.6540000000001
51.1520000000003
50.5060000000002
70.3820000000003
2.36000000000024
5.68600000000026
22.9280000000005
34.9000000000004
22.1200000000003
52.6300000000007
67.1560000000005
67.9780000000004
41.4220000000003
42.3980000000004
44.7580000000004
-9.05399999999975
34.6440000000002
30.1799999999997
21.2819999999997
22.9219999999998
11.91
17.9999999999999
41.4160000000001
43.7839999999999
51.492
38.8419999999998
42.6619999999996
25.1099999999997
-6.32000000000028
11.3719999999997
-24.9680000000003
31.4659999999997
-14.6620000000003
41.3579999999996
36.3819999999995
12.7559999999996
32.8259999999996
28.9019999999994
48.3719999999995
44.7879999999994
57.6899999999994
52.3839999999994
-15.2880000000005
45.6379999999996
38.3119999999997
29.5659999999996
17.8999999999994
47.7319999999992
53.189999999999
78.4059999999992
56.4599999999991
55.4959999999991
40.711999999999
46.163999999999
20.4819999999989
29.8079999999989
24.2539999999988
41.9839999999988
-10.8100000000012
34.9319999999989
11.6739999999987
-4.3820000000012
-21.660000000001
-17.128000000001
-2.98200000000077
2.1539999999992
7.45399999999927
0.795999999999253
-11.1360000000004
-11.0940000000004
-28.8919999999998
14.7200000000001
9.48399999999992
-2.17600000000004
-2.74200000000008
1.64999999999998
5.49400000000003
53.264
31.9699999999999
36.346
40.478
25.178
30.364
17.932
51.9100000000001
77.77
30.1039999999997
69.3519999999999
81.5999999999996
78.8959999999997
73.6579999999992
82.0479999999992
30.1339999999996
46.7659999999995
50.9299999999995
54.4919999999997
81.9979999999998
49.114
50.1539999999998
51.5539999999997
55.3199999999997
41.7679999999997
26.0459999999996
33.3219999999997
52.3579999999996
32.8159999999997
44.6319999999998
39.7559999999999
25.9239999999999
43.9499999999999
31.4060000000001
25.998
20.9680000000002
14.3719999999998
15.8199999999996
2.43399999999963
14.1639999999999
-4.70600000000013
8.26999999999998
-37.134
40.3860000000001
27.6440000000001
18.0599999999998
18.0599999999998
-10.59
15.742
12.924
7.99000000000001
-5.49600000000009
-12.1800000000001
14.2719999999999
16.4259999999999
30.2639999999999
-8.74600000000009
-13.8800000000001
45.7399999999999
3.31999999999971
18.4739999999996
33.3819999999995
32.3239999999995
34.6519999999997
51.4979999999998
51.1399999999998
22.7219999999995
34.2979999999997
45.9879999999997
56.6319999999996
56.5839999999995
70.9139999999993
-50.8380000000006
-23.4580000000007
31.3659999999994
20.3499999999993
37.3199999999994
13.8459999999993
-1.63800000000072
-12.8560000000007
10.2239999999993
11.1679999999993
38.1819999999993
26.5299999999994
28.7679999999993
24.1859999999994
52.8599999999993
65.5879999999994
50.7179999999995
35.5559999999998
27.4719999999996
32.2379999999995
42.4079999999996
61.5339999999997
21.5859999999997
37.7859999999996
43.8519999999997
46.3119999999999
46.1679999999999
50.1759999999998
24.6299999999999
30.6319999999998
59.9319999999998
35.9119999999998
20.7379999999996
17.2039999999997
-20.5780000000003
-9.8340000000004
12.8619999999996
24.8519999999996
-27.1180000000003
-12.15
26.4600000000003
-36.018
-18.4399999999999
-40.0479999999998
9.0160000000003
-57.6499999999998
-3.89799999999968
1.7960000000005
25.2380000000004
30.5820000000004
33.7280000000004
38.4400000000004
68.4340000000003
56.6320000000005
75.3280000000005
70.8000000000005
77.5000000000005
77.5000000000005
78.3900000000004
67.7800000000003
72.8380000000001
35.848
38.0639999999997
52.0819999999997
9.16399999999965
20.5359999999995
-7.42200000000059
-18.2540000000005
6.85799999999961
30.9999999999995
40.3139999999997
59.6639999999998
54.7959999999997
42.7919999999997
39.3339999999996
24.6119999999995
26.3539999999995
45.6239999999995
13.2379999999996
-3.06000000000017
7.10800000000017
42.8260000000002
9.60800000000029
-12.0859999999997
32.0240000000002
69.6960000000001
58.5260000000002
49.4940000000001
45.7480000000002
51.9660000000001
13.0200000000001
49.816
37.3380000000002
29.1680000000002
51.4640000000003
46.1440000000002
43.1720000000004
50.4920000000003
51.9820000000002
-74.6819999999997
6.81200000000035
-4.64399999999978
-8.5559999999997
-4.02599999999984
-25.9179999999999
-32.9959999999998
-0.933999999999628
-48.8199999999999
-41.3039999999999
-41.1539999999997
