62.0772641509434
155.095264150943
-25.6447358490569
37.2012641509432
55.2452641509435
94.5532641509434
50.4852641509439
9.02926415094446
36.8772641509446
75.3372641509444
146.775264150944
81.9352641509444
76.3212641509434
93.1292641509434
80.8672641509444
129.103264150944
76.8692641509444
23.703264150944
37.541264150944
78.3132641509444
68.3712641509444
124.763264150944
68.8272641509444
96.9972641509444
56.4672641509441
80.6892641509444
76.9452641509444
50.0092641509442
-30.6527358490559
-6.94073584905583
9.68526415094416
-37.3907358490559
-5.37673584905593
-3.21273584905593
18.6692641509441
68.3252641509444
22.4532641509437
-9.05273584905654
-28.5667358490566
12.9332641509434
55.9832641509435
37.7612641509436
32.6272641509434
32.9472641509432
-4.87273584905643
2.30726415094347
2.42526415094356
46.2212641509435
14.8972641509436
-0.204735849056433
22.4612641509435
-5.65073584905644
23.5332641509435
4.86926415094376
34.923264150944
-26.778735849056
18.999264150944
14.5892641509438
-2.53473584905623
23.4192641509438
50.4572641509437
14.9752641509437
20.8212641509438
18.2852641509437
16.7992641509437
22.1832641509436
27.5132641509435
26.9712641509435
36.1852641509437
36.3072641509438
23.4812641509437
-57.7947358490562
-24.7727358490563
1.27326415094377
64.6052641509434
23.1612641509437
-28.7047358490565
8.68726415094346
-12.7027358490565
3.76926415094346
-6.03073584905643
-17.2667358490564
-45.1327358490566
-51.4947358490566
-94.2807358490565
-108.436735849057
-115.490735849057
-72.8287358490567
15.0212641509436
47.8192641509435
-9.78673584905653
20.2912641509435
15.7252641509434
14.4792641509436
30.3512641509435
-148.198735849057
-114.418735849057
-43.8187358490564
-33.1067358490564
-57.5107358490563
-35.4387358490563
-1.43273584905634
1.82726415094366
44.9132641509437
0.375264150943664
-34.0767358490562
-3.33073584905623
3.72126415094367
14.8532641509437
-19.0827358490565
18.4892641509433
74.3612641509434
12.7612641509434
39.4672641509434
41.0272641509434
32.3032641509435
87.0472641509434
49.6852641509434
56.5192641509434
19.7252641509434
35.2332641509433
31.3572641509431
85.3912641509434
36.3692641509433
34.0512641509433
28.0472641509438
33.1072641509437
28.4092641509436
23.8432641509435
-19.8707358490565
-15.9007358490566
9.72726415094346
-0.334735849056436
-8.04873584905634
-11.2807358490565
32.3252641509433
36.9112641509432
47.4852641509433
2.03926415094327
-21.0687358490567
-7.15873584905663
34.9612641509434
7.06926415094337
9.09526415094327
12.5532641509433
30.0712641509432
26.7452641509432
12.8572641509434
22.7272641509433
11.2452641509433
2.75326415094327
20.1812641509434
24.0712641509434
37.1852641509438
23.9472641509437
-28.2027358490562
-77.4247358490563
-50.6027358490564
-89.9087358490564
-39.6467358490563
-26.6547358490563
8.32526415094367
6.31726415094357
-62.7707358490564
32.9812641509437
74.2952641509434
-70.8727358490565
-62.9107358490565
-52.2287358490566
-46.5687358490567
-57.6927358490568
-84.3467358490567
-32.3427358490569
1.67526415094316
-13.5767358490567
-50.6967358490564
4.36126415094377
47.6532641509438
43.8972641509439
-13.1607358490562
20.2912641509437
-4.35273584905634
-11.3427358490563
16.3932641509437
53.3912641509437
82.7352641509444
97.4672641509434
47.7892641509436
51.0372641509437
32.5072641509436
13.1772641509436
33.9952641509437
42.8312641509438
31.3092641509437
38.0652641509437
4.50326415094297
2.38326415094296
27.781264150943
2.25126415094287
-4.52673584905713
-25.5967358490571
-29.1587358490572
-12.6907358490572
36.5172641509429
52.0692641509429
-25.908735849057
-7.43073584905704
65.1612641509434
27.6852641509437
-13.7167358490565
7.55926415094356
-15.5447358490563
-14.0047358490564
9.63526415094366
17.063264150944
1.27326415094377
1.68726415094377
-41.3027358490563
-5.50473584905634
-18.3187358490562
13.3632641509439
1.90526415094376
16.1552641509439
-7.37473584905614
-7.86273584905614
-20.0767358490561
17.9292641509438
4.34326415094336
-10.2167358490566
6.65726415094336
-27.6107358490568
-3.81073584905673
34.9312641509433
-1.11273584905683
-2.43073584905653
-9.40273584905684
-9.01073584905684
0.267264150943063
14.4332641509433
11.4232641509431
-50.7187358490574
-43.9847358490577
-24.9027358490573
-8.30873584905724
7.95926415094267
6.84726415094266
24.9492641509427
10.1392641509428
-6.04873584905703
-24.1707358490572
-67.8107358490573
18.1092641509428
30.6712641509428
9.87326415094277
8.72726415094277
-4.74473584905724
-52.5587358490575
-79.0787358490575
-21.3707358490574
-42.244735849057
-67.766735849057
-51.2787358490569
-29.2687358490569
-4.86073584905684
-13.342735849057
-7.16873584905704
-13.2827358490572
36.7472641509429
-14.226735849057
7.35726415094287
-35.9587358490571
-27.1987358490571
2.57726415094287
24.501264150943
54.1892641509431
12.2772641509433
24.4912641509434
-18.3987358490566
1.53326415094337
-21.5407358490567
1.82526415094336
16.3532641509434
-3.42073584905653
-21.2927358490565
-25.3787358490566
1.50326415094327
24.2472641509434
16.5472641509434
3.31526415094356
19.4892641509433
31.7812641509435
25.8572641509433
10.8092641509431
37.9392641509433
27.0472641509432
25.6432641509432
-20.5167358490572
2.00126415094257
24.1052641509426
12.7872641509425
8.46926415094266
3.60126415094287
38.5032641509429
-37.8647358490571
-11.938735849057
-40.5887358490571
-32.5667358490571
-12.0927358490569
5.25726415094297
-8.12673584905684
-9.97873584905684
-91.5987358490566
-11.9007358490568
0.311264150943167
17.011264150943
-70.2507358490569
6.65126415094296
-3.48273584905704
-80.4807358490572
-8.89073584905703
-1.46473584905713
-8.16073584905714
-25.880735849057
-49.8787358490571
-73.5647358490571
-31.1167358490572
10.213264150943
5.85326415094286
-3.75073584905714
-9.99873584905723
-44.9427358490572
-102.656735849057
-40.9547358490571
-18.0667358490572
16.9872641509428
0.745264150942667
-5.21273584905723
3.45926415094277
25.341264150943
16.8872641509438
13.5692641509437
24.0112641509436
14.9972641509436
-2.29073584905643
14.4652641509437
-60.9647358490565
-9.88873584905653
-22.3307358490564
-11.2047358490563
-24.7687358490563
-66.3607358490565
-17.4587358490564
0.585264150943168
-25.636735849057
-16.4427358490568
-45.4787358490569
-22.9087358490569
33.941264150943
14.5772641509431
2.84926415094296
-13.688735849057
14.7752641509429
-7.85873584905723
27.9572641509427
66.2272641509424
1.66526415094266
21.1752641509429
9.11126415094287
40.977264150943
48.507264150943
6.89126415094297
32.1772641509431
4.06526415094287
15.7772641509428
16.6472641509427
41.4792641509426
36.4192641509427
9.87726415094266
62.8952641509424
14.2572641509427
18.7952641509427
2.61926415094256
32.7492641509426
-10.7967358490573
20.6852641509427
53.7692641509427
-59.9107358490572
-67.9107358490572
-31.4887358490573
-13.5927358490574
7.33126415094257
7.33126415094257
23.3532641509426
-21.9247358490572
-21.6667358490573
9.16526415094256
-1.63473584905744
-0.996735849057238
-27.5867358490569
-15.7287358490568
-10.1187358490569
10.973264150943
8.49126415094297
29.2812641509431
19.3872641509432
35.2572641509431
-10.8107358490563
-0.0787358490563363
-30.0447358490562
-0.504735849056338
0.219264150943665
-64.6527358490565
-69.7967358490565
-15.9267358490566
-24.0567358490565
-11.2367358490566
-1.61273584905643
-7.42473584905643
13.4352641509435
21.9952641509434
38.0692641509435
-12.6127358490563
-23.7867358490563
-6.36873584905634
-8.70473584905633
-2.99473584905633
29.7972641509437
57.9572641509436
32.3112641509437
9.74526415094356
33.6252641509436
35.5912641509436
44.1432641509437
62.6912641509434
18.2912641509438
-31.5187358490562
-9.05073584905623
-0.110735849056233
-15.5867358490562
-29.7147358490562
-29.7147358490562
17.4812641509435
-28.7647358490564
3.85126415094327
38.7972641509433
-7.10273584905703
3.62726415094296
13.403264150943
34.4432641509429
-2.07473584905703
2.84926415094296
12.217264150943
9.86926415094287
26.7572641509429
-2.84073584905723
-11.9207358490573
1.83326415094287
-31.4467358490572
-23.8907358490571
-29.5587358490574
28.9892641509426
-19.9107358490572
-3.39473584905733
-10.8087358490574
-5.29873584905744
-9.10673584905744
14.6372641509427
-6.71673584905744
-33.1727358490575
-33.1727358490575
18.6252641509427
9.81526415094267
22.0592641509427
4.65126415094267
-13.9527358490573
20.4332641509427
-24.4547358490573
-32.1727358490573
-46.4627358490571
30.229264150943
-0.174735849056937
-38.6967358490571
-37.0147358490571
-23.020735849057
-40.0727358490566
11.3892641509434
27.1292641509433
28.1092641509432
-11.9287358490568
3.86126415094326
56.7612641509431
44.6332641509431
11.5972641509429
14.503264150943
14.503264150943
7.21326415094286
3.97326415094287
23.3492641509429
-15.6787358490571
41.7992641509428
22.2172641509428
-1.96473584905713
21.7312641509429
-24.4467358490569
21.4472641509431
27.6992641509429
38.259264150943
26.0552641509429
3.15126415094286
-35.290735849057
-1.80073584905703
39.0772641509429
18.1532641509438
19.2892641509437
9.97126415094367
0.731264150943666
11.5912641509438
15.1052641509438
2.27526415094366
-7.33473584905634
14.0352641509438
-26.6027358490562
-16.1127358490561
-3.56273584905603
4.07526415094407
-47.3127358490558
-41.380735849056
-38.2587358490561
-26.806735849056
-40.5607358490561
-20.364735849056
-14.922735849056
11.5892641509439
-13.9507358490561
12.821264150944
1.21926415094396
15.8532641509441
-25.0827358490561
-18.5767358490561
22.5092641509439
13.9432641509438
36.9472641509439
2.19926415094366
5.53326415094357
19.8632641509437
17.4092641509437
13.577264150944
16.467264150944
32.253264150944
19.0512641509439
2.18926415094386
17.3932641509439
-8.50273584905613
2.19526415094386
-0.182735849056037
-9.61473584905604
-7.70473584905604
17.767264150944
15.8132641509438
22.7592641509439
0.0892641509438619
-28.8887358490562
-37.4467358490563
9.32726415094366
-33.9727358490564
-36.9527358490564
-36.7947358490565
-50.7787358490564
-4.45873584905644
14.8112641509437
-12.9727358490564
-3.95073584905644
-35.2327358490566
-14.9927358490565
18.1912641509435
8.10126415094336
-8.44273584905674
-19.8927358490566
8.10326415094337
-20.1227358490566
13.8072641509433
7.75926415094327
-36.2747358490567
-3.32073584905673
-13.3467358490567
18.9132641509433
24.7432641509431
23.3372641509432
5.36126415094316
-23.6607358490565
5.74326415094327
4.05726415094316
-12.8367358490569
31.7772641509434
-0.432735849056833
-80.1267358490567
1.60326415094347
3.62926415094376
9.33126415094387
-15.5207358490564
11.7172641509434
-23.5347358490567
14.1912641509434
-20.3347358490566
23.5132641509433
-7.14073584905663
-27.4287358490567
-22.3527358490567
-27.7327358490568
-20.6127358490567
-18.9787358490568
-20.5687358490566
-7.84273584905674
-26.3227358490567
-3.62073584905664
-29.0707358490566
2.07926415094337
-5.84273584905664
24.9472641509435
2.83526415094317
0.523264150943163
-14.6487358490569
-8.86873584905694
30.3052641509429
-1.86273584905714
-5.10473584905704
-17.6727358490571
12.519264150943
5.06326415094286
8.47726415094287
1.57926415094296
-8.24473584905693
-13.3947358490569
-2.00273584905693
-0.172735849056835
18.2552641509433
-29.7707358490568
-37.318735849057
8.23926415094297
12.127264150943
-3.37273584905694
1.89926415094307
2.94926415094307
-3.13273584905694
-8.83073584905663
1.92726415094327
-13.9227358490567
-10.4687358490565
-18.3687358490565
-6.73873584905653
-16.8487358490565
2.25926415094327
-13.2887358490569
-39.7627358490567
-91.0067358490565
-117.162735849057
-46.0727358490566
-21.1727358490567
-45.5647358490568
-20.8367358490568
-19.6187358490569
-6.73673584905684
-0.912735849056737
-65.0847358490569
-25.8647358490568
-3.47273584905693
-6.72073584905694
-13.7807358490569
2.26526415094327
-24.7267358490568
0.265264150943167
-1.07873584905683
-12.5287358490568
-10.0567358490568
-28.1827358490568
-59.032735849057
-10.798735849057
3.27126415094286
17.657264150943
-18.736735849057
7.25526415094306
-1.29473584905683
21.6872641509433
33.6732641509434
0.133264150942964
-19.832735849057
20.8452641509432
-34.1627358490568
-60.7527358490568
-24.3247358490568
-7.86673584905674
-18.6867358490567
-117.736735849057
-69.4627358490566
-77.1087358490565
-52.2107358490567
-34.1107358490569
11.1612641509431
9.08526415094307
31.9352641509431
-1.22473584905664
-24.3087358490569
-24.6307358490573
-0.104735849057334
42.4352641509427
-16.9907358490574
6.37526415094256
19.4472641509428
29.4992641509427
4.64126415094277
-15.9367358490572
-4.66273584905723
-9.32273584905714
5.10926415094286
-4.85873584905693
-21.1567358490569
26.573264150943
1.23326415094356
0.759264150943565
-0.0887358490562349
3.38726415094386
-37.3967358490561
2.40726415094397
-27.5427358490558
-83.5527358490557
-36.7587358490557
-66.5647358490557
-71.6747358490556
-51.0767358490557
-28.0687358490558
18.2652641509443
-16.0027358490556
-5.13673584905563
-53.9267358490556
-53.3187358490555
4.46326415094436
35.1552641509444
37.7212641509443
-41.6767358490557
-94.4747358490557
-67.8507358490557
-66.4547358490556
-15.7667358490553
12.3912641509447
14.2352641509448
27.1972641509449
14.1812641509448
11.1532641509444
18.3512641509444
-8.05273584905584
-38.2007358490561
1.45126415094376
26.0732641509436
40.0132641509434
48.4212641509433
47.1052641509431
2.80726415094306
-1.98473584905683
-18.1867358490568
-15.7527358490569
23.8932641509432
-13.7767358490568
2.20126415094307
-9.28073584905693
48.4292641509431
14.5672641509432
10.9612641509431
-11.1167358490571
-11.6767358490571
24.2252641509427
37.4772641509428
-51.6727358490573
-7.71673584905744
-30.9227358490572
5.49526415094297
8.20726415094276
-5.01673584905694
17.3552641509431
-2.70873584905684
8.52726415094357
-10.1347358490561
-7.93273584905614
-9.73073584905613
11.9312641509438
-10.0247358490562
12.7792641509439
21.9072641509438
3.77926415094367
-2.03273584905634
0.0152641509436648
-39.5707358490563
-38.7707358490563
34.5812641509438
8.87726415094367
-35.1527358490563
-0.820735849056334
8.59126415094396
35.3612641509441
19.9592641509443
16.1152641509445
28.0512641509444
30.8472641509444
37.4652641509445
-15.0047358490556
13.8872641509444
29.1972641509443
37.0032641509444
5.57726415094417
-10.6867358490559
-22.7127358490561
-33.0167358490561
-6.24673584905604
2.67726415094396
-37.6707358490563
-22.6887358490564
-9.21473584905644
4.91526415094356
-3.61873584905634
-7.42073584905624
-16.3747358490563
21.4032641509439
15.8032641509439
-4.98673584905654
-15.4487358490564
1.08326415094346
5.85326415094347
-16.1107358490565
-28.8387358490564
-49.9227358490564
-100.596735849056
-28.5647358490562
-83.9307358490562
-68.8647358490562
-59.854735849056
-43.8007358490561
-44.2147358490559
-36.1927358490559
-36.074735849056
-31.8807358490559
15.2212641509441
13.4832641509438
-24.2947358490561
-4.07873584905624
-19.4347358490562
7.33926415094376
-51.3627358490563
-1.61473584905644
-12.6287358490566
14.8912641509435
66.1932641509434
65.1212641509434
66.9572641509434
8.08526415094337
32.6212641509434
0.973264150943365
18.3872641509435
22.2432641509435
-1.54873584905663
1.82326415094347
6.10726415094346
9.44326415094336
13.4932641509433
-31.8267358490567
15.3992641509432
-29.7227358490569
19.0152641509432
5.54526415094306
22.3132641509432
8.04526415094316
24.6472641509433
1.24526415094346
12.2452641509435
-37.3247358490575
