90.8479109589042
71.7439109589042
64.8599109589032
63.5239109589032
102.489910958903
51.7979109589037
110.269910958903
34.2579109589038
36.7399109589037
30.8739109589037
-2.53608904109633
15.6819109589037
-22.3740890410962
6.93791095890376
12.3199109589038
65.7419109589042
65.7419109589042
16.7239109589037
-34.4800890410963
4.19191095890367
28.4159109589037
36.5559109589038
-5.18608904109623
-41.8780890410963
60.5239109589042
51.9019109589038
15.8959109589038
41.7299109589038
14.5479109589037
43.1819109589039
13.7939109589042
10.0919109589043
24.0619109589042
52.3139109589043
74.5459109589042
18.5299109589045
27.3279109589045
19.3639109589045
38.9519109589045
61.4899109589042
16.9879109589045
16.9879109589045
39.3919109589046
4.67591095890457
5.80591095890457
75.0279109589042
16.7159109589046
41.0599109589046
12.6819109589046
32.3339109589046
19.3579109589046
4.90591095890456
29.2199109589046
53.7759109589046
23.6039109589044
49.9719109589044
-29.3980890410955
-53.3660890410955
-17.1400890410955
23.1199109589045
69.4399109589042
-3.56808904109543
-6.24608904109553
-39.8600890410954
-5.45208904109543
29.2919109589046
26.1439109589046
47.8939109589046
53.8479109589046
94.4919109589042
45.4859109589045
-2.14608904109544
-19.5680890410955
35.7039109589045
-6.59208904109553
31.1239109589045
51.8819109589045
-31.5380890410955
-8.56808904109553
-0.122089041095535
4.48391095890437
32.6499109589044
30.3859109589045
7.87991095890457
34.1359109589047
39.1099109589046
17.9119109589045
53.1199109589046
31.2279109589046
-60.1460890410956
-5.13408904109563
51.9419109589044
27.8459109589046
-25.4500890410954
3.68191095890467
12.5699109589047
-33.6360890410954
-24.2720890410953
28.6939109589047
63.2759109589052
38.3159109589048
38.6999109589047
-7.72208904109523
-13.3140890410952
25.7999109589049
53.5439109589048
12.5819109589049
8.07591095890486
13.477910958905
-28.8620890410954
6.80191095890456
2.29591095890417
-5.06008904109613
10.9759109589039
51.3299109589038
94.0579109589042
7.13991095890387
24.7039109589037
66.9639109589042
43.2379109589038
-3.23608904109634
48.5399109589037
56.4919109589037
72.3619109589032
49.1779109589037
-3.35008904109643
-1.45608904109663
-29.1000890410966
-22.5320890410964
14.9919109589036
19.6599109589039
26.621910958904
27.509910958904
-25.8100890410961
36.8499109589039
-62.5940890410959
59.8379109589041
25.6399109589039
-3.17208904109614
24.1799109589039
30.9519109589039
-5.06608904109613
31.5579109589039
26.4019109589039
52.8039109589039
48.2519109589039
22.285910958904
7.77191095890387
54.6499109589039
63.5019109589042
58.7419109589039
50.8079109589039
76.8139109589042
107.759910958904
45.1319109589039
63.6759109589042
51.7719109589038
66.3059109589042
53.3939109589039
66.9739109589042
22.263910958904
-39.8040890410961
-13.4040890410962
-26.0120890410962
30.8159109589039
43.299910958904
61.0299109589042
6.15391095890386
40.171910958904
52.7939109589039
52.7939109589039
62.1479109589042
44.6419109589038
14.815910958904
6.82191095890397
-10.0480890410961
4.59991095890377
30.653910958904
-8.05008904109583
-19.4920890410956
-1.81208904109593
18.913910958904
-22.5800890410959
-61.0280890410959
-76.0640890410961
-10.0300890410961
21.4019109589039
0.985910958903965
-38.6940890410961
-28.4040890410961
-33.5680890410961
-43.6200890410963
85.4359109589042
-9.64608904109543
-51.8340890410955
-22.3420890410954
-43.9000890410954
-66.3100890410955
-9.72408904109553
16.8699109589045
24.7459109589044
4.99791095890437
13.0159109589043
46.3839109589042
27.6299109589045
19.2839109589044
34.7059109589045
20.0979109589046
47.1959109589045
63.0979109589042
58.1619109589045
35.5299109589046
29.7359109589047
8.28791095890457
-23.8500890410952
68.9679109589052
20.4259109589046
-15.9460890410953
-9.22008904109553
19.8679109589044
26.8199109589045
-29.9880890410956
6.76991095890427
-7.34808904109563
18.9399109589044
5.42591095890427
-25.5100890410958
13.2379109589042
-19.8440890410958
-35.8620890410959
-14.2340890410957
2.65991095890406
-15.866089041096
39.681910958904
3.56591095890386
3.56591095890386
12.3439109589039
17.159910958904
11.149910958904
28.095910958904
59.6439109589041
-47.428089041096
12.317910958904
1.97591095890397
19.0839109589039
39.2959109589042
27.715910958904
2.41191095890397
60.063910958904
-33.2880890410964
4.12791095890387
2.78991095890387
8.75991095890416
16.1779109589043
12.2399109589045
-4.18808904109553
13.3819109589044
33.9099109589043
-55.8040890410955
-93.2360890410956
-72.8020890410956
-16.1880890410956
-31.2420890410957
-28.9100890410956
-8.96208904109553
18.7939109589044
-14.8260890410955
11.0319109589045
-19.9600890410954
35.4159109589046
43.1679109589046
28.8599109589047
27.8319109589048
22.5339109589047
24.587910958905
-23.358089041095
6.98191095890487
19.8659109589049
18.7759109589049
-9.70208904109523
-18.6120890410952
-1.29608904109534
42.6659109589047
-26.896089041095
-34.5720890410951
-29.5980890410952
-50.176089041095
-24.860089041095
-11.8540890410951
-20.3380890410952
-41.9660890410951
-66.4320890410949
5.55791095890517
-13.8640890410949
-13.6720890410949
5.10791095890507
-31.068089041095
-19.6560890410952
30.4559109589048
-3.15008904109524
-37.3380890410952
-26.2140890410951
-22.0580890410953
-38.4960890410953
-9.81008904109533
0.0839109589045677
18.5239109589046
-21.742089041096
-6.40808904109593
-7.72208904109593
-22.6940890410958
-10.9740890410958
4.90191095890417
-3.75808904109604
-1.13408904109613
27.5459109589041
-13.4740890410962
22.3199109589039
43.943910958904
-6.12008904109634
-54.2200890410963
-35.9820890410963
-6.39808904109643
-69.6180890410963
1.27991095890367
-10.578089041096
-43.2660890410961
-19.992089041096
10.0379109589041
13.6919109589042
3.63991095890417
8.11591095890427
-6.65408904109583
16.0819109589042
-38.4020890410959
-24.5540890410959
-46.8760890410959
-22.7640890410959
33.3839109589041
21.7019109589034
6.04391095890337
-4.10608904109663
0.37791095890347
-10.0520890410965
28.3219109589035
7.84991095890327
6.54391095890327
-2.29808904109683
-3.93808904109663
7.02991095890336
28.4699109589033
-0.0220890410967343
4.91391095890337
12.7059109589035
-22.7960890410966
-46.3000890410966
-19.0940890410965
-16.7680890410964
-33.0860890410964
-13.1300890410963
-17.1000890410964
-31.4260890410963
-52.2560890410963
26.1899109589037
3.60391095890357
1.96991095890327
-0.35608904109673
11.1059109589033
35.2619109589033
5.87191095890297
12.1279109589031
-8.20008904109673
-15.4800890410966
-28.3560890410966
-6.31408904109653
-17.8020890410966
-13.5880890410965
-4.98608904109673
-26.0220890410967
-31.3400890410967
-45.6060890410967
-17.2840890410967
-9.29608904109673
-3.28608904109673
-9.38008904109663
-29.3520890410965
-18.1400890410963
-15.5880890410962
-20.9160890410962
-21.2480890410962
23.855910958904
-14.8220890410959
22.7839109589039
30.4839109589039
23.2599109589039
3.30791095890387
23.541910958904
31.1419109589039
50.965910958904
14.6319109589038
-14.7260890410962
-11.6980890410962
-4.82208904109623
-17.6940890410963
-24.6040890410963
11.3219109589038
-46.556089041096
-18.1320890410959
-19.5400890410958
28.8499109589041
28.8499109589041
17.3279109589042
20.5059109589042
1.81191095890406
-27.5880890410961
-6.60408904109623
18.2899109589036
-26.9200890410962
-22.5600890410962
-17.6060890410962
-24.2900890410963
-28.6220890410962
9.06991095890377
30.9219109589038
-6.93608904109633
13.7119109589038
22.2039109589038
9.40791095890377
-0.520089041096234
2.27391095890387
37.5339109589039
-15.0000890410965
-17.0080890410966
-10.8320890410967
-9.04008904109663
-48.7120890410967
0.389910958903265
-60.7800890410969
-17.9600890410968
-11.3920890410965
-6.20008904109653
6.70591095890357
-29.9300890410962
2.09391095890366
-7.78808904109643
1.35791095890347
14.8159109589035
-15.8620890410963
-11.5680890410963
-0.0700890410964305
4.50391095890367
-37.7260890410965
-10.6620890410961
-5.10808904109624
13.8539109589039
17.223910958904
20.2599109589041
11.267910958904
20.243910958904
12.699910958904
11.2139109589039
28.1819109589039
-7.93008904109573
-9.68008904109573
8.93991095890416
16.6479109589044
-19.9960890410956
-13.8720890410956
16.6659109589045
10.7219109589045
45.3919109589045
13.8719109589043
9.64191095890427
0.815910958904269
-12.7660890410958
-22.8400890410957
-27.5700890410959
-5.41608904109593
2.53391095890427
-11.1800890410957
-41.7460890410958
-27.1920890410958
-8.70608904109583
-86.1500890410957
-25.9520890410957
-28.5180890410959
-24.6360890410961
-12.3600890410961
-10.8340890410962
-30.4740890410962
-25.3760890410962
-5.03408904109623
11.8959109589038
-10.6840890410962
-9.76008904109613
21.469910958904
3.06791095890397
-31.3880890410961
16.8739109589039
2.89991095890407
16.675910958904
6.54191095890437
9.45191095890416
26.6139109589044
-21.7740890410959
-40.7380890410959
-21.0380890410959
-21.8280890410957
3.25191095890417
30.3359109589042
-11.9480890410959
19.1919109589041
-14.1280890410963
10.9319109589038
-8.21008904109633
18.2059109589037
13.4559109589037
7.96191095890337
56.0239109589033
13.4439109589035
2.18191095890356
30.5819109589035
-8.23408904109633
-5.33608904109644
6.44191095890367
24.6279109589035
19.8879109589035
-1.83608904109673
-14.4240890410968
0.0999109589031661
21.5659109589031
-27.2480890410968
-21.3240890410969
-17.9100890410966
-77.5340890410966
-19.3280890410967
-30.8360890410966
-30.4740890410965
-19.6260890410968
-3.92808904109673
13.8779109589034
19.6519109589035
-5.62008904109653
-13.8900890410962
-15.4760890410965
8.01991095890347
17.5159109589036
8.97791095890366
27.6059109589037
1.72191095890356
-18.3480890410963
16.7819109589037
27.2839109589038
31.7179109589036
14.2699109589041
-13.2980890410959
-15.400089041096
-13.2040890410959
-5.17008904109603
-8.14808904109603
2.44791095890397
-47.8040890410961
4.90791095890397
-39.6700890410961
-31.8260890410961
-18.720089041096
-22.2060890410959
-17.0240890410959
-6.76608904109603
-60.7360890410959
-34.4020890410962
-53.5140890410964
3.92991095890316
-5.89608904109633
-40.8640890410964
-6.49408904109643
-23.9380890410963
7.49191095890357
5.76791095890367
11.3459109589038
-2.70608904109623
-15.5760890410962
3.01191095890387
-54.4600890410961
-28.1880890410962
-45.4520890410961
-3.66808904109583
4.63991095890437
0.275910958904369
-2.95808904109553
44.8899109589046
-0.84608904109573
4.91191095890436
3.16191095890427
-2.22608904109573
41.0119109589044
12.7939109589043
14.6859109589044
23.2199109589045
21.8219109589043
33.4479109589044
23.2279109589044
14.2839109589044
12.4839109589045
23.5839109589044
27.7719109589045
-32.2060890410956
-36.2460890410956
-53.5440890410955
-26.3360890410956
-30.7600890410953
-54.1360890410952
-59.6040890410952
-51.8560890410953
-31.4360890410954
-101.186089041096
-82.3160890410952
-61.5880890410955
-97.0160890410957
-65.7460890410956
-38.3320890410959
-11.8740890410959
-0.224089041095937
1.28591095890407
12.9399109589041
14.8439109589041
-11.070089041096
-9.89208904109623
-54.230089041096
-71.3200890410959
-22.7960890410959
-16.0160890410958
-21.1220890410957
21.5979109589042
10.0659109589041
0.847910958904066
0.695910958904264
4.90991095890427
11.4079109589045
10.7619109589044
30.6379109589045
-37.3840890410956
-34.0580890410956
-16.8160890410953
-4.84408904109544
-17.6240890410955
12.8859109589049
27.4119109589047
28.2339109589046
1.67791095890447
2.65391095890457
5.01391095890457
-48.7980890410956
-5.10008904109564
-9.56408904109613
-18.4620890410961
-16.822089041096
-27.8340890410958
-21.7440890410959
1.67191095890427
4.03991095890407
11.7479109589042
-0.902089041096033
2.91791095890377
-14.6340890410961
-46.0640890410961
-28.3720890410961
-64.7120890410961
-8.27808904109613
-54.4060890410961
1.61391095890377
-3.36208904109633
-26.9880890410962
-6.91808904109623
-10.8420890410964
8.62791095890367
5.04391095890357
17.9459109589036
12.6399109589036
-55.0320890410963
5.89391095890377
-1.43208904109613
-10.1780890410962
-21.8440890410964
7.98791095890337
13.4459109589032
38.6619109589034
16.7159109589033
15.7519109589033
0.967910958903168
6.41991095890317
-19.2620890410969
-9.93608904109693
-15.490089041097
2.23991095890297
-50.554089041097
-4.81208904109693
-28.0700890410971
-44.126089041097
-61.4040890410968
-56.8720890410968
-42.7260890410966
-37.5900890410966
-32.2900890410966
-38.9480890410966
-50.8800890410962
-50.8380890410962
-68.6360890410956
-25.0240890410957
-30.2600890410959
-41.9200890410959
-42.4860890410959
-38.0940890410959
-34.2500890410958
13.5199109589042
-7.77408904109593
-3.39808904109584
0.733910958904168
-14.5660890410958
-9.38008904109583
-21.8120890410958
12.1659109589043
38.0259109589042
-9.64008904109613
29.6079109589041
41.8559109589038
39.1519109589039
33.9139109589034
42.3039109589034
-9.61008904109623
7.02191095890367
11.1859109589037
14.7479109589039
42.253910958904
9.36991095890416
10.409910958904
11.8099109589039
15.5759109589039
2.02391095890387
-13.6980890410962
-6.42208904109614
12.6139109589038
-6.92808904109614
4.88791095890397
0.0119109589040676
-13.8200890410959
4.20591095890407
-8.33808904109573
-13.7460890410958
-18.7760890410956
-25.372089041096
-23.9240890410962
-37.3100890410962
-25.5800890410959
-44.450089041096
-31.4740890410959
-76.8780890410958
0.641910958904269
-12.1000890410957
-21.684089041096
-21.684089041096
-50.3340890410958
-24.0020890410958
-26.8200890410958
-31.7540890410958
-45.2400890410959
-51.9240890410959
-25.4720890410959
-23.3180890410959
-9.48008904109593
-48.4900890410959
-53.6240890410959
5.99591095890407
-36.4240890410961
-21.2700890410962
-6.36208904109633
-7.42008904109633
-5.09208904109613
11.753910958904
11.395910958904
-17.0220890410963
-5.44608904109613
6.24391095890387
16.8879109589038
16.8399109589037
31.1699109589035
-90.5820890410964
-63.2020890410965
-8.37808904109643
-19.3940890410965
-2.42408904109643
-25.8980890410965
-41.3820890410966
-52.6000890410965
-29.5200890410965
-28.5760890410965
-1.56208904109653
-13.2140890410964
-10.9760890410965
-15.5580890410964
13.1159109589035
25.8439109589036
10.9739109589037
-4.18808904109603
-12.2720890410962
-7.50608904109633
2.66391095890377
21.7899109589039
-18.1580890410961
-1.95808904109623
4.10791095890387
6.56791095890407
6.42391095890407
10.431910958904
-15.1140890410959
-9.11208904109603
20.187910958904
-3.83208904109603
-19.0060890410962
-22.5400890410961
-60.3220890410961
-49.5780890410962
-26.8820890410962
-14.8920890410962
-66.8620890410961
-51.8940890410958
-13.2840890410955
-75.7620890410958
-58.1840890410957
-79.7920890410956
-30.7280890410955
-97.3940890410956
-43.6420890410955
-37.9480890410953
-14.5060890410954
-9.16208904109543
-6.01608904109543
-1.30408904109543
28.6899109589045
16.8879109589047
35.5839109589047
31.0559109589047
37.7559109589047
37.7559109589047
38.6459109589046
28.0359109589045
33.0939109589043
-3.89608904109583
-1.68008904109613
12.3379109589039
-30.5800890410962
-19.2080890410963
-47.1660890410964
-57.9980890410963
-32.8860890410962
-8.74408904109633
0.569910958903868
19.919910958904
15.0519109589039
3.04791095890387
-0.410089041096235
-15.1320890410963
-13.3900890410963
5.87991095890366
-26.5060890410962
-42.804089041096
-32.6360890410957
3.08191095890437
-30.1360890410955
-51.8300890410955
-7.72008904109563
29.9519109589043
18.7819109589044
9.74991095890427
6.00391095890436
12.2219109589043
-26.7240890410957
10.0719109589042
-2.40608904109563
-10.5760890410956
11.7199109589045
6.39991095890436
3.42791095890457
10.7479109589045
12.2379109589044
-114.426089041096
-32.9320890410955
-44.3880890410956
-48.3000890410955
-43.7700890410957
-65.6620890410957
-72.7400890410956
-40.6780890410955
-88.5640890410957
-81.0480890410957
-80.8980890410955
