58.4039186413921
58.4039186413921
19.493918641392
51.767918641392
37.1859186413921
133.279918641392
57.8999186413918
-31.8380813586083
-42.9880813586085
12.1239186413915
80.9059186413912
53.5279186413911
40.673918641391
12.1759186413909
17.9299186413909
84.0839186413912
-1.42008135860974
15.9139186413903
22.4419186413904
39.5939186413904
61.9279186413903
32.6259186413902
39.4799186413901
24.3859186413903
30.2859186413905
24.8059186413904
20.5859186413904
-55.8400813586093
1.13991864139066
-31.7640813586093
24.8039186413907
-25.7520813586092
24.3899186413907
54.9339186413907
96.0259186413902
24.7279186413904
5.89191864139027
45.8279186413903
41.4459186413903
0.0619186413903705
15.1539186413904
-0.77008135860963
27.0239186413906
-0.936081358609634
52.2739186413905
-40.2020813586097
0.0639186413902664
26.9879186413904
51.7719186413904
89.9639186413902
27.2439186413903
64.2939186413902
15.1479186413903
-16.4440813586096
24.4239186413905
-19.0320813586096
-12.9960813586095
-13.7700813586098
-0.772081358609832
-61.3540813586099
11.8539186413901
11.5739186413901
-29.10008135861
-46.5740813586098
-3.27608135860994
-9.79608135860993
-26.9440813586098
-36.34208135861
-44.1820813586099
-106.75808135861
-77.3060813586099
-27.3520813586102
46.1059186413898
36.8219186413898
32.9119186413897
-43.3000813586104
6.84191864138967
48.4119186413897
36.9979186413898
-1.72608135861013
21.9279186413899
22.7419186413899
37.15191864139
50.56191864139
53.88391864139
50.2279186413901
41.80591864139
52.0439186413898
2.69991864138927
14.4079186413894
12.2479186413893
28.2339186413893
-37.6660813586107
-2.40208135861073
5.45791864138927
34.1299186413892
25.8979186413896
26.8119186413896
28.9639186413899
5.60591864138987
14.0899186413901
11.0899186413901
20.0359186413901
53.2939186413901
6.81191864138997
2.12391864139017
0.0339186413900663
-7.01008135860983
-2.99808135860993
-5.61808135860983
23.0699186413902
11.7519186413902
-2.01808135860983
14.05991864139
-40.5820813586099
-9.34208135860973
-34.2720813586098
-14.3780813586097
-20.6540813586096
-12.8220813586096
39.9179186413904
-4.02408135860973
-12.5200813586095
-48.5560813586096
-44.7120813586095
-16.3100813586101
45.4679186413899
4.02191864138987
-1.91008135861014
-5.17608135861023
6.52591864138986
2.10991864138977
21.1919186413899
-10.8780813586101
7.09791864138987
17.8859186413899
16.45591864139
-6.77408135860993
32.36591864139
29.7479186413901
4.38391864139017
25.2679186413902
8.29591864139017
20.4039186413901
6.07191864139027
-29.7280813586097
-37.6300813586098
7.16991864139057
-6.78608135860993
-53.95608135861
-8.62208135860983
-10.4880813586099
-38.8300813586099
-27.3640813586098
-52.3360813586101
4.21391864138987
1.96391864138957
7.58191864138977
23.9739186413896
37.4799186413896
10.6599186413897
23.7199186413897
42.3339186413899
61.9039186413899
24.6759186413897
25.7239186413897
42.1519186413897
34.9199186413898
26.7579186413896
35.6519186413895
4.30391864138976
4.31991864138967
8.51991864138967
16.6679186413896
-10.9840813586103
-3.41008135861053
29.2319186413895
33.2899186413897
37.1959186413896
20.1019186413897
9.12591864138977
19.7659186413898
13.5919186413899
-6.91208135861013
15.72391864139
-1.06808135861034
-1.81608135861033
-51.5680813586103
-14.1960813586101
5.68791864138987
7.33391864138986
10.0759186413899
36.7439186413899
31.7499186413899
44.30991864139
32.37591864139
11.6679186413901
-6.15808135860983
-0.768081358609933
-4.90208135861003
-24.8100813586099
-12.3060813586099
12.4499186413901
-5.62208135860993
-2.65608135860993
8.94791864139007
-3.08808135860973
-12.0400813586098
18.6039186413902
19.5599186413902
-9.44408135860983
33.97591864139
41.3059186413901
-13.8860813586098
-18.6940813586099
10.27991864139
52.02391864139
52.02391864139
-12.66208135861
30.21791864139
29.80591864139
29.65591864139
29.7959186413899
-6.86208135861033
6.64391864138977
11.8939186413899
19.17991864139
-15.9460813586095
-1.68608135860963
-3.77808135860953
-9.33208135860953
-15.1520813586094
-15.7780813586095
-5.95208135860963
-18.0000813586096
-8.64808135860973
-9.37008135860963
0.233918641390268
27.4879186413903
-5.83608135860983
-36.3720813586097
-23.1800813586097
-16.1360813586097
39.8959186413902
-22.5460813586099
-4.80808135861003
9.09591864139006
-8.56808135860983
-5.98408135860973
-3.39008135860983
18.0259186413902
1.59191864138987
24.1559186413898
43.85391864139
-6.72808135861033
21.1399186413899
18.4719186413894
32.0939186413895
9.90191864138946
10.1759186413896
17.0519186413896
7.91791864138957
10.5799186413895
12.9419186413895
21.3679186413894
17.4259186413895
11.8659186413896
-22.6560813586104
-22.4720813586105
-22.6500813586106
-30.7080813586103
-11.0520813586103
-22.9760813586103
-12.4820813586104
2.42391864138977
-23.8920813586101
-8.55008135861023
7.61391864138977
0.681918641389665
-7.82408135861033
3.30991864138966
6.62391864138987
9.83591864138977
-11.3280813586102
-4.71008135861033
-33.1520813586105
4.60591864138947
-2.96408135861063
36.1359186413894
7.54391864139037
35.2099186413903
-73.0740813586097
-31.6520813586097
-0.32208135860963
-19.7100813586097
14.8699186413904
17.6219186413903
-35.4080813586097
-13.4900813586096
-1.31008135860974
19.1679186413904
24.8379186413903
7.01991864139047
19.7979186413905
19.6139186413905
-9.40808135860933
-2.40208135860913
-6.54208135860913
-27.7920813586091
4.94791864139076
-34.7920813586096
-41.4360813586097
-40.4800813586093
-52.8580813586093
-1.76008135860943
4.80191864139056
32.9399186413907
3.49591864139067
3.75991864139077
-51.6860813586092
-10.4420813586092
18.2239186413908
17.3459186413908
17.3459186413908
4.20791864139087
18.8579186413909
-46.1360813586092
2.18791864139087
24.875918641391
43.4679186413911
2.39591864139107
-26.7820813586091
-22.088081358609
-21.238081358609
-12.1500813586094
11.2099186413905
37.0559186413904
3.55391864139047
28.7899186413906
-61.6540813586096
13.9219186413902
25.7059186413903
12.0299186413903
5.77991864139017
0.551918641390266
-21.3260813586099
-29.25008135861
-26.1600813586099
10.3299186413901
8.35191864138996
49.0759186413898
8.83591864138997
7.98391864139007
-25.6060813586099
-30.8440813586097
-1.13008135860974
40.0979186413903
18.3699186413904
17.2479186413903
17.2479186413903
-0.980081358609631
-17.1680813586096
1.54791864139037
-8.79608135860953
-12.0680813586095
5.29791864139047
7.91591864139067
24.7919186413906
-11.4480813586093
-46.0840813586094
4.76591864139077
-5.98808135860913
-14.698081358609
10.7879186413909
10.419918641391
-8.49808135860883
-8.13808135860863
-2.58608135860883
-5.76208135860893
-9.47608135860883
4.37991864139116
7.51591864139107
1.89191864139107
-9.22008135860893
2.93791864139087
9.36391864139097
-6.89808135860913
9.88191864139087
24.5339186413908
0.38991864139097
-10.0340813586088
4.12791864139097
15.6499186413909
2.16791864139087
-14.0940813586092
9.42391864139087
-16.6680813586095
-3.27808135860953
-24.2820813586096
-25.5760813586095
-22.3620813586095
-9.83608135860953
-14.9220813586095
-19.3060813586094
-11.2400813586095
9.82991864139047
31.1699186413906
31.1699186413906
6.46391864139046
-41.8480813586095
2.12191864139056
-24.1020813586095
6.96391864139036
-6.94408135860973
-1.95608135860984
-12.0260813586097
13.1159186413902
14.2739186413901
-4.42208135860993
-13.3840813586099
27.3259186413903
20.1959186413906
-17.0360813586095
-3.14608135860944
-22.9640813586095
-6.18608135860943
3.33391864139047
31.3039186413905
21.8719186413904
52.7239186413904
48.9999186413904
7.75591864139017
-0.196081358609831
-18.6580813586099
33.5719186413903
28.2959186413903
12.5519186413902
4.57191864138997
40.57391864139
-0.274081358609934
-2.59208135860963
8.49391864139027
3.50191864139027
-27.9460813586097
-84.8740813586097
0.507918641390468
14.7239186413905
-7.41608135860933
-0.186081358609336
-19.3060813586092
-28.1140813586092
-37.1980813586092
-39.7600813586092
-45.5260813586092
-27.6680813586093
-83.4520813586092
-32.1780813586097
8.59991864139037
-20.2340813586097
-28.3280813586098
-9.59608135860953
8.83991864139037
-99.0100813586094
-57.7140813586096
-50.5840813586097
24.5999186413904
25.2019186413906
19.1679186413904
15.1499186413903
-26.0660813586095
9.44391864139007
17.5459186413902
24.3739186413903
36.9539186413903
9.88791864139036
33.9619186413905
37.6979186413905
3.31991864139027
-9.40208135860963
-3.46208135860963
-14.4300813586096
7.47991864139027
21.1519186413904
1.66391864139047
-23.3120813586095
-0.852081358609531
-6.14408135860953
10.9239186413906
-12.4760813586095
7.08591864139036
1.16591864139027
-40.7000813586096
7.16991864139037
31.4259186413904
2.39191864139047
-11.1860813586096
-7.34808135860923
-5.65008135860933
19.0959186413907
10.60791864139
0.0859186413899664
5.71591864138967
-2.30008135861033
-4.12408135861033
-1.70008135861043
3.87791864138957
21.7619186413896
-10.1160813586104
-70.7620813586105
-20.6240813586104
6.04991864138947
5.80391864138976
-9.68208135861033
-9.39608135861033
-3.21608135861023
-24.6000813586102
-8.86608135861023
-0.68008135861033
26.5179186413897
-5.42208135860933
-6.51808135860923
-12.1340813586091
-7.35408135860913
-11.2640813586091
-113.770081358609
-119.306081358609
-105.434081358609
-57.898081358609
-36.138081358609
-28.3600813586089
5.83791864139107
21.6319186413912
16.8159186413913
0.13391864139107
-19.1360813586088
-36.6680813586089
-23.0600813586088
-42.9320813586088
-16.9960813586088
14.2119186413912
-18.7920813586093
-9.15808135860933
-7.48208135860903
-20.2800813586091
12.7359186413908
-4.33608135860923
4.26791864139086
-23.6940813586091
-23.4120813586091
11.9979186413909
-29.3600813586091
-41.7600813586091
-23.7100813586091
-15.3500813586091
-2.34608135860913
5.81791864139077
-19.3240813586092
9.23191864139067
20.7219186413907
4.27191864139057
41.1079186413907
29.6399186413907
25.5519186413908
-13.4580813586093
-35.5700813586094
-33.8520813586094
17.2879186413906
-23.1540813586092
15.9179186413908
2.20791864139077
-7.09208135860933
1.69791864139057
3.03791864139047
-14.8040813586095
-52.1060813586095
-3.73808135860953
-38.6760813586096
-16.7840813586095
-47.2960813586095
-32.7560813586095
-12.1360813586096
3.42191864139047
-7.70408135860953
-18.1380813586097
3.44391864139017
-1.77608135860963
10.7479186413904
-2.33408135860953
-17.3220813586094
-0.0560813586093332
10.8379186413907
21.4699186413906
17.3159186413909
30.0419186413909
-23.2140813586091
-34.3860813586097
18.2739186413903
-3.25808135860973
2.54791864139027
2.20391864139027
16.3559186413905
-42.1180813586097
-1.45208135860963
1.90191864139027
11.4979186413903
1.37791864139017
0.83391864139017
-5.75208135860973
2.97991864139037
1.56591864139027
13.3659186413904
9.95791864139026
1.44391864139037
-27.0560813586094
-14.9840813586092
-0.0240813586092301
13.3119186413907
-18.5620813586091
-11.8400813586091
-20.2060813586091
-34.1640813586089
-33.900081358609
-16.6460813586089
-17.5880813586091
-21.4080813586094
-3.30808135860944
29.5939186413905
3.00591864139057
5.13991864139047
32.9119186413905
-1.67608135860943
23.3999186413907
30.9039186413906
2.37991864139007
36.3799186413901
10.62591864139
11.70791864139
14.1999186413898
-33.8060813586102
-15.9340813586101
-34.8640813586102
14.3639186413899
-12.8120813586102
-25.4400813586103
-38.3660813586102
-5.02808135860993
-6.89208135861003
-10.07008135861
-10.5300813586097
0.455918641390269
-2.05208135860973
-8.44808135860983
-34.5900813586097
-23.0620813586093
-22.054081358609
16.4479186413908
-3.54008135860914
4.52391864139076
-99.766081358609
-5.14608135860913
10.8979186413908
2.30591864139077
-95.4440813586092
-88.5860813586092
11.0199186413909
-65.1200813586092
-25.9500813586091
-25.9500813586091
-31.4960813586091
-53.1640813586089
-18.842081358609
-25.4420813586091
-0.630081358609331
10.3859186413907
33.6559186413905
-11.2100813586094
-15.5420813586095
7.14791864139037
-29.2260813586097
13.5399186413903
-3.97408135860973
1.34791864139036
28.0359186413904
18.2559186413903
27.5419186413901
0.139918641390068
65.2939186413902
12.1319186413902
-21.6380813586097
12.6239186413903
12.6239186413903
6.43791864139037
0.0779186413902693
0.595918641390369
4.88391864139027
22.0639186413902
21.1039186413903
10.8259186413902
16.4619186413901
18.1259186413901
3.13791864139026
22.6939186413902
14.7619186413903
21.4059186413904
0.943918641390368
-4.23008135860953
22.6659186413904
-19.7960813586096
-23.9060813586097
-7.74208135860983
-20.8720813586096
18.24191864139
19.81991864139
6.97191864138987
6.33191864138987
15.8299186413896
25.2399186413896
5.63191864138947
27.0079186413895
-10.7480813586105
16.8219186413898
28.37191864139
20.81791864139
41.10391864139
52.81391864139
24.4939186413897
-7.50608135861043
17.3879186413897
6.66591864138957
9.27591864138957
7.58791864138977
-10.8900813586101
18.26391864139
-0.572081358610333
-36.4860813586103
-3.69408135861033
-89.0080813586101
-98.6180813586103
-60.9280813586102
-21.6740813586102
-6.96208135861013
-13.76608135861
-32.48408135861
6.64391864138997
-86.2860813586099
-42.1080813586101
-5.41408135861013
20.3079186413899
-12.05808135861
-15.00808135861
20.1119186413901
1.98991864139017
-10.5980813586098
3.90591864139027
-5.91408135860973
27.8859186413901
-26.4400813586099
7.28991864139007
12.1759186413909
56.7339186413909
14.7619186413913
9.55991864139127
48.3399186413913
38.8079186413914
53.6359186413914
44.8379186413914
12.6359186413912
-3.56408135860873
16.5739186413912
-20.3560813586087
-21.9000813586087
-4.42208135860874
24.5719186413913
-17.1380813586086
-13.8320813586087
-1.24408135860893
50.2539186413911
23.1479186413911
-22.432081358609
-3.47608135860914
-4.32608135860903
0.495918641390965
29.6639186413912
52.5299186413911
0.639918641390864
-4.81808135860923
2.42391864139046
-12.6940813586096
3.99591864139047
-32.7180813586096
3.64791864139037
1.00991864139036
2.00391864139037
30.2319186413903
49.4899186413904
29.2579186413903
33.2699186413904
28.1219186413903
0.0859186413904638
30.7019186413904
-97.7580813586094
8.48991864139047
-1.32008135860954
1.07591864139047
-2.36008135860943
28.3379186413907
-35.3120813586093
-43.2440813586094
13.7739186413906
62.5259186413902
-78.2700813586095
-61.9920813586096
-33.7160813586094
-27.9240813586096
-43.6860813586096
0.329918641390364
9.66191864139027
-21.6500813586097
-84.6680813586096
-77.4460813586095
-11.5980813586096
-18.4600813586096
-30.6260813586096
24.3419186413904
0.261918641390267
3.47591864139036
12.5979186413903
3.95591864139027
3.95591864139027
28.0519186413902
16.8439186413902
-30.2840813586101
56.6719186413902
-17.9580813586099
