274.560139423077
240.446139423077
317.706139423077
265.656139423077
293.218139423077
321.148139423077
127.396139423077
160.992139423077
170.176139423077
234.846139423077
212.396139423077
246.988139423077
226.206139423077
68.030139423077
101.852139423077
86.892139423077
80.112139423077
164.668139423077
86.684139423077
74.362139423077
39.9721394230771
42.2301394230771
62.726139423077
109.028139423077
110.900139423077
30.5321394230769
5.14813942307693
-1.97386057692287
-11.4938605769229
1.55413942307703
7.13813942307704
32.308139423077
-54.1338605769229
50.6941394230771
25.032139423077
43.0881394230769
54.568139423077
7.57613942307703
-1.51986057692307
49.8601394230769
55.626139423077
40.9021394230768
-34.2638605769232
18.0181394230769
17.2081394230768
-4.03786057692317
27.1461394230768
11.2521394230768
50.1121394230768
63.862139423077
12.1741394230771
0.464139423076929
37.936139423077
37.936139423077
77.720139423077
28.3941394230771
30.4421394230771
65.532139423077
75.374139423077
75.374139423077
72.500139423077
84.0281394230771
20.1501394230772
-1.52586057692287
19.1041394230772
53.4141394230772
43.3241394230773
73.678139423077
50.8941394230773
53.8181394230773
-55.3958605769228
-48.1238605769228
-39.4718605769228
-73.7958605769226
-18.9238605769227
-68.2158605769229
-60.5278605769228
-52.4898605769229
-16.081860576923
-79.6778605769231
-70.2318605769231
-51.729860576923
-43.0038605769229
-23.773860576923
-38.3258605769231
-5.13786057692307
-4.58386057692307
-19.4678605769231
-3.44186057692327
-17.9338605769235
-14.6738605769235
-14.4678605769235
-37.3318605769235
0.262139423076633
19.6061394230764
-57.1078605769235
-9.10386057692367
10.1721394230762
17.4401394230763
20.8261394230762
66.188139423076
18.1401394230763
39.4921394230762
23.7081394230762
58.988139423076
5.32413942307623
16.3221394230762
13.5321394230762
42.2841394230762
101.098139423076
39.4721394230763
44.5701394230763
44.5701394230763
19.2501394230763
23.6881394230763
-0.935860576923666
27.1881394230764
52.0461394230763
-39.3918605769234
-58.5918605769234
-79.9838605769234
-75.4018605769233
-31.535860576923
-45.9358605769231
-53.7318605769231
-37.9338605769231
33.5501394230769
25.1781394230768
15.8421394230768
24.6021394230768
45.5481394230767
51.8621394230768
40.4621394230768
40.7681394230769
23.028139423077
38.888139423077
-16.279860576923
2.54213942307713
-7.09786057692287
23.0881394230771
-9.34786057692287
52.074139423077
30.9261394230771
51.3561394230772
51.2661394230773
18.7121394230775
4.12013942307783
15.0301394230778
26.0081394230778
-26.9218605769222
-12.0338605769223
5.97813942307764
18.9181394230774
6.08813942307744
20.9401394230772
-0.211860576923065
-4.61386057692307
-36.1638605769229
-23.3598605769229
0.538139423077133
-11.0318605769228
-33.2718605769231
-2.93186057692306
7.85813942307693
-1.49986057692297
-9.58186057692297
-4.60986057692307
-32.645860576923
-40.259860576923
-42.0598605769227
-27.6418605769227
-10.0978605769228
-12.3158605769227
34.5861394230778
18.1821394230777
9.39813942307773
2.10413942307763
14.178139423077
10.2701394230772
63.512139423077
-14.5278605769229
-7.89986057692297
-22.6378605769231
-2.95786057692297
-0.231860576922969
-14.5358605769231
-54.0678605769231
-42.489860576923
-27.061860576923
-42.0538605769231
-88.7658605769232
-36.3018605769233
-83.8638605769233
-57.6118605769232
-55.8178605769231
-41.9458605769233
-103.403860576923
28.3381394230768
-71.2438605769233
-42.1318605769232
-28.3898605769233
-33.7078605769233
-8.22786057692337
-26.5298605769234
-18.4118605769234
-14.7338605769231
2.57213942307693
3.15613942307704
54.448139423077
-38.0978605769231
15.538139423077
28.224139423077
32.172139423077
38.5961394230772
-27.073860576923
-48.9398605769228
23.8781394230771
46.6481394230771
16.870139423077
-2.77386057692317
-2.84386057692296
-10.9978605769227
-43.3798605769227
14.6721394230772
12.6881394230772
0.296139423077236
11.4961394230772
-16.2418605769227
9.07613942307734
-2.86586057692266
-11.0778605769226
36.2201394230774
-17.8018605769225
-24.0698605769225
20.5841394230775
2.92013942307754
-11.6678605769226
-63.3858605769227
-4.71186057692257
-34.4118605769226
-16.6178605769225
-48.0938605769224
-29.6738605769224
-21.0158605769222
-61.3138605769222
-25.0618605769223
-43.7458605769221
-16.2038605769223
8.47813942307774
43.4561394230778
8.05013942307773
66.918139423078
20.1501394230777
42.9801394230777
42.9801394230777
1.33413942307753
-14.3758605769227
-19.2218605769227
-4.94386057692267
-19.713860576923
43.5301394230772
-28.6378605769226
-31.1178605769224
-8.77586057692247
2.49813942307753
-12.6238605769225
-41.1278605769225
-0.131860576922364
-2.43386057692226
-4.80386057692227
-5.46386057692217
-32.4838605769222
-49.6678605769221
-20.465860576922
-36.0438605769221
-86.8538605769222
-50.7878605769222
-41.7698605769222
-24.7898605769223
-73.2858605769223
15.0341394230776
28.2641394230777
-20.1298605769222
-13.4138605769221
55.572139423078
-36.5158605769225
14.6221394230775
-74.6818605769226
4.50813942307753
-70.8018605769226
-64.3678605769225
-38.3038605769225
-11.0138605769227
39.5001394230773
61.592139423077
-56.945860576923
-2.01186057692297
-3.99186057692307
0.968139423076934
30.7221394230769
14.624139423077
21.9461394230771
15.630139423077
-0.96586057692317
10.6161394230767
-24.2858605769234
-9.38586057692357
-0.75786057692337
12.0021394230767
41.7781394230766
39.3141394230767
24.4461394230769
38.1701394230767
12.7661394230767
32.4801394230766
23.4201394230767
32.1241394230765
20.3001394230767
23.8541394230765
7.12813942307683
-49.0058605769231
-6.47986057692307
-50.7278605769229
9.78013942307733
-12.3378605769227
15.9921394230773
23.2781394230773
16.3681394230775
20.1741394230775
68.764139423077
-6.82586057692266
-16.5218605769229
-9.73586057692297
-30.0958605769229
-31.1678605769229
22.086139423077
17.9901394230771
-148.643860576923
-51.0238605769229
-60.0478605769228
-46.4938605769228
21.3601394230772
-34.5098605769227
9.08413942307743
5.33613942307723
-46.397860576923
12.4921394230769
10.210139423077
-75.5218605769231
-31.1478605769231
-30.3518605769231
-15.0138605769232
-13.5078605769232
7.24413942307693
8.15413942307703
12.6001394230772
-16.1918605769228
-16.1918605769228
29.4461394230772
-50.7038605769229
-24.3718605769229
24.2601394230772
3.58013942307704
-81.141860576923
-61.0078605769228
-79.7018605769228
-40.7178605769229
-11.6118605769229
-8.12986057692257
0.788139423077133
24.810139423077
15.5601394230769
5.84413942307683
0.314139423076831
2.71213942307703
60.924139423077
43.0321394230769
12.9821394230768
22.772139423077
5.26213942307693
-19.3958605769231
27.5321394230769
4.33613942307694
18.1001394230769
-15.2038605769231
-9.67586057692316
-18.7198605769232
30.7061394230769
-31.6818605769233
-8.39586057692317
-85.4478605769234
-34.8118605769234
-30.8658605769231
-9.63586057692326
-18.2238605769235
-24.3238605769233
2.15613942307663
-32.4758605769233
15.5481394230766
-32.4518605769236
-37.0358605769235
-10.0338605769236
-22.2778605769234
-72.2518605769234
-60.6518605769234
-82.1658605769234
-4.64786057692336
-22.4678605769235
-12.3778605769234
-24.9118605769234
-7.40186057692327
-34.6038605769234
26.9341394230767
10.7221394230766
11.6881394230768
10.0941394230768
32.0421394230769
17.7421394230768
-42.1338605769229
-10.4458605769234
-8.97986057692357
52.2461394230765
29.9841394230764
37.7121394230764
52.0561394230765
35.8061394230765
-30.9698605769232
6.65813942307663
53.1361394230767
33.7221394230766
-23.2478605769235
9.26013942307643
32.3381394230765
-15.6838605769238
-12.5938605769238
-24.8218605769241
-65.8218605769242
-47.935860576924
-39.035860576924
-61.1518605769239
-32.1938605769239
-34.0398605769239
35.1541394230762
-12.0458605769238
0.990139423076236
-51.1058605769238
-26.1718605769239
-34.4138605769237
12.1021394230764
-14.1738605769235
3.17613942307663
-32.1278605769234
-11.1498605769235
-54.2138605769233
2.61213942307673
37.9581394230767
16.3461394230764
-25.6918605769234
-27.3918605769235
-11.0858605769235
4.53213942307654
10.5381394230765
-16.8338605769236
18.6281394230764
29.0241394230764
31.1141394230764
-19.1818605769236
27.4341394230765
32.3001394230765
29.3601394230764
33.0781394230764
23.6301394230764
46.1521394230766
45.6581394230765
30.8521394230766
-6.89986057692337
-0.637860576923366
-41.5158605769233
23.6021394230766
-24.0218605769227
-34.5258605769227
-0.255860576922565
-33.4778605769224
-40.1578605769226
-0.81186057692257
-2.84386057692247
-3.41386057692227
-16.4558605769225
-100.043860576923
-31.4858605769226
-26.9178605769226
-9.68186057692257
-5.07986057692317
-13.5378605769232
21.3141394230768
1.15813942307693
9.12613942307684
1.21213942307683
12.3401394230768
-11.2258605769232
1.90213942307683
1.07813942307683
10.8881394230767
-13.3838605769233
46.2761394230766
27.106139423077
14.768139423077
15.9241394230771
-17.239860576923
3.46813942307703
7.73813942307724
17.1881394230777
-2.31786057692207
10.0881394230778
25.8521394230777
-29.3618605769227
13.0701394230774
1.60013942307733
-28.2898605769228
-9.37186057692276
-9.44786057692257
-7.93786057692257
29.9821394230773
-1.68786057692267
0.476139423077534
21.7821394230777
-32.4598605769221
-17.5278605769221
-13.7118605769222
3.93813942307723
-56.3638605769225
-16.5518605769225
-34.0398605769223
-33.9798605769224
-34.1258605769224
-39.1058605769225
3.04813942307753
-34.5158605769224
-20.8878605769223
-26.1998605769225
-9.56386057692247
14.1341394230774
-50.8838605769224
-117.975860576922
-53.7058605769223
-52.0298605769224
-59.3098605769224
-51.1098605769224
-23.4178605769225
-39.0638605769225
-36.6838605769225
-19.3498605769226
-138.679860576922
-70.9218605769224
-70.5718605769221
-33.869860576922
-15.5218605769219
-38.3498605769218
-27.2238605769218
39.5221394230781
23.4881394230778
19.6421394230778
-6.43186057692207
16.3821394230778
4.15013942307753
-10.8778605769231
56.578139423077
-28.9278605769238
-27.4278605769238
-21.1538605769237
-35.9478605769238
0.584139423076131
11.958139423076
-39.0378605769239
-8.81786057692387
13.420139423076
16.0161394230764
3.98013942307643
20.5921394230765
-13.9458605769236
-23.4538605769236
42.204139423076
48.0481394230759
11.5601394230762
-14.2818605769239
-20.0438605769239
-9.46586057692377
14.2761394230762
13.7921394230762
17.4281394230763
-5.31586057692387
6.15413942307603
1.58213942307624
-6.51986057692357
8.85413942307643
-14.4158605769237
10.0561394230762
9.87813942307623
-40.227860576924
-52.869860576924
-49.361860576924
-72.0138605769237
-57.9578605769237
-54.1418605769235
-17.3678605769232
-25.3338605769229
-15.5978605769229
0.228139423077131
-13.8358605769229
-23.2978605769229
-40.2478605769228
-18.2778605769229
-79.313860576923
-15.0818605769234
22.6521394230767
-5.41986057692317
3.26413942307654
28.0301394230766
19.9361394230773
47.6381394230772
47.4321394230772
6.74613942307733
13.1641394230774
-11.1578605769225
13.0201394230775
33.3481394230775
42.4161394230775
-3.52586057692247
-11.3998605769227
-32.4878605769228
-12.3398605769228
12.3561394230772
19.7541394230775
7.38413942307754
-15.6898605769229
-3.86786057692296
-8.97586057692287
-1.89786057692277
-35.3578605769226
-25.3498605769227
-30.7118605769227
-30.7118605769227
-14.6458605769227
-45.1758605769225
-10.0118605769226
-28.4938605769227
-31.1558605769226
-19.6618605769226
-8.55586057692247
-51.6858605769227
-30.4038605769224
-18.4258605769225
-0.50986057692257
-7.46186057692267
11.0041394230773
-2.02986057692267
-8.79386057692267
-25.0718605769226
-49.8818605769226
-45.7398605769227
-15.3398605769227
-46.1498605769228
-78.0718605769227
-92.0638605769228
-60.7418605769228
-1.91386057692277
6.02413942307713
-3.17786057692307
31.5341394230766
33.3061394230767
55.274139423077
4.74213942307663
-85.2498605769233
-18.7858605769233
-42.2238605769232
-15.3698605769232
20.9981394230768
-6.23786057692317
25.6401394230768
-5.45386057692317
21.0181394230771
-30.6198605769229
27.8181394230771
5.15013942307673
15.0981394230766
16.3301394230765
20.1161394230765
48.7161394230765
9.82813942307693
36.8841394230769
4.02813942307743
-9.11386057692247
14.2141394230774
-17.3418605769227
-3.20586057692267
6.83013942307733
-15.0478605769226
-40.4378605769225
-3.95186057692267
22.1541394230773
-84.5618605769228
-70.8058605769229
-52.0838605769228
-62.4338605769229
-62.4338605769229
-9.90186057692286
-23.5438605769228
-30.4358605769228
-41.1818605769229
-37.0338605769228
-26.8518605769228
-44.7058605769228
-21.5698605769229
-42.4318605769227
-62.6098605769227
-86.1478605769227
-72.5518605769224
8.63213942307753
-91.1058605769225
-78.2738605769227
-113.909860576923
-92.9678605769225
-87.8078605769226
-44.1358605769226
23.8541394230772
1.40813942307733
10.8561394230774
-47.3038605769226
-13.0858605769226
5.19013942307753
19.1641394230774
-2.89786057692257
-15.8718605769225
44.7221394230774
13.4061394230773
32.2801394230773
80.054139423077
91.886139423077
44.3501394230772
28.6281394230772
78.768139423077
28.5481394230774
34.6561394230771
33.3201394230772
39.3521394230774
-0.911860576922464
-23.6498605769226
-22.2178605769225
-34.2118605769225
4.14013942307744
-35.6978605769226
-0.0558605769224698
-45.1898605769224
-69.4398605769224
-110.491860576922
-21.9578605769223
-35.7998605769223
-49.0618605769222
-31.5858605769223
-93.6778605769222
-51.3898605769222
-44.4418605769223
-56.3058605769224
6.92213942307773
-23.5258605769227
0.870139423077433
-1.56186057692267
25.9101394230774
60.840139423077
13.788139423077
-18.6398605769233
-47.7438605769234
-10.0398605769233
-38.8318605769233
-24.0538605769234
-8.27186057692327
7.87613942307673
-50.5538605769232
38.3741394230768
77.888139423077
-29.5438605769232
-62.9378605769233
-3.85386057692317
21.5941394230768
33.7921394230768
-8.23586057692327
26.1681394230767
31.7261394230766
3.10813942307664
-35.3438605769234
-6.74586057692337
12.9681394230766
-10.4998605769234
-5.83586057692337
28.0321394230765
66.400139423077
49.7721394230767
26.5681394230766
50.1341394230766
27.2341394230767
17.0961394230767
-13.6418605769231
10.632139423077
-32.6518605769227
-57.8658605769226
