-139.087932050759
-130.031932050759
-157.435932050759
-67.5859320507589
-112.087932050759
-177.725932050759
-88.3479320507586
-126.335932050759
-23.4079320507584
-72.5519320507578
-194.701932050758
-51.2479320507573
22.8100679492429
-103.013932050757
-31.7479320507573
-88.6659320507573
-165.295932050757
-121.817932050757
-38.9979320507572
0.158067949242849
-12.5819320507571
36.2140679492429
31.5660679492429
-61.771932050757
-169.081932050757
-21.6539320507569
57.9880679492429
-25.9159320507569
-109.619932050757
-37.1379320507566
-87.3539320507566
-43.4319320507566
-77.8339320507566
-136.003932050757
-191.475932050757
-17.3499320507566
-77.7819320507566
-24.8859320507568
-119.423932050757
-162.251932050757
28.3640679492429
69.8340679492429
11.7540679492429
28.6740679492428
17.4100679492429
78.0480679492429
161.550067949243
0.480067949242851
20.6880679492429
-57.9199320507573
-46.2859320507573
24.2440679492429
169.046067949243
-5.11593205075715
65.5540679492429
77.7120679492429
28.2860679492429
156.296067949243
-42.9719320507573
20.6100679492428
-38.3259320507573
-60.2299320507573
12.4260679492428
132.784067949243
18.4420679492428
89.0120679492429
31.8200679492429
-20.2739320507574
5.87806794924285
-78.1939320507574
-112.081932050757
-27.4539320507572
-4.15393205075715
-12.2319320507573
-32.6039320507573
18.1960679492429
-14.2239320507571
27.2260679492429
3.04806794924285
-35.0079320507569
-13.0679320507571
-37.269932050757
6.70806794924286
67.7300679492429
-7.28193205075715
93.0580679492429
-8.26193205075715
-52.005932050757
-108.091932050757
50.0020679492428
49.3540679492428
-147.941932050757
-120.611932050757
-21.7259320507571
-60.755932050757
51.0720679492429
94.7480679492429
19.4340679492429
67.6200679492429
199.512067949243
-128.659932050757
-84.5979320507571
15.7940679492429
21.1620679492428
-49.375932050757
-134.809932050757
38.8180679492428
-4.13793205075714
115.504067949243
110.986067949243
60.4740679492429
60.4740679492429
-14.2959320507569
20.0320679492428
116.540067949243
60.7220679492428
-122.603932050757
38.2340679492428
43.8720679492428
-29.3719320507571
90.4440679492429
25.7880679492428
-44.7019320507571
149.886067949243
13.0080679492429
38.0820679492429
34.3140679492429
13.6760679492428
30.3260679492429
53.3500679492429
-64.0899320507571
-27.0019320507571
10.1920679492429
112.310067949243
-29.9679320507571
2.32606794924286
62.5160679492429
-117.917932050757
-117.917932050757
103.304067949243
8.58406794924285
-55.4899320507573
26.0720679492429
29.5300679492429
169.250067949243
104.054067949243
141.302067949243
51.6360679492429
150.596067949243
10.6560679492429
17.2020679492429
-74.289932050757
31.8000679492428
24.0700679492429
-37.3179320507573
-67.2259320507571
-81.0119320507571
-66.5859320507572
1.74606794924286
83.2140679492429
1.23206794924285
-106.555932050757
-30.0279320507571
37.8080679492429
47.1700679492428
-27.9199320507569
-93.2419320507569
-37.1219320507567
-24.2139320507569
37.8760679492429
70.4120679492428
-6.35993205075715
-88.9459320507567
-120.343932050757
13.7000679492429
-113.063932050757
43.5380679492428
-147.703932050757
-116.595932050757
-108.263932050757
20.8740679492439
73.3320679492439
21.3000679492428
37.6160679492428
113.188067949243
-29.8439320507567
33.6140679492429
-127.255932050757
20.4940679492429
83.4540679492428
129.326067949243
-12.5979320507568
50.6900679492429
-76.5019320507568
-0.591932050757151
16.4640679492429
95.5980679492428
39.5920679492428
-26.219932050757
81.6680679492428
140.688067949243
57.4540679492428
7.89806794924286
26.2380679492429
-31.0319320507571
8.23006794924285
152.938067949243
62.8000679492428
36.6920679492428
-102.945932050757
10.8720679492428
101.358067949243
162.024067949243
47.6140679492429
-19.9619320507568
-64.7999320507571
44.9740679492429
138.342067949243
26.8840679492428
15.5060679492428
-7.14193205075715
105.526067949243
189.848067949243
176.416067949243
-77.6359320507569
34.1740679492428
47.6180679492429
9.42606794924285
-117.061932050757
-81.403932050757
-67.8099320507569
90.2340679492428
11.9380679492428
9.36606794924285
-103.247932050757
1.72806794924286
-182.609932050757
-23.075932050757
-30.285932050757
-135.591932050757
-24.0119320507569
-60.9059320507571
83.5480679492429
-131.359932050757
-25.967932050757
-249.421932050757
19.4360679492428
-94.5439320507571
14.3960679492428
8.65406794924286
-111.151932050757
-3.74793205075714
-41.5859320507571
54.9600679492428
72.5740679492428
-138.615932050757
-36.749932050757
-54.9839320507569
58.3520679492429
11.8040679492428
95.7460679492428
-4.14193205075715
36.8580679492429
28.9540679492428
-38.4679320507569
-74.7139320507571
-34.7219320507569
8.06006794924285
153.710067949243
41.4280679492429
55.3120679492428
0.384067949242848
-49.887932050757
46.8940679492429
64.3940679492429
174.550067949243
31.7100679492428
23.6100679492428
-0.751932050757148
35.2100679492428
-25.5519320507569
-24.3199320507568
-33.0359320507568
-78.5139320507569
28.6260679492429
-10.3459320507569
-26.8759320507569
48.2220679492428
167.212067949243
107.904067949243
160.892067949243
-31.6299320507569
-9.92393205075714
-20.0759320507569
9.56606794924285
87.2800679492429
18.4540679492428
-212.303932050757
78.6260679492429
-95.1459320507567
45.9320679492429
7.97406794924285
125.318067949243
19.7600679492429
52.6640679492428
52.6640679492428
25.6620679492428
24.9860679492429
3.02006794924286
82.7380679492429
41.3700679492429
-165.979932050757
79.6300679492429
-36.6979320507573
189.706067949243
55.3540679492428
-27.3599320507575
59.6840679492429
77.7620679492429
17.0860679492429
53.5280679492429
116.488067949243
30.3540679492428
-20.3219320507576
33.4780679492428
33.2440679492429
50.6680679492428
100.650067949243
-18.0999320507575
47.6720679492429
35.3060679492428
65.7000679492429
70.0940679492419
74.1900679492419
4.64006794924285
53.6660679492429
186.880067949243
165.656067949243
103.500067949243
42.8260679492429
20.6980679492428
-111.073932050757
-27.479932050757
31.5740679492428
119.348067949243
193.004067949243
28.6000679492429
11.2340679492429
10.1460679492428
-31.2619320507569
58.3860679492429
97.5020679492428
-31.705932050757
13.6340679492428
77.5220679492429
-113.815932050757
55.4960679492428
-23.6339320507567
5.49006794924286
8.87206794924285
36.4640679492429
-209.511932050757
-226.379932050757
-226.379932050757
51.9460679492429
15.7600679492429
44.3680679492429
-6.70193205075715
37.0020679492428
105.754067949243
-6.71193205075714
1.70006794924285
33.6840679492429
148.132067949243
-14.237932050757
33.1500679492429
-64.1419320507569
-39.2479320507569
52.5740679492428
83.1200679492429
60.1440679492429
106.414067949243
77.8660679492428
79.9900679492428
19.6520679492428
-12.1839320507569
-44.1899320507569
-66.853932050757
28.6020679492429
-105.165932050757
57.4340679492429
5.91006794924286
23.6040679492428
-56.7059320507573
-163.723932050757
-13.2999320507572
-15.5299320507573
129.280067949243
-84.6719320507572
-29.5679320507573
-114.473932050757
28.4580679492429
114.136067949243
0.614067949242852
36.9580679492429
-15.9659320507572
-170.601932050757
-166.221932050757
-151.149932050757
-142.681932050757
-91.0939320507572
19.6760679492428
-50.9039320507572
-6.27993205075715
-19.929932050757
-50.653932050757
10.8680679492429
59.8740679492429
157.760067949243
18.7560679492429
45.9160679492429
49.6620679492428
168.798067949243
15.2420679492429
0.0140679492428575
-29.4899320507571
-7.79393205075715
40.9360679492428
-111.255932050757
-38.3839320507574
74.3280679492429
129.144067949243
198.844067949243
75.4140679492428
75.4140679492428
160.514067949243
160.514067949243
-16.2579320507573
40.8320679492429
-188.695932050757
45.9820679492429
72.4000679492429
144.168067949243
144.168067949243
-34.6419320507572
-81.2299320507574
-72.8259320507573
53.1060679492429
51.5740679492428
93.2080679492429
-64.911932050757
-8.85193205075714
-5.96193205075714
85.5300679492429
49.2040679492428
105.684067949243
144.780067949243
89.5380679492428
72.9440679492429
73.0220679492429
45.6840679492429
-0.813932050757145
-47.539932050757
52.7320679492429
57.4580679492429
31.6360679492429
-117.595932050757
-107.993932050757
-113.479932050757
-140.947932050757
-136.791932050757
-57.995932050757
10.5760679492429
9.01806794924285
10.5020679492429
57.9720679492428
90.0540679492429
7.32406794924385
45.8460679492439
-87.0159320507565
1.68406794924385
-32.3119320507565
-1.61993205075615
38.0640679492438
33.8260679492439
-26.5919320507564
-24.9059320507564
67.1140679492439
-36.8159320507564
3.61606794924386
-98.1759320507564
11.5000679492439
92.5380679492439
56.1880679492438
119.340067949244
-13.4979320507563
6.14406794924385
-4.99593205075615
-84.0159320507563
-13.4439320507563
80.5420679492439
-203.281932050756
52.3700679492439
-108.503932050756
-8.27993205075614
43.3500679492439
96.1020679492439
163.876067949244
-50.0419320507566
-81.4979320507565
92.6720679492439
-98.2159320507565
5.56806794924385
20.9280679492439
-122.025932050757
-87.2199320507567
31.3060679492428
30.9780679492428
31.8760679492429
-107.389932050757
-71.2379320507569
-67.4099320507571
-71.7779320507571
62.9480679492428
19.5440679492428
150.388067949243
4.12206794924285
-119.645932050758
3.11006794924185
-10.1139320507576
22.1560679492428
101.598067949242
37.4160679492429
16.9100679492418
32.0140679492428
139.156067949242
-5.45993205075814
10.6980679492429
-41.5019320507575
70.9000679492429
135.410067949243
-87.5119320507577
-56.4539320507576
-51.6079320507575
9.02006794924286
157.964067949243
105.202067949243
169.038067949243
201.356067949243
48.0760679492429
3.41006794924286
90.5320679492428
-26.6859320507574
-52.4419320507574
-44.3259320507575
79.6720679492429
72.7520679492428
69.7900679492429
112.438067949243
84.8100679492429
-7.27793205075714
145.046067949243
178.364067949243
36.9440679492429
-143.023932050757
27.6240679492429
61.2420679492429
60.5480679492429
-51.9279320507572
7.05006794924286
59.6960679492429
-71.591932050757
13.9380679492428
79.1300679492429
113.532067949243
211.108067949243
17.1680679492429
16.8200679492429
-17.1079320507572
-13.1139320507573
-34.5219320507573
60.5320679492428
35.3000679492428
18.7520679492428
103.178067949243
131.524067949243
46.7040679492428
35.7540679492429
35.7540679492429
-127.737932050757
-32.8439320507573
20.9780679492428
-18.3099320507574
-70.0279320507572
5.60006794924286
18.3680679492429
-82.0719320507573
-58.8479320507572
17.2820679492429
34.0060679492429
29.6940679492429
-64.3799320507571
-149.737932050757
71.6880679492429
10.3600679492428
-49.2579320507569
100.486067949243
26.0660679492429
50.5860679492428
122.124067949243
174.402067949243
63.4120679492428
-25.2659320507569
-98.1199320507571
75.9440679492429
79.8620679492429
-23.5719320507573
11.4100679492429
15.6400679492428
-7.00193205075715
39.1800679492428
-64.8559320507573
-5.57793205075714
105.986067949243
84.2980679492429
56.3300679492428
-53.3619320507574
6.58406794924285
179.312067949242
236.650067949243
184.156067949242
48.0340679492419
-54.9379320507577
-86.3419320507576
-55.4019320507576
80.5720679492418
51.8480679492419
30.2700679492418
195.966067949242
202.168067949242
31.7780679492419
43.8900679492419
132.588067949242
165.982067949242
98.4640679492429
-13.6839320507575
-2.56793205075715
-10.4459320507574
-71.9059320507572
-13.2519320507572
-65.8359320507572
81.8520679492429
23.5660679492429
-13.8399320507575
-85.8999320507577
-1.44193205075715
-79.8179320507576
67.8140679492429
-33.6659320507575
-24.0599320507575
-118.331932050758
9.98206794924285
-46.4779320507575
8.22806794924286
59.6880679492429
-1.38193205075714
-13.0079320507576
-82.9859320507576
-39.2219320507575
-36.1319320507575
102.964067949243
174.810067949243
154.714067949243
-9.22793205075715
-27.2739320507576
9.83206794924286
-84.4179320507575
-127.011932050758
-93.0859320507575
-82.2219320507575
-73.9199320507576
-126.277932050757
-122.247932050758
-89.5679320507576
18.1740679492428
87.2420679492429
16.2400679492429
45.7960679492429
-10.1319320507572
-148.137932050757
29.9680679492429
-3.48193205075715
18.4840679492428
-29.515932050757
-7.28793205075715
45.2820679492428
51.1860679492428
30.3980679492429
125.614067949243
168.490067949243
-14.5999320507571
32.7700679492428
-14.5799320507571
-24.8459320507571
166.356067949243
176.612067949243
147.650067949243
178.456067949243
157.288067949243
82.2900679492429
138.612067949243
120.202067949243
-12.033932050757
74.2020679492429
139.854067949243
6.86006794924285
-82.9619320507567
76.4760679492429
155.990067949243
22.1020679492439
7.18006794924385
152.560067949243
114.424067949244
-12.6079320507564
-64.6879320507564
-58.8279320507564
21.0880679492439
-61.6339320507566
-25.7659320507565
-68.0839320507566
-52.4039320507565
1.81206794924385
86.5520679492438
66.7640679492439
151.598067949244
90.8900679492438
-84.6279320507564
-28.1699320507564
-2.09193205075614
-80.9879320507567
-50.8179320507566
1.19206794924285
66.0280679492429
-75.3339320507567
-17.2759320507568
32.3860679492429
-72.2959320507567
-9.28193205075715
44.4680679492429
-59.3079320507567
-206.203932050757
1.56606794924285
16.6460679492428
93.9960679492428
-35.4819320507572
23.4420679492428
38.9300679492428
-91.7139320507573
-155.635932050757
-117.601932050757
123.956067949243
166.660067949243
22.4740679492429
-1.56793205075715
-61.2899320507575
57.7960679492429
52.5000679492429
-111.775932050757
-18.9979320507575
134.862067949243
81.8140679492429
68.0100679492429
-34.8879320507575
154.460067949243
31.4320679492429
-47.7419320507574
-45.5439320507573
-25.8439320507573
-35.9019320507574
-259.397932050757
-97.0559320507573
-20.2979320507574
-157.207932050757
-61.1119320507573
99.7560679492429
203.708067949243
121.762067949243
-169.753932050757
-157.453932050757
-113.231932050757
-125.533932050757
-136.431932050757
-140.011932050757
-98.6999320507572
14.8900679492428
-125.227932050757
-19.1479320507573
108.102067949243
174.204067949243
28.1440679492429
33.9840679492428
44.8340679492429
5.22606794924285
47.2560679492429
139.676067949243
73.7320679492429
108.388067949243
-93.4719320507573
52.1740679492428
24.2600679492429
159.714067949243
4.13206794924285
-122.333932050757
-80.7379320507573
-42.4879320507573
-19.7199320507574
32.5040679492429
183.528067949243
224.354067949243
-30.9259320507574
34.7420679492429
27.3920679492429
-14.9659320507572
8.68206794924285
1.43206794924285
29.4640679492429
64.4200679492428
24.8120679492428
146.068067949243
-198.667932050757
17.9060679492429
