-112.296355274263
-187.936355274263
-67.3883552742625
-71.4383552742625
13.5856447257375
120.521644725737
90.0656447257375
-53.5543552742622
-144.508355274262
-16.0863552742622
-107.434355274262
11.3096447257375
-66.1543552742623
-78.5883552742623
-38.1323552742622
102.173644725737
-15.9043552742624
-101.896355274262
95.7896447257375
-79.7003552742621
-30.4503552742621
-116.820355274262
-128.396355274262
-49.368355274262
120.143644725738
-36.7403552742619
-50.6403552742618
4.41764472573848
113.589644725738
64.5236447257385
115.445644725738
115.867644725738
111.619644725738
125.141644725738
154.001644725738
124.595644725738
15.0376447257385
-39.3263552742612
-113.434355274261
50.6236447257385
141.465644725738
-184.180355274261
6.78764472573847
-49.6743552742613
11.0956447257385
-21.6163552742613
-29.2663552742613
65.1356447257385
129.009644725738
107.531644725738
24.4036447257385
45.4636447257385
82.9996447257385
139.527644725738
43.8796447257385
-91.7063552742613
-44.9563552742613
-201.274355274261
-121.630355274261
-64.3863552742612
-71.3183552742611
-110.018355274261
52.6616447257385
-211.828355274261
-155.798355274261
-128.818355274261
0.619644725738482
-31.1103552742612
-122.532355274261
-21.4543552742613
32.5836447257385
-39.6543552742613
-64.9503552742613
31.0576447257385
108.551644725738
69.2336447257385
69.2336447257385
-95.0223552742613
-106.712355274261
27.4636447257385
-81.2983552742613
99.3096447257385
-13.6183552742615
-58.2383552742613
5.77164472573848
-97.2543552742612
58.6716447257385
129.013644725738
-24.7043552742613
-79.5103552742613
51.6036447257385
83.4576447257385
-70.3723552742614
-40.8423552742614
8.16764472573848
27.2296447257385
-129.116355274261
36.0936447257385
46.4076447257385
84.3456447257385
-44.7983552742614
-54.1083552742616
45.6756447257385
-47.2623552742615
-46.7803552742615
-82.9443552742616
80.3076447257385
-34.8243552742614
39.8216447257385
-119.666355274261
-111.746355274261
-56.1263552742614
-47.8263552742614
-57.6483552742614
-51.4563552742613
79.6476447257385
14.8156447257385
-97.3603552742613
38.4676447257385
-28.9043552742613
30.2636447257385
127.395644725738
-41.6783552742613
16.3456447257385
-18.9663552742613
-48.3443552742613
-41.8063552742612
63.5516447257385
74.0436447257395
102.937644725739
92.2016447257395
164.16764472574
37.8336447257395
31.2056447257395
109.475644725739
115.903644725738
119.063644725738
111.431644725739
112.553644725739
142.163644725739
-58.6263552742609
-42.2723552742609
51.3756447257395
51.3756447257395
-49.8383552742608
-37.7263552742609
-145.258355274261
-20.460355274261
-80.1163552742611
-74.4563552742611
47.0996447257385
-76.204355274261
-106.374355274261
-47.3583552742609
-98.566355274261
4.94364472573947
-30.816355274261
-79.782355274261
-177.466355274261
-3.06635527426052
35.1816447257395
-3.53035527426051
-11.2863552742615
-65.1223552742613
-71.1843552742611
-117.864355274261
-128.744355274261
-72.3243552742612
-30.1963552742612
26.6096447257385
-28.3323552742612
-26.464355274261
-119.006355274261
-139.676355274261
-189.200355274261
-111.444355274261
65.1516447257385
4.24364472573848
-164.448355274261
-77.5983552742612
-77.5983552742612
-86.2463552742613
-213.482355274261
-42.8663552742611
-207.714355274261
-227.724355274262
19.9696447257385
-27.9723552742613
20.2676447257385
-12.8063552742615
11.3116447257385
-7.88435527426152
-147.364355274262
-147.364355274262
55.2176447257385
-28.3003552742617
-91.3203552742617
37.1216447257385
-12.3543552742615
-72.9123552742617
0.727644725738486
88.6356447257385
2.81164472573847
-10.2543552742615
129.567644725738
-57.5923552742615
-72.2803552742615
-97.2603552742615
52.6176447257385
-56.6023552742615
77.7776447257385
-54.6443552742616
39.6116447257385
112.107644725738
27.5896447257385
24.5836447257385
-62.8163552742617
-87.9683552742618
41.6136447257385
57.7136447257385
-68.0083552742618
50.7716447257385
-25.1463552742618
-75.7603552742618
-103.888355274262
26.2236447257385
-34.1643552742618
-119.134355274262
-163.944355274262
-9.86035527426152
-68.1543552742617
13.1496447257385
21.8836447257385
80.2996447257385
-60.7303552742617
-148.780355274262
-175.608355274262
-125.358355274262
-44.9383552742617
63.6916447257385
-88.1183552742618
-137.396355274262
27.7256447257385
-82.2743552742619
79.1656447257385
122.265644725738
63.4596447257385
95.4436447257385
-33.8143552742619
-70.7663552742619
-23.7843552742618
-27.2443552742619
-56.7483552742619
-198.562355274262
8.00364472573848
-79.2203552742616
42.2056447257385
50.8776447257385
75.6656447257385
69.9436447257385
178.151644725738
-14.2723552742613
1.11364472573848
21.4036447257385
13.1056447257385
-29.2703552742613
52.2836447257385
55.7756447257385
8.66764472573848
152.251644725738
-67.4443552742613
-172.554355274261
-205.456355274261
-113.474355274261
-8.97035527426152
-5.22235527426152
-57.2403552742614
-49.3883552742615
-53.2963552742614
-22.4403552742614
-98.6463552742614
-33.0523552742614
-43.6303552742614
73.9396447257385
89.4076447257385
-186.024355274261
-128.626355274261
-130.546355274261
-122.488355274261
-168.474355274261
-14.7563552742614
-29.6803552742614
-150.422355274261
-104.378355274261
46.4956447257385
46.4956447257385
-35.4743552742614
96.4436447257385
162.703644725738
92.8516447257385
71.8696447257385
163.721644725738
47.4876447257385
-57.7583552742615
-76.7763552742616
23.1756447257385
138.271644725738
66.8056447257385
-71.2923552742614
-110.796355274261
28.3836447257385
-34.8243552742614
99.7876447257385
100.859644725738
-24.3443552742613
-114.060355274261
-38.3723552742613
-48.9103552742612
-154.932355274261
27.4816447257385
81.8916447257385
143.043644725738
136.669644725738
63.2536447257385
117.213644725738
66.5516447257385
-77.4443552742613
0.247644725738482
67.5636447257385
189.685644725738
170.857644725738
59.3696447257385
35.6856447257385
42.5296447257385
74.2836447257385
107.647644725738
147.941644725738
-64.7763552742611
70.5556447257385
-17.2243552742611
-110.612355274261
-86.0403552742611
-97.1563552742612
-39.4463552742612
-55.9963552742611
-49.1463552742611
-65.8223552742611
-10.7103552742615
-86.650355274261
-78.1343552742611
2.96964472573848
-103.194355274261
-59.5103552742611
12.1736447257385
-136.046355274261
73.8696447257385
3.44964472573848
-116.974355274261
12.6896447257395
-42.2583552742609
58.4336447257395
43.4976447257385
114.513644725738
131.887644725738
31.8436447257385
59.3416447257385
134.079644725738
134.409644725738
46.6136447257385
55.4216447257385
-32.2923552742611
20.6476447257385
126.531644725738
-34.9963552742611
-127.218355274261
23.6156447257385
-79.7903552742611
-43.9843552742611
-12.2343552742615
74.6796447257385
123.889644725739
32.1796447257395
32.1796447257395
58.6636447257385
146.431644725738
-74.3683552742611
-55.1943552742611
-112.592355274261
1.16564472573847
-4.71435527426053
99.8556447257395
102.227644725739
33.1976447257385
-22.9683552742611
-5.97835527426152
-159.528355274261
-102.200355274261
-15.8903552742612
-39.7143552742612
-124.674355274261
-69.6183552742613
-33.9823552742614
1.85164472573848
-92.5103552742612
-105.600355274261
48.8456447257385
55.9136447257385
124.553644725738
135.733644725738
104.305644725738
-104.928355274261
-1.64435527426151
-1.64435527426151
-21.6703552742612
-91.2943552742613
19.7736447257385
-69.5263552742613
69.3156447257385
17.4376447257385
-75.0943552742611
-86.5603552742611
-71.286355274261
29.9076447257395
44.8216447257395
44.8216447257395
85.4936447257385
115.629644725738
135.617644725738
53.1076447257385
-153.572355274261
-79.770355274261
-1.89635527426051
-8.88635527426052
-32.5103552742609
-77.0783552742609
0.269644725738488
-100.874355274261
-45.6183552742612
-38.8983552742611
0.779644725738478
4.34964472573849
-99.1103552742611
-106.706355274261
131.451644725738
25.1556447257385
102.363644725738
-2.90035527426151
-165.450355274261
-4.17235527426152
-129.852355274261
10.1796447257385
-99.130355274261
110.315644725738
93.1276447257385
153.475644725738
-177.754355274261
-177.754355274261
-177.754355274261
-177.754355274261
-177.754355274261
-177.754355274261
-177.754355274261
-177.754355274261
-8.59235527426152
41.2056447257385
51.9656447257385
-32.1223552742617
-87.3043552742616
-123.124355274262
-39.4343552742616
13.6816447257385
13.6816447257385
-112.974355274262
89.2556447257385
59.6616447257385
81.0796447257385
87.5096447257385
-51.7203552742617
73.7796447257385
127.449644725738
153.345644725738
118.867644725738
115.461644725738
181.137644725738
-135.254355274262
76.4056447257385
-10.3043552742615
25.4196447257385
109.477644725738
-15.5143552742618
-40.2463552742618
73.2456447257385
-3.83035527426152
46.2176447257385
25.4936447257385
50.9316447257385
28.1516447257385
-19.1663552742616
-47.2143552742617
-49.8963552742616
96.2576447257385
3.01964472573849
28.8436447257385
86.1836447257385
-98.6563552742616
-174.260355274262
-9.24035527426152
-105.810355274261
44.9696447257385
-38.2963552742614
72.9296447257385
38.8416447257385
95.9076447257385
-113.262355274262
-59.7623552742614
-45.5803552742615
-187.830355274261
-40.3283552742614
-111.166355274261
-120.274355274261
-25.7063552742612
62.7196447257385
-8.01235527426152
-91.9683552742614
2.00364472573848
-60.5283552742614
43.1576447257385
66.3396447257385
10.2056447257385
-48.4103552742615
-48.4103552742615
49.3496447257385
157.105644725738
162.345644725738
8.78564472573848
45.3596447257385
37.6796447257385
135.705644725738
123.687644725738
88.2356447257385
134.233644725738
17.6016447257385
11.1556447257385
-74.8263552742618
-95.5303552742618
-57.7143552742618
-116.904355274262
-45.1843552742618
54.0216447257385
-98.3483552742621
-33.3383552742622
-13.0263552742625
-51.748355274262
28.9676447257385
10.6876447257385
-42.3183552742618
52.6896447257385
-159.656355274262
-108.338355274262
-111.686355274262
-49.9943552742618
29.8636447257385
62.8396447257385
-36.8083552742617
-100.810355274262
-26.1283552742615
-36.9243552742615
-25.8823552742615
32.5056447257385
31.0576447257385
-92.4923552742615
-42.6743552742615
48.4176447257385
50.1296447257385
-152.874355274261
-8.27035527426152
-5.96435527426152
-17.9903552742611
-19.9863552742612
-58.1463552742612
94.0236447257385
45.7856447257395
-25.9583552742611
139.019644725738
168.355644725739
23.5716447257385
-6.30035527426152
8.52564472573847
-32.1423552742612
-18.8963552742612
63.8556447257385
68.4976447257385
69.3956447257385
-220.022355274262
-81.8603552742612
19.5476447257385
-135.022355274261
-135.022355274261
-135.022355274261
-135.022355274261
-135.022355274261
-117.024355274261
-151.150355274261
78.0136447257385
10.1396447257385
7.35364472573848
95.9076447257385
133.833644725738
156.169644725738
73.5756447257385
65.6616447257385
81.3136447257385
102.557644725738
107.449644725738
-9.98235527426152
42.2656447257385
-13.9723552742616
51.0036447257385
18.2676447257385
61.1176447257385
136.689644725738
11.5616447257385
70.4856447257385
-50.9843552742614
135.381644725738
127.281644725738
37.6216447257385
51.5796447257385
110.343644725738
-21.9863552742615
33.7356447257385
42.2376447257385
-44.3063552742614
-72.5823552742615
-115.736355274261
-133.876355274261
-105.202355274261
32.3356447257385
-45.7403552742615
101.299644725738
57.5636447257385
102.499644725738
-116.842355274262
-57.5723552742616
106.609644725738
-161.134355274261
92.0756447257385
65.6416447257385
62.3816447257385
81.2156447257385
-25.9343552742614
-86.2163552742614
-201.856355274261
-192.704355274261
-184.786355274261
-185.740355274261
-25.0343552742614
44.2016447257385
101.337644725738
122.985644725738
105.695644725738
95.4876447257385
104.257644725738
71.2956447257385
68.7476447257385
25.0136447257385
-134.184355274261
-169.188355274261
-46.1123552742611
-151.100355274261
-70.2503552742613
-25.4583552742613
-78.2283552742612
-196.222355274261
-131.590355274261
-126.950355274261
-105.246355274261
-106.334355274261
-19.5023552742611
51.1236447257385
90.5836447257385
73.4956447257385
153.873644725739
34.1496447257385
56.7396447257385
-75.0423552742612
58.7096447257385
66.8996447257385
23.9156447257385
133.323644725738
88.9776447257385
185.537644725738
187.327644725739
68.6396447257385
177.869644725738
218.905644725738
45.0776447257385
-66.3263552742612
-59.0343552742613
35.8236447257385
-12.9543552742615
69.9116447257385
111.465644725738
90.7056447257385
-67.5563552742616
-105.464355274262
29.5076447257385
-19.2923552742618
-12.3703552742615
-48.0423552742618
53.8876447257385
61.3596447257375
-24.6643552742619
-37.052355274262
-84.944355274262
-64.9343552742619
75.4056447257385
82.4076447257385
57.0096447257385
45.1096447257385
-67.0563552742619
-107.778355274262
-38.2863552742618
-42.5643552742618
84.1536447257385
131.035644725738
104.577644725738
19.1956447257385
80.6576447257375
33.3576447257385
69.9096447257385
38.5116447257385
75.3136447257385
-8.85435527426152
26.0956447257385
26.8996447257385
31.5116447257385
35.8936447257385
-119.060355274262
-58.5723552742617
-221.090355274262
18.4716447257385
-45.8483552742617
32.1336447257385
-116.022355274262
68.4276447257385
-10.6203552742615
42.2476447257385
26.0076447257385
26.0076447257385
-79.1743552742615
-146.374355274262
-237.300355274262
28.2756447257385
9.80164472573848
36.9936447257385
-84.8703552742617
104.383644725738
151.991644725738
-15.4483552742617
56.4556447257385
-38.5363552742616
77.1096447257385
12.5016447257385
-62.0583552742617
-45.2963552742618
-35.1863552742618
91.3616447257385
-50.0123552742618
-146.614355274262
-58.1223552742616
-35.4223552742615
-73.6323552742616
53.8396447257385
-35.0263552742616
16.5556447257385
-6.83035527426152
-84.8343552742617
-93.1463552742616
3.69764472573848
95.0856447257385
-129.132355274262
-51.0483552742616
13.3096447257385
-79.2323552742619
19.0256447257385
19.0256447257385
-60.4543552742621
-41.536355274262
59.5076447257375
89.6416447257375
66.4896447257375
