50.0227805456701
54.7867805456701
35.5207805456701
56.6067805456701
80.1647805456701
63.9967805456701
64.7247805456701
41.3587805456702
50.7667805456702
51.2747805456701
41.0327805456701
65.1127805456701
49.5327805456702
51.8007805456701
44.4987805456703
44.4987805456703
-30.1752194543299
24.0607805456702
-6.70721945432975
58.3487805456701
21.1687805456701
49.4027805456702
-44.1052194543299
27.3067805456701
-14.6452194543301
-6.30721945433005
-6.30721945433005
19.7587805456699
12.2527805456702
12.4427805456701
-14.57521945433
-36.97121945433
13.80878054567
25.97078054567
-0.997219454330057
-0.997219454330057
-13.9232194543301
16.5707805456698
25.6167805456698
33.9067805456699
-34.1332194543302
4.34878054566965
-46.2732194543304
16.1907805456696
-14.4772194543305
-9.33721945433035
1.82678054566984
4.87278054566974
-1.60921945433016
-23.8332194543303
-6.73121945433026
-39.5572194543302
-7.13921945433015
8.21078054566984
-33.8592194543302
-47.1792194543301
-51.0792194543302
-19.0592194543297
45.1947805456703
16.5187805456703
1.43478054567034
19.2387805456703
40.8327805456702
-0.727219454329656
-6.28721945432966
17.1227805456703
19.4107805456703
-23.3672194543297
-42.3232194543297
9.06678054567035
-14.0092194543296
-66.7532194543297
-3.42321945432955
-153.97121945433
6.79878054567045
-29.4752194543296
-23.8112194543295
-16.2612194543297
10.0187805456703
-4.12521945432955
-6.86921945432955
8.64678054567045
-11.5492194543296
1.23278054567064
19.2707805456706
19.2707805456706
-8.48521945432955
-60.2092194543297
-64.2792194543295
-20.4252194543296
-9.41321945432956
-0.837219454329755
8.61878054567025
5.33278054567025
-5.37121945432965
-36.7052194543298
24.3987805456702
-31.0332194543297
6.61878054567035
17.7887805456701
-27.50521945433
-20.60321945433
-9.08121945433005
24.7847805456697
-57.8512194543303
-3.65321945433016
5.08478054566984
15.6947805456698
15.3627805456698
-28.0532194543303
-29.7552194543302
-42.0592194543302
1.88078054566984
-4.72321945433006
-7.01721945433005
-23.8692194543302
11.1167805456698
36.2287805456697
2.92678054566984
-57.9332194543301
-16.5492194543302
-4.16321945433025
9.07078054566974
33.9227805456697
-22.8952194543303
-85.6772194543302
-2.89321945433006
13.5587805456698
-0.437219454330155
16.7247805456697
19.2427805456698
13.9987805456701
26.1607805456699
-53.9432194543301
-47.3012194543302
-12.8672194543303
-26.7972194543302
18.6747805456699
17.1587805456701
10.9607805456701
-30.07521945433
-16.97921945433
-30.2372194543297
13.2087805456704
-26.0092194543295
28.1847805456704
-11.2732194543295
-32.2252194543295
-3.50721945432956
-7.67521945432956
-10.0672194543296
10.1347805456705
-9.35121945432945
9.10878054567054
26.8967805456705
35.8847805456704
-13.3752194543296
20.9267805456704
2.63478054567045
-14.9692194543296
-16.7972194543296
-27.7432194543297
-49.6432194543296
-1.85721945432955
18.5507805456704
18.5047805456704
32.3147805456706
37.1607805456706
36.9627805456706
-9.31121945432935
-1.35921945432926
6.66278054567074
28.5347805456707
14.6107805456706
-5.15721945432926
-12.1372194543293
-7.54321945432925
41.8307805456709
39.3347805456708
33.0467805456708
-7.55321945432956
1.35078054567035
-14.8112194543298
22.3387805456702
20.7687805456703
-21.4632194543298
18.8627805456702
1.32078054567025
7.64478054567014
-10.9892194543299
-35.7232194543299
0.464780545670244
0.668780545670145
17.7007805456702
13.5067805456702
30.0427805456702
25.8267805456702
44.4087805456701
-15.42721945433
16.0667805456699
35.30878054567
28.3507805456699
-5.41121945432985
14.9247805456701
2.87278054567015
-3.48921945432986
-32.8012194543299
21.9487805456702
-14.3692194543299
-14.67721945433
-52.7252194543298
4.66478054567015
2.13278054567014
-24.0372194543299
-39.3992194543301
-14.6112194543301
10.7967805456698
16.1347805456698
-58.3432194543302
-28.6732194543303
18.3267805456698
-23.94721945433
10.7787805456702
-20.9272194543298
-34.3152194543298
-28.0032194543297
-29.3272194543297
-26.6592194543297
-97.3232194543297
-49.8432194543298
-53.4052194543297
-11.2112194543297
-30.3032194543297
11.9727805456702
-0.683219454329759
20.2147805456702
-9.66121945432975
1.45878054567014
-19.7332194543298
22.8627805456702
-3.77521945432976
35.7467805456702
16.6487805456703
-9.50121945432976
26.5487805456702
-11.7732194543299
-26.5232194543299
8.40878054567015
22.4667805456701
-36.1392194543299
14.0567805456703
36.3767805456699
3.65878054566984
-9.99321945432985
-6.73521945432996
12.1527805456699
-30.35721945433
4.78478054566995
4.78478054566995
-26.78721945433
39.8767805456701
-10.27321945433
48.4287805456697
58.0887805456701
3.18678054566964
4.87878054566964
20.9607805456696
-34.3752194543303
-4.41921945433025
5.32278054566974
-20.8292194543303
-9.04921945433026
-9.01721945433035
19.5367805456697
-19.0212194543303
3.54078054566965
43.2487805456697
-16.5592194543302
-16.5592194543302
-31.1292194543303
-17.2632194543301
-38.4052194543302
22.9267805456699
-2.63121945432996
-7.07321945433006
-58.9612194543299
-45.68921945433
-61.8452194543299
-37.5952194543298
-49.5672194543297
10.9167805456702
41.4707805456703
-41.3672194543296
-62.3452194543296
-6.16521945432935
19.0687805456705
-4.59121945432945
24.8167805456704
31.6507805456703
33.4507805456703
28.0787805456703
10.0907805456702
-39.9512194543298
-53.3232194543298
-3.00921945432965
-29.0252194543298
-11.8512194543298
24.9627805456701
4.96278054567024
10.2267805456705
3.33478054567034
1.86678054567025
-20.9992194543299
-70.82121945433
-15.1372194543299
23.19278054567
2.55878054567005
-32.7832194543301
20.21878054567
22.10678054567
-73.6512194543303
-4.61721945433005
22.0707805456698
-18.8692194543302
26.3927805456698
28.2567805456698
11.0307805456698
-46.9512194543302
1.89078054566984
22.3867805456699
13.0787805456699
10.3147805456699
-47.6532194543303
-42.2072194543302
-31.3112194543302
-60.6012194543304
18.6587805456699
-82.5032194543302
-82.5032194543302
-106.30921945433
-22.52321945433
46.2547805456699
-9.01121945432985
39.5627805456699
-78.5452194543301
37.3247805456699
49.8827805456699
30.71278054567
-28.43321945433
24.7367805456701
24.7367805456701
-8.72521945432985
16.5167805456702
13.3427805456701
30.0067805456702
27.9127805456704
-14.8352194543297
-40.4852194543296
-54.2032194543295
27.6167805456703
10.9147805456702
0.140780545670246
13.9367805456703
20.6407805456703
34.7387805456703
19.7367805456703
-25.8092194543296
1.03678054567045
26.3707805456704
-1.05521945432945
38.0727805456706
1.67078054567055
31.3387805456707
20.8227805456706
24.8867805456702
24.1047805456701
37.5647805456701
15.3367805456701
28.0507805456701
13.34478054567
-9.15521945432985
-7.98121945432975
22.6767805456703
22.6767805456703
-2.40121945432966
-29.6492194543297
1.08478054567034
17.3847805456703
9.44078054567034
9.44078054567034
-39.0592194543298
10.2447805456703
5.47478054567024
19.0247805456701
6.57478054567024
-38.7772194543299
-20.1072194543298
-3.05321945432976
-68.5312194543298
-55.6992194543298
-21.4332194543298
-53.6132194543299
29.1627805456704
29.8407805456702
2.23278054567025
8.30878054567025
-12.7552194543297
-10.4652194543298
29.9747805456703
30.9527805456702
24.8207805456702
-22.5072194543298
-47.5512194543298
-7.61921945432996
-28.1732194543298
7.39478054567014
-57.6612194543297
-77.7392194543299
-1.00121945432976
2.23678054567014
13.6227805456701
-7.26321945432986
3.84278054567014
23.31278054567
19.24678054567
45.24478054567
39.3407805456701
50.6947805456701
3.40478054566974
-2.48721945433036
44.8347805456698
47.7087805456696
-0.765219454330357
60.4007805456701
44.1987805456695
23.7107805456696
-28.5632194543304
10.7907805456695
19.5507805456696
14.0407805456695
5.17278054566965
29.1587805456696
-13.2052194543305
-39.2052194543306
43.7487805456695
5.85878054566955
14.4147805456693
-26.6092194543306
19.5687805456694
-130.43321945433
-13.7232194543306
-19.7272194543306
11.0447805456694
8.35078054566954
16.1087805456697
-33.4712194543303
-40.5972194543302
5.46078054566984
-37.2092194543302
-57.1292194543302
-44.2112194543302
3.13278054566995
-25.0012194543302
-12.9932194543301
26.7287805456699
23.7447805456698
-52.2572194543302
1.09278054566985
-38.5972194543301
-17.3232194543301
-27.3072194543301
-34.86721945433
28.2927805456699
-14.6092194543301
-20.1012194543301
13.2087805456699
18.9627805456699
21.8107805456699
21.2127805456701
-1.62121945432985
14.7407805456701
-0.257219454329757
-13.4632194543298
-35.2552194543298
22.5307805456701
12.18878054567
14.8847805456699
31.6827805456699
-3.78121945432966
42.6067805456702
-29.9152194543298
-40.6252194543298
7.55878054567025
22.1987805456701
39.3987805456702
42.0347805456703
6.84878054567024
-12.3212194543299
-67.6612194543299
-23.95721945433
-7.20321945432985
19.8547805456698
-34.3752194543302
0.284780545669946
-21.9312194543301
14.01878054567
12.6947805456701
10.2727805456701
-40.7052194543299
-37.0172194543299
-23.3192194543299
16.9787805456701
16.8667805456701
46.9707805456702
21.7987805456701
-24.4012194543298
-17.8592194543298
16.9847805456703
34.7807805456703
-26.5472194543298
-16.5772194543296
-0.809219454329558
14.3547805456704
-7.81721945432955
-4.40721945432966
-45.9232194543296
-27.4992194543295
2.67878054567054
0.518780545670545
-8.10921945432946
-47.6072194543297
17.0347805456707
14.7607805456705
-25.6412194543295
-6.29721945432946
-21.1252194543294
17.3267805456707
-18.9452194543294
14.7327805456706
-3.86921945432935
-21.2692194543295
-66.6932194543297
-5.58121945432966
-1.20121945432975
-24.8152194543297
-11.3192194543296
-3.83521945432965
-22.5832194543297
-46.5212194543295
-50.1372194543296
-30.4672194543297
-30.3332194543297
-5.52721945432965
-8.55921945432956
-3.99121945432965
-44.0492194543296
11.2727805456704
-56.1472194543295
-57.9252194543295
-11.4252194543295
35.4807805456705
-27.5292194543295
-3.98321945432946
24.5507805456705
-18.5212194543295
-12.7412194543295
-12.3872194543296
15.6127805456704
-3.71521945432946
-2.74721945432945
-12.2372194543295
27.4947805456705
-16.2952194543295
2.51278054567045
16.7367805456706
13.5567805456706
-11.7592194543295
11.3027805456705
19.3047805456704
-61.2272194543295
-16.5732194543294
29.1987805456707
-25.6012194543294
-27.0552194543295
11.9887805456706
-39.1852194543293
9.82878054567075
-21.3752194543293
-18.3992194543294
-12.0732194543294
-19.7012194543294
9.78678054567064
-5.26121945432936
24.8647805456706
12.4067805456706
-7.40321945432925
-0.127219454329257
27.6207805456707
1.86878054567065
36.7987805456707
9.11878054567065
-55.9372194543294
-29.7032194543294
-35.8312194543294
-101.245219454329
-125.975219454329
-14.2572194543295
-4.54521945432946
38.9707805456705
-30.0132194543295
-13.6812194543295
-5.87921945432946
-24.7992194543298
35.0467805456701
46.29878054567
43.06278054567
36.72078054567
8.58678054567005
35.4347805456701
-45.1372194543299
-65.2952194543301
-24.3712194543303
17.3227805456699
-16.8352194543301
-22.92521945433
-13.5052194543302
-8.05921945433015
-7.21721945433006
1.91078054566994
15.1347805456699
37.70478054567
54.4567805456701
8.95678054566994
27.0067805456699
-30.2152194543301
40.94478054567
0.294780545669944
46.8827805456699
-19.75321945433
24.78478054567
-13.8932194543301
-1.11921945432996
14.4387805456702
24.4427805456701
36.5847805456702
33.4927805456702
30.3387805456702
-11.2812194543297
-20.4832194543298
27.5627805456701
15.7267805456698
-30.0172194543302
33.2207805456697
8.96478054566975
38.3267805456697
-14.8792194543303
-24.8852194543303
-2.69521945433016
39.5147805456698
39.5147805456698
-2.92721945433026
21.3967805456697
35.4787805456695
35.4787805456695
11.2387805456695
1.81678054566954
19.0467805456693
10.6627805456693
41.8487805456693
10.0907805456694
-13.2952194543307
-27.3152194543307
-8.97921945433055
-7.45721945433046
-35.6332194543305
-33.6932194543304
-19.0512194543305
-21.4292194543305
-4.89121945433035
-46.7272194543303
-32.7812194543304
-13.5092194543302
6.85278054566994
4.56478054567015
32.86678054567
7.21478054567014
-2.22721945432986
-40.7752194543299
-35.34121945433
-25.40921945433
-17.52721945433
1.44278054567015
24.3527805456701
-38.97321945433
-26.48721945433
-14.89121945433
-9.38921945432995
16.70278054567
16.70278054567
5.98878054567005
-6.88321945433005
-0.0212194543299589
-18.1632194543301
-12.17121945433
9.35078054567005
-10.8812194543299
13.21478054567
13.63678054567
16.2767805456699
-17.9412194543302
7.61278054566984
-53.2492194543302
-2.25321945433006
11.74278054567
-19.3192194543304
10.4707805456698
13.3067805456697
16.8027805456697
26.6027805456699
-3.28721945433006
-12.2192194543302
-18.2192194543302
-32.1312194543303
-71.9352194543301
-12.5812194543301
-0.335219454330058
-5.78121945433006
22.8167805456699
-14.6812194543301
28.8427805456699
19.49678054567
24.93878054567
22.6147805456701
13.5327805456701
33.9307805456701
22.38078054567
29.8767805456701
21.79278054567
27.63078054567
18.8547805456699
9.23678054567004
-5.85121945432996
-3.63121945432986
-10.6132194543299
22.2067805456701
24.0767805456702
5.01478054567035
22.6287805456703
-0.295219454329654
16.1307805456702
3.07278054567024
22.6287805456702
-22.4472194543298
-8.42121945432976
-37.2512194543298
-20.4972194543298
-27.7952194543298
-43.3032194543299
-9.05921945432986
-29.9892194543295
-44.6252194543295
4.38478054567045
-10.6932194543296
0.514780545670348
3.57878054567035
9.74278054567044
26.9847805456704
30.6887805456705
19.3187805456703
16.9767805456704
25.8687805456703
32.1467805456703
6.47278054567035
-24.6112194543296
-25.1072194543297
-60.0632194543297
9.64478054567024
-40.7232194543296
29.6327805456704
10.5007805456702
14.5967805456702
-44.5112194543297
-0.181219454329359
-16.1972194543294
28.6447805456706
46.4927805456705
-20.7392194543293
-5.99921945432946
3.63678054567065
-18.4352194543297
-13.3492194543296
-37.9932194543296
18.2267805456704
17.2407805456704
18.2747805456702
-7.78921945432955
43.8867805456703
11.3387805456702
-24.8392194543297
-33.2132194543297
1.01678054567034
-5.04721945432976
-16.0472194543299
13.5247805456701
5.05678054566994
-4.74321945432995
-10.83121945433
-13.6452194543299
-12.59521945433
-23.37921945433
24.4587805456701
34.0907805456701
55.3467805456702
2.27478054567005
23.2087805456701
16.4867805456702
19.5807805456701
17.6147805456698
-50.4972194543302
-3.83921945433016
-14.4952194543303
-27.7832194543303
-5.83121945433025
22.4767805456697
-32.5152194543304
-12.1152194543303
-9.16321945433025
-11.8332194543302
