27.6507622377645
42.3407622377645
17.7967622377643
28.3227622377643
10.2227622377642
-10.0772377622357
16.0227622377642
53.1367622377644
15.4067622377643
34.7847622377644
44.6267622377643
34.4207622377642
53.4087622377644
35.2947622377643
41.9627622377644
5.60876223776447
-12.1252377622355
8.04076223776426
4.30676223776447
35.5767622377646
-7.05723776223574
45.0207622377641
18.5967622377637
29.6407622377634
37.3687622377628
7.85276223776276
-11.1852377622372
-22.7752377622372
26.0787622377628
40.3527622377628
-46.5792377622373
6.20876223776266
-28.5572377622372
-46.7012377622374
-16.0052377622373
-43.2572377622374
-65.0192377622375
-70.9292377622375
-53.0332377622375
14.8267622377624
23.0827622377623
-14.2892377622377
13.8667622377624
29.6047622377625
-14.6392377622376
31.2327622377624
18.6347622377624
-26.0612377622377
16.5987622377623
-13.0812377622377
-6.57923776223753
26.1427622377625
16.9747622377626
-18.5652377622375
-47.7352377622376
-24.9992377622376
-36.4372377622375
-4.43923776223764
-16.7092377622376
-13.8992377622376
-86.3012377622374
-67.1672377622374
-68.2172377622374
-15.2252377622375
-4.44123776223763
-8.06323776223734
35.8547622377627
-63.0952377622373
-54.0092377622373
-44.9272377622373
-39.1232377622372
-44.5972377622374
-19.1692377622373
-18.2872377622374
-51.9312377622374
54.9107622377624
-12.3972377622374
25.6767622377627
47.9707622377627
35.6467622377627
32.8827622377626
8.79876223776257
6.93476223776246
27.0707622377625
-9.68723776223744
37.0247622377625
-9.65323776223754
28.7907622377626
-14.1652377622374
59.2707622377624
-22.6892377622375
-55.0612377622375
38.6687622377625
36.0407622377625
-17.9292377622377
31.6147622377623
44.8347622377622
-18.2972377622379
27.9287622377621
-19.8332377622379
-1.96723776223784
-18.4772377622379
-26.9712377622378
13.3447622377622
18.0787622377623
3.91076223776226
-27.5272377622377
-60.8512377622377
45.4327622377623
33.2447622377623
48.6127622377623
31.9767622377623
13.5327622377622
34.626762237762
-28.5732377622379
-41.095237762238
10.2587622377621
29.304762237762
-30.397237762238
31.358762237762
17.1547622377621
-43.469237762238
-43.469237762238
-43.469237762238
-29.015237762238
-10.507237762238
-11.203237762238
12.3127622377621
25.144762237762
23.8807622377616
-23.9712377622385
1.22276223776156
27.6447622377616
44.5507622377616
32.6327622377616
37.3787622377615
33.2667622377613
-30.7632377622386
-35.7792377622386
51.4907622377613
-74.8612377622388
-29.3872377622386
-4.70323776223864
48.4027622377614
34.6867622377614
-67.2592377622384
5.97076223776156
-58.0972377622385
2.85676223776147
-3.76923776223854
-13.0152377622386
25.5407622377615
34.8347622377617
-28.7652377622383
1.77076223776167
-24.0272377622384
-38.8792377622384
-46.0712377622384
-19.3812377622383
-63.7072377622381
-48.581237762238
-43.6812377622375
-12.4852377622375
-36.6632377622375
-15.9892377622375
-56.1832377622375
-51.7492377622375
-12.3052377622375
27.7787622377624
-15.3292377622376
39.5927622377623
26.3307622377625
32.5047622377624
29.2907622377624
-24.0272377622375
27.7047622377625
3.87676223776246
40.7387622377626
59.8267622377624
31.6087622377625
28.8967622377625
10.7047622377626
-42.0172377622374
-29.7152377622373
35.6087622377628
19.7367622377627
46.7067622377625
20.1587622377624
11.2607622377622
-52.3592377622379
-37.5692377622378
-25.7092377622377
28.8527622377622
29.3187622377622
-25.7112377622377
26.076762237762
49.402762237762
-0.413237762238033
-22.2912377622381
11.7407622377619
27.0287622377617
6.40476223776177
-12.6612377622382
15.9007622377619
-19.1552377622382
-12.2592377622384
17.3067622377617
-44.5612377622383
41.9167622377618
-45.3212377622382
9.51076223776177
-21.2052377622381
1.62676223776187
-57.4232377622381
-76.2812377622381
-4.74923776223824
-15.8352377622384
15.452762237762
-15.3352377622379
-47.3272377622381
20.6547622377621
-33.821237762238
-18.961237762238
30.8587622377619
-19.651237762238
-66.651237762238
6.96276223776206
19.418762237762
23.802762237762
-10.001237762238
20.954762237762
-3.67523776223813
-41.6952377622382
-20.2892377622381
-20.9372377622383
19.6747622377619
1.64676223776186
19.0367622377619
36.062762237762
-49.941237762238
40.4287622377622
-50.6632377622376
-22.9632377622374
-20.0852377622375
27.9307622377625
3.22276223776247
-0.337237762237635
35.2447622377623
-3.42323776223733
-3.42323776223733
-3.42323776223733
-21.1612377622368
-30.5552377622369
-24.309237762237
58.8647622377634
32.2647622377631
34.7267622377631
63.6207622377634
25.2127622377626
-9.72323776223734
-15.3952377622373
16.8447622377628
6.02276223776266
29.9207622377626
29.2747622377625
6.67076223776257
-2.97123776223734
20.9787622377627
-12.2512377622372
32.884762237763
-27.1212377622371
26.9047622377629
21.9987622377628
5.45476223776247
-11.3852377622373
-36.2012377622376
-9.21723776223744
-31.2512377622374
-28.4332377622374
-14.1752377622374
19.9587622377626
13.8707622377625
33.7027622377625
36.5047622377625
-46.3792377622373
-46.3792377622373
-46.3792377622373
-46.3792377622373
-52.5212377622373
-52.5212377622373
-52.5212377622373
-30.2972377622373
5.86476223776266
-2.86123776223724
-84.9752377622372
-69.5672377622372
32.7607622377627
-17.7712377622372
17.5747622377627
11.3287622377627
-17.4572377622373
-35.9792377622373
24.5227622377628
6.91876223776276
-32.3952377622373
-29.4312377622374
-51.6332377622375
-14.4692377622372
9.93476223776276
26.1987622377627
-11.1872377622375
-27.1632377622375
24.6787622377625
5.62276223776247
11.8227622377626
13.6247622377627
-88.0952377622375
13.3527622377625
8.60476223776256
-16.1192377622375
9.41276223776256
-31.2612377622374
-2.03123776223744
-2.39123776223734
-0.789237762237335
-41.9032377622373
-48.8272377622374
4.82276223776256
-14.2092377622374
3.15076223776256
-2.41123776223794
-27.0812377622378
-72.9112377622377
15.5707622377622
-46.2032377622378
-68.8492377622377
-32.0612377622378
-57.7292377622378
-59.8412377622376
-48.6572377622374
-34.5332377622374
0.596762237762562
2.50276223776236
32.4267622377625
17.1727622377623
-38.3072377622376
-12.4872377622375
-23.3412377622376
34.0067622377625
22.3447622377623
-47.8692377622375
25.4267622377626
-17.9572377622374
27.4807622377625
-13.8452377622375
-2.39523776223754
7.33076223776246
25.4407622377625
64.3387622377624
17.5347622377627
29.0367622377629
-8.89723776223703
27.6787622377629
33.3667622377628
19.7047622377629
26.8207622377629
54.4807622377624
30.2687622377627
-8.78923776223733
-48.5772377622377
-24.3492377622375
20.5447622377626
-54.8572377622369
78.6267622377634
20.5787622377631
-26.6472377622368
1.60676223776316
-22.0632377622368
29.1627622377631
5.91676223776307
-6.89523776223694
24.0207622377633
-30.2552377622367
-18.5252377622369
-32.659237762237
14.042762237763
-9.92323776223714
-21.7972377622373
-6.32323776223723
29.5907622377628
29.5907622377628
28.4967622377628
-16.5112377622372
11.2267622377629
37.6147622377629
-10.2172377622372
32.1947622377626
39.1727622377624
-3.73323776223754
-53.2932377622376
-29.7332377622379
8.07476223776187
10.1947622377619
37.3987622377619
-118.409237762238
-118.409237762238
-74.2952377622381
12.1187622377619
33.0447622377619
45.1207622377618
-9.26923776223833
-51.1352377622383
-43.1032377622382
0.986762237761766
-9.44923776223823
15.6067622377618
28.370762237762
15.0827622377619
15.0827622377619
15.0827622377619
15.0827622377619
-21.4672377622378
24.3747622377623
-50.1012377622376
-8.38923776223763
-50.9252377622377
6.81676223776226
-28.2472377622375
-35.3132377622376
-19.3692377622375
-8.73723776223763
-14.5732377622377
-7.20923776223763
-19.6312377622377
-40.1872377622376
-15.8032377622376
16.5067622377625
44.3007622377627
29.0607622377627
-0.707237762237334
-12.3732377622373
-51.5152377622374
-22.4852377622374
-5.55523776223733
-37.9052377622375
-67.3752377622373
22.1067622377626
33.3687622377627
16.2047622377626
-39.8812377622372
-49.9292377622373
27.7747622377626
26.5627622377626
-69.8512377622375
-105.193237762238
-15.6712377622375
32.5487622377626
40.3907622377627
-9.40923776223723
18.1647622377629
8.63276223776266
4.83476223776256
-45.2672377622375
-22.2672377622376
-9.14923776223753
-9.14923776223753
10.3287622377626
-24.6932377622373
-65.4072377622374
-35.0832377622373
-26.4552377622373
14.9407622377628
-36.7272377622373
20.3747622377627
24.2367622377627
24.2367622377627
24.2367622377627
16.2527622377628
12.3887622377627
17.6967622377625
-0.0792377622374332
26.3067622377626
6.68076223776256
-10.4032377622375
-17.8112377622373
-1.97523776223724
-1.28723776223734
9.78876223776256
-75.2432377622373
-34.8212377622373
34.9787622377628
15.4367622377627
4.88676223776267
14.7727622377627
2.87876223776266
33.5567622377627
16.3247622377626
35.1127622377625
3.56476223776247
-27.7912377622376
-26.6132377622375
-16.8492377622376
19.536762237762
17.6527622377619
46.3207622377619
-0.525237762238035
0.0027622377619636
-44.965237762238
-0.435237762238039
-35.4772377622379
10.4807622377621
-4.57323776223794
-26.2832377622379
18.1647622377621
-42.3212377622381
18.4447622377619
-70.4372377622381
-70.4372377622381
-17.8712377622382
-4.75723776223843
-3.17123776223843
-8.99523776223813
26.9787622377618
8.16276223776176
1.43676223776176
-26.1712377622384
22.1487622377616
13.9807622377616
-60.4432377622383
-17.2792377622388
45.0747622377616
3.04076223776166
32.9587622377617
4.85676223776166
1.07476223776166
-80.1672377622383
-20.9012377622382
-8.74923776223824
-85.2972377622382
-19.6872377622381
4.14276223776167
58.0987622377614
56.3567622377614
-16.4612377622383
-47.8112377622383
-20.5072377622382
22.4267622377618
0.628762237761862
-1.25523776223824
2.84876223776176
15.4767622377617
21.0627622377616
21.9427622377617
-35.8152377622382
26.5807622377618
26.5807622377618
17.2367622377618
-0.587237762238139
-31.9132377622381
-55.3592377622382
-0.435237762238138
-5.53323776223794
-38.1612377622379
4.13876223776217
16.6547622377623
-53.4172377622376
34.1327622377625
27.9987622377626
2.53476223776246
14.1767622377625
-7.78923776223743
-12.4232377622375
-20.4912377622376
-4.90323776223754
-30.8392377622375
-23.3772377622375
-23.3772377622375
8.17276223776236
31.0987622377625
-11.5512377622375
33.3887622377626
32.2207622377624
40.8087622377624
-48.9192377622376
-59.0272377622375
8.37276223776247
-33.1772377622376
-0.995237762237636
22.6587622377624
-24.2532377622376
34.7027622377623
-32.9952377622375
16.9327622377625
29.8127622377624
26.5887622377621
22.698762237762
-35.8052377622379
31.4427622377622
7.75876223776216
-14.8532377622377
25.4867622377624
25.3567622377624
4.62476223776277
15.6147622377628
39.9247622377628
42.5267622377629
23.4847622377628
12.8207622377628
-61.231237762237
33.4827622377629
40.4627622377629
-48.6192377622371
-49.0352377622371
-3.41723776223704
25.8307622377629
-32.171237762237
-28.1772377622371
26.3447622377629
-62.8512377622371
-84.739237762237
-13.4512377622372
-13.4512377622372
45.1907622377629
-54.3672377622375
-53.2372377622375
-53.2372377622375
-53.2372377622375
-53.2372377622375
-53.2372377622375
-53.2372377622375
-53.2372377622375
-53.2372377622375
-53.2372377622375
-24.1332377622383
-25.1912377622383
-25.1912377622383
-24.3412377622384
-47.9172377622384
-41.0832377622384
20.4667622377616
-36.3512377622384
10.0807622377617
-30.2472377622381
-32.9832377622381
13.7767622377619
-45.8672377622382
-34.0512377622383
32.7667622377618
7.79876223776137
43.7687622377615
38.8527622377615
35.9747622377613
32.8687622377613
13.0547622377614
2.82076223776107
-39.6812377622388
14.6607622377612
-5.61323776223863
26.0627622377613
4.72276223776186
49.6767622377619
-15.5692377622381
-24.9172377622381
19.1907622377621
8.11876223776206
-77.8112377622381
-40.347237762238
-11.915237762238
28.8187622377621
23.5687622377621
-14.8552377622379
50.722762237762
42.2947622377621
16.594762237762
30.738762237762
28.5827622377619
20.978762237762
21.2567622377619
-11.069237762238
7.57076223776196
-32.3832377622382
-32.3832377622382
-9.48523776223833
-67.6432377622383
-72.7292377622383
-41.5932377622382
-5.78123776223833
4.17676223776186
-40.6632377622381
-73.693237762238
-5.85123776223784
-5.20923776223773
38.2687622377623
19.4647622377624
11.7767622377624
9.41276223776217
24.3207622377622
11.9987622377622
31.8607622377622
10.7787622377622
12.1027622377623
16.8227622377622
14.2247622377621
-11.9652377622379
48.3447622377622
27.1507622377624
-34.4572377622377
-34.4572377622377
-34.4572377622377
-19.0472377622376
21.7487622377623
-18.8012377622376
17.3207622377623
-49.8532377622376
-38.0432377622376
13.9767622377624
-19.7832377622376
29.3987622377624
45.4027622377623
31.9487622377625
-23.6172377622376
-14.0532377622377
-7.96723776223764
-50.1992377622376
-1.07723776223764
13.6587622377624
-32.1912377622375
8.65276223776247
13.1227622377625
-18.7692377622373
20.6807622377627
3.52076223776267
-39.7712377622371
25.8967622377629
-24.1672377622371
-10.0872377622371
14.696762237763
-38.5292377622367
28.4247622377635
2.45876223776337
30.7687622377635
-21.6152377622364
16.4507622377636
-32.9512377622365
-46.9652377622365
9.54476223776346
14.0327622377636
20.7927622377636
16.9607622377636
-19.3052377622364
20.2987622377637
-3.45923776223643
5.04876223776366
12.7127622377636
10.3887622377638
-18.9192377622362
-52.9232377622364
-46.0012377622363
-30.2592377622363
-76.9292377622363
-8.21923776223633
-81.3712377622364
-57.3012377622364
-19.7612377622364
-29.7272377622365
34.2667622377635
-30.3752377622365
8.41476223776336
45.7867622377634
33.6627622377634
46.1307622377633
-36.7552377622367
-24.5312377622368
-25.6192377622369
44.9967622377631
-11.3492377622374
3.58476223776256
-37.9552377622374
23.3047622377626
-32.4612377622376
54.6207622377624
-2.12523776223764
-3.05523776223764
-8.14723776223764
-21.5572377622376
-11.6252377622376
19.9147622377624
45.2907622377624
-4.92123776223764
41.4507622377623
48.0567622377623
3.11476223776226
42.8547622377623
35.0927622377623
-27.9032377622377
14.3747622377623
42.4167622377623
-35.0392377622377
5.36876223776226
7.15276223776227
15.4287622377623
9.53076223776237
25.3367622377623
-20.3652377622376
-26.8772377622376
-21.5832377622377
-66.5632377622378
21.4227622377622
-29.2712377622379
3.03076223776186
-22.445237762238
23.518762237762
7.61676223776207
15.9147622377622
-111.343237762238
-111.343237762238
-111.343237762238
54.5487622377624
43.5587622377623
39.3247622377624
30.8707622377624
-4.44523776223764
41.2767622377625
9.99076223776236
15.3287622377624
11.5267622377624
40.1947622377623
40.1947622377623
29.5267622377622
6.25476223776207
-13.7832377622378
-21.9172377622378
24.5667622377622
22.2767622377624
16.2887622377623
-44.1032377622378
-43.1412377622377
10.6087622377622
3.27876223776246
19.0947622377626
-26.5332377622372
-26.5332377622372
28.7387622377627
19.6967622377627
-49.2692377622374
-32.7812377622373
