62.8880000000019
39.2200000000017
48.1180000000018
61.0660000000017
51.8280000000018
25.5500000000018
48.3780000000017
11.1200000000015
41.9320000000015
29.0460000000015
43.8360000000015
31.9800000000016
49.2180000000017
12.6020000000017
41.9060000000018
49.0460000000016
39.7920000000015
26.9120000000014
39.9680000000012
20.5680000000006
36.6320000000005
15.1100000000005
26.4240000000005
46.6360000000004
52.3520000000004
78.3660000000004
44.3800000000005
48.1740000000004
59.0220000000004
26.7680000000003
21.7760000000002
60.0960000000003
95.3820000000003
56.9219999999997
9.40199999999959
70.4239999999996
48.6059999999997
22.7879999999997
37.6239999999996
48.7739999999995
29.6159999999996
102.526
64.4779999999997
35.6639999999996
78.9539999999996
68.7999999999996
70.9319999999997
53.1899999999996
62.6599999999996
31.2179999999996
51.3299999999997
65.3339999999997
46.2799999999997
41.9679999999998
89.3599999999999
47.4519999999991
56.9139999999991
12.2119999999991
35.4079999999991
58.315999999999
58.315999999999
58.891999999999
112.409999999999
27.3459999999995
43.1739999999995
52.6019999999995
13.3239999999996
67.1159999999995
31.9299999999995
47.4839999999995
80.8739999999995
71.5859999999996
41.3779999999995
50.9539999999996
77.6439999999996
77.2659999999996
77.5319999999996
82.4239999999995
40.4499999999995
43.0319999999995
65.1799999999997
69.1680000000002
50.7600000000001
70.8560000000001
55.926
65.526
101.78
58.8900000000002
20.5980000000002
29.2600000000002
48.842
61.1220000000001
44.4200000000001
104.638
26.0480000000001
36.1500000000001
42.45
60.388
12.5700000000001
46.1000000000003
47.4140000000002
30.936
91.6880000000001
53.348
28.6479999999999
41.3859999999999
41.1779999999999
63.5819999999999
36.3599999999998
54.0419999999998
111.344
51.1899999999999
12.044
23.9679999999998
48.904
62.772
50.54
65.674
64.018
28.8140000000001
41.7740000000001
54.9920000000001
73.6120000000001
100.324
62.726
29.096
39.4419999999999
25.1959999999999
71.5239999999999
29.03
39.5519999999999
38.8979999999999
106.778
28.0139999999999
68.0339999999999
13.1879999999999
72.0399999999999
70.6579999999999
40.972
82.3
75.5160000000001
51.9460000000001
40.7760000000001
35.466
77.1299999999999
57.4559999999999
55.1839999999999
50.9019999999998
45.1960000000001
57.5360000000002
72.2960000000002
13.7620000000001
34.918
40.3100000000001
87.244
11.318
50.716
28.2619999999999
42.1759999999999
100.942
47.9679999999998
44.4139999999998
46.8819999999998
46.3099999999999
49.8919999999999
96.14
75.2239999999998
30.8019999999999
63.288
35.096
42.7099999999999
33.3220000000001
31.1440000000001
79.4520000000001
38.8280000000003
39.7200000000004
63.0500000000004
47.2520000000003
60.5620000000002
46.9340000000003
39.6879999999999
57.374
57.8360000000002
65.8540000000004
78.3060000000006
33.1400000000006
50.4680000000006
50.4680000000006
37.3600000000006
80.8000000000005
30.9700000000006
16.5900000000006
51.4660000000006
51.4660000000006
31.7920000000007
103.728000000001
62.9040000000006
34.6680000000006
78.2660000000005
62.5960000000006
88.4400000000006
53.1740000000008
35.9040000000009
75.1820000000008
15.5260000000007
65.7500000000009
31.8300000000008
50.1100000000008
36.2240000000008
79.900000000001
89.4300000000011
27.556000000001
30.6960000000009
33.974000000001
120.276000000001
46.6240000000008
49.3000000000009
26.4960000000009
38.3320000000008
55.3460000000008
75.6520000000008
32.7120000000008
55.5640000000009
53.4320000000008
13.4360000000008
9.28800000000081
29.6080000000009
37.6280000000011
107.304000000001
65.2940000000008
61.7580000000007
60.4140000000008
60.2780000000007
74.7320000000007
24.8380000000005
44.6300000000006
36.7060000000005
111.924000000001
59.5080000000008
32.0520000000008
28.6380000000008
90.2500000000008
35.5440000000008
63.0080000000008
90.2320000000009
15.3880000000007
32.5000000000007
59.3560000000006
73.7800000000005
44.0900000000005
110.556
70.2720000000005
36.8240000000004
50.6820000000002
51.5280000000002
48.5580000000007
28.2900000000008
84.3560000000006
54.8480000000011
44.7140000000011
58.254000000001
69.1240000000009
22.4720000000008
72.1300000000007
50.4360000000006
58.1020000000007
84.4180000000006
74.4040000000006
58.5700000000007
64.9760000000007
37.9600000000008
62.3880000000008
60.3700000000008
53.9380000000008
82.3340000000006
93.7060000000001
50.1319999999999
52.7779999999999
66.2639999999998
26.9019999999998
40.4259999999996
18.5379999999994
55.2959999999994
69.8099999999994
35.0839999999994
41.4959999999994
75.9219999999993
95.3279999999994
55.5719999999994
79.8379999999996
25.2959999999999
38.25
20.8199999999999
69.7899999999999
29.6699999999998
73.4319999999999
52.0579999999999
49.8399999999999
69.4880000000001
51.7399999999999
42.7139999999998
78.7680000000003
52.1980000000002
56.9300000000002
71.628
81.398
81.7679999999999
77.6379999999998
69.0339999999999
76.4319999999999
65.1519999999999
63.0099999999999
110.182
62.172
29.9060000000001
50.5459999999999
52.984
55.61
71.3319999999999
25.4880000000002
61.0100000000002
46.8780000000002
29.6440000000002
80.2780000000004
74.1200000000006
53.9180000000006
64.3280000000005
35.2080000000004
45.8040000000005
22.1840000000005
36.7760000000005
69.2380000000004
84.0220000000002
41.9360000000003
56.8200000000003
32.6500000000003
69.2220000000007
33.0980000000009
77.2460000000008
68.6580000000006
32.2480000000005
51.1680000000005
53.6560000000006
57.1740000000007
96.3480000000005
56.1200000000005
50.0200000000004
55.5920000000006
80.0340000000006
22.5740000000005
83.9540000000005
59.4500000000005
94.6320000000006
41.5160000000005
16.2500000000003
20.6640000000002
40.2460000000002
27.8940000000001
6.49400000000026
23.5840000000004
92.6500000000003
47.6280000000005
79.9220000000004
21.9760000000003
64.7380000000002
67.342
70.6
55.0480000000001
37.644
77.484
66.6080000000001
130.882
22.37
46.7380000000001
44.9300000000001
36.7940000000001
32.71
60.802
59.9440000000002
98.0040000000001
69.2900000000002
44.3540000000002
53.1060000000001
73.5160000000002
34.3560000000001
78.052
54.504
51.212
35.8700000000001
77.9800000000002
51.8520000000005
41.0800000000005
63.7540000000005
81.3520000000003
74.2440000000004
72.9360000000004
26.7860000000003
69.8760000000003
37.8600000000002
72.9680000000002
50.6240000000003
39.0580000000002
43.7960000000003
14.5360000000002
47.4040000000002
33.0040000000002
13.6200000000005
15.8480000000005
18.7300000000005
50.5140000000004
26.2840000000003
118.492
81.7480000000002
41.7920000000001
47.8260000000001
32.4680000000002
76.6900000000002
20.2340000000002
59.7920000000003
100.152
67.5840000000006
65.5000000000007
49.2200000000007
62.9100000000007
45.1820000000008
87.9320000000007
32.7100000000008
88.2480000000007
60.5060000000007
71.0040000000007
47.7560000000007
66.7180000000008
91.0200000000008
85.7920000000009
27.4880000000009
17.558000000001
55.2980000000011
61.7360000000011
75.1760000000012
29.626000000001
107.168000000001
69.8660000000009
50.9980000000008
46.4060000000009
40.8640000000008
50.2140000000009
38.8720000000008
67.4040000000008
37.9880000000009
46.5020000000009
79.0680000000009
105.270000000001
55.2000000000006
49.8280000000005
99.5940000000004
65.8960000000005
100.098
59.0640000000005
47.7380000000004
26.0120000000004
44.4600000000005
43.6640000000004
60.8120000000004
101.392
63.4140000000006
92.2280000000006
60.1720000000006
73.7960000000007
52.6560000000006
102.616000000001
42.8640000000007
42.4520000000007
50.0060000000007
53.1940000000008
61.2720000000007
36.6880000000007
70.4840000000006
76.0340000000006
12.3000000000004
79.4700000000004
62.8100000000003
45.1880000000003
43.8420000000002
65.2880000000001
70.1780000000002
100.89
33.3560000000002
23.4640000000002
76.062
66.528
41.994
73.1919999999998
62.6979999999996
51.7299999999999
56.9479999999999
48.0559999999999
16.8659999999999
41.3279999999999
34.8599999999999
83.8199999999999
74.9999999999999
77.8819999999999
87.3359999999999
50.5839999999999
70.1
57.468
37.654
48.064
63.496
58.4520000000001
51.2520000000002
36.1640000000001
27.6460000000003
90.0980000000005
89.8900000000006
40.4260000000005
61.4840000000006
45.5760000000012
26.3800000000015
40.4180000000014
50.8900000000014
59.1700000000014
88.2300000000014
87.3900000000011
71.8460000000014
16.5360000000014
67.1840000000013
67.9960000000013
58.7180000000014
78.0800000000013
59.0640000000013
36.9520000000014
46.5000000000013
56.2240000000013
63.3980000000013
62.0100000000012
78.9240000000012
65.2680000000013
72.2140000000012
57.1140000000009
44.3520000000011
43.9340000000009
78.3120000000006
48.8300000000006
74.6320000000005
23.8540000000005
60.0600000000005
54.0740000000004
54.4940000000004
42.7020000000003
76.0420000000003
15.6460000000003
72.6880000000002
74.0840000000003
76.1000000000003
78.7880000000002
49.4240000000003
83.9820000000003
71.3000000000003
71.5700000000004
88.9920000000004
46.1320000000004
64.9600000000004
56.7840000000004
61.6160000000004
61.6160000000004
40.4820000000004
90.9200000000004
77.5580000000006
31.3580000000005
79.2680000000004
94.0580000000004
111.544
58.6260000000003
69.8560000000002
20.3700000000001
82.7920000000003
49.4860000000004
17.8840000000005
62.0820000000004
30.8360000000005
46.2780000000005
71.9460000000005
88.4220000000005
37.1260000000004
44.3340000000004
-3.33999999999958
43.4700000000004
29.9440000000004
27.0560000000004
71.9640000000003
100.81
61.3460000000003
43.5260000000003
33.8000000000008
8.56600000000071
13.3440000000006
87.8920000000006
55.0580000000007
42.6820000000007
95.3760000000009
95.5560000000005
49.5160000000005
41.9400000000005
37.6000000000005
88.0380000000006
17.8440000000006
30.6240000000005
50.7840000000004
56.4980000000005
64.1940000000005
115.176000000001
79.8560000000007
36.3980000000007
33.4800000000008
47.3920000000007
103.188000000001
46.8080000000004
69.3020000000005
72.5640000000004
67.4620000000006
69.7220000000005
68.1800000000003
38.2440000000004
69.1780000000003
65.1160000000003
75.1700000000004
86.0300000000004
58.692
48.3340000000001
66.8519999999999
53.5999999999999
68.2359999999999
75.7699999999999
57.352
58.2019999999999
101.914
64.7479999999999
97.8299999999999
24.308
66.938
57.6899999999999
35.3019999999998
54.5199999999996
36.1859999999995
25.3399999999995
31.7379999999996
49.2919999999996
81.5759999999996
48.4739999999994
42.2279999999994
20.9919999999994
19.2179999999994
69.0619999999996
60.8459999999997
63.3919999999999
5.46400000000006
57.3100000000001
56.1780000000001
33.9320000000001
76.9320000000001
45.2220000000001
37.5140000000001
46.7900000000001
46.3820000000002
88.3440000000002
68.206
61.7420000000001
70.6320000000001
19.0080000000005
-2.14399999999944
56.8520000000007
-9.57399999999905
95.1860000000009
36.804000000001
51.9320000000008
39.0520000000008
47.1120000000008
44.8120000000007
110.888000000001
2.04200000000026
73.3820000000003
23.636
59.29
98.2260000000001
68.4160000000001
68.0200000000001
54.282
38.748
-2.3499999999998
41.2920000000001
50.9960000000001
58.5280000000002
79.0200000000002
45.1260000000002
53.6680000000002
59.0380000000002
81.9380000000003
51.5520000000002
43.0560000000003
6.63400000000024
40.0400000000002
103.27
34.0400000000006
46.2540000000006
17.0100000000004
26.1180000000005
74.3180000000003
77.5880000000002
52.9820000000002
62.7840000000002
73.8280000000001
56.6220000000001
27.7360000000001
48.1460000000001
65.5780000000001
91.0900000000001
37.5640000000001
38.474
62.5500000000001
27.7260000000001
66.9960000000001
37.5540000000001
14.5899999999999
62.0979999999998
49.802
57.4259999999998
70.5779999999999
38.7299999999997
37.2919999999996
49.8899999999998
101.192
62.2620000000002
82.5840000000004
64.9900000000004
64.8580000000005
70.4060000000005
74.3920000000005
71.4520000000005
70.2860000000004
34.6600000000004
62.3200000000005
96.6100000000005
53.8120000000005
49.0880000000004
47.0240000000003
69.8680000000004
48.8580000000005
27.2760000000006
105.238000000001
84.9340000000005
68.9740000000004
22.4980000000004
84.8960000000004
68.1040000000004
47.7200000000006
44.6020000000007
82.9420000000005
64.8400000000004
89.1520000000005
58.5520000000002
20.8100000000003
27.3700000000003
19.3900000000003
