27.4657364016733
-31.6582635983268
51.8717364016732
53.5657364016732
52.2437364016731
37.1137364016729
64.2897364016727
41.0637364016731
53.395736401673
59.253736401673
25.2817364016731
47.2297364016729
43.3397364016729
-13.2922635983271
87.9857364016727
3.11373640167277
46.1277364016728
28.8877364016729
-27.8202635983271
-22.0342635983272
14.6917364016728
19.8957364016728
67.2297364016727
31.7817364016731
-12.5202635983267
-64.1202635983263
-56.9822635983262
-70.7202635983261
-42.5782635983261
-7.58426359832603
-2.87426359832602
11.361736401674
44.2357364016739
-2.98626359832613
7.89573640167397
-14.566263598326
-2.96826359832593
7.75973640167418
28.3497364016741
6.45973640167407
21.8377364016741
-1.70826359832593
10.533736401674
10.697736401674
-9.84026359832603
9.30973640167387
18.2917364016736
-20.7902635983265
-4.49626359832643
-25.6062635983265
3.93573640167357
-20.2482635983263
4.67773640167368
-24.9062635983264
17.1417364016738
32.8597364016737
15.3297364016737
29.3297364016737
37.4757364016737
-0.232263598326327
54.8317364016738
58.3777364016739
26.0777364016739
-7.94826359832603
46.2477364016739
43.1797364016739
28.6797364016739
6.30773640167387
6.30773640167387
15.2157364016739
15.3197364016739
37.621736401674
10.539736401674
11.321736401674
21.521736401674
2.25973640167378
31.0457364016738
0.855736401673575
13.7057364016734
4.77773640167337
-9.56826359832663
18.0277364016734
11.0917364016735
-26.6802635983266
-6.78826359832652
-11.7422635983266
-13.7602635983265
3.78373640167337
11.5257364016734
-17.4642635983266
22.8297364016734
11.5557364016734
-10.7302635983267
-12.1882635983266
-0.542263598326727
13.1657364016733
1.08173640167337
6.17173640167327
-5.38226359832672
11.7697364016733
56.9777364016732
20.505736401673
4.91773640167288
12.497736401673
5.85573640167277
1.62173640167288
-21.3342635983273
-27.9322635983273
16.8557364016727
23.3577364016725
4.58373640167247
19.8817364016725
6.13173640167248
-0.0202635983273254
3.33573640167268
9.67373640167268
0.351736401672774
28.8077364016727
2.28773640167267
34.8677364016726
15.2297364016729
15.891736401673
36.617736401673
24.4157364016731
18.3577364016731
18.8197364016731
14.403736401673
26.027736401673
-10.5362635983269
-14.7042635983267
19.1517364016734
16.8257364016734
10.6017364016735
40.6617364016734
-30.5922635983266
2.86373640167337
-17.6322635983266
-60.4762635983266
-43.1482635983267
-36.9522635983267
-7.91226359832672
-0.838263598326627
-35.0002635983267
-53.0022635983266
-13.6682635983265
-19.5182635983266
14.3457364016735
-12.3902635983266
8.23973640167338
-36.0342635983267
-3.52626359832663
-58.8782635983267
-34.5942635983267
4.20173640167317
5.35773640167327
-41.4882635983268
-29.3982635983268
37.5097364016732
35.5717364016733
24.1977364016732
-1.00226359832683
27.9337364016732
8.80373640167318
15.7957364016733
-2.57626359832683
6.56973640167327
-13.6602635983267
-67.4922635983265
-46.0142635983266
-33.6122635983265
-25.2602635983266
-11.2162635983266
16.3157364016734
22.0757364016733
33.8557364016734
33.8557364016734
19.9237364016735
31.8097364016737
40.5937364016736
12.8437364016743
-27.4642635983257
1.38573640167387
31.6877364016739
24.565736401674
25.5377364016739
-18.540263598326
2.98773640167387
41.0677364016739
33.349736401674
4.52373640167387
8.98773640167387
-2.12626359832623
-12.3302635983261
-20.4842635983261
19.5117364016739
0.483736401673973
29.147736401674
0.801736401673978
9.98973640167407
0.509736401674175
-13.6042635983259
-10.5142635983258
-88.464263598326
-53.052263598326
-99.802263598326
-77.7562635983259
-27.0922635983261
15.7397364016739
-27.7662635983258
-58.5982635983257
-52.0162635983255
-46.6782635983255
-34.5542635983256
-38.6442635983256
-19.0182635983255
-26.9782635983256
-35.4442635983256
-16.1642635983255
-18.9622635983255
-31.8262635983254
-71.6042635983254
-97.8222635983254
-41.1142635983254
-43.4802635983253
-45.5582635983253
-32.3902635983253
8.75573640167477
-14.9522635983253
2.10973640167467
-47.8562635983253
6.99173640167457
7.90373640167437
-17.7282635983255
-17.3142635983255
-19.1282635983255
32.5897364016742
-10.170263598326
5.13373640167407
34.6377364016741
8.67173640167407
-4.06626359832602
6.07973640167398
-25.9742635983259
21.5037364016741
19.3557364016742
39.273736401674
2.77173640167418
0.843736401674171
25.1957364016742
25.6037364016742
-23.7922635983258
-0.686263598325823
-26.4322635983256
-12.9522635983256
15.6797364016745
41.3857364016746
21.9817364016746
5.22173640167438
-7.10026359832563
-19.7322635983256
-20.0402635983256
-6.08426359832573
-9.24626359832563
7.34373640167428
17.8297364016744
19.4557364016744
21.6017364016744
5.44173640167448
2.34973640167448
-0.242263598325628
23.6637364016745
-0.430263598325624
-10.0582635983256
-1.98026359832563
13.1577364016743
-33.9582635983257
1.79773640167417
45.5517364016743
23.6657364016741
33.911736401674
50.6097364016738
34.3377364016737
18.3497364016738
-33.2982635983259
1.70973640167397
21.0837364016739
26.3697364016742
22.8797364016746
9.30773640167457
30.1217364016747
-10.6262635983254
-41.1902635983254
-14.4402635983253
37.4897364016746
-70.8762635983252
-8.69826359832513
32.1757364016749
44.0177364016748
-20.3542635983252
-1.99226359832522
-26.5102635983251
22.7297364016749
5.15773640167468
18.2577364016744
27.3437364016744
-5.74826359832553
-11.9562635983255
-27.8822635983256
-17.5182635983255
26.6997364016744
5.84173640167447
24.4557364016746
9.55773640167448
-19.7382635983253
-10.4362635983253
-31.5482635983253
-40.3622635983251
1.03773640167457
4.80173640167457
9.75173640167447
31.711736401674
35.4537364016737
32.2917364016736
27.9517364016737
44.7537364016737
11.0137364016737
43.3177364016737
23.6437364016736
10.8377364016736
8.42173640167358
-6.65826359832633
-44.5202635983264
-25.9642635983263
-14.1342635983263
-15.0482635983263
14.6597364016736
8.21573640167357
16.2037364016735
28.7057364016736
17.9197364016736
-16.9382635983265
28.6197364016735
-10.8862635983265
37.7097364016735
11.1997364016735
15.5637364016736
32.0617364016736
9.38373640167357
9.89573640167377
44.5977364016737
25.8417364016733
-29.6082635983268
17.8357364016732
5.38573640167297
5.38573640167297
17.607736401673
3.44173640167298
-24.0822635983269
-32.0422635983269
-9.94626359832703
-3.87426359832703
35.6677364016728
35.6677364016728
-22.2142635983273
-2.99426359832722
10.0977364016728
6.17573640167277
-0.220263598327229
-2.78626359832732
-6.53826359832723
-24.2162635983271
-12.392263598327
0.775736401672773
6.96773640167257
-17.8362635983272
9.80773640167278
-31.5662635983271
2.60173640167267
-36.4522635983269
11.1497364016733
18.5737364016733
37.1717364016733
44.6557364016733
7.45973640167328
39.0117364016733
32.2817364016734
43.2257364016735
60.7257364016737
38.3457364016738
22.9917364016738
19.9577364016738
26.5657364016739
37.237736401674
29.025736401674
-21.6202635983261
35.1057364016738
49.4617364016738
36.1357364016739
37.5737364016739
3.41773640167387
33.091736401674
37.495736401674
30.2637364016741
30.2637364016741
16.853736401674
18.0917364016739
33.467736401674
28.329736401674
-27.5442635983259
-12.6162635983261
-30.562263598326
-10.142263598326
-30.9942635983261
-9.67226359832603
25.4517364016739
5.14573640167387
13.663736401674
9.80973640167407
2.30773640167418
1.09173640167408
-61.4162635983266
-42.7522635983265
-50.0242635983264
2.53773640167358
15.7777364016735
16.5277364016736
-30.3542635983265
-30.3542635983265
-30.3542635983265
-0.468263598326523
2.72973640167348
-9.46026359832663
1.86573640167337
-27.4862635983266
8.62573640167357
2.88373640167347
-4.42226359832632
-2.80226359832633
-20.0482635983264
-22.7582635983264
-9.46826359832633
-17.6002635983262
-10.1362635983263
13.5397364016738
-1.50626359832633
11.5977364016739
13.9897364016739
-5.01026359832623
-3.98426359832622
14.2017364016738
-6.65426359832622
-64.5922635983263
-67.1882635983264
-24.2182635983264
-24.7802635983266
-35.9682635983267
-30.6382635983266
-17.0542635983265
-25.6402635983265
6.88773640167347
-33.5742635983264
1.48773640167357
-10.1182635983262
-0.568263598326126
-23.020263598326
-25.0282635983261
-73.196263598326
-19.3282635983258
6.50973640167418
-9.83426359832593
-39.0742635983259
-21.3502635983259
-11.8882635983259
-10.2942635983258
11.7097364016742
11.3177364016743
-5.45826359832583
-22.4682635983258
-8.39826359832583
11.8217364016743
34.3837364016742
33.1177364016742
17.7957364016742
0.763736401674173
9.84573640167427
-63.8202635983258
-71.9982635983259
-50.030263598326
-84.7942635983259
-105.680263598326
-9.90826359832613
-16.294263598326
-55.4082635983261
-35.1822635983261
-46.5922635983261
-32.854263598326
3.55373640167387
-18.3302635983261
-105.732263598326
-81.864263598326
-23.122263598326
-10.466263598326
-16.2362635983258
-17.8642635983259
-21.2102635983256
48.7457364016745
41.7717364016747
15.2577364016748
-3.65826359832543
-18.7602635983255
15.4757364016745
61.4857364016747
62.1517364016747
62.1397364016747
62.1397364016747
-30.1022635983255
12.1237364016745
-2.90626359832542
-30.2302635983255
17.4617364016745
6.21173640167447
28.1617364016744
9.35173640167447
1.67773640167437
20.4277364016744
-36.9582635983258
-7.90026359832583
10.9997364016742
-18.5522635983257
-0.784263598325829
1.18173640167427
43.3957364016743
-14.2722635983259
6.46773640167407
2.72173640167397
22.8097364016741
35.011736401674
33.169736401674
47.881736401674
34.1077364016739
-4.57426359832613
-2.70226359832613
48.0857364016738
13.4857364016739
19.4657364016738
29.5757364016736
36.4097364016739
43.8937364016739
28.9077364016741
36.6917364016739
16.5277364016738
12.0837364016737
13.0937364016738
26.0017364016738
16.9837364016739
-27.564263598326
-35.5022635983262
-7.56026359832602
-5.02626359832612
3.99973640167387
-19.102263598326
-49.934263598326
-8.48226359832623
-28.9742635983263
-35.2322635983263
-62.2302635983263
-37.9542635983263
-28.3062635983262
-10.2782635983262
-58.0042635983262
-32.8902635983262
21.9937364016738
-0.784263598326127
-21.448263598326
-4.45626359832612
16.8757364016739
2.25173640167387
16.8677364016739
-50.3322635983261
-18.2102635983261
-16.4142635983262
-14.3762635983262
-15.9302635983261
-2.54426359832623
-41.3302635983262
-16.0982635983261
-30.1022635983262
-14.8642635983261
-9.35826359832603
-6.91026359832603
-5.76426359832612
-20.0002635983261
-28.3402635983261
29.649736401674
40.4297364016743
29.7597364016743
16.6197364016742
9.56773640167408
9.36173640167397
27.195736401674
16.7937364016739
-7.59226359832623
-3.68026359832613
-32.9822635983261
-32.9822635983261
-34.4042635983263
-5.50826359832612
-21.248263598326
-6.63826359832603
-68.5822635983261
-23.4042635983261
2.44773640167387
-8.95826359832633
-53.5062635983263
-9.68626359832622
-42.8322635983262
6.69573640167378
-69.012263598326
-31.8522635983262
13.7117364016739
0.255736401673772
2.46573640167377
4.03373640167388
27.935736401674
-23.796263598326
27.4437364016741
9.37773640167408
-23.7142635983259
-4.89426359832623
-25.1802635983262
-17.7562635983263
34.7297364016738
-5.91426359832622
15.4217364016737
12.0717364016738
6.01973640167378
10.8637364016739
2.32373640167388
1.02573640167387
-58.2062635983262
-41.9042635983262
-73.3342635983265
-16.6822635983265
-16.0462635983265
23.3617364016736
-17.0662635983266
-26.0062635983265
32.5197364016733
-54.3942635983266
-66.0082635983267
57.4437364016734
53.7297364016734
36.4037364016734
47.4817364016733
45.3017364016734
22.6637364016735
38.1317364016734
55.0297364016733
13.7297364016733
35.1257364016733
21.0817364016734
21.7777364016733
34.6357364016733
13.2397364016734
31.4977364016733
31.4977364016733
33.1857364016734
27.6257364016733
21.3377364016734
5.58173640167337
-0.112263598326528
16.7497364016734
-15.9502635983267
22.8117364016733
-18.4822635983265
-15.6962635983265
55.6177364016735
55.9077364016734
47.8417364016735
5.73173640167337
29.9377364016735
19.1157364016736
12.1417364016735
12.5577364016735
-18.6282635983265
-7.04226359832663
17.8717364016735
11.7697364016735
11.7697364016735
23.3157364016735
-18.5082635983266
-3.60226359832662
4.13173640167337
-28.6102635983265
19.1977364016735
5.93173640167377
34.0477364016742
0.239736401674172
11.4717364016741
19.0217364016742
23.7937364016741
-2.09426359832582
-3.09826359832583
19.1217364016742
8.06373640167418
21.4417364016741
36.5457364016741
18.5777364016741
-8.67226359832593
0.827736401674073
23.1597364016741
15.4737364016741
-5.85026359832592
-35.6942635983259
-34.4042635983259
-16.8222635983258
-5.80826359832592
36.673736401674
30.7957364016739
19.5057364016738
31.5177364016738
30.0057364016739
20.339736401674
31.1477364016741
43.5657364016739
46.2537364016738
38.0237364016739
18.5957364016738
43.2537364016738
31.7217364016738
21.3117364016738
29.2677364016737
22.3117364016736
32.8217364016736
13.4817364016736
-10.5682635983265
3.12773640167347
5.69773640167357
17.3597364016736
13.8837364016737
-17.7082635983262
19.8097364016739
7.12973640167387
-1.73626359832613
24.455736401674
27.5797364016739
0.569736401673872
-3.56826359832623
-3.67026359832643
-5.49626359832663
7.63173640167337
22.0677364016735
21.8557364016735
12.6197364016735
7.21373640167347
22.1137364016735
16.0597364016737
-3.28826359832632
21.8077364016738
10.4657364016738
-17.4482635983262
-20.1862635983262
-28.3842635983261
-64.4662635983262
-52.0882635983263
-18.7562635983263
-36.6822635983262
-24.5702635983263
-27.0102635983263
-23.9602635983263
-26.7102635983263
-34.0842635983263
-16.6962635983262
-54.0502635983262
-20.4382635983262
-33.4322635983262
-43.1222635983263
-62.0502635983262
-24.9002635983263
-6.98026359832622
-9.15226359832623
-8.57026359832632
-1.50426359832633
-29.9382635983264
-23.7802635983263
-21.4802635983263
0.543736401673677
2.89373640167367
-49.6542635983264
-19.7302635983264
-20.6742635983264
-30.2002635983265
-24.0822635983264
-12.9982635983266
-9.46826359832673
-14.6162635983268
-30.5562635983268
-17.6562635983268
-20.6562635983268
-3.95826359832682
-58.4662635983268
-25.0342635983269
-48.4642635983269
-27.032263598327
-11.9162635983269
-39.8302635983269
-14.466263598327
19.8717364016728
9.27173640167278
20.2517364016729
-45.9582635983272
-10.1282635983271
4.92773640167277
6.92373640167278
-24.3742635983272
-15.7962635983271
-0.428263598327227
-0.428263598327227
-42.5082635983273
2.02573640167277
-43.2762635983273
32.6637364016727
-64.6422635983273
11.0517364016727
30.9237364016727
-21.7082635983273
7.52973640167267
-0.100263598327324
-4.62426359832732
