164.569610541728
31.9476105417273
111.849610541728
111.877610541728
20.9236105417275
40.5796105417274
60.5196105417276
113.801610541728
93.2956105417276
41.1316105417272
92.8696105417276
60.7936105417276
31.9976105417274
-34.3903894582724
88.9476105417276
81.7876105417276
57.1696105417276
85.6596105417276
40.2116105417283
85.8656105417286
34.0896105417284
5.27161054172838
49.0636105417283
-51.2663894582716
-41.2363894582716
-31.5883894582717
15.1176105417284
-18.7943894582716
40.0136105417283
43.6956105417283
26.3856105417284
56.6976105417286
76.6216105417286
-19.1883894582722
11.2156105417281
-55.748389458272
-6.10238945827192
40.8536105417281
2.86361054172808
18.6476105417282
-48.1363894582719
45.6016105417282
-98.5483894582716
-35.3883894582716
-33.1923894582719
-43.2403894582719
-11.3283894582719
19.697610541728
14.597610541728
-1.73438945827202
50.5516105417281
3.19561054172808
45.7796105417279
14.1036105417279
-11.982389458272
2.45361054172788
-5.80638945827202
56.6876105417276
-21.6743894582719
15.3156105417281
23.1456105417281
38.9096105417281
1.72161054172788
4.83761054172788
-49.8143894582719
-1.91838945827202
1.83561054172788
-39.048389458272
-47.834389458272
-42.4183894582722
-25.3643894582721
-1.74238945827211
-17.1883894582722
6.84161054172768
6.69161054172768
-15.8963894582723
-22.9743894582722
-27.5443894582722
-19.0923894582722
-38.8403894582722
-23.9203894582723
27.5436105417278
9.97161054172769
-72.9003894582719
-3.68638945827202
-34.630389458272
-52.392389458272
-17.076389458272
-15.5523894582719
10.5676105417279
12.7236105417279
11.4936105417278
-55.0283894582723
-54.0523894582723
-52.9643894582724
16.4276105417277
1.20961054172748
-34.6603894582725
-12.6343894582724
-39.3803894582724
-55.4063894582724
0.665610541727482
-8.20038945827252
10.3716105417277
-13.2283894582724
-9.15438945827242
19.8816105417277
16.0016105417277
42.6236105417277
20.2736105417276
-13.9423894582725
9.34961054172738
5.43561054172758
49.1276105417276
11.793610541728
-21.0563894582723
-27.1963894582723
-6.50038945827232
14.5976105417278
-41.9403894582725
-20.6123894582725
-30.3603894582725
-59.7743894582725
-23.9783894582726
-71.6783894582725
-66.3623894582725
-15.9863894582724
-17.2783894582723
-44.2643894582723
-51.6743894582724
-67.1603894582724
-58.4203894582726
-29.1083894582725
-66.1983894582724
-31.3643894582723
-1.13838945827262
-26.8903894582726
-10.5883894582728
-8.73038945827292
5.28761054172708
4.28961054172708
66.2956105417266
12.1256105417267
-24.6403894582733
4.39361054172668
14.4376105417267
42.0056105417267
24.9776105417266
0.405610541726482
9.37161054172678
18.9916105417268
2.54561054172678
-21.4423894582731
35.6416105417268
29.3836105417269
14.7196105417272
20.8656105417272
18.2096105417272
9.35561054172718
-0.818389458272719
-24.0423894582728
-8.23638945827272
-12.5983894582727
10.0796105417274
-6.00638945827232
-30.3863894582718
-4.56438945827182
0.821610541728184
-16.9703894582719
12.9356105417282
-12.460389458272
6.08161054172798
-6.17038945827202
-18.916389458272
-21.5723894582721
-38.3643894582721
-74.0303894582722
-73.7203894582723
-49.6603894582722
-28.4903894582723
-17.4603894582722
-29.4523894582722
-15.4603894582721
-13.634389458272
-49.2303894582722
-71.8483894582723
-52.9803894582722
-9.43038945827222
-41.874389458272
-16.7503894582721
3.49361054172798
-0.654389458272021
7.74361054172798
-56.858389458272
-40.116389458272
-41.4383894582722
-35.952389458272
-20.804389458272
-6.21438945827192
-18.1423894582722
-42.3883894582724
-74.7943894582721
-1.17038945827202
7.55361054172788
-18.6323894582721
-1.00038945827202
7.98561054172798
8.69961054172768
-72.3603894582722
-108.918389458272
-41.7183894582723
-53.7323894582723
-98.7803894582723
-92.0123894582722
-51.7363894582724
22.3496105417276
13.9676105417275
34.1636105417277
10.9496105417276
35.8816105417277
29.0016105417275
57.3816105417276
54.3636105417276
35.2016105417279
51.5356105417279
48.5096105417279
7.23561054172808
21.647610541728
10.553610541728
4.73361054172768
-6.49038945827232
-15.1163894582724
-15.9643894582724
-37.8903894582725
-54.7043894582725
-128.496389458272
-50.0263894582723
-52.9223894582725
-36.9183894582723
-43.7023894582725
-89.7543894582731
-63.7503894582732
-27.3843894582733
-78.2323894582733
-39.0443894582733
-120.296389458274
-110.874389458274
-111.806389458273
-92.8663894582733
-3.93438945827312
-3.93438945827312
9.28361054172688
8.94561054172688
13.9176105417269
-34.730389458273
-0.814389458272721
-0.0523894582728204
13.2996105417273
11.3856105417274
28.8236105417274
23.1396105417277
-28.1443894582721
-38.0943894582721
-55.034389458272
-38.904389458272
-29.0863894582717
-41.5863894582718
-26.0503894582717
2.30961054172818
10.0496105417282
8.36961054172829
-26.9263894582719
-18.4983894582718
-7.58038945827172
-45.1363894582719
-8.21838945827191
5.10161054172768
19.5816105417278
14.329610541728
16.2576105417277
13.2376105417281
1.36961054172829
8.12161054172828
9.72761054172828
11.6636105417284
-20.0043894582716
-54.5583894582715
-48.3483894582716
-10.2103894582718
-13.6583894582712
-15.5423894582712
-19.7543894582713
-65.5763894582711
-21.6283894582711
-27.9423894582711
-31.0043894582712
-29.5103894582713
-29.5103894582713
-5.71438945827162
-62.7543894582729
-83.9483894582728
-104.966389458273
-71.2803894582727
-77.784389458273
-66.6503894582728
-70.0703894582729
-67.6383894582728
-61.7123894582727
-20.4043894582729
-20.4043894582729
-53.9603894582728
-48.0843894582728
-85.1603894582728
-8.57438945827302
-18.5403894582727
-10.0603894582728
11.0716105417271
-27.5743894582726
-9.76838945827262
14.8176105417275
-9.00438945827292
-45.8683894582728
19.8256105417272
34.2296105417273
29.2196105417273
53.5816105417276
46.6216105417271
34.205610541727
12.785610541727
47.2376105417271
62.9536105417266
64.6716105417276
34.0656105417273
69.8576105417276
41.0056105417272
49.7396105417271
30.9796105417273
13.8896105417273
63.2776105417276
45.7876105417278
-4.04238945827212
-9.24238945827192
-22.6203894582718
-14.346389458272
-42.384389458272
-42.0223894582719
-11.344389458272
-102.692389458272
-27.1363894582716
-57.292389458272
-39.252389458272
-52.6363894582721
-47.574389458272
-46.4243894582721
-30.0983894582721
-30.7843894582721
-30.7843894582721
-13.054389458272
-26.8343894582721
-23.3543894582721
3.88161054172788
-16.9823894582722
-7.57838945827222
-83.7663894582721
-31.4943894582721
-34.0503894582721
-29.8843894582721
-38.3423894582723
-38.980389458272
-15.080389458272
-32.7543894582719
-13.9603894582719
-13.4723894582719
-56.8763894582725
-60.6863894582724
21.1216105417275
20.587610541727
3.29561054172698
24.8056105417269
1.61561054172688
-36.100389458273
-18.9343894582731
19.3156105417269
-15.8363894582732
-13.6003894582732
-42.1963894582731
-9.20838945827292
-102.934389458273
-84.0523894582727
-22.7203894582726
-32.0103894582723
-5.69438945827212
-23.734389458272
-30.874389458272
-58.3623894582722
-2.88238945827221
-12.2383894582726
-0.380389458272518
-24.3003894582726
-18.6463894582726
-32.7903894582726
-52.6183894582726
-33.5883894582725
7.26761054172748
-21.7403894582722
-27.7903894582723
-4.88638945827232
1.35961054172778
14.8836105417277
-30.5823894582717
-23.8363894582716
-30.0863894582717
-7.29238945827182
-13.5903894582718
-14.9663894582717
-13.4123894582718
-12.0283894582717
-0.558389458271819
-28.6643894582718
-5.07438945827172
-30.9863894582718
-30.9863894582718
-27.0783894582718
6.34761054172818
-25.952389458272
-38.1543894582719
-37.2283894582718
-51.1203894582719
-51.696389458272
-62.5923894582722
-44.9183894582721
-62.662389458272
-64.9143894582719
-50.6063894582723
-42.7143894582724
-87.6963894582721
-28.6363894582722
-9.81638945827232
-31.8243894582723
-6.81638945827222
-14.4183894582722
-19.6023894582723
-3.40238945827232
-4.65038945827252
-9.67638945827232
-37.0503894582725
-0.712389458272618
-2.44838945827262
-31.6383894582727
-47.6083894582727
-34.5903894582727
-45.2223894582726
-13.8503894582728
-23.3683894582728
-130.888389458273
-130.888389458273
-49.0963894582725
-43.0163894582725
-33.0303894582725
-34.7123894582726
-25.6003894582725
-10.6743894582725
4.02161054172748
-45.0543894582726
-53.0123894582726
-14.6763894582726
-28.8883894582724
-10.6863894582723
-14.6403894582722
-38.3283894582723
9.66361054172769
-2.64238945827242
-22.5103894582723
-33.4243894582722
-14.2863894582722
-17.6203894582723
-22.4823894582723
-10.9743894582719
-11.0463894582718
-17.2923894582719
-45.5483894582719
-13.9463894582722
13.9876105417279
-20.084389458272
-16.8423894582721
8.38361054172788
9.42561054172798
-19.916389458272
-21.824389458272
-31.478389458272
-23.4183894582718
-3.87038945827182
1.04961054172808
-26.8283894582719
-0.994389458271918
-11.8863894582719
-33.5603894582719
-24.4743894582719
-26.8783894582718
-29.9043894582718
-55.6443894582719
-23.2563894582718
-4.90838945827202
-41.5943894582721
-39.4063894582721
-32.1943894582721
-32.4823894582723
-23.1703894582723
13.1836105417278
8.30961054172788
-12.0183894582721
-19.7423894582721
-22.4943894582721
-28.7963894582721
-12.6223894582721
-5.65438945827182
-37.670389458272
-33.3703894582721
-89.708389458272
2.29761054172788
-77.6543894582721
-68.4043894582721
-61.1583894582722
-46.7243894582722
-56.8523894582723
-24.9463894582722
-47.9263894582721
-23.360389458272
-20.070389458272
-34.610389458272
-10.2963894582721
-6.22638945827222
-14.5843894582722
9.87561054172778
9.87561054172778
-5.65038945827231
-18.1563894582725
-6.19838945827252
2.81361054172739
4.71961054172768
1.87361054172758
-4.89838945827232
-16.968389458272
-22.3583894582718
-28.8143894582718
-53.9563894582719
-57.8383894582718
-84.1763894582717
-53.2523894582717
-53.2523894582717
-47.3723894582717
-36.4583894582714
-29.5903894582714
-56.5343894582714
-37.5703894582715
-11.0743894582715
-13.6923894582715
-8.41438945827151
-3.73038945827152
-3.91838945827152
-32.1503894582717
-21.6063894582717
-4.20438945827192
-49.8963894582718
-106.744389458272
-12.8443894582718
-19.9503894582718
-35.8663894582718
-50.9583894582717
-73.2043894582718
-116.840389458272
-54.7783894582722
-100.904389458272
-23.7403894582723
-31.8883894582724
-24.8703894582726
-46.6423894582728
-13.5823894582727
-76.5263894582728
-24.4423894582728
-30.7263894582728
-19.5943894582726
8.25761054172738
1.33561054172768
-0.676389458272816
7.69761054172708
21.9156105417271
-28.342389458273
-8.63838945827302
-5.11038945827292
35.0596105417271
8.47561054172758
-3.87238945827182
-1.75438945827172
-18.0263894582717
-8.02438945827222
-6.74238945827192
-34.4383894582719
-14.0703894582719
-5.37038945827202
-4.52238945827192
5.24761054172798
-16.5903894582719
-16.5903894582719
-7.36838945827192
-6.45038945827192
-11.6923894582719
-6.83638945827172
-99.1463894582729
-169.020389458273
-236.658389458272
-232.046389458272
-225.766389458272
-249.678389458272
-175.116389458272
-242.480389458272
-147.068389458273
-105.136389458273
-47.648389458273
-19.5883894582729
-5.37438945827292
44.109610541727
49.7596105417271
26.2436105417272
50.869610541727
56.3376105417266
40.249610541727
23.3296105417272
54.8796105417276
36.5716105417271
45.1896105417273
0.655610541727185
-89.3903894582727
-88.1963894582727
-112.450389458273
15.6776105417271
-18.976389458273
-27.5823894582731
-18.2303894582731
-2.30438945827312
5.68761054172688
-16.0303894582731
32.4956105417271
-5.28038945827252
-37.9923894582727
-42.1703894582727
-6.32838945827272
4.66161054172708
-35.460389458273
-4.19238945827302
-2.69838945827312
-13.840389458273
-1.78038945827272
3.70961054172728
23.4956105417273
37.6076105417273
-27.5623894582727
-28.6443894582726
-12.3823894582726
4.04761054172738
-20.5923894582729
3.32361054172718
-4.12638945827252
9.51761054172748
-2.58638945827242
-73.6663894582725
-59.6623894582726
5.54961054172728
7.12961054172748
-32.0803894582726
-1.04638945827262
-32.9783894582727
-31.6943894582727
14.1256105417275
-2.08838945827272
-38.0943894582728
-39.8303894582727
-27.2463894582727
-11.9443894582727
-28.1063894582729
-27.7583894582729
-2.18238945827272
16.3636105417273
-2.58438945827272
7.25761054172718
-1.95838945827282
-5.02038945827312
-5.02038945827312
7.27761054172688
5.77961054172738
5.52361054172778
-20.9603894582723
-0.522389458272215
11.3116105417277
21.1076105417278
24.9256105417277
-7.21238945827212
-9.49638945827212
-26.566389458272
12.4436105417279
17.7716105417278
17.0376105417278
28.2956105417278
3.42961054172778
-24.448389458272
-9.50838945827202
-1.65438945827212
-7.06238945827222
-39.5123894582723
-29.5183894582722
3.35561054172818
-61.798389458272
-29.086389458272
-36.4803894582721
-2.51238945827212
-67.7643894582721
-55.3343894582721
-31.8203894582721
-46.7023894582722
-15.5203894582722
-3.55838945827222
4.79961054172788
-39.6663894582721
-34.4883894582721
-33.3823894582721
-28.3643894582722
10.2956105417279
24.0076105417279
10.5396105417279
13.6176105417279
38.3096105417279
-12.0403894582721
-18.9623894582721
-7.96838945827202
-31.2783894582721
-14.3723894582721
-4.26838945827202
2.74761054172798
17.0436105417281
34.0656105417281
4.82161054172798
3.29761054172798
-28.3723894582719
-35.6643894582719
-17.1843894582719
24.127610541728
-11.6563894582722
0.213610541727981
12.9536105417281
-20.612389458272
-28.950389458272
-32.7523894582719
-32.006389458272
-36.5443894582721
-48.558389458272
-12.2143894582718
-34.9743894582714
-36.8803894582715
-24.8143894582715
-4.85638945827152
-24.7243894582715
-15.6323894582717
-11.6163894582717
-40.6603894582718
-19.1823894582719
-42.4263894582718
-16.0803894582719
-32.2943894582721
-58.240389458272
-57.8503894582722
-36.2943894582721
-34.2083894582719
-18.3003894582718
-17.5883894582718
-94.532389458272
-123.972389458272
-115.854389458272
-58.4003894582724
-41.1663894582725
-45.2623894582726
-36.0603894582725
-4.05638945827252
-25.2863894582725
-3.49238945827252
-2.49638945827252
-2.19238945827252
-17.1003894582725
-2.50838945827262
-22.5563894582725
1.86361054172748
1.86361054172748
-25.4023894582725
-27.3143894582723
-26.6103894582723
-20.0563894582725
-4.09638945827252
22.2076105417278
8.74161054172788
-12.2283894582721
17.1656105417278
9.28161054172788
-17.0963894582722
5.83761054172778
-41.7583894582721
-122.974389458272
-58.5703894582722
-81.8843894582722
-13.4443894582721
16.4116105417279
-16.3363894582722
-0.750389458272217
-8.42038945827232
0.495610541727778
-13.6223894582721
-32.9103894582722
-14.4803894582722
18.3036105417277
7.67361054172778
5.30961054172778
0.539610541727583
-65.0543894582724
-27.7843894582724
-4.98038945827242
-1.47438945827252
-29.9663894582723
-102.576389458272
-109.312389458272
-103.220389458272
-104.616389458272
-94.2803894582722
-94.6263894582722
-53.192389458272
-63.474389458272
-75.5263894582719
-82.8203894582721
-78.178389458272
-29.6103894582721
-93.620389458272
-18.8703894582718
-16.6623894582718
-31.7543894582719
-2.15638945827182
2.29961054172808
-17.3023894582721
6.93561054172798
18.4956105417279
-31.4103894582722
-2.88638945827222
30.3296105417271
-1.12438945827372
-7.72638945827352
-4.37438945827352
-4.53438945827342
-3.06838945827322
-24.6303894582729
-32.954389458273
-33.9243894582731
-34.788389458273
-26.1643894582731
-36.5363894582729
-31.8963894582729
-37.1763894582729
-29.5263894582728
-54.7643894582728
-42.4443894582726
-44.6523894582727
-32.6223894582726
-34.4503894582725
-32.6303894582723
-32.9563894582721
-32.336389458272
-37.6983894582726
-35.8963894582725
-26.9843894582723
-28.6223894582725
-30.0303894582726
-32.0283894582731
-37.8603894582731
-36.0923894582731
-31.2563894582732
-31.1343894582733
-34.7123894582729
-35.1203894582729
-41.3423894582729
-41.7643894582728
-52.1583894582728
-47.3903894582728
