81.9079186413902
-93.0860813586101
-31.8620813586103
-30.5240813586103
-6.16608135861033
16.5319186413898
61.4719186413898
17.2119186413899
0.575918641389869
66.1779186413902
25.74591864139
3.85391864138987
71.7379186413902
13.8179186413895
9.82991864138917
22.8199186413892
3.38391864138926
18.9559186413896
72.5059186413892
42.1239186413897
102.26791864139
8.34391864139027
15.6399186413904
-2.42008135860964
10.8719186413904
73.3019186413902
33.9219186413903
14.3119186413902
23.0979186413899
15.9699186413897
29.7419186413899
-13.67608135861
57.6159186413899
-80.5560813586102
-33.0180813586101
0.109918641389768
72.8399186413902
-38.70408135861
-14.8800813586101
4.39391864138987
44.80991864139
7.62391864138976
-4.65208135861013
4.94391864138997
20.3499186413899
63.2499186413902
26.4059186413902
3.23791864139017
16.6079186413901
-23.2280813586098
39.9519186413901
35.6639186413902
17.5859186413903
18.7999186413903
24.4279186413903
-31.3220813586098
19.3459186413903
-12.2820813586098
28.7219186413902
11.4439186413902
58.2479186413902
8.86791864139007
3.38791864138987
-5.22208135860974
-29.1300813586098
17.1819186413903
42.2459186413902
5.48591864139016
26.2579186413901
0.44991864139007
13.32191864139
-4.50608135860983
0.961918641389964
-13.41408135861
24.9599186413901
12.9699186413899
51.71391864139
32.5999186413901
3.15991864139006
-5.29208135860993
-4.63008135861003
17.2479186413901
-38.36408135861
-46.22808135861
-24.8580813586098
-2.38408135860993
29.8599186413902
38.8699186413898
32.3259186413898
32.3259186413898
19.2939186413897
26.5719186413898
6.72391864138996
-12.3060813586099
13.7479186413901
30.2199186413901
54.7079186413901
15.6219186413901
-7.70608135861003
5.22191864139017
28.0859186413905
38.0199186413905
41.9019186413904
22.3099186413905
41.9719186413906
32.3759186413905
22.4519186413905
31.8979186413905
20.5479186413905
30.6559186413905
6.42391864139046
36.4219186413904
43.2059186413904
18.8439186413905
40.5679186413907
-2.57208135860923
-21.4000813586092
0.711918641390767
10.7799186413908
35.1179186413909
-6.21408135860923
9.39391864139047
23.0979186413904
-6.45808135860953
-72.1680813586093
41.0839186413905
7.67791864139057
1.37991864139037
3.80991864139027
13.8519186413901
29.33391864139
0.939918641389966
-11.83608135861
25.3839186413898
29.3699186413898
19.2839186413898
16.0859186413898
-32.4720813586103
-2.52808135861033
14.4139186413897
2.72791864138956
35.6819186413897
5.75991864138967
35.1659186413896
14.8279186413898
28.4299186413898
35.7799186413898
17.5199186413897
-26.4280813586103
26.8939186413897
-8.13208135861053
-30.1300813586107
-1.38608135861043
-52.5280813586104
-12.9140813586105
-27.4220813586103
-62.2760813586104
18.7339186413896
-3.78008135861033
-39.5260813586103
-8.48608135861023
19.3439186413897
58.9219186413898
2.03391864138987
-27.4000813586102
-10.2920813586101
6.15191864138997
28.4859186413901
-9.92208135860973
-0.732081358609634
51.0999186413903
15.6699186413904
23.6279186413903
8.23391864139027
1.09791864139027
19.8659186413904
21.5919186413904
-88.7660813586097
-6.81808135860963
22.5479186413905
13.8599186413905
26.5419186413907
53.1699186413908
14.8879186413909
26.7279186413908
44.3359186413908
15.5159186413907
-2.01208135860963
8.98591864139037
8.98591864139037
-10.9640813586099
4.69791864139007
5.66791864139037
-13.1460813586099
1.49591864139007
10.5299186413901
9.05191864139007
-13.2720813586099
2.05391864139007
19.53791864139
-6.14808135860993
-11.8760813586098
-40.2820813586099
-33.33808135861
-6.76408135861013
5.49991864138987
21.1739186413899
-8.05408135861013
-12.1000813586101
-2.46208135860983
-10.8180813586098
18.3019186413901
23.74991864139
20.0719186413901
14.06791864139
-21.43808135861
-0.582081358610033
4.92591864139007
19.9359186413901
24.49991864139
0.779918641389969
-9.73408135860993
12.4579186413901
2.17791864139006
-19.76008135861
0.977918641389969
11.34591864139
10.8199186413901
32.5779186413901
35.6479186413901
-54.46608135861
-37.8440813586099
-55.2220813586098
12.0499186413901
-15.1000813586098
-4.58208135860973
-11.6400813586097
-8.93008135861003
-17.1100813586099
-8.89608135860993
-22.68208135861
-17.10008135861
-16.1280813586099
-15.83608135861
-19.87808135861
-42.86408135861
35.19391864139
36.9339186413902
10.7179186413902
49.7979186413904
15.6599186413903
37.4919186413904
41.7739186413904
14.8679186413902
-38.2860813586099
1.94391864139007
-3.68208135860984
18.6459186413903
43.0379186413903
32.9419186413903
10.6319186413907
3.65591864139067
2.96591864139057
-16.0960813586093
14.1919186413905
17.5319186413903
6.94991864139027
37.4839186413904
5.57191864139057
6.34391864139057
15.5019186413907
19.1759186413905
9.50991864139036
9.68991864139016
18.3499186413903
-9.93208135860993
3.67591864139027
-9.04608135860983
-13.3480813586097
28.1919186413903
2.03191864139017
19.4859186413902
-11.0420813586099
-15.1160813586103
-21.8800813586105
-17.3440813586106
-2.68208135861083
-33.4540813586108
-9.07608135861073
10.4659186413892
-0.360081358610636
12.3479186413894
-39.6600813586109
9.02191864138917
-31.8800813586106
-14.0480813586107
2.81391864138926
3.09391864138946
-11.2000813586105
-38.2780813586106
27.2699186413896
4.43791864138937
8.65991864138927
-13.3740813586107
-3.47608135861073
4.52991864138927
1.85991864138937
-20.2420813586104
-59.2740813586108
-21.2880813586108
-39.8860813586108
1.36191864138927
-3.75208135861053
-17.2840813586103
-9.51808135861023
-47.6000813586104
7.87391864138966
4.16591864139047
-8.76208135860923
1.15791864139067
-9.39208135860923
-42.7720813586094
-58.1100813586093
4.45991864139067
28.1119186413907
-18.4880813586092
-24.8620813586093
-2.45808135860933
7.09591864139067
27.9279186413907
9.90791864139067
35.8879186413907
39.9339186413907
47.6159186413907
29.8199186413906
18.4239186413908
7.60191864139097
-18.080081358609
5.04591864139097
31.6399186413908
-15.5640813586093
-35.0580813586091
-46.8120813586091
-30.8620813586095
-19.0460813586096
3.90791864139047
28.0859186413905
-0.0840813586097298
31.0959186413903
-21.3040813586097
-5.22208135860974
-4.61008135860963
-12.0880813586097
-6.02608135860973
-5.51408135860963
1.19191864139037
49.5639186413903
0.195918641390264
16.2199186413903
12.9559186413903
20.9559186413903
-1.63408135860983
32.9639186413902
-7.99608135860983
54.0839186413903
13.7059186413905
3.85391864139037
25.7819186413904
18.0359186413905
1.18791864139037
-23.1900813586098
-17.8240813586099
28.6899186413901
22.6579186413906
-18.5240813586092
22.2379186413911
-9.08008135860903
9.44991864139126
12.2059186413915
36.3339186413915
21.8919186413914
-2.32008135860853
-0.394081358608531
16.4739186413913
42.0839186413912
9.24791864139127
9.00991864139117
-14.2140813586087
-31.4920813586086
-3.24008135860883
7.83391864139126
21.4759186413913
41.7499186413914
-103.870081358609
-49.840081358609
-14.224081358609
23.9759186413909
36.473918641391
1.16791864139087
0.619918641390868
21.5119186413909
-44.536081358609
-22.054081358609
-19.0440813586089
40.8019186413911
31.4179186413911
-8.14208135860893
3.42791864139117
9.66991864139106
4.66791864139127
-18.1040813586092
3.72991864139077
-48.4180813586093
-13.3800813586093
24.5379186413905
17.1719186413899
-8.12208135861023
-1.76808135861023
1.40191864138967
7.53991864138967
28.6479186413895
-21.1880813586105
-3.43608135861064
-1.21208135861063
28.8959186413893
16.7559186413894
-11.7000813586106
-0.0380813586105333
24.5819186413893
39.4199186413894
16.8539186413894
32.0099186413893
15.8679186413893
-71.7360813586105
-45.7160813586107
7.31391864138926
-31.7780813586104
-15.9620813586103
-31.9040813586102
-45.7380813586103
-43.6500813586101
27.98391864139
-6.57608135860993
-12.3980813586099
-36.6700813586098
-27.4000813586098
-13.4460813586098
1.91991864139017
3.86391864139047
42.2019186413906
28.7519186413906
-68.2420813586095
-11.6680813586095
-0.77608135860963
-0.486081358609532
12.8079186413905
20.5699186413905
26.5179186413905
15.5259186413904
8.42391864139067
17.8679186413908
7.41591864139037
2.02191864139017
-0.470081358609832
11.4179186413903
-40.8980813586097
-23.2900813586097
-35.3660813586098
4.92391864139017
38.0659186413903
-5.28808135860963
13.1599186413902
-30.7120813586097
-13.1940813586097
-39.2500813586098
-35.3440813586098
12.1079186413902
23.5559186413902
-4.09208135860983
-19.3520813586098
7.09791864139007
-0.414081358610034
-3.82208135861003
16.0739186413899
21.8839186413898
27.6379186413898
19.7979186413898
9.78991864138997
9.83591864138997
46.0199186413899
30.6599186413901
56.0739186413902
57.4399186413901
61.6259186413901
22.2919186413902
22.76391864139
2.14791864139007
13.6259186413901
-1.10208135860993
-16.6360813586102
-21.8960813586102
25.7539186413899
-4.50608135860993
-26.5960813586101
-17.4400813586099
7.64991864139017
8.53191864139027
-11.9280813586099
-13.5160813586099
19.7679186413901
-8.56608135861003
-29.56808135861
-5.33408135860994
-5.22608135860993
-5.72408135860993
-4.79008135860973
-25.7740813586094
15.0699186413905
-19.4860813586096
-31.3240813586094
-19.3660813586094
4.60791864139047
-1.70408135860903
-17.3460813586088
-13.3440813586088
-20.1900813586088
10.2659186413912
1.83991864139117
-5.77408135860873
-0.0420813586087334
28.8059186413912
-5.55208135860873
-14.6360813586088
-24.0840813586087
-13.0420813586087
14.3279186413913
26.6039186413912
-20.3760813586088
40.0079186413912
3.20391864139117
5.57591864139117
21.9099186413911
10.9099186413911
26.3999186413911
6.05791864139117
25.6139186413911
-0.938081358608933
13.025918641391
-1.69208135860913
-0.656081358609036
16.551918641391
1.09791864139087
-6.62808135860893
1.13391864139117
11.3119186413912
-4.71208135860893
-14.2480813586089
-14.2480813586089
-62.3320813586088
-15.7320813586091
20.1819186413907
-48.2720813586097
-24.5660813586095
45.3059186413904
42.1539186413904
-3.32808135860963
8.58391864139037
24.1299186413904
44.9099186413903
61.6619186413904
34.2339186413904
12.7919186413904
30.5199186413904
34.5339186413905
3.62391864139037
25.7639186413904
34.0899186413904
10.0699186413902
14.2599186413902
11.2059186413903
10.4399186413901
9.61591864139007
37.8279186413902
9.80591864139006
-9.52208135860993
16.4059186413898
14.5979186413898
-6.77208135861013
-6.14408135861013
-13.08408135861
-11.1740813586102
-18.7440813586101
-36.8200813586102
-7.36408135861013
7.92991864138977
-0.834081358610135
-22.1260813586101
-19.7620813586099
6.42591864139017
18.3639186413902
-30.0460813586098
-65.8780813586097
-10.4980813586097
-7.64808135860953
-33.7340813586096
-19.9060813586096
-52.4940813586094
-23.0960813586095
-21.6840813586093
-27.1740813586093
-35.1980813586093
-0.934081358609532
-7.19808135861013
4.66191864138997
-28.91208135861
-35.2580813586103
-33.4920813586102
-38.5300813586103
-40.6120813586107
5.65191864138946
-3.13408135861074
0.745918641389267
2.97791864138937
22.5639186413894
-29.4240813586106
-22.1040813586106
-17.5600813586107
4.49391864138937
8.22991864138927
-31.3060813586106
16.9939186413894
55.6739186413896
7.51191864138967
0.585918641389867
-21.81608135861
-52.7960813586099
-40.91808135861
-34.0900813586101
-8.00408135861013
-12.5460813586097
-16.7860813586097
-3.86808135860974
10.9879186413904
-40.4400813586097
-3.15208135860993
21.70591864139
15.73791864139
28.5379186413899
-40.5060813586101
-2.59608135861014
41.96391864139
2.89591864139007
-9.74608135861013
-6.52808135861003
-17.2980813586101
-5.18808135861013
1.57591864138977
39.8379186413898
-12.9320813586101
-14.2460813586102
-11.2140813586098
-21.9000813586095
-10.9320813586098
-35.9400813586099
15.6219186413901
4.55191864139007
8.68791864138997
-14.05608135861
-54.47408135861
-33.45408135861
-4.53208135860994
-10.7080813586099
-18.7440813586098
18.7339186413903
-8.76208135860983
-15.0380813586098
10.3999186413903
-15.8020813586097
7.47991864138977
-31.1800813586103
-25.0940813586104
-6.00608135861033
-30.3280813586103
25.1179186413897
16.5359186413897
-0.994081358610231
-37.1000813586104
-10.3240813586105
-2.38808135861093
15.2339186413894
0.79591864138937
-6.55808135861063
-23.0220813586107
-54.1100813586107
-30.4100813586107
-31.3360813586107
-63.6700813586106
-18.1300813586106
-8.44608135861073
-7.99608135861063
-32.2200813586105
-34.4980813586104
-55.3820813586103
-5.62008135861033
-5.88208135861033
-23.6940813586103
-44.8020813586103
28.7399186413898
11.0979186413901
-46.0480813586101
-33.0860813586101
-13.2460813586101
25.8219186413899
20.4599186413906
-7.53608135860953
-8.97408135860933
15.3859186413907
15.6519186413908
47.1839186413907
2.85791864139067
-13.5600813586093
-5.25808135860933
10.4159186413907
-0.266081358609433
-0.266081358609433
58.9179186413906
18.5919186413907
-72.8920813586093
-72.8920813586093
-72.8920813586093
21.7219186413906
30.4119186413909
-33.9880813586089
12.6419186413911
7.79191864139117
-12.7640813586088
-4.49008135860883
-5.97408135860903
-12.2880813586091
-31.536081358609
-8.11008135860903
6.30991864139077
-14.5260813586094
7.85791864139027
16.1979186413903
1.22991864139017
-25.1020813586098
-29.2200813586098
18.3359186413902
1.10391864139027
-14.8540813586098
12.1179186413902
-8.68608135860983
0.715918641390267
16.3699186413903
0.627918641390067
13.10591864139
13.5279186413902
23.5059186413901
-8.11408135860993
5.13391864138997
-17.86408135861
23.9819186413899
23.12791864139
15.2419186413899
23.4199186413899
23.6599186413899
-13.74408135861
6.10791864138967
-0.938081358610333
19.9779186413895
-0.276081358610334
22.3279186413899
3.52791864138977
-2.92008135861023
-19.1960813586101
-18.6500813586102
-38.2140813586103
-14.6580813586102
-19.4740813586101
-11.7360813586101
-7.18008135860993
-19.8260813586099
-9.45008135860963
-34.2980813586098
-11.0720813586097
-22.3980813586098
-0.218081358609631
-8.04608135860953
-46.2320813586096
3.84791864139057
-11.4220813586093
-21.5020813586091
-12.3960813586092
-11.2580813586093
-27.7420813586093
-11.3660813586093
-45.0900813586094
-30.1020813586093
-14.0880813586093
14.5639186413907
-25.8480813586092
-33.2440813586094
5.80791864139056
-29.2380813586098
-8.21608135860983
29.3919186413903
-20.5420813586095
11.4139186413905
17.0459186413904
24.8279186413903
-19.8620813586096
-18.2880813586096
-10.7780813586098
16.0299186413902
17.6559186413904
4.11791864139027
11.9659186413904
36.6799186413902
36.6799186413902
15.9639186413902
0.499918641390266
26.2599186413902
-32.7060813586098
-64.1620813586097
-6.29008135860963
-62.7700813586096
16.1799186413904
2.14391864139047
-9.06608135860953
14.1139186413904
-1.11208135860964
-2.25808135860973
-45.8640813586097
25.5179186413904
-4.35208135860953
-2.61408135860943
-10.1620813586094
-27.2520813586095
-26.4500813586094
-3.29608135860953
5.45791864138967
0.20991864138967
0.20991864138967
-0.890081358610331
-0.148081358610234
-0.148081358610234
-7.25008135861033
-0.304081358610333
-16.5460813586107
-13.4140813586108
-33.4080813586114
-28.1180813586113
-24.362081358611
-26.2960813586109
-19.1000813586109
-28.800081358611
-15.1260813586109
-16.6240813586108
-4.55208135861083
-22.5640813586105
-37.2020813586106
-54.0680813586105
-33.3160813586105
-57.8080813586103
-3.86808135861023
-52.3540813586105
-18.2180813586105
-104.97408135861
-127.62408135861
