76.4819109589082
81.5199109589082
92.9959109589082
112.891910958908
51.8699109589078
80.6459109589072
105.325910958907
77.9999109589072
121.547910958907
79.0999109589062
55.1799109589061
35.8699109589057
70.9419109589052
75.6699109589052
51.0179109589051
-0.832089041095031
10.6539109589045
46.8499109589039
72.3739109589042
39.8579109589038
21.8559109589039
-27.7320890410961
-54.4540890410961
-94.8660890410962
-3.41408904109623
-23.3580890410962
-28.7100890410963
15.6299109589039
96.4719109589042
37.9879109589039
55.4779109589038
40.1399109589039
82.9919109589042
51.467910958904
77.3239109589042
80.5699109589042
-8.97408904109623
53.1979109589039
61.6879109589042
51.5619109589036
49.2139109589037
11.5259109589038
24.0079109589038
44.0579109589038
25.6739109589039
10.6859109589039
-9.91808904109613
-9.03608904109593
58.4699109589041
-111.908089041096
-116.658089041096
-101.958089041096
-27.8240890410957
-103.860089041096
-83.5620890410958
40.7879109589041
4.17791095890416
-35.3460890410958
-2.01208904109573
45.5199109589043
44.1619109589044
14.0119109589044
60.0039109589044
65.2279109589042
17.4759109589044
14.9379109589044
36.2779109589044
106.565910958904
-11.5180890410953
-21.6160890410952
-37.3140890410953
-5.66808904109534
39.9919109589046
64.6119109589052
80.0099109589052
42.4679109589048
42.4679109589048
88.4379109589052
32.5159109589048
9.20591095890477
22.3619109589047
49.5719109589048
74.8579109589052
51.6499109589047
-8.56208904109543
25.1879109589046
73.6219109589042
63.4479109589042
29.1839109589042
25.2479109589039
41.1639109589039
33.871910958904
6.50791095890386
14.5879109589041
-33.312089041096
29.155910958904
77.7519109589042
62.8679109589042
5.53191095890367
26.2339109589039
74.1799109589042
56.6539109589038
52.2559109589037
13.3779109589038
-21.2980890410962
18.5239109589038
28.7139109589037
64.5499109589042
32.6139109589039
23.961910958904
18.729910958904
-13.548089041096
-3.76608904109573
-10.9160890410957
54.6099109589042
68.1859109589042
79.1259109589042
-10.6120890410949
-21.9400890410954
-23.2720890410955
27.3279109589044
-25.9980890410955
-32.9780890410955
-20.9880890410951
-7.96408904109513
25.5999109589049
47.1379109589048
42.9519109589049
-20.8760890410951
2.81791095890497
2.69391095890497
-9.73008904109533
11.0939109589046
56.6899109589046
54.4039109589047
-10.8340890410954
-14.0380890410954
15.8239109589045
22.4879109589046
27.0179109589046
16.3379109589048
9.36991095890477
21.6139109589047
19.7319109589048
24.4939109589046
27.2819109589046
-23.6900890410957
-35.0040890410957
-56.8640890410956
-68.8380890410954
-7.60208904109543
16.6639109589046
28.8339109589045
60.2179109589045
15.4559109589045
8.89991095890446
38.3239109589045
57.1019109589045
11.1619109589046
13.7139109589046
15.1979109589047
23.0179109589046
27.4679109589044
-50.1580890410956
-63.7280890410953
-24.7060890410953
-77.7920890410952
-32.4900890410955
-45.7460890410954
7.06191095890487
-19.2780890410948
-20.2460890410948
-6.32408904109484
-10.9820890410949
3.94191095890497
-11.4280890410949
-20.5220890410948
-13.8180890410947
-96.976089041095
-62.7320890410949
-2.61808904109513
-4.38808904109504
2.72991095890487
7.32191095890477
6.33191095890476
23.6059109589049
-5.18408904109523
-1.56408904109544
-0.486089041095433
33.5499109589046
52.4119109589047
-23.3180890410955
-2.91008904109543
21.7619109589045
50.9639109589045
25.9199109589045
44.0959109589048
11.0639109589045
17.9539109589045
-21.2780890410953
30.3359109589044
-13.8000890410958
0.719910958904265
2.65391095890427
31.7959109589043
71.8059109589042
57.3939109589042
-8.04808904109593
-67.5700890410958
-65.2060890410958
-50.3740890410958
-33.566089041096
-20.1740890410959
-64.9740890410958
-63.3000890410958
-73.2240890410958
-55.2560890410959
-16.1180890410958
10.6979109589041
-35.2540890410961
-59.100089041096
-38.8000890410961
-80.756089041096
-14.2240890410958
-39.008089041096
-54.1920890410958
-28.7760890410956
-12.9200890410957
-20.6380890410959
-71.3000890410961
31.649910958904
2.56791095890397
35.991910958904
9.52991095890387
28.4979109589039
-45.3480890410961
-1.84608904109623
10.9999109589038
-12.3980890410961
-12.3980890410961
-2.42208904109614
5.55591095890377
-31.2860890410961
-20.0740890410963
-6.56608904109643
29.8699109589039
-8.96808904109563
-42.3040890410956
-84.0500890410958
4.08991095890417
47.1299109589042
37.1199109589043
41.1899109589042
37.8559109589042
39.4079109589042
30.1499109589044
44.2479109589044
21.3539109589043
-1.76408904109584
24.7239109589042
51.5059109589042
28.6059109589042
13.1159109589042
9.06191095890406
-34.838089041096
-11.1080890410959
-7.11408904109593
0.0879109589039686
-11.3140890410961
12.8539109589039
51.6499109589039
15.081910958904
-3.51808904109603
17.0759109589039
-6.75608904109623
12.7099109589036
17.5399109589035
49.0199109589036
12.5439109589036
15.1139109589036
-3.37808904109643
-3.37808904109643
31.2959109589031
-3.47808904109653
2.98591095890337
-1.08008904109654
-36.2940890410967
-11.5260890410966
-4.30008904109663
8.22791095890337
2.06391095890336
-46.2100890410965
-59.0580890410964
-46.6700890410964
-20.1340890410961
19.8279109589039
22.4199109589038
16.4359109589038
-22.5420890410961
15.3919109589039
9.11391095890437
-43.5920890410957
-15.4100890410956
-51.6120890410955
3.95191095890447
9.87791095890447
58.3319109589044
-41.5760890410956
-1.55808904109553
-12.1840890410955
-30.6080890410956
-29.5440890410955
-21.4140890410955
22.5959109589045
17.539910958904
-17.8500890410961
1.93591095890387
23.4219109589039
11.4159109589038
22.759910958904
9.10591095890387
0.339910958903765
-14.8660890410962
25.2679109589038
50.139910958904
37.3459109589039
-0.300089041096037
-9.29208904109593
-33.8240890410959
-116.150089041096
-33.8960890410956
-71.3820890410954
-51.8580890410954
-1.81808904109553
46.4159109589045
35.2119109589043
62.8539109589042
41.9279109589042
43.4979109589043
35.3539109589042
55.5239109589041
14.733910958904
6.15191095890387
22.7219109589039
35.8959109589038
57.9339109589039
82.8499109589042
18.4659109589039
-8.99008904109603
-6.48008904109604
7.10391095890397
10.0119109589041
60.6979109589042
-0.890089041095834
20.7999109589043
6.64791095890437
-5.21408904109573
6.14591095890427
26.8699109589043
-18.1780890410959
30.8359109589042
-4.86008904109593
44.8939109589041
47.4779109589044
46.8999109589043
21.0339109589043
0.785910958904267
-3.61408904109573
15.5759109589041
4.79791095890417
-20.9860890410958
-44.5980890410959
-5.13808904109583
-4.82608904109573
2.84991095890437
24.1799109589044
39.1239109589045
-19.1820890410956
-24.3460890410955
-14.2980890410955
-53.0580890410955
57.5319109589045
-8.45208904109553
11.2219109589045
32.0779109589045
21.5839109589045
75.5319109589042
-12.0160890410956
-19.3020890410957
-12.6320890410956
3.15191095890437
24.1399109589044
-18.8660890410955
-12.9500890410956
-5.27608904109573
10.2379109589045
-10.1280890410957
24.6779109589043
-0.39208904109563
6.69191095890456
-17.7080890410955
-2.58008904109563
-1.75808904109584
14.2459109589041
-34.2820890410961
31.1179109589038
23.8459109589038
22.3839109589038
13.8459109589039
32.8899109589039
-14.5280890410961
16.029910958904
6.65991095890396
29.1179109589039
30.6419109589038
32.7919109589037
77.2499109589032
77.2499109589032
76.8479109589042
30.5479109589038
23.9139109589038
23.2899109589036
38.1399109589036
51.7099109589036
18.6919109589039
29.1319109589039
-12.8820890410962
9.72791095890377
20.5999109589038
-6.43408904109624
24.1439109589039
34.1839109589039
39.637910958904
42.991910958904
47.973910958904
6.92791095890396
33.813910958904
35.9339109589042
12.6179109589042
34.5899109589041
10.157910958904
-15.9480890410959
2.06191095890406
-13.4100890410961
-6.53808904109614
32.0879109589034
-48.3500890410965
-5.10008904109653
-2.66008904109653
-21.5700890410965
-21.9500890410965
-0.21608904109663
9.35391095890337
-9.34608904109663
2.42591095890347
-11.2900890410965
-40.6780890410964
8.18991095890367
-66.7180890410964
-8.11808904109643
0.761910958903464
7.17391095890337
-18.8800890410966
-13.3700890410966
-11.8860890410968
-13.3460890410966
-66.5880890410964
-15.5380890410962
-2.65608904109634
11.2659109589037
27.0539109589037
13.4679109589037
13.2039109589037
18.7639109589038
26.7839109589038
7.54991095890367
18.3179109589036
-1.47008904109644
0.903910958903666
18.2559109589036
19.7799109589034
8.76791095890346
15.0259109589034
-3.96408904109664
12.415910958903
-18.7180890410968
-34.4560890410968
-70.4860890410968
-150.534089041097
-30.7960890410968
-2.07008904109573
-2.07008904109573
-49.1680890410957
-25.3040890410957
-3.65408904109553
-6.59408904109554
3.46191095890437
-69.5120890410955
-32.0740890410955
-41.9380890410955
-43.5780890410956
-33.1600890410957
1.12791095890437
-17.3660890410956
-16.5360890410956
-51.9960890410956
-15.6280890410955
20.9599109589046
-9.19808904109523
-15.2340890410951
-34.6160890410956
-16.8780890410955
34.8799109589046
45.9659109589045
-6.26608904109553
44.6319109589046
44.6319109589046
53.0919109589046
-0.952089041095434
8.57791095890467
-11.6180890410954
1.51991095890457
-9.17608904109543
36.8779109589045
38.9499109589045
31.6419109589043
-1.18808904109543
34.1919109589047
14.5579109589047
1.63791095890487
29.973910958905
-16.402089041095
-34.3960890410952
37.5199109589049
4.20591095890487
33.7939109589049
38.6919109589048
26.9839109589047
20.1839109589049
31.9279109589049
10.201910958905
-3.06008904109493
-3.06008904109493
5.89191095890506
-30.0760890410949
-26.2100890410949
-12.8620890410951
-4.61608904109514
2.95591095890477
35.5659109589048
-0.530089041095131
46.4939109589049
7.32991095890477
-4.57208904109513
-42.7440890410954
-21.3620890410954
14.3399109589046
-10.6500890410954
-23.0220890410955
-6.32408904109553
-14.0740890410955
-11.9240890410955
-0.568089041095533
11.4099109589045
13.0579109589046
16.5939109589044
3.09591095890427
-59.2540890410957
-18.5580890410958
-40.4280890410958
-9.14208904109583
-42.3780890410954
-38.7920890410953
4.14191095890457
20.9619109589049
-6.03408904109514
-6.87608904109513
16.189910958905
-0.248089041095135
-2.50208904109523
12.6379109589049
20.4879109589049
7.53791095890477
-8.25808904109513
23.7759109589049
34.3739109589048
23.6039109589048
-26.6440890410952
28.3359109589048
48.5359109589049
25.895910958905
36.8479109589049
41.131910958905
27.9459109589048
36.8319109589047
28.7299109589047
-10.4840890410954
5.75391095890457
10.4239109589044
18.5999109589038
-18.6640890410963
-7.03808904109624
-13.2740890410962
3.10391095890377
-4.00808904109623
43.7439109589038
35.0119109589037
21.9079109589037
24.0979109589037
25.9239109589039
3.59791095890377
13.9799109589038
17.1939109589038
0.403910958903865
-9.80208904109613
17.3879109589039
39.663910958904
25.1539109589039
-4.38208904109624
7.13591095890386
7.82791095890396
25.539910958904
11.6419109589039
10.3319109589041
-5.15408904109604
2.35991095890397
2.29191095890397
15.2499109589042
0.753910958904164
-50.5240890410955
12.4839109589044
29.8359109589044
12.0279109589042
-11.7940890410958
-31.5740890410959
-58.6720890410957
8.31591095890427
14.4639109589043
9.27191095890426
-2.20408904109583
0.303910958904069
-14.5840890410958
29.6299109589041
1.78191095890417
-21.7000890410959
18.091910958904
30.6899109589041
3.35191095890406
13.5939109589043
18.7119109589043
22.1639109589042
24.3339109589043
9.47591095890446
19.0019109589044
11.6879109589044
-19.2660890410956
8.90991095890437
10.3259109589041
4.44391095890407
-13.5840890410958
-33.6440890410959
-25.0660890410959
15.531910958904
30.0879109589039
35.8219109589039
18.4519109589038
27.0739109589037
-33.9800890410962
33.6459109589038
5.40591095890407
-7.30008904109604
18.3439109589041
29.625910958904
16.7979109589041
4.53591095890417
30.6319109589042
9.06591095890386
1.28391095890397
-6.64608904109613
-0.992089041095831
22.5739109589042
-3.30608904109583
-18.6580890410958
-17.5960890410958
-28.8880890410958
-34.8620890410958
-12.7500890410957
20.7299109589044
-81.3000890410957
-44.2560890410958
-116.850089041096
-67.1060890410955
7.81591095890447
1.44591095890467
-24.3440890410954
11.4879109589046
14.6359109589045
54.4479109589045
54.4479109589045
4.97191095890486
-21.2920890410951
8.51991095890487
-21.8060890410951
6.21591095890476
-3.09008904109513
-64.9120890410951
4.60191095890477
-2.35208904109533
11.7319109589048
-10.3680890410953
29.3059109589046
-41.1420890410956
-59.7660890410956
-106.508089041096
-51.0940890410957
-19.6700890410958
33.4259109589037
19.5399109589039
-49.4000890410961
-35.2580890410962
21.1019109589039
-6.65608904109613
10.3879109589039
12.5819109589039
-6.45208904109603
3.83591095890407
11.1839109589043
-22.1360890410957
6.93991095890406
46.8399109589039
20.0899109589044
21.3119109589044
11.3979109589045
33.8699109589045
-43.6620890410955
-16.6480890410956
-7.15608904109573
26.4159109589044
14.7339109589044
23.6179109589044
20.7239109589044
31.5619109589045
24.2119109589043
15.7899109589043
13.5679109589043
-45.3160890410956
11.7839109589044
43.6519109589045
20.2199109589044
20.5979109589044
28.2619109589045
-26.4460890410956
41.2039109589045
-1.02208904109563
3.17791095890426
-8.39208904109563
12.6479109589045
27.2979109589045
-19.4960890410954
6.10391095890427
23.5199109589041
31.7819109589038
3.34591095890396
-7.69808904109603
5.57791095890407
4.02191095890397
-10.692089041096
15.561910958904
7.42591095890397
-43.320089041096
-40.882089041096
-1.93608904109603
-7.04808904109593
-2.92408904109573
10.6759109589043
11.2739109589043
10.4799109589044
-57.0360890410956
0.139910958904267
-0.0020890410960348
-59.158089041096
-11.9560890410962
-3.52008904109614
-5.72008904109613
-5.92208904109633
8.30191095890377
-3.20208904109593
-0.810089041095836
4.45991095890397
36.719910958904
-6.58008904109603
8.33791095890397
-3.76608904109603
-24.992089041096
-1.23208904109573
-8.55808904109583
13.7919109589043
11.0199109589039
22.751910958904
-13.4640890410962
-36.6140890410962
-15.6720890410961
-44.6720890410963
-44.6720890410963
-72.6720890410963
-72.6720890410963
-24.4880890410963
-25.480089041096
16.4599109589042
35.4739109589039
-39.8540890410962
-19.1280890410962
-33.9780890410961
-52.6460890410961
-0.69608904109603
-14.7600890410961
-10.6760890410962
5.61191095890387
-12.3380890410962
-0.550089041096236
