39.2860000000002
95.1300000000002
87.5860000000001
132.146
118.284
220.832
163.446
45.7199999999999
168.91
132.564
194.29
136.794
82.282
162.714
153.768
153.768
113.214
130.622
195.358
187.298
161.154
116.566
116.604
103.69
113.272
76.6979999999998
149.576
186.63
69.1379999999999
149.178
162.93
76.2699999999998
122.898
161.766
209.61
69.2739999999999
141.094
41.714
118.24
131.732
116.018
124.786
23.1340000000001
30.6960000000002
9.48400000000015
54.8400000000001
131.618
67.956
51.27
244.912
93.734
112.476
88.1660000000001
117.582
117.748
177.874
46.4440000000002
81.2300000000001
-45.2379999999998
109.634
73.484
119.392
161.028
210.662
210.182
-10.256
54.8759999999999
121.9
112.09
202.382
71.0639999999999
105.318
184.562
55.2539999999999
67.1119999999999
96.6419999999998
79.6419999999996
8.78399999999948
186.221999999999
63.5719999999995
56.4679999999995
131.848
57.2639999999996
143.786
111.949999999999
37.8499999999995
-3.72200000000049
16.1719999999995
137.206
96.6339999999995
141.182
32.7919999999995
50.9439999999993
122.991999999999
116.387999999999
155.458
82.5599999999996
135.83
84.8459999999996
109.766
135.724
52.2079999999996
93.7939999999996
104.838
113.314
90.0739999999999
137.096
256.694
134.46
68.8900000000002
82.2300000000002
136.576
29.1360000000002
103.046
125.168
169.134
140.938
247.492
-17.8340000000001
65.7379999999999
129.624
97.668
162.394
94.386
23.718
6.76799999999997
40.312
104.028
100.864
99.506
148.784
199.734
226.644
300.248
91.8859999999998
174.832
291.44
241.028
287.456
151.31
93.5359999999996
59.3519999999996
182.458
206.132
229.178
183.246
192.598
201.989999999999
247.221999999999
217.465999999999
202.995999999999
78.2859999999995
88.0839999999994
200.667999999999
214.795999999999
142.333999999999
142.333999999999
131.52
79.298
53.184
48.85
142.98
226.298
112.044
4.15800000000013
38.3600000000001
23.2380000000002
-40.6919999999999
7.06200000000024
-45.4919999999997
43.7880000000002
57.4160000000003
-10.9579999999997
213.378
237.104
188.592
19.6300000000003
98.1960000000004
178
208.888
240.564000000001
227.170000000001
23.5420000000005
-7.80799999999954
2.90800000000024
130.69
153.662
224.972
274.308
170.47
148.822
96.6379999999999
41.0959999999999
-74.422
19.1320000000001
58.08
-9.47399999999993
20.068
85.558
70.2979999999999
25.798
185.914
85.7239999999999
137.946
237.31
283.59
242.976
118.784
12.3679999999996
260.432
270.426
276.434
295.286
78.6559999999998
-35.03
95.3200000000002
90.182
204.102
82.944
-33.3660000000001
17.8519999999999
13.0839999999997
121.14
78.526
129.398
101.656
22.6579999999999
18.6539999999999
-13.3600000000001
18.7239999999998
24.7679999999998
25.3099999999998
1.42799999999977
-65.8560000000002
-20.0300000000002
-8.04600000000028
76.0959999999999
160.61
48.0359999999998
131.706
0.799999999999841
33.6219999999998
-7.20600000000024
138.516
122.044
145.38
132.105999999999
52.9819999999994
141.111999999999
148.659999999999
205.43
135.772
179.422
175.246
198.526
251.682
148.672
113.898
38.806
-19.5839999999999
-59.8659999999999
141.194
126.842
-51.1759999999998
-70.0679999999998
9.89800000000037
-57.1279999999997
-10.3119999999997
35.5940000000003
-79.1799999999998
-55.61
197.738
249.268
95.1600000000003
74.5940000000003
-46.6239999999998
40.5760000000002
184.186000000001
231.742000000001
122.870000000001
-7.00399999999956
66.0440000000003
-43.6779999999999
-83.1399999999999
-5.8979999999998
94.4800000000002
85.594
27.476
-6.93200000000002
57.242
82.898
-31.094
56.14
123.86
72.028
181.258
221.888
136.304
-67.5220000000002
56.8819999999997
37.3619999999997
69.5599999999997
89.2219999999996
57.3419999999995
117.681999999999
77.1679999999995
63.7239999999995
139.502
230.268
285.168
237.504
177.071999999999
249.208
77.2419999999996
76.7039999999996
-23.4540000000001
-29.668
130.686
260.132
268.602
176.04
64.942
162.444
264.834
292.412
260.114
74.17
69.6779999999999
-18.0360000000001
161.714
108.26
-12.5660000000001
120.856
109.914
170.178
-43.4379999999995
196.492
58.7260000000004
88.6940000000004
-14.9059999999996
93.2800000000005
76.6900000000003
208.288
95.1939999999997
128.762
102.606
238.444
265.334
27.1019999999997
-119.762
-65.9380000000001
102.432
179.806
205.148
208.332
136.096
-13.6899999999998
-65.712
-2.81200000000001
-23.3180000000001
31.0619999999996
130.723999999999
35.5859999999996
128.798
102.05
172.348
-77.2520000000005
67.6699999999996
22.3659999999999
150.03
-66.5120000000001
-5.2940000000001
-38.6740000000001
-81.218
73.7500000000002
219.042
142.712
-37.9499999999999
138.648
33.6900000000001
30.522
20.308
70.644
164.074
162.438
220.212
116.402
-46.572
45.174
184.562
225.6
178.174
157.864
232.072
98.8659999999999
83.7699999999999
86.1079999999999
-13.6640000000001
147.828
160.044
137.888
148.534
121.268
163.556
25.8279999999995
130.286
184.699999999999
24.3519999999996
20.9999999999995
24.6979999999996
33.7259999999996
87.3359999999996
30.8539999999995
162.956
107.35
162.929999999999
162.929999999999
28.9799999999995
93.8779999999995
202.806
27.6359999999996
49.7359999999998
96.6579999999998
158.494
191.026
194.154
194.234
98.3540000000002
139.742
104.936
137.7
145.614
252.31
180.628
144.064
-3.20000000000005
-33.0080000000003
-42.1540000000003
172.68
161.77
129.57
52.466
90.6660000000002
170.138
191.032
245.854
228.388
197.224
233.772
219.82
221.72
202.518
152.236
169.42
152.686
-78.0159999999998
123.74
190.42
33.7040000000002
140.498
97.2260000000002
96.3140000000003
-31.9139999999994
-41.3699999999996
-52.9839999999992
-53.375999999999
65.874000000001
31.462000000001
-34.9319999999991
87.496000000001
27.0720000000009
127.226000000001
46.584000000001
58.772000000001
-30.4919999999992
-105.677999999999
-91.7359999999995
78.0220000000003
81.8500000000003
109.338
-78.6300000000002
70.9839999999999
131.662
197.01
63.5779999999999
180.606
45.9019999999999
62.7799999999999
26.1419999999998
4.80999999999989
83.0919999999998
48.1759999999999
66.054
69.9420000000002
-33.3639999999998
-3.27599999999978
98.9260000000002
238.698
131.316
183.952
229.01
85.7520000000002
276.898
116.26
222.5
113.078000000001
125.002000000001
280.532000000001
97.5540000000006
130.484
53.8360000000005
136.584000000001
-13.1779999999993
56.6520000000005
131.354
109.162
207.44
80.9500000000004
118.142
172.952000000001
252.15
54.2680000000002
11.7040000000002
84.4120000000003
76.1020000000002
10.5860000000002
228.24
56.8940000000003
72.5960000000002
-1.71399999999971
11.6760000000003
-52.5999999999999
144.13
166.84
195.994
159.074
160.494
129.57
101.968
79.4639999999999
41.4239999999999
-1.51400000000012
24.2719999999999
64.1739999999999
68.91
106.162
-5.64000000000004
42.3859999999999
112.59
139.332
116.486
118.804
107.634
54.0039999999996
43.5819999999997
47.9139999999998
83.8179999999996
208.176
181.73
211.33
172.052
82.9739999999998
-47.0940000000003
48.7119999999997
-14.2900000000002
60.5659999999998
-24.2800000000003
89.8239999999997
9.90599999999961
-96.4920000000004
28.3459999999995
196.08
148.858
164.08
173.384
236.694
144.526
162.616
219.932
227.976
126.662
69.8420000000002
103.092
133.272
101.13
138.218
167.528
63.9300000000002
12.4060000000001
-49.2719999999999
56.886
116.878
129.164
217.886
131.95
149.176
106.772
176.028
212.274
160.094
66.5800000000004
147.012
119.906000000001
53.7000000000004
162.234
139.936
43.854
34.5400000000003
-93.5539999999997
32.7440000000001
135.362
210.438
187.214
145.428
60.39
-18.518
64.9119999999999
99.318
-59.75
0.700000000000045
86.4640000000002
24.7160000000001
-5.51199999999994
-67.3239999999998
9.34200000000021
-11.9099999999999
25.8240000000002
46.0520000000001
9.6460000000003
36.0960000000002
153.982
102.956
123.198
171.198
103.428
173.29
67.1440000000005
231.958000000001
126.628
30.2460000000004
135.976000000001
193.52
142.368
18.7360000000003
-88.1699999999996
-40.6499999999996
58.3480000000003
-60.2879999999996
247.666
82.0260000000004
-8.38399999999945
-47.4539999999993
62.5640000000006
46.4700000000006
112.374000000001
26.1600000000005
-35.0799999999994
41.7520000000007
166.396000000001
-49.1399999999993
-60.6399999999992
34.5600000000007
90.5720000000003
109.05
185.234
145.314
122.794
35.6380000000003
175.424
80.4820000000002
35.34
4.96199999999999
90.722
104.718
132.442
103.26
62.6559999999998
86.9939999999998
-19.4880000000004
203.49
258.102
101.352
163.612
23.5339999999998
18.8199999999997
-72.4640000000003
177.106
159.408
135.86
173.054
125.45
237.8
48.8679999999997
20.9359999999997
-94.0360000000005
43.708
53.9519999999998
-61.1560000000003
2.24999999999977
-84.2140000000001
94.878
182.98
124.4
134.248
199.308
196.442
97.8280000000001
126.406
39.23
0.865999999999985
104.586
81.1439999999999
139.686
224.516
111.94
105.958
249.064
249.064
119.636
79.3020000000004
187.58
168.886
29.5920000000004
118.898
241.608000000001
230.136000000001
27.8420000000006
85.0240000000004
57.3600000000005
-1.12599999999946
-3.07999999999942
20.3640000000007
65.6640000000004
127.918
117.326
219.396000000001
270.968000000001
212.376000000001
94.1620000000005
183.112
127.47
137.262000000001
39.5040000000005
264.944
-152.002
-152.002
-152.002
-152.002
-52.8079999999998
199.56
