120.547999999999
59.3879999999991
60.1239999999991
68.043999999999
132.725999999999
100.901999999999
137.691999999999
117.387999999999
114.659999999999
103.323999999999
79.0899999999991
122.751999999999
125.801999999999
45.9679999999992
127.313999999999
96.2739999999991
116.449999999999
108.917999999999
159.615999999999
91.1879999999989
99.7579999999988
66.0699999999987
103.099999999999
52.2519999999986
121.351999999999
114.751999999999
72.1379999999988
135.639999999999
34.1139999999989
126.561999999999
71.5139999999989
122.799999999999
110.671999999999
142.473999999999
98.2539999999993
90.8019999999994
96.8499999999994
60.8599999999993
16.5659999999993
115.697999999999
78.4879999999995
114.522
76.6379999999995
73.8679999999993
39.6159999999993
50.7439999999993
32.0359999999993
93.2879999999993
95.0979999999993
114.971999999999
71.9259999999994
68.0819999999995
62.0999999999995
105.85
117.919999999999
94.1999999999995
56.2339999999995
40.5219999999995
79.4239999999995
66.1059999999997
115.934
116.572
53.3579999999998
166.148
215.846
86.4279999999997
68.6259999999996
102.904
103.732
143.57
162.552
198.194
99.0659999999999
185.658
182.73
81.3140000000002
58.2020000000001
-18.9459999999998
85.9200000000002
75.1340000000002
88.7260000000001
177.43
223.488
187.948
151.324
160.266
98.3400000000001
117.692
124.73
179.076
50.0939999999997
95.6319999999995
61.2919999999995
-63.2080000000007
25.8659999999994
-37.1340000000006
35.1219999999994
-79.1080000000004
-0.966000000000236
2.4019999999997
-23.7500000000005
21.3299999999995
-14.3120000000005
75.8079999999997
129.88
6.86799999999971
0.665999999999599
-21.3880000000003
156.6
170.348
32.2539999999996
0.84199999999953
26.2219999999994
-55.3000000000005
17.0019999999995
137.842
-16.8040000000004
120.414
176.998
114.804
11.5879999999995
93.3739999999997
-50.9980000000004
7.51599999999962
35.6239999999998
49.2859999999999
61.1060000000003
98.0340000000003
28.7160000000003
50.6060000000002
44.3960000000002
103.022
41.5060000000002
165.874
230.772
151.756
91.004
153.916
175.428
141.868
164.156
165.45
209.308
129.476
146.872
107.314
167.598
167.598
17.4620000000001
9.09600000000012
93.2320000000001
154.64
165.026
136.634
129.366
98.9280000000001
-21.3299999999997
-156.566
17.6880000000003
-1.35799999999961
103.914000000001
177.122000000001
23.8440000000006
-17.3879999999994
-110.477999999999
34.3100000000005
69.3900000000006
175.772
194.324
185.11
-26.5179999999996
-50.5779999999994
71.0620000000006
95.0360000000006
170.598000000001
-90.908
-74.2080000000001
75.9339999999997
121.742
-16.6980000000003
132.25
195.144
188.83
189.402
-19.2260000000001
-29.5120000000002
125.526
-2.02999999999986
6.84800000000007
52.4700000000001
137.628
194.496
81.2719999999999
74.0039999999999
95.8900000000001
113.268
140.504
62.1700000000001
36.8460000000001
188.904
189.204
21.2720000000002
166.462
166.462
-28.2639999999998
-4.25199999999984
14.2800000000002
2.28400000000039
23.4060000000003
88.6280000000003
16.0020000000002
174.908
193.712
207.78
156.346
44.7180000000004
-33.0319999999997
17.7480000000003
49.7560000000003
124.856
6.08400000000029
46.6480000000003
93.7020000000001
93.7020000000001
133.872
11.326
49.8059999999999
46.6179999999999
-45.6860000000002
-41.0060000000001
132.858
-30.9680000000001
140.166
140.258
36.7779999999998
91.2479999999999
108.03
50.7119999999999
144.54
67.6719999999998
105.742
88.5319999999998
244.228
115.914
75.1599999999997
124.504
36.5839999999996
116.982
19.2719999999998
53.2679999999999
74.726
237.636
227.002
152.57
41.1600000000002
72.9880000000002
84.0000000000001
214.04
262.53
273.246
153.286
132.838
123.99
133.742
227.032
-17.7699999999996
75.8100000000004
68.6439999999999
70.0379999999999
55.5379999999999
196.574
36.2479999999999
-13.0700000000002
69.034
28.9959999999999
155.348
167.354
47.3879999999999
58.0039999999998
201.678
72.2899999999997
122.198
101.742
102.432
155.122
197.762
133.734
191.434
247.432
287.608
83.8139999999999
86.6499999999998
19.6259999999997
94.6979999999997
94.6979999999997
55.9859999999998
78.1839999999999
8.08999999999992
104.478
30.2599999999999
30.2359999999999
194.534
23.8440000000001
132.048
85.2140000000001
176.342
200.346
-2.42000000000007
23.138
107.608
54.4100000000001
147.204
251.942
61.0160000000001
94.166
86.636
102.982
173.3
80.68
113.508
102.064
161.416
177.624
111.982
103.35
60.152
117.806
81.764
113.034
78.2839999999999
139.688
47.544
206.046
241.442
20.506
1.93399999999997
97.2339999999998
116.776
79.9739999999999
-9.0080000000001
104.476
70.204
64.2139999999999
26.6559999999999
58.1079999999999
120.372
81.0759999999999
115.89
136.802
25.1959999999999
21.1899999999999
110.664
78.92
4.28399999999994
124.724
149.526
107.62
70.446
46.678
74.384
122.906
134.716
94.2760000000002
230.544
256.048
153.278
32.2680000000003
170.298
71.0820000000002
131.782
100.254
82.6639999999998
64.2599999999999
114.59
68.0239999999999
72.0419999999999
67.8939999999999
57.742
101.21
90.776
94.314
122.434
117.32
74.1599999999999
59.4439999999998
158.078
21.9739999999999
35.262
50.9619999999999
74.352
65.2459999999999
94.35
80.006
102.996
37.2840000000003
60.4140000000003
-58.2339999999998
11.2360000000006
133.542000000001
71.3620000000005
63.2320000000005
65.5420000000005
82.6780000000005
99.1080000000005
165.164
251.544
51.9220000000005
87.4720000000005
65.0060000000005
73.3480000000005
105.83
97.0400000000005
60.4880000000005
106.51
122.284
196.902
304.676
262.432
80.466
174.882
53.4179999999999
134.222
46.0639999999999
124.504
221.04
144.14
44.0799999999996
45.9659999999998
116.668
17.7459999999998
97.4559999999997
129.164
146.26
187.712
305.766
111.054
-21.7480000000002
6.16799999999984
270.974
234.74
216.638
161.8
147.054
9.46800000000013
31.1060000000001
31.2660000000002
99.1880000000002
109.122
37.0360000000001
14.6240000000001
108.15
49.0500000000001
23.3899999999999
157.232
17.7619999999998
74.2779999999996
40.9319999999996
87.7319999999996
15.5699999999996
99.6339999999996
106.672
190.562
194.808
104.138
69.4779999999997
68.7999999999996
236.312
91.0619999999997
206.966
263.894
205.096
158.182
146.548
16.22
96.794
71.556
53.3319999999999
134.628
62.3480000000001
92.034
63.6740000000001
103.32
119.6
53.1460000000004
165.854
252.87
89.9440000000003
144.992
60.0740000000002
34.3780000000003
190.964
45.7760000000001
160.19
3.65000000000009
-5.65399999999988
121.572
202.718
250.494
79.9
64.5160000000001
5.35600000000017
238.326
245.086
165.77
61.6200000000003
52.4820000000003
169.726
197.146
227.342
275.4
137.924
13.9159999999999
189.538
157.83
57.7940000000001
120.21
72.522
33.178
125.064
182.432
57.628
103.79
160.558
156.964
144.3
60.1880000000001
104.838
4.80600000000015
131.702
133.464
132.696
113.996
81.5220000000005
89.2300000000004
-23.9079999999997
24.7940000000003
-5.50599999999974
122.776
175.19
70.2780000000002
-19.3039999999997
-20.7979999999998
98.1120000000002
72.2800000000002
6.69200000000012
85.5659999999999
22.3339999999997
103.422
44.2819999999994
115.285999999999
176.935999999999
101.477999999999
79.3859999999995
153.065999999999
20.8959999999994
86.7279999999994
112.331999999999
43.0259999999994
129.841999999999
142.917999999999
255.207999999999
33.2079999999996
61.6279999999996
72.7979999999997
92.2519999999997
141.772
160.973999999999
110.451999999999
85.0919999999993
67.7239999999994
210.229999999999
221.675999999999
80.5739999999992
47.3599999999992
-23.6380000000006
67.6959999999996
68.4459999999998
-14.626
61.98
102.802
115.534
185.842
185.842
45.8540000000002
113.518
130.994
-19.8439999999999
56.3379999999999
81.8719999999998
194.354
105.294
143.084
69.4219999999999
44.0639999999999
39.3939999999999
194.972
184.636
103.706
19.5119999999999
44.8579999999998
43.3599999999998
126.612
72.7459999999999
53.8179999999999
90.324
150.788
34.3880000000003
72.7060000000002
-3.62799999999982
72.34
-11.7440000000003
70.4119999999997
75.4739999999995
91.6899999999995
155.294
74.0839999999995
33.2779999999995
91.0759999999996
151.49
84.5579999999995
84.7959999999995
33.6059999999995
15.7819999999995
86.0999999999996
64.6579999999996
46.2099999999997
234.068
235.924
132.074
176.862
99.8999999999995
157.785999999999
139.353999999999
66.4459999999996
143.168
143.168
151.579999999999
3.30600000000015
-42.8179999999995
-44.1219999999995
-53.1979999999995
-48.8979999999995
15.2180000000005
47.2020000000006
25.3960000000004
51.4260000000005
-1.73599999999954
54.5240000000006
95.9420000000007
56.6400000000008
84.4380000000008
142.402000000001
107.486000000001
6.14000000000067
53.1200000000006
109.320000000001
40.9560000000006
49.9440000000004
40.3960000000003
158.624
48.5040000000004
113.812
115.442
94.7680000000004
139.128
163.602
104.606
137.146
39.1640000000002
150.538
122.506
173.37
201.13
143.112
51.7239999999998
188.524
196.024
32.6639999999999
11.2099999999998
43.8139999999997
108.104
38.9439999999998
33.3239999999998
36.3759999999997
84.0219999999999
63.8559999999998
93.3579999999997
191.272
235.718
264.518
178.18
-57.1660000000001
-85.646
-29.2299999999998
-5.80599999999981
-31.4959999999999
-14.9399999999999
13.6840000000002
18.8840000000002
72.1040000000002
-21.4339999999998
55.0620000000002
54.6940000000002
132.466
106.536
177.562
243.858
179.008
206.184
195.132
189.336
132.854
109.222
24.7359999999995
59.8659999999995
20.3919999999995
-59.3380000000004
-23.6480000000004
2.9259999999997
34.1839999999997
96.3479999999998
169.372
109.056
143.288
2.08199999999943
-115.98
75.1639999999995
6.89399999999944
-88.1460000000006
-146.832
-127.152
-135.954
-122.320000000001
-121.698000000001
-115.432
-112.514
103.918
175.898
71.2819999999999
161.492
56.2239999999999
-13.7360000000002
126.346
176.804
213.086
97.6979999999999
99.5299999999999
131.514
217.066
241.298
148.04
216.712
205.812
148.226
118.088
155.294
39.7540000000001
138.348
123.136
11.9460000000001
257.294
263.492
104.984
77.67
-21.618
-69.816
102.436
-41.7479999999999
60.5820000000001
29.2400000000001
72.1300000000002
138.606
209.452
7.62400000000019
97.6640000000002
105.342
105.342
83.5940000000001
83.9420000000001
80.8000000000001
79.5160000000001
-22.5440000000001
66.5799999999999
106.052
105.564
40.5859999999998
67.9379999999998
