680
686
694
673
680
693
694
699
667
659
694
687
680
665
682
678
670
670
677
699
695
668
675
677
699
699
675
684
699
698
654
678
678
664
679
692
705
671
679
707
715
699
717
680
694
696
665
671
670
705
728
714
717
697
722
693
680
667
685
691
679
670
688
672
698
686
670
680
691
676
653
680
670
659
680
711
715
678
710
674
676
683
655
668
668
660
669
671
651
727
724
678
696
680
693
692
667
672
677
706
716
714
704
679
679
720
715
719
732
693
651
688
696
692
712
654
704
711
711
723
711
681
679
685
685
667
690
685
695
686
705
672
680
701
672
692
692
698
715
702
664
708
675
677
683
682
682
711
698
678
685
680
698
713
728
690
690
666
669
687
733
700
722
714
714
694
689
687
688
679
683
683
716
691
682
699
665
693
682
672
715
703
698
699
703
682
698
703
666
691
668
683
687
685
673
692
708
716
739
697
685
672
696
684
688
675
694
688
689
679
681
686
668
713
706
695
709
692
679
675
699
701
701
688
709
703
708
689
676
671
692
683
703
731
744
685
691
681
699
687
709
720
715
682
673
688
676
684
681
691
708
733
736
688
668
705
668
684
662
669
697
711
711
710
709
711
711
696
683
709
687
687
701
686
714
692
664
664
699
687
701
677
692
716
713
711
705
688
662
677
710
709
709
679
668
673
671
685
683
701
661
678
695
687
695
707
687
666
675
678
690
697
705
696
677
696
670
718
663
685
706
686
706
694
690
700
694
689
687
673
705
713
718
719
724
706
681
676
706
693
672
725
725
678
730
668
744
697
684
677
687
703
708
695
683
677
711
701
682
712
702
692
676
703
671
679
715
685
695
710
717
710
723
700
690
706
692
702
714
708
686
685
673
691
710
694
715
684
686
707
715
716
690
706
739
683
685
696
696
670
709
692
687
693
715
694
718
693
703
713
692
696
692
697
681
737
733
700
688
714
671
682
698
717
717
690
706
712
691
701
713
712
691
718
718
692
689
675
697
685
685
733
725
698
664
747
706
685
704
690
690
723
729
696
677
693
691
698
717
704
690
696
720
721
721
697
721
691
681
688
716
695
708
692
715
691
711
694
709
754
747
735
708
718
725
694
711
697
683
695
706
691
696
736
729
715
718
729
728
724
752
708
699
678
711
736
736
722
714
703
698
683
699
737
734
690
705
713
714
695
725
681
741
699
687
688
690
697
697
688
719
727
677
730
686
697
695
728
741
695
696
683
685
695
719
695
698
708
694
696
704
696
694
687
667
734
718
684
696
698
705
715
671
718
712
708
680
689
698
717
702
698
691
719
719
707
711
694
680
683
685
691
681
698
698
729
677
716
685
680
628
700
735
736
742
711
733
718
724
696
667
687
703
696
696
701
709
690
679
690
726
715
677
726
726
683
705
682
720
693
676
709
693
705
714
696
686
694
724
739
747
701
705
692
682
691
741
735
743
687
704
722
754
708
680
686
678
721
731
699
695
723
681
688
693
706
684
695
677
684
688
696
698
693
675
729
710
713
700
689
695
723
723
693
681
687
683
699
680
685
696
705
705
700
721
734
734
702
694
678
705
694
695
704
712
693
725
711
714
706
720
679
711
697
697
713
723
702
687
687
702
712
717
732
742
685
685
722
726
702
726
727
678
714
698
695
708
692
740
688
717
698
724
716
719
685
687
696
713
697
711
694
725
705
691
716
685
701
723
721
691
689
695
691
686
704
714
754
770
694
685
698
698
702
708
736
719
723
733
716
692
681
686
704
732
719
719
695
690
694
712
720
695
694
711
697
717
716
687
712
713
698
703
699
672
684
701
712
675
693
726
734
758
723
678
683
685
679
717
697
702
693
696
700
709
704
709
698
704
703
718
742
721
702
676
740
733
707
691
689
695
698
686
714
678
739
731
709
714
695
690
690
697
687
703
718
712
699
702
702
702
702
713
702
712
714
725
719
683
707
724
713
706
697
715
693
689
692
722
698
697
705
702
703
688
693
690
710
717
730
740
717
689
695
735
719
722
751
747
726
704
688
696
689
701
697
719
701
688
682
697
703
732
708
709
709
676
686
692
748
747
739
713
695
693
694
711
708
681
705
706
717
724
693
715
725
680
687
721
694
718
688
710
713
759
690
679
681
678
727
725
748
765
701
721
696
691
695
703
723
725
697
710
697
710
700
728
717
698
738
740
732
753
704
689
690
722
702
679
749
762
708
679
693
706
706
680
704
713
739
745
709
712
686
698
693
725
703
721
711
717
691
703
705
724
728
685
683
684
694
689
734
711
748
743
685
716
704
704
696
711
738
747
696
680
730
680
705
677
717
700
689
714
703
686
715
684
729
729
710
733
720
683
707
710
695
674
685
739
698
698
757
738
714
693
711
713
709
699
708
698
689
682
688
718
715
693
732
721
697
707
696
702
699
686
686
728
723
719
704
683
699
716
692
702
699
685
689
715
699
740
755
769
728
712
705
724
701
703
696
691
718
728
699
714
700
699
683
743
709
705
698
725
707
724
718
668
707
678
709
682
681
677
729
723
746
733
693
694
692
690
708
687
697
704
721
715
697
680
727
678
718
688
695
693
689
723
716
700
706
716
688
674
734
736
707
694
722
683
684
713
731
731
707
729
735
732
684
682
700
735
714
729
758
749
704
713
694
698
718
684
688
692
706
718
712
696
687
681
696
684
692
722
683
684
673
682
749
753
744
724
686
680
694
717
725
715
739
726
682
692
717
685
685
724
733
659
740
735
699
687
697
705
731
736
705
717
708
711
696
732
703
692
691
712
698
706
704
678
703
698
703
715
694
748
735
734
676
694
728
755
694
669
691
695
733
745
694
692
731
731
718
677
743
748
716
720
689
689
683
713
701
704
722
734
722
731
679
