725
744
741
745
731
754
736
753
722
728
728
771
725
732
715
756
742
731
725
741
730
732
726
744
728
760
727
758
778
810
807
753
730
731
742
738
813
747
762
738
721
744
764
803
796
749
742
724
751
726
777
749
722
735
720
734
723
730
721
750
732
748
741
747
730
753
741
759
728
712
720
743
722
754
730
763
724
748
722
771
736
715
724
744
720
748
714
741
736
785
796
751
731
729
758
738
727
727
731
744
751
770
778
761
790
759
729
739
765
756
727
721
706
752
733
758
730
747
740
732
733
719
721
740
717
737
725
737
728
748
723
739
771
742
724
741
724
744
726
727
750
763
784
739
721
717
730
730
726
753
736
748
743
732
727
743
732
755
727
743
751
732
733
737
742
733
764
720
726
718
718
754
725
738
725
730
673
758
728
757
731
735
715
753
727
762
729
705
715
738
719
754
752
759
791
739
722
744
711
760
737
715
718
730
715
736
725
735
724
720
732
724
729
749
725
753
745
757
697
744
715
713
717
706
767
741
719
726
751
741
726
749
764
750
722
736
791
742
741
739
725
727
729
751
723
735
720
763
727
758
758
722
704
739
750
736
725
731
726
739
725
652
759
749
719
725
723
736
733
753
724
765
728
722
718
751
751
647
721
735
718
748
713
769
739
725
712
746
719
743
721
746
722
724
725
728
724
746
725
727
727
755
756
723
727
748
724
755
718
756
730
735
731
729
727
747
718
738
721
736
736
714
714
755
723
772
722
733
725
730
730
721
724
733
724
767
808
782
713
736
757
745
724
742
723
746
723
765
727
735
728
750
724
753
726
768
799
769
730
745
745
740
735
756
730
733
722
732
727
759
724
742
740
754
727
762
722
742
730
655
726
749
724
742
720
737
741
761
745
740
733
759
756
741
741
758
671
671
671
697
697
686
672
683
700
680
725
753
756
706
710
685
677
667
697
678
686
694
705
738
749
698
692
678
718
697
715
700
683
698
721
707
689
691
681
717
717
722
681
704
686
691
695
712
687
730
684
693
705
698
684
719
686
651
697
723
697
717
729
758
756
713
694
700
709
701
697
708
700
694
688
710
710
715
686
699
699
720
694
684
680
701
685
713
681
695
739
675
705
706
745
707
770
698
686
728
728
748
774
734
690
694
689
706
706
701
681
766
769
711
690
715
715
754
745
696
687
680
686
709
688
727
675
721
741
714
694
733
693
705
768
716
696
687
729
762
772
744
700
708
687
713
675
690
687
702
691
713
694
714
714
705
706
699
691
729
700
713
701
713
735
714
724
721
691
680
688
712
721
718
749
712
699
717
739
747
702
685
690
693
729
708
686
709
709
729
682
716
690
720
694
700
687
710
688
713
693
722
723
721
729
743
701
699
695
748
695
741
705
725
688
706
714
730
696
713
701
726
772
750
725
684
690
716
698
700
700
726
699
717
691
719
704
709
708
704
718
727
707
711
708
737
708
695
697
776
777
744
730
722
722
730
714
744
721
714
701
733
693
695
695
740
741
716
735
716
703
725
703
694
694
718
718
719
728
729
706
746
703
709
709
720
697
720
699
754
683
765
701
714
696
719
696
737
702
733
741
737
704
719
752
730
740
721
691
702
696
725
739
751
776
756
709
739
714
752
707
685
693
733
728
731
705
738
703
713
711
716
735
689
708
724
712
736
712
715
713
719
718
730
712
747
710
737
719
719
729
729
750
740
729
716
683
707
707
719
697
719
693
706
705
742
707
704
696
722
702
745
713
730
709
744
711
771
722
717
707
715
712
742
703
711
710
723
703
722
700
702
710
739
707
743
692
715
721
707
707
697
697
708
707
735
714
709
700
752
702
704
708
722
708
721
713
711
704
720
715
710
698
717
709
729
703
721
686
721
703
711
706
734
702
719
717
740
700
717
699
745
711
713
717
701
702
731
707
727
678
697
703
714
714
733
705
705
708
694
701
752
705
728
707
724
724
713
708
723
713
724
704
719
706
694
708
772
792
739
756
721
741
719
704
721
704
714
657
731
696
717
704
733
786
710
710
726
757
749
710
750
703
709
709
738
723
742
712
732
710
745
740
735
710
728
730
708
683
745
769
742
716
716
709
721
719
715
742
768
800
736
704
711
705
728
710
700
714
729
732
724
720
720
703
729
708
719
710
723
742
728
737
703
708
724
781
722
719
731
727
713
711
731
702
710
747
755
783
733
705
737
710
695
738
734
709
731
722
720
711
742
710
723
718
703
742
724
712
727
785
740
737
742
744
768
783
749
721
742
718
712
712
746
724
743
709
715
747
794
801
740
713
721
752
787
783
718
708
715
707
741
746
767
794
769
777
732
711
716
722
715
707
724
709
761
708
730
737
732
713
723
721
760
707
745
710
746
715
706
706
720
710
733
710
714
715
753
762
727
719
719
723
757
728
773
796
738
745
736
724
725
730
742
727
741
726
746
716
730
740
706
702
738
710
721
772
709
712
742
721
724
754
742
716
706
717
730
715
783
711
741
710
743
720
764
718
714
722
725
712
717
746
781
793
668
710
715
709
726
716
724
714
751
751
737
718
722
715
723
719
726
708
753
757
738
719
732
721
732
715
728
728
754
712
743
714
716
719
743
723
722
723
749
729
748
720
730
715
726
717
708
703
714
714
759
742
739
732
766
735
739
723
725
716
725
723
740
706
715
702
743
713
712
709
731
708
756
710
718
713
714
714
768
763
771
780
723
732
709
689
736
711
723
726
734
710
732
714
728
716
726
748
712
707
716
750
729
731
728
767
740
700
705
709
708
717
744
731
714
714
744
713
743
708
733
764
728
718
721
706
730
740
726
706
749
783
729
