618
638
629
669
669
620
660
631
620
607
605
639
653
615
614
647
647
611
642
635
635
626
616
643
659
644
622
664
702
713
693
644
620
620
626
672
672
653
638
670
670
646
646
719
716
702
655
624
631
648
705
715
717
717
709
679
679
632
657
645
652
642
628
647
628
654
699
649
628
661
681
651
675
620
666
653
676
651
644
665
655
691
654
672
630
631
647
650
635
662
643
696
731
661
638
661
666
642
613
682
674
684
677
650
673
664
626
709
721
674
660
707
737
696
640
634
632
689
669
662
640
654
644
712
662
633
637
675
677
672
665
655
636
644
640
687
694
684
706
656
645
681
681
639
639
689
694
686
670
650
635
652
664
667
708
665
663
645
648
679
677
697
640
657
682
680
626
666
658
645
666
650
650
661
640
671
641
666
666
643
641
679
662
666
672
653
694
675
651
663
646
633
681
664
642
694
683
691
684
684
659
677
677
681
654
641
635
663
698
670
653
663
663
671
671
644
640
665
666
715
725
669
658
691
648
645
644
664
666
736
710
709
722
662
694
704
712
663
645
676
638
683
669
642
648
712
721
665
684
705
711
683
649
665
665
649
671
687
687
694
674
702
682
673
647
641
678
689
692
710
717
668
674
679
646
684
667
645
643
679
696
687
668
655
688
693
698
681
653
648
676
664
699
709
730
684
661
654
642
659
649
670
669
661
682
670
642
642
677
671
647
671
676
664
667
657
678
666
641
680
680
662
657
676
649
652
696
668
646
674
669
656
678
673
699
698
694
648
668
717
717
687
668
645
655
673
688
713
718
678
644
666
644
665
652
672
712
657
658
716
721
673
646
639
639
655
685
673
673
645
659
660
681
670
650
685
658
699
626
673
646
656
680
676
678
655
639
639
643
674
645
671
671
631
649
658
648
665
701
678
639
633
640
693
708
662
642
682
676
672
641
726
748
672
643
646
665
630
644
672
692
658
640
663
637
653
653
646
645
660
671
652
678
686
690
665
661
658
662
659
646
657
644
652
677
660
648
677
676
665
637
656
644
657
657
670
680
682
643
678
663
670
665
714
716
687
656
673
642
673
659
670
656
640
640
687
716
743
750
741
721
678
669
643
692
666
687
680
661
685
647
673
677
702
714
659
646
671
694
747
740
685
660
659
670
682
701
659
693
667
656
652
652
732
720
672
649
639
675
671
671
655
692
748
721
667
643
673
662
697
725
664
644
650
654
661
641
659
680
682
655
716
695
681
648
676
644
651
651
637
650
672
664
758
763
728
643
712
644
645
640
719
681
696
644
658
667
675
675
651
654
654
654
651
663
683
728
677
643
700
669
641
697
707
722
740
718
673
642
683
696
659
653
645
643
660
670
666
645
705
695
647
650
690
749
739
694
657
644
623
681
672
692
684
672
661
697
692
670
649
639
669
700
708
723
680
645
650
645
676
689
682
708
692
697
670
663
647
678
658
658
657
646
677
652
685
685
653
652
648
648
653
644
675
670
665
642
659
761
700
644
639
662
654
654
687
676
651
722
664
643
649
644
656
686
668
681
649
679
691
653
645
666
670
649
689
720
694
734
707
648
663
671
652
643
679
671
655
698
719
740
672
651
667
650
618
653
669
658
681
671
651
650
657
637
691
730
697
639
678
638
637
637
722
724
724
706
669
641
668
715
667
647
641
659
658
644
673
673
693
637
698
641
656
638
664
647
678
660
665
662
679
665
726
730
723
723
663
658
681
663
669
675
644
673
698
715
659
642
691
740
752
734
670
644
651
644
718
676
674
700
685
730
697
672
685
649
664
657
667
694
669
646
671
637
654
639
676
664
687
697
651
600
655
643
689
650
676
719
663
643
698
658
652
685
667
667
662
699
638
668
687
687
652
675
673
716
671
653
683
644
667
677
663
646
647
683
662
653
651
729
651
650
649
641
688
675
697
707
659
653
639
672
697
677
688
678
690
673
645
708
682
702
725
746
674
673
657
658
662
698
681
705
702
678
655
682
670
659
738
715
676
672
698
730
689
716
675
681
690
699
672
687
664
644
714
739
698
670
710
710
693
639
651
646
666
716
661
712
698
719
722
728
716
716
680
683
647
695
698
706
682
649
665
673
653
664
652
683
676
753
751
746
689
653
668
655
648
648
642
733
676
708
678
654
643
652
669
656
692
658
694
737
671
672
671
658
669
653
694
730
679
656
679
664
652
678
686
646
686
677
672
672
662
691
667
646
675
675
667
628
667
692
689
679
674
689
659
669
663
688
743
742
700
700
692
661
659
694
719
720
667
700
716
749
746
747
684
650
655
685
674
686
681
676
668
654
711
717
659
652
685
648
681
662
645
650
681
668
677
699
643
664
655
629
640
645
649
688
668
647
680
654
683
651
652
691
673
683
675
659
667
681
679
689
665
651
649
684
705
719
726
717
701
669
671
674
691
691
678
660
662
685
669
703
684
683
651
678
700
714
660
648
697
692
667
664
666
689
689
651
659
681
707
734
753
739
670
659
670
670
689
648
649
647
675
675
658
660
753
736
676
659
674
668
661
647
698
716
672
651
666
651
671
649
653
653
671
705
693
662
695
700
657
665
643
665
668
660
762
747
672
648
660
674
684
646
643
650
686
649
665
680
662
653
663
674
655
652
653
653
693
652
683
652
677
651
666
667
651
650
696
730
690
684
677
665
690
659
647
681
671
669
689
675
643
651
655
653
656
653
695
695
664
679
665
658
680
679
650
654
673
671
713
713
673
669
664
648
662
691
661
651
689
704
719
752
683
674
669
656
681
668
655
674
687
678
692
649
655
693
731
751
668
626
717
720
660
669
648
