686
704
756
705
681
710
754
708
718
697
685
746
722
690
666
724
697
687
687
715
706
707
698
713
709
726
672
682
673
726
767
716
717
683
685
703
705
727
669
695
737
678
734
748
759
742
707
667
670
691
677
694
698
702
669
716
701
667
667
685
663
713
688
686
671
710
685
723
706
678
701
710
710
692
735
708
701
702
672
728
720
678
677
687
676
707
712
689
692
728
676
704
668
682
674
711
731
700
693
720
705
735
667
722
749
709
668
734
718
709
668
685
683
707
718
719
725
731
725
726
722
735
729
730
724
733
730
710
706
674
662
700
729
678
684
697
676
692
691
687
672
716
762
685
667
719
716
698
697
698
673
676
689
688
709
696
705
672
713
705
707
706
708
716
680
699
703
692
763
715
750
703
748
698
720
720
726
720
703
709
668
702
728
708
673
693
668
673
722
734
701
675
677
694
677
703
749
689
662
673
681
704
680
709
683
742
742
713
681
679
670
698
676
680
675
690
673
688
671
683
668
714
690
707
712
702
700
723
733
692
677
731
710
676
714
710
714
726
709
716
696
692
705
743
722
692
679
695
695
702
727
680
682
758
744
682
690
722
692
731
752
714
714
679
674
704
744
701
679
690
668
734
713
678
679
713
744
712
669
693
678
702
682
692
668
680
705
720
705
692
678
693
693
697
704
706
707
688
691
711
683
712
706
708
667
682
700
721
726
677
695
687
679
710
713
682
682
696
680
711
709
700
708
696
704
721
713
706
704
697
673
714
695
676
703
700
682
714
714
694
677
710
707
721
681
679
691
696
676
708
674
676
711
703
679
726
672
694
676
720
686
682
752
698
686
711
709
753
767
703
684
719
768
693
690
702
687
700
692
684
734
696
706
690
706
678
679
708
682
682
674
697
673
699
680
715
735
688
676
699
715
725
732
729
680
702
687
716
674
683
683
731
708
697
683
720
690
740
681
762
751
703
692
718
723
701
682
689
691
699
679
707
681
693
682
686
700
695
674
699
725
690
676
696
673
698
690
699
679
691
680
701
679
688
676
716
719
696
679
697
675
729
743
727
716
710
704
765
759
688
727
706
713
715
703
704
667
693
715
729
748
750
701
696
696
710
717
732
714
728
718
695
685
706
726
702
680
720
689
693
684
726
718
697
677
693
706
704
750
687
678
708
683
710
697
697
702
707
684
699
690
692
686
711
709
696
729
699
716
720
688
704
702
700
680
715
684
710
689
715
689
730
689
711
687
702
699
690
694
705
676
704
687
730
730
668
685
663
702
689
710
691
682
702
677
700
681
703
675
684
684
707
719
722
721
709
690
727
689
715
691
700
689
688
718
707
695
730
714
691
684
720
696
729
692
720
693
707
680
695
720
700
721
713
676
712
686
692
701
729
727
708
710
709
709
695
695
723
723
698
718
703
727
718
706
695
720
706
708
713
679
718
681
677
680
705
679
692
708
704
706
700
701
694
699
765
771
688
715
677
696
693
689
713
683
694
711
752
745
683
692
687
718
711
672
682
754
716
702
688
676
704
699
686
690
709
723
703
686
692
717
695
682
699
691
703
678
705
725
695
719
719
713
733
718
728
719
730
707
714
685
714
713
710
686
690
706
704
684
706
682
715
712
730
712
722
682
704
693
700
684
686
702
695
695
692
693
710
707
720
709
742
740
703
702
703
690
747
716
707
681
704
704
738
765
663
670
689
719
723
671
693
691
706
694
713
713
728
686
710
694
744
700
716
728
738
733
717
688
710
710
709
688
708
708
698
707
738
707
697
697
736
736
714
692
742
742
711
734
720
690
700
704
709
688
721
744
691
695
720
720
710
686
682
681
725
691
692
678
705
679
719
717
707
682
701
687
682
682
686
683
715
684
705
682
706
685
686
691
716
716
701
701
708
710
704
712
706
694
689
718
728
688
705
698
728
717
729
725
746
727
702
690
698
685
703
688
710
733
701
680
700
691
738
727
727
725
684
679
713
688
705
705
704
680
743
773
715
682
693
692
711
706
705
680
695
695
707
682
704
728
743
706
707
728
709
715
728
711
687
700
755
783
736
765
710
679
714
684
701
718
728
691
742
763
710
682
704
722
707
676
706
703
762
768
713
725
693
712
732
744
720
707
680
740
737
716
716
709
716
692
709
708
717
742
692
715
725
689
706
694
712
705
708
697
740
710
678
689
739
693
699
685
722
693
721
692
705
677
692
684
708
692
731
689
697
680
702
729
715
690
720
692
701
657
693
691
709
723
714
712
718
688
706
695
700
690
692
688
711
691
717
726
745
716
686
682
739
714
707
727
705
734
720
691
715
717
698
720
733
731
753
732
742
712
691
674
732
705
686
684
699
715
694
728
697
694
683
680
708
722
704
686
708
685
721
679
681
672
719
703
682
696
685
706
708
676
717
679
696
738
725
688
716
704
691
696
693
677
768
775
703
704
688
680
698
680
685
718
679
675
703
698
702
679
678
677
709
706
685
690
716
693
708
715
683
690
710
736
717
714
723
686
701
698
715
703
677
707
697
716
709
708
715
703
735
765
679
700
702
680
735
687
719
703
746
735
753
769
704
678
710
755
691
677
672
676
702
730
684
734
702
693
701
722
719
704
706
710
703
703
740
746
698
679
666
675
710
715
699
692
709
706
694
680
707
682
678
678
705
684
707
707
710
682
729
678
705
685
696
723
734
724
737
696
680
673
705
727
711
697
713
689
707
699
685
691
717
726
702
677
704
695
698
