711
719
719
700
715
713
699
703
702
693
727
735
735
710
711
713
716
707
715
706
696
707
744
707
706
728
723
708
707
738
733
709
706
699
710
712
726
706
704
713
717
741
741
702
743
706
704
708
700
716
732
732
708
757
716
704
710
700
711
711
714
704
706
708
715
712
725
709
707
698
710
725
725
713
706
705
703
704
717
706
713
704
708
712
721
725
718
712
705
704
707
706
712
710
704
720
720
735
715
723
712
706
699
712
714
702
713
723
721
700
701
705
703
726
731
730
717
713
717
704
711
713
699
701
698
697
704
706
719
719
720
714
710
707
710
732
745
698
703
709
708
744
753
704
701
709
712
707
703
705
703
700
704
697
697
723
750
701
697
720
735
700
698
701
705
692
697
703
699
702
700
700
699
702
702
699
704
746
753
698
704
709
757
703
705
704
719
704
716
699
703
714
717
718
739
702
700
704
695
705
701
699
708
711
705
702
715
708
703
701
703
694
696
707
698
708
708
701
717
742
757
705
706
729
710
710
710
708
714
706
706
722
725
699
702
718
724
712
704
708
703
701
702
692
704
705
710
723
731
698
696
744
722
696
702
699
701
695
705
740
734
696
698
695
696
694
700
699
697
718
724
695
709
697
699
697
701
692
716
724
733
696
700
696
701
707
705
698
699
698
702
759
740
699
699
701
703
695
703
713
712
703
698
732
730
698
701
703
701
707
707
711
702
703
701
702
700
699
705
720
738
707
722
699
698
697
704
717
738
716
704
710
721
755
734
698
698
705
706
703
706
703
705
693
703
701
702
709
713
701
704
705
705
701
706
706
704
717
724
703
732
706
711
735
715
708
725
707
703
694
703
705
715
699
700
703
717
706
701
698
698
705
706
711
706
705
701
696
699
695
701
689
705
706
706
697
701
695
708
704
705
708
727
694
689
698
700
713
705
698
711
701
700
704
733
744
723
700
694
708
705
701
706
712
712
704
708
707
703
700
700
700
703
702
709
706
697
698
696
708
703
712
730
696
709
732
723
702
733
697
701
723
708
702
722
724
705
715
724
712
718
708
705
712
707
706
708
700
699
701
719
720
707
702
704
733
727
706
712
697
707
708
706
710
703
704
704
695
707
745
747
705
759
703
703
716
716
757
721
704
723
701
705
701
706
722
709
706
712
726
727
711
703
738
747
704
704
708
707
699
711
714
696
706
706
743
760
703
706
703
705
706
705
695
710
724
714
745
751
706
700
702
705
703
716
709
708
707
715
709
702
702
700
711
711
702
705
703
708
725
746
702
704
704
704
701
708
702
719
731
718
698
710
702
707
706
702
692
697
723
714
705
704
713
705
713
712
760
767
699
702
703
704
704
708
703
708
707
707
703
709
710
714
708
714
716
717
706
704
705
711
686
715
740
747
739
710
723
770
699
706
709
716
719
719
710
705
705
713
707
702
700
702
698
711
714
726
707
708
704
711
767
757
707
708
705
708
705
707
704
704
722
722
705
706
701
708
714
742
704
712
710
746
702
703
703
706
707
717
716
753
705
710
708
705
701
718
699
707
704
717
724
711
709
706
701
708
703
745
703
706
714
734
712
720
760
771
782
713
698
708
702
704
699
699
735
747
703
706
715
731
705
702
709
701
699
714
713
703
699
710
708
706
709
709
698
709
706
720
723
738
729
723
702
704
714
714
707
706
703
703
705
706
693
705
712
709
704
710
708
713
711
733
713
702
695
699
753
755
703
703
707
709
712
713
708
710
699
707
699
696
718
729
702
715
701
704
706
706
700
714
730
753
747
732
704
713
703
705
705
704
712
738
703
700
713
706
709
712
695
706
715
707
708
708
701
708
703
703
704
703
701
704
701
702
703
703
698
701
700
706
707
707
702
704
709
700
710
721
743
711
722
738
718
704
702
702
705
711
731
721
716
708
715
710
708
706
741
771
706
707
727
723
705
721
713
711
702
705
702
758
714
719
701
704
701
705
748
739
705
707
756
752
705
708
699
704
711
711
712
733
709
706
702
704
703
706
761
758
739
717
708
710
712
712
696
706
758
757
695
698
696
701
699
701
698
702
705
699
705
698
700
700
701
707
708
733
707
714
729
720
710
717
711
704
707
706
708
719
750
731
727
718
721
724
720
712
716
703
714
703
709
718
704
715
709
705
713
704
703
704
703
697
708
715
762
766
708
742
700
703
701
706
710
703
706
708
719
716
715
707
717
715
713
713
708
709
706
714
738
731
705
722
714
717
714
716
719
718
720
713
719
725
739
739
733
724
725
715
748
749
709
711
761
738
712
707
708
711
705
724
722
733
747
750
719
711
715
711
716
722
709
711
732
719
708
706
702
714
718
739
724
724
720
723
716
715
709
714
715
713
705
713
704
722
720
720
712
712
713
718
714
717
720
716
704
705
716
699
705
730
771
755
721
708
704
705
704
704
710
712
723
715
705
707
713
711
711
711
719
729
717
719
715
715
715
713
704
707
736
749
726
751
703
712
722
731
724
711
697
707
713
743
719
721
711
707
715
748
709
718
761
763
714
719
722
736
731
728
714
706
749
711
737
737
717
741
706
744
706
704
702
712
744
732
713
708
715
710
699
721
721
716
715
715
701
711
704
706
707
711
704
714
722
740
710
710
715
718
719
708
713
710
711
784
710
713
706
711
711
713
704
703
702
722
710
708
712
714
771
707
704
706
710
729
729
717
701
713
746
766
759
737
749
737
709
