763
778
642
772
773
780
757
767
745
755
759
775
760
762
771
771
760
756
767
773
772
757
756
762
745
770
750
768
758
773
782
775
749
755
773
771
789
772
756
773
788
764
756
775
819
775
775
751
760
789
797
772
755
775
754
801
750
755
761
767
754
773
754
764
754
773
758
770
758
761
760
771
771
778
767
775
758
767
759
783
757
757
769
766
758
769
775
772
758
769
759
774
761
764
775
778
788
768
762
767
784
766
776
771
767
777
759
766
766
775
761
775
760
790
756
760
779
791
791
768
778
764
759
770
776
755
763
772
770
775
762
762
762
775
774
768
755
775
760
774
761
760
762
759
775
791
793
777
782
763
764
766
760
774
773
775
766
754
762
783
761
773
760
777
759
789
759
764
764
767
761
770
757
799
762
770
771
786
761
762
762
779
760
774
781
771
760
763
772
776
761
756
777
779
777
779
779
782
760
773
771
767
767
767
765
757
783
775
780
801
812
773
791
774
781
779
764
766
768
798
801
773
781
780
760
786
763
760
775
778
795
778
780
775
779
768
751
784
795
773
763
763
752
777
767
764
763
786
793
769
760
782
779
777
782
774
767
764
766
778
793
776
781
760
776
775
662
763
777
781
800
768
774
793
788
781
762
767
761
758
780
780
760
776
765
764
775
772
757
777
769
759
761
774
782
773
762
776
767
764
770
770
769
783
767
758
761
770
771
770
759
775
752
766
754
771
771
775
761
775
763
767
765
763
764
772
762
774
761
762
760
768
760
787
761
798
759
775
763
773
766
777
758
770
776
772
772
798
762
764
764
779
763
778
763
785
769
780
767
757
764
786
773
782
762
774
764
781
758
773
757
770
801
759
773
755
763
762
764
772
777
773
760
772
758
778
762
766
758
776
761
777
760
758
764
774
778
790
761
765
762
775
762
774
759
782
749
750
784
778
770
777
799
774
757
773
757
775
762
777
772
768
771
758
760
783
784
773
775
795
818
792
778
760
759
767
770
773
773
776
768
763
797
762
764
757
758
774
774
769
774
772
760
774
766
763
760
775
775
769
758
772
759
772
768
781
788
767
757
761
781
763
764
770
755
778
773
767
758
777
776
760
758
770
783
768
778
768
765
757
774
766
766
770
757
778
759
767
761
789
771
790
753
755
749
773
773
767
756
783
786
767
777
766
775
784
780
777
777
754
766
778
789
766
760
777
757
806
804
777
758
773
759
757
766
754
762
780
759
778
779
780
758
774
761
756
776
772
782
770
772
769
756
761
773
762
779
775
756
759
761
794
794
774
755
774
756
763
760
776
776
772
759
778
758
785
771
765
760
763
754
768
787
772
757
764
765
758
759
770
760
780
758
766
760
755
761
765
760
776
758
786
640
787
760
752
760
777
763
774
639
776
776
760
758
780
780
781
763
769
757
769
758
759
759
770
758
785
753
773
753
774
788
772
777
753
760
769
769
775
760
762
781
779
764
781
755
773
760
766
756
794
760
769
772
776
762
778
758
768
761
771
760
770
772
783
783
783
779
776
759
755
762
767
762
767
760
769
775
769
779
772
760
773
763
774
774
763
772
774
776
773
757
776
775
787
760
798
761
752
762
777
789
768
782
775
767
758
762
766
757
753
765
764
756
768
758
773
759
774
757
750
760
772
758
772
761
760
762
791
807
780
752
766
758
779
777
765
759
760
781
768
763
777
762
784
776
773
761
776
765
769
764
763
752
780
772
776
763
769
761
777
785
779
763
776
754
775
755
763
763
765
765
777
770
767
758
764
763
757
763
761
770
765
761
772
789
767
780
777
761
777
778
770
767
775
759
759
764
770
775
765
762
771
761
772
763
765
769
766
768
772
781
776
774
771
762
785
771
760
763
798
780
770
775
766
757
766
764
758
761
781
790
773
764
779
780
766
783
772
762
768
780
778
776
774
761
788
789
763
759
777
775
767
759
653
773
772
776
788
785
788
788
773
775
768
762
769
763
774
780
772
757
758
759
775
775
773
756
774
758
773
757
775
785
775
760
753
760
757
766
772
758
773
781
773
760
789
788
776
758
754
760
783
787
764
756
788
788
779
750
752
761
778
797
781
763
763
761
774
769
760
780
826
828
760
770
774
766
757
760
772
759
773
769
761
776
764
765
767
762
787
762
763
762
779
787
807
806
783
776
788
758
763
762
762
772
774
760
777
758
768
776
776
769
776
765
766
763
799
810
787
782
775
763
776
762
783
766
763
765
784
763
768
789
790
762
809
811
784
778
760
766
772
774
789
803
768
777
772
774
778
785
778
762
776
777
774
778
790
812
775
783
770
764
771
764
774
780
774
789
781
763
779
782
769
763
755
773
762
790
782
782
773
765
762
772
780
793
778
765
772
760
783
759
777
759
755
764
773
762
776
764
771
762
655
762
781
763
757
766
777
777
774
763
771
774
757
760
781
776
766
762
777
761
777
772
767
774
781
763
771
759
760
779
774
780
770
769
774
783
779
768
763
767
760
763
793
793
770
770
767
769
772
762
778
760
769
764
768
768
772
773
779
779
775
759
758
775
769
777
770
777
779
644
777
778
777
762
758
763
774
792
772
759
779
761
774
766
762
765
772
813
806
806
766
760
765
761
784
772
763
780
766
777
768
761
769
766
757
771
762
762
762
757
781
760
789
802
767
760
763
761
765
772
795
801
764
774
765
786
773
741
761
751
773
756
779
778
769
764
760
762
769
778
784
778
777
763
758
777
774
763
769
782
787
759
758
770
771
758
771
766
777
767
769
758
756
776
774
774
767
772
758
757
767
756
757
760
764
760
773
776
788
799
770
786
774
759
771
775
766
756
764
759
780
759
773
770
766
759
