704
710
701
783
760
722
703
771
767
797
817
724
703
715
788
790
777
689
689
784
789
779
743
743
790
773
758
746
749
814
815
815
731
731
736
745
745
806
730
730
770
698
685
702
696
726
687
746
694
691
692
755
697
713
713
833
795
755
746
714
733
690
690
747
790
788
807
693
682
682
679
716
697
679
738
761
746
692
707
755
763
712
686
770
749
684
687
713
743
760
743
697
752
759
796
756
773
703
680
693
688
656
710
701
734
717
705
728
777
712
687
742
754
697
684
750
759
754
762
754
738
712
693
710
720
704
755
786
819
789
799
687
686
769
783
777
740
768
775
764
765
694
694
719
720
747
737
726
726
699
700
693
700
703
702
707
765
645
710
750
746
764
784
737
814
807
816
678
705
727
758
797
722
672
676
756
766
732
783
790
774
683
735
743
779
796
812
812
826
775
806
817
683
680
682
700
700
725
714
695
683
720
768
692
706
706
723
720
736
751
805
805
779
796
791
708
708
757
825
823
768
760
778
778
771
762
781
781
802
677
677
763
731
726
681
716
690
734
708
730
690
789
751
682
682
807
816
721
707
715
717
760
767
692
729
805
810
667
717
722
755
707
714
777
728
698
741
764
797
797
744
744
781
750
739
680
682
782
755
755
771
785
776
812
801
801
702
694
679
748
767
761
744
793
798
751
824
763
744
766
756
764
762
740
775
727
684
805
807
682
686
763
816
800
749
749
776
763
789
789
773
749
671
770
805
762
802
812
805
685
689
746
778
778
786
793
806
810
821
676
701
788
741
713
715
690
690
716
779
678
682
740
773
773
814
807
812
676
700
716
735
753
738
778
778
823
833
713
708
728
769
789
805
768
810
681
672
723
723
794
806
799
817
780
807
695
697
702
768
672
687
759
775
707
742
746
759
702
790
807
798
731
726
753
796
720
716
706
707
739
693
758
758
694
754
689
706
727
762
685
681
702
686
735
724
704
700
707
697
733
655
800
812
679
723
739
756
745
809
725
682
744
734
796
828
828
771
771
771
727
713
715
771
769
743
692
691
795
783
754
716
699
776
782
766
769
784
796
732
693
799
674
691
749
726
725
693
766
712
697
679
719
778
720
720
727
804
809
755
705
756
766
737
719
798
774
800
680
678
701
722
746
810
809
837
836
812
701
699
732
777
738
764
729
701
692
692
745
765
739
814
750
770
765
784
793
839
836
755
690
723
723
788
722
725
697
718
703
693
781
731
731
768
776
813
744
773
691
700
783
805
770
801
689
699
652
664
682
679
708
716
672
672
731
662
740
740
653
649
687
687
736
776
686
659
682
663
690
672
692
663
761
790
666
700
748
762
696
651
792
751
708
683
683
694
686
674
693
685
780
700
723
775
755
832
655
691
721
792
776
816
816
762
774
751
746
747
752
762
706
792
789
717
776
771
664
664
699
717
777
776
750
775
676
664
697
796
734
692
717
757
676
671
696
659
760
813
804
809
809
817
671
735
775
770
738
773
799
773
626
626
676
718
719
754
742
793
793
752
689
628
733
718
707
778
684
636
692
726
747
751
638
632
709
651
707
667
678
678
767
808
768
726
652
640
759
735
661
662
709
693
680
665
646
707
755
737
647
781
712
796
634
650
665
659
762
744
729
766
708
722
657
730
738
766
766
749
788
714
677
705
755
769
654
704
704
785
754
801
788
813
721
731
682
679
725
725
722
780
780
791
802
815
811
818
833
820
678
667
728
693
683
683
722
737
776
724
713
703
661
690
673
710
728
740
739
739
749
703
703
757
671
745
764
749
691
652
743
704
704
649
715
769
691
681
729
746
708
684
735
728
728
697
724
726
747
725
725
764
772
788
658
665
699
773
775
759
747
764
764
700
700
681
681
681
717
710
690
686
779
780
672
696
697
712
751
731
736
757
689
683
786
784
777
725
702
738
784
775
775
792
768
716
756
787
679
707
688
668
765
748
732
795
770
769
771
643
697
697
754
768
704
773
770
832
623
705
738
733
688
688
720
720
681
666
763
803
678
682
696
696
707
668
792
799
799
721
685
682
782
768
768
786
669
725
762
756
705
710
690
690
726
721
691
709
717
717
785
787
677
678
729
791
732
748
687
677
777
745
702
710
758
768
745
769
677
703
665
685
709
772
752
833
830
811
768
808
683
682
780
760
748
752
752
810
782
832
665
674
708
674
808
757
717
672
701
701
685
685
814
772
728
777
742
777
777
803
803
740
696
683
747
792
790
813
667
679
707
680
802
741
741
773
686
693
712
734
677
690
752
804
677
740
710
778
712
802
774
721
693
662
748
695
814
762
795
782
694
709
730
789
683
804
695
728
700
775
734
734
807
836
796
793
681
684
646
681
677
663
694
694
740
769
702
690
689
701
704
744
658
787
670
671
770
784
641
672
721
735
670
772
665
682
692
675
704
672
752
747
738
682
725
702
672
728
720
712
721
693
753
768
687
771
683
713
770
779
774
773
756
760
760
791
672
687
725
773
773
806
791
783
661
662
697
697
685
689
706
722
757
750
719
777
755
776
680
681
730
742
714
714
766
811
697
689
759
688
742
731
766
762
686
686
788
833
834
812
772
704
711
711
800
797
711
692
706
700
806
817
709
709
702
702
715
758
723
684
762
745
690
688
771
771
753
757
737
755
702
695
770
731
677
746
723
777
707
694
786
783
768
780
675
679
737
783
713
683
765
785
797
783
756
702
692
713
682
698
771
743
703
776
783
771
744
744
730
780
779
787
748
782
678
683
689
721
748
781
736
751
719
796
796
801
728
666
701
764
695
669
809
759
745
773
683
688
754
768
709
711
687
799
771
783
664
711
752
739
692
711
718
792
793
823
760
789
803
740
740
688
677
683
721
772
746
747
749
785
702
