-0.109766666667049
10.758233333333
13.6642333333329
-37.6637666666672
0.0602333333327536
-9.35176666666725
-19.4877666666674
-29.9937666666677
-19.1457666666677
24.4502333333323
-17.0797666666676
-22.6717666666677
12.4962333333323
-41.1457666666675
-50.0357666666678
1.63023333333245
21.0362333333326
5.85023333333295
-30.1057666666669
3.87823333333315
10.5422333333334
-105.809766666667
-124.309766666667
-43.3017666666668
-56.3837666666668
-30.5957666666667
-30.5957666666667
-31.3397666666667
-90.9037666666667
-57.3577666666669
7.94423333333315
-29.4917666666668
-80.4897666666669
-12.0217666666668
-13.9717666666668
-27.2837666666669
-11.9617666666668
-31.833766666667
-27.1557666666669
-13.5397666666669
-7.90576666666695
16.4802333333329
-9.21576666666705
6.23423333333295
10.210233333333
35.214233333333
-36.1277666666668
-36.1277666666668
-36.1277666666668
-36.1277666666668
27.9502333333331
12.7882333333329
-16.3877666666669
16.432233333333
-1.56776666666705
35.9782333333329
5.68223333333335
9.67623333333325
-1.45176666666675
7.57223333333325
37.1482333333332
3.31223333333325
-6.82576666666675
17.4042333333332
24.0342333333332
14.6662333333332
-21.3677666666669
33.1822333333332
-20.1437666666669
19.6522333333331
2.79623333333305
26.1562333333331
5.87623333333315
7.05423333333295
-4.74576666666695
-9.09576666666695
3.87223333333315
44.7842333333331
14.570233333333
58.0142333333334
-29.865766666667
-14.8517666666669
-28.3157666666669
4.52423333333305
5.48823333333305
-8.48176666666685
14.6502333333332
-22.5737666666669
-13.813766666667
-6.52576666666695
33.9142333333331
-14.4117666666669
-37.1597666666669
-1.70776666666695
-16.5617666666669
22.5602333333331
-16.267766666667
11.7802333333331
-21.3377666666669
-33.6597666666668
-6.91376666666675
8.53623333333325
14.1402333333331
-6.02576666666685
-6.54376666666675
-23.7617666666666
32.0662333333334
-58.5977666666669
-74.083766666667
20.588233333333
22.9742333333329
9.13823333333285
22.6202333333329
-15.4957666666672
-7.04976666666725
0.186233333332851
10.6322333333327
-23.8237666666671
12.4362333333329
29.7042333333329
-31.3157666666671
14.0622333333328
77.8782333333334
25.9082333333329
40.3342333333329
70.9562333333324
9.06223333333285
-5.06376666666715
17.9042333333328
7.43623333333275
27.2842333333329
13.4902333333327
-38.5157666666673
-14.6417666666674
0.0922333333326506
25.3182333333327
35.3582333333328
-11.4077666666672
-25.0297666666671
8.31223333333285
18.192233333333
18.450233333333
0.412233333333049
17.1582333333331
-24.5917666666669
-49.9237666666669
-19.9617666666668
26.0622333333331
26.1462333333333
31.2202333333332
-13.7697666666664
10.9522333333336
45.1502333333336
40.4282333333334
15.6162333333335
1.02423333333345
-36.7397666666664
6.06023333333345
-6.56376666666645
12.8722333333335
27.5982333333335
16.5642333333335
-3.64176666666665
31.2822333333335
-21.1237666666665
6.38023333333345
-9.29176666666655
-3.37776666666665
-4.88576666666655
12.0982333333333
-11.4677666666666
-25.5697666666666
23.0622333333334
-11.1217666666668
11.3162333333333
27.0142333333332
-8.17576666666675
35.3802333333333
8.76023333333325
2.71423333333325
10.2622333333332
45.8442333333333
-30.2537666666667
5.47023333333325
35.1042333333333
-24.0257666666666
-8.23776666666655
-33.9077666666665
18.6262333333335
39.6982333333335
39.6982333333335
35.6642333333334
22.1282333333334
-30.7257666666665
-15.7277666666665
16.6822333333335
31.0042333333336
-11.3557666666665
-11.9817666666664
25.3222333333336
-9.89976666666645
-4.31576666666645
62.7502333333333
45.1322333333337
-22.7417666666663
-11.0777666666662
12.7042333333338
49.9782333333334
44.6982333333337
58.6442333333334
-11.4417666666664
48.6322333333334
18.2382333333336
43.2022333333336
25.0782333333337
39.2462333333338
60.8142333333334
46.5902333333337
12.2502333333336
3.62823333333335
-0.0337666666666507
52.3162333333334
-11.3237666666666
20.8822333333334
-19.7817666666666
-6.68776666666665
-1.09576666666655
4.92423333333355
20.9402333333333
13.9162333333333
-5.00376666666665
28.0302333333333
-11.8017666666668
38.4142333333334
-13.1277666666667
31.1542333333333
27.4982333333334
24.9702333333334
-8.62176666666665
27.3982333333332
27.3982333333332
-11.1457666666666
31.9022333333333
26.3842333333333
-38.0357666666666
-9.36776666666665
21.8322333333335
15.9122333333333
-38.795766666667
-22.4797666666669
3.05423333333315
2.89423333333315
-19.3797666666668
-23.8557666666668
28.7322333333331
-45.1877666666668
-2.21576666666685
-0.145766666667051
-17.019766666667
-5.99176666666705
46.256233333333
33.5862333333328
-37.6917666666671
3.50023333333295
-7.44576666666705
-10.397766666667
4.62823333333295
7.37823333333305
-24.153766666667
30.3362333333331
-5.66176666666675
-9.42576666666675
7.65623333333325
-13.0657666666668
44.8122333333332
-12.8437666666667
-11.1137666666667
27.3302333333331
-12.1117666666668
-8.64976666666685
19.9382333333332
-16.5497666666668
52.2822333333333
32.7042333333333
46.8702333333333
41.9502333333332
-8.76776666666674
27.7382333333332
39.6122333333333
39.6122333333333
-36.715766666667
-27.8317666666668
-31.2157666666669
39.678233333333
29.310233333333
7.35023333333295
43.668233333333
40.9902333333328
34.1302333333328
-10.7797666666672
30.0322333333329
-7.23776666666725
-15.4277666666671
8.84023333333285
41.9402333333329
26.5742333333329
27.010233333333
19.6702333333329
-37.1037666666673
-17.2097666666673
-11.9177666666672
39.4502333333326
34.0142333333325
-19.8497666666674
15.1462333333326
33.6722333333326
-20.2857666666674
-11.3857666666674
19.6682333333327
3.33623333333255
38.7862333333326
-54.5857666666674
-20.8937666666674
-10.2477666666673
30.9042333333326
32.6422333333326
-27.1337666666673
12.1102333333328
-5.58176666666725
-4.51576666666725
-14.5697666666672
35.7142333333327
-10.2797666666672
42.2122333333328
40.7842333333328
21.7182333333329
-42.5097666666672
-0.185766666667249
-22.5137666666672
14.9242333333328
9.28823333333285
9.28823333333285
22.3202333333332
35.7042333333332
21.1522333333332
-5.08776666666655
39.2742333333333
-19.2417666666666
21.7602333333334
-1.78976666666665
40.3042333333335
56.1742333333334
22.1922333333334
21.9362333333335
-20.7757666666665
16.6022333333335
12.3462333333335
11.9722333333335
-6.56376666666655
16.4162333333335
20.9382333333335
-30.7817666666664
-23.0277666666664
23.5922333333337
7.76223333333365
-58.4737666666664
-24.1837666666664
-34.8697666666663
-0.605766666666248
-37.4517666666663
-22.3337666666664
23.1202333333336
4.64023333333355
-3.54976666666635
-8.84376666666635
23.9262333333335
1.73423333333365
15.2122333333337
-35.5917666666662
11.9062333333339
-53.1777666666661
-21.1137666666662
-5.91176666666635
2.58023333333365
-16.3297666666665
19.5642333333336
6.51223333333345
-43.3817666666665
5.19423333333355
-23.8617666666665
-2.00776666666655
6.70823333333345
6.06423333333345
-7.71976666666655
29.2782333333335
13.4802333333334
25.3002333333333
24.2222333333333
-36.1117666666668
25.3242333333332
-18.6297666666667
1.06223333333335
-26.0237666666666
-6.31376666666655
-8.04376666666665
12.6342333333333
-25.9177666666666
-52.2837666666666
-38.1937666666666
-39.9197666666666
-46.6817666666667
-22.4837666666668
23.9102333333332
-18.0757666666668
-6.10376666666685
22.3822333333331
40.136233333333
25.5942333333335
2.04223333333345
-5.62176666666655
18.5122333333334
-4.16376666666665
40.3482333333333
34.9582333333334
-56.9437666666666
-59.5557666666667
-37.1997666666666
-47.5577666666667
-7.49376666666665
-36.0757666666666
-59.2437666666665
-16.1477666666665
-1.32376666666655
-28.6257666666666
25.6582333333333
11.3282333333334
-17.0177666666665
34.6402333333334
34.6402333333334
34.6402333333334
34.6402333333334
34.6402333333334
9.17223333333365
0.746233333333649
-41.6057666666662
-18.8277666666663
-1.25576666666635
3.78223333333355
5.18223333333365
8.25023333333375
-38.8117666666662
-15.0677666666664
4.36423333333365
10.3382333333337
2.06023333333365
19.6222333333336
24.6662333333338
30.9162333333338
10.2762333333337
20.7882333333338
-10.0197666666662
-5.68976666666625
-5.49776666666614
-26.2377666666661
-32.5537666666663
-11.1737666666664
3.20223333333355
19.0602333333335
14.7242333333336
14.5362333333336
5.97023333333365
-24.1117666666663
15.4442333333336
-11.7817666666663
-1.69176666666635
34.2302333333336
-0.0517666666665519
-31.5037666666666
-41.9297666666667
-13.2417666666666
-16.8377666666666
-25.2737666666666
0.0762333333333487
6.25023333333335
2.44823333333335
-38.0117666666666
-0.523766666666646
-59.0237666666666
-36.1577666666666
-10.9817666666667
-25.2257666666666
-25.5817666666666
-7.84376666666665
-48.6577666666665
-48.3797666666666
-27.7937666666667
20.7182333333334
2.27423333333335
9.40823333333355
-19.3377666666665
21.4202333333335
22.0222333333335
-1.04376666666665
11.6082333333333
-5.04176666666655
21.9382333333334
2.80223333333335
16.3142333333334
23.8322333333337
-42.6257666666664
-45.6677666666663
-45.6677666666663
28.0342333333337
16.0862333333336
9.37823333333355
3.03623333333366
10.1102333333337
6.88823333333355
10.3642333333336
23.6122333333336
4.44423333333365
30.5582333333336
10.6962333333337
23.7482333333336
-7.27576666666645
-9.78976666666644
8.35623333333355
-2.28176666666645
-38.9597666666667
12.1702333333333
-10.2337666666666
27.3842333333333
4.73223333333326
10.0502333333333
-15.9857666666668
-13.2177666666667
-20.2177666666668
24.2042333333333
14.7122333333334
-10.6997666666667
32.1002333333333
32.1002333333333
-10.325766666667
20.9782333333329
20.9782333333329
32.7122333333331
-1.11376666666695
-26.3877666666669
-24.493766666667
7.52423333333305
-14.243766666667
-12.5837666666669
4.83023333333315
-19.8297666666668
16.6522333333331
11.0002333333332
-43.3717666666667
-11.1717666666669
-31.4857666666668
7.94023333333305
-9.64576666666685
-26.5837666666668
-3.96976666666695
5.86623333333305
15.0962333333332
-21.6477666666668
-14.7417666666668
-40.8477666666669
-30.8477666666671
-46.2757666666671
-12.6957666666671
-22.5597666666671
-21.7317666666671
26.5382333333329
8.28823333333295
23.820233333333
31.5682333333329
-0.477766666667051
30.982233333333
15.2122333333331
-11.2897666666669
-63.1197666666669
24.8142333333331
-32.1557666666669
-9.05776666666705
26.910233333333
-5.98976666666685
-20.8437666666669
-13.0497666666668
2.03023333333335
-4.65776666666645
41.7062333333336
8.64823333333355
8.64823333333355
18.7622333333334
14.5422333333336
-58.9577666666663
-58.6637666666662
-41.3337666666662
-29.5217666666661
-21.7417666666663
-69.3717666666662
-54.9717666666661
-60.7397666666661
-61.9037666666659
-55.509766666666
-52.367766666666
-50.265766666666
-55.9057666666659
-45.531766666666
-49.469766666666
-42.239766666666
-47.7617666666661
-38.7157666666661
-40.4377666666662
-5.03776666666625
-39.8557666666662
1.53023333333365
-24.2177666666664
-9.43576666666635
-0.705766666666449
16.8802333333336
-18.5897666666664
-29.2397666666664
-9.02576666666645
25.9242333333336
9.78023333333355
9.78023333333355
16.8222333333335
-34.3737666666664
12.2842333333335
2.93023333333345
24.5042333333334
10.4282333333334
1.32023333333335
-11.7577666666666
4.34023333333335
-2.97176666666665
-31.9337666666668
12.6862333333332
-19.5077666666666
-16.5817666666666
-2.88376666666665
20.9402333333333
20.6402333333333
11.5322333333334
41.2702333333334
29.0782333333334
29.0082333333334
6.45823333333325
2.95423333333315
2.50623333333315
-39.6017666666668
-53.6657666666668
2.31623333333315
-19.1777666666667
-7.19776666666675
25.4822333333331
10.8282333333332
30.2342333333331
-8.74976666666685
21.1662333333331
-18.3857666666668
-1.93376666666685
9.09023333333315
-6.33176666666695
20.8762333333331
31.4082333333336
28.2982333333336
11.0342333333335
13.3722333333335
11.1962333333336
-5.86576666666635
-2.61376666666625
12.9262333333334
-29.3277666666666
17.1122333333334
-80.1477666666667
-80.1477666666667
-29.4017666666666
-20.6717666666666
2.17223333333345
9.65023333333335
0.802233333333355
23.5482333333334
-5.58376666666655
-12.7577666666664
-17.1057666666664
5.17223333333355
0.0622333333335519
3.89823333333365
18.4402333333335
37.6842333333335
-43.8637666666665
6.44623333333345
1.78623333333335
11.3722333333332
-8.98776666666675
6.76823333333325
11.0802333333332
-2.84776666666685
-12.4817666666669
-19.9377666666669
-20.879766666667
6.63223333333295
11.8982333333328
7.06823333333305
21.9182333333331
13.8802333333329
2.20623333333295
17.2362333333331
-23.275766666667
-16.1117666666671
34.7262333333329
-16.871766666667
-41.5897666666669
2.50623333333305
-13.7917666666668
-10.0477666666669
-13.5077666666669
15.716233333333
-23.5817666666666
-19.8937666666666
-21.9477666666665
16.1462333333335
28.9382333333335
-8.25776666666645
8.55623333333345
15.3802333333335
-3.13376666666645
-17.0837666666665
6.68823333333345
17.1622333333336
-34.2017666666663
-28.5177666666663
-23.5097666666663
-17.2717666666662
-11.3997666666662
14.2582333333337
-9.60776666666645
3.56423333333355
-19.4497666666664
-73.7297666666662
3.27423333333385
18.8442333333339
-2.88376666666615
-0.99576666666615
-0.263766666665852
1.60223333333395
3.60423333333395
-2.46176666666605
33.0902333333339
1.41223333333385
-16.6617666666662
-13.6797666666661
17.9202333333338
-31.3057666666661
2.65423333333385
-18.3357666666661
-34.3437666666661
-5.12976666666615
-13.1517666666662
-1.46376666666625
30.4122333333337
-32.9317666666663
4.86423333333355
-12.5037666666664
-13.6517666666663
-46.7477666666663
18.3762333333337
-6.87376666666635
15.9842333333337
-0.665766666666549
0.206233333333351
-11.3037666666667
31.3582333333333
