722
795
753
754
720
763
701
719
729
720
720
721
726
725
724
716
719
721
718
735
717
743
712
720
735
748
722
721
735
722
720
720
725
701
725
720
715
723
726
722
772
720
731
725
729
765
770
769
720
723
722
719
716
714
736
709
729
729
721
730
724
722
695
717
729
767
746
793
724
720
709
731
721
722
719
752
709
718
742
760
798
703
753
791
730
723
774
724
720
758
739
761
713
708
712
736
723
721
766
805
721
723
716
721
716
722
751
719
741
786
725
728
734
723
731
784
739
761
749
757
719
774
724
736
718
734
723
752
744
724
724
743
728
720
759
722
726
723
742
728
740
752
725
727
722
741
723
760
723
720
721
715
805
763
822
720
726
722
730
727
725
729
723
728
715
760
745
713
723
713
720
718
720
751
720
764
718
771
721
738
731
723
716
720
743
722
731
775
750
763
748
727
719
719
735
728
731
727
722
720
769
793
795
813
808
736
749
755
722
720
714
703
718
714
744
721
724
751
727
723
726
726
720
769
719
724
725
736
719
809
719
722
783
771
746
733
748
721
721
728
722
726
719
707
717
719
719
735
725
724
721
749
740
721
767
735
779
723
720
722
734
721
749
726
752
726
725
777
718
726
718
733
739
727
723
722
721
725
721
721
790
720
728
716
723
775
719
730
730
724
746
772
742
719
718
735
726
737
722
731
737
738
723
732
718
722
730
725
726
726
719
725
758
720
723
731
725
725
764
723
725
761
786
719
744
724
763
740
721
727
726
720
727
727
725
728
735
720
763
739
726
727
726
717
731
742
730
762
724
743
754
760
780
752
722
736
742
724
767
737
723
724
722
727
721
727
764
766
771
793
751
761
822
830
724
753
729
781
793
741
725
738
718
757
720
782
726
724
745
725
724
707
748
766
750
785
738
765
742
750
718
743
748
788
735
724
769
723
770
730
787
717
765
760
741
805
750
727
746
725
733
725
724
727
750
742
729
767
756
758
762
725
752
763
728
768
780
723
724
742
719
727
727
720
737
732
727
765
755
748
746
724
724
742
713
730
746
733
723
729
731
716
733
730
728
730
738
719
724
774
729
768
772
785
726
733
728
722
726
725
728
730
721
723
725
714
719
724
726
716
724
785
716
722
722
720
709
741
743
742
725
725
729
733
729
760
724
726
728
736
771
724
733
727
727
723
738
722
731
726
723
738
739
790
730
720
729
726
740
746
727
760
721
745
750
725
727
717
762
722
713
772
721
748
734
774
774
756
804
802
811
722
727
750
726
715
721
712
753
751
744
725
724
746
718
715
721
723
755
732
743
764
728
717
726
729
710
728
733
725
748
722
727
727
729
726
724
717
719
723
722
763
748
732
732
763
770
725
764
762
731
736
725
724
765
757
730
728
727
786
749
766
730
737
725
720
753
731
720
720
725
738
728
740
729
759
728
725
755
724
726
724
741
724
729
730
729
728
733
728
726
728
748
723
725
746
782
727
727
723
725
757
783
767
749
754
724
722
725
720
757
801
753
729
734
756
782
723
744
716
762
768
769
762
721
723
721
715
770
733
768
725
728
742
748
764
727
724
726
764
809
763
723
728
744
734
781
748
751
750
723
743
812
724
727
767
792
792
717
741
724
725
731
731
732
792
727
794
743
744
774
721
722
746
768
738
751
783
729
726
724
777
740
761
729
734
774
722
735
764
725
725
753
770
735
748
727
750
749
732
729
735
762
727
732
727
729
728
734
746
732
735
789
804
802
743
744
746
768
767
739
732
734
733
825
826
823
748
786
795
734
739
722
722
752
723
770
767
797
731
716
722
722
780
758
725
744
725
746
725
735
727
735
728
733
786
773
813
812
735
727
776
749
725
734
732
778
725
728
727
736
723
748
751
726
750
742
736
730
807
791
796
740
737
746
736
748
757
728
728
721
721
726
729
778
787
758
762
720
723
738
756
732
731
754
732
784
747
776
750
760
758
817
750
732
729
724
731
770
742
729
827
744
732
740
737
733
732
742
747
734
760
740
772
782
775
731
767
728
734
752
791
776
757
744
732
728
726
725
729
728
736
731
729
737
743
731
739
767
727
726
732
732
715
760
788
731
725
761
751
750
769
804
731
755
726
725
770
754
763
725
729
804
723
775
780
802
781
732
751
730
727
756
724
727
713
717
724
759
727
730
729
726
759
730
736
771
732
736
747
726
730
728
730
735
721
726
729
732
726
758
728
727
731
734
730
740
730
722
729
743
731
733
730
722
733
764
734
731
729
728
726
730
730
729
734
731
728
732
736
728
732
735
726
763
740
785
755
760
733
731
729
733
741
779
758
726
735
758
725
784
734
751
749
746
743
744
751
733
743
733
732
729
742
754
743
749
729
743
724
733
736
760
734
734
731
727
734
753
745
749
719
703
730
743
731
718
731
734
753
736
733
731
732
782
728
735
736
730
734
744
734
732
730
736
742
739
733
753
797
741
776
727
737
760
742
733
729
734
729
758
765
734
731
723
780
729
727
727
726
728
767
741
738
724
764
727
730
740
731
733
733
733
731
732
726
727
733
729
725
786
749
826
742
733
735
737
775
726
767
755
747
748
740
757
797
733
809
741
725
800
799
725
731
789
729
728
772
732
782
791
759
733
737
736
729
741
772
759
742
740
734
744
771
728
731
730
728
733
734
726
828
825
753
726
