660
767
657
698
635
654
640
655
640
637
657
691
674
692
672
702
719
709
661
653
724
702
718
740
791
644
681
645
648
705
687
759
657
707
657
660
665
682
736
662
675
728
681
678
680
675
685
718
682
655
699
716
672
712
687
712
661
721
670
681
675
661
681
689
737
702
688
717
736
726
659
705
656
699
679
666
746
676
638
657
656
711
733
741
665
724
663
707
695
681
725
680
718
773
775
738
671
712
690
733
731
693
706
675
708
728
695
719
671
709
676
694
711
710
690
697
728
670
704
687
722
678
671
725
685
716
786
786
704
703
721
665
673
723
689
718
683
728
666
716
744
698
710
711
701
737
672
741
748
739
727
767
778
741
768
672
693
689
667
730
724
724
706
730
737
705
682
699
689
731
708
664
682
753
723
775
742
675
705
705
706
744
735
676
672
705
726
666
719
694
733
725
735
699
707
728
708
685
748
720
703
710
722
676
679
685
718
675
750
674
694
669
724
712
748
703
716
682
735
710
710
713
716
679
687
752
721
683
750
751
701
720
697
666
665
736
692
746
719
697
744
690
680
721
709
711
687
717
706
686
764
723
690
687
792
657
713
723
668
710
662
704
665
730
694
687
663
744
734
735
752
681
713
776
667
698
687
704
768
723
705
726
724
689
732
679
687
678
724
760
735
702
696
706
703
719
705
666
699
665
698
693
701
700
741
677
754
750
703
674
691
735
679
737
718
675
669
668
770
712
677
699
705
684
748
720
729
717
742
722
745
707
694
712
677
690
686
718
704
744
738
679
739
718
703
714
670
716
695
668
723
706
742
697
739
727
723
754
738
674
712
693
679
735
719
692
714
723
760
734
740
763
726
728
705
739
700
709
722
719
692
669
710
706
732
731
739
732
669
702
722
715
733
742
740
682
742
690
723
676
762
698
709
712
741
679
721
706
686
700
752
752
723
741
719
748
747
688
805
677
736
706
699
698
700
728
746
684
684
673
749
682
725
695
677
718
711
789
696
704
714
759
721
743
701
763
757
720
734
727
688
668
685
696
702
731
694
702
705
737
743
709
708
684
720
734
681
739
678
693
698
725
696
716
736
703
705
723
752
764
701
728
707
686
677
722
699
747
685
792
669
670
676
709
717
735
678
729
712
715
783
710
742
768
731
746
760
729
746
714
709
709
750
708
727
708
678
676
686
709
748
676
691
762
692
685
796
765
673
745
724
757
694
677
795
769
673
741
756
676
682
740
710
702
744
700
678
725
719
726
813
760
681
772
758
698
732
726
746
727
767
668
750
716
713
744
719
682
677
692
721
742
721
722
707
685
694
713
754
727
769
776
718
729
672
744
740
744
745
692
688
727
765
742
734
775
713
754
783
732
740
703
703
746
713
681
689
710
712
696
694
718
738
686
713
683
777
752
784
729
688
762
770
783
790
683
710
745
694
758
797
709
724
750
749
689
705
720
741
742
790
681
773
712
697
755
735
702
695
701
738
731
690
775
786
723
683
684
662
738
743
701
728
785
792
796
798
799
793
774
682
682
681
681
682
722
794
818
720
777
739
754
706
679
730
729
682
768
755
763
744
686
722
715
712
710
719
717
740
687
745
740
760
724
691
749
727
758
774
755
767
782
723
731
700
693
737
748
741
714
696
673
744
743
699
699
727
699
732
731
724
762
740
708
730
762
823
698
706
681
723
770
768
779
682
764
723
722
713
685
700
762
741
711
710
707
730
755
692
691
689
720
743
756
705
747
752
709
736
743
778
795
763
684
721
734
691
792
732
734
736
695
714
748
744
710
745
717
668
728
672
707
676
719
708
716
741
692
730
730
718
711
715
695
675
694
691
721
695
739
688
712
699
744
678
751
704
777
772
760
711
679
676
746
739
808
695
716
705
742
707
722
725
717
712
704
737
683
711
731
685
766
684
683
680
744
683
677
675
746
704
682
673
679
785
733
732
753
737
750
806
729
725
728
709
682
736
691
729
705
735
740
732
768
719
687
764
706
721
697
688
753
732
699
700
718
690
684
688
703
812
754
745
770
734
702
727
745
774
687
798
690
730
736
714
717
742
756
705
739
763
776
709
782
750
732
698
712
760
709
797
712
695
735
734
706
725
710
706
707
689
765
729
700
715
739
681
766
717
728
781
758
777
754
711
755
748
753
760
743
730
772
753
693
751
787
766
799
727
