734
796
715
719
792
720
721
729
737
715
704
702
755
706
708
710
714
804
725
748
714
743
768
722
736
747
750
760
764
746
722
770
724
729
751
731
717
726
728
757
723
747
753
734
751
741
788
726
734
753
764
744
764
753
743
749
751
753
752
769
761
752
747
807
747
735
740
734
762
768
734
728
734
765
741
792
776
781
747
751
786
790
737
755
737
735
762
742
748
746
728
736
732
737
735
748
729
739
779
734
738
766
743
758
736
747
745
742
789
750
740
751
742
740
751
739
772
739
734
749
764
781
788
745
766
822
784
795
754
770
794
745
809
744
741
756
743
738
760
740
752
763
754
746
741
767
772
778
759
765
755
778
773
744
745
777
746
738
770
813
741
745
759
752
758
798
753
741
748
750
769
775
755
743
742
771
764
754
750
776
773
753
750
750
764
754
742
767
797
778
748
741
753
747
768
762
741
766
742
766
801
762
746
732
759
768
763
794
756
790
757
780
797
750
758
761
758
770
746
767
760
747
750
766
737
737
749
741
770
736
738
747
770
790
762
756
742
738
759
740
745
733
765
735
735
757
790
760
749
758
754
780
756
768
796
740
771
756
756
789
789
787
788
793
792
785
784
782
781
783
783
782
781
781
781
781
720
757
747
749
759
740
740
748
755
745
751
732
730
733
796
741
744
760
773
763
765
748
774
804
765
757
742
772
760
742
765
758
739
767
761
743
749
769
744
781
739
741
736
752
732
760
781
741
760
744
769
798
772
743
762
756
727
792
735
737
635
648
641
640
711
705
704
705
731
720
762
715
767
762
718
723
720
732
776
747
719
727
747
748
722
721
731
745
747
745
774
725
786
749
727
737
749
766
752
751
737
750
742
749
773
739
749
771
731
737
736
725
760
713
730
792
784
773
748
774
771
759
769
737
750
736
749
742
746
740
734
728
729
745
727
735
755
753
738
743
781
729
762
755
761
726
758
738
764
735
727
733
744
748
737
766
750
784
761
754
774
746
730
733
745
742
761
739
762
761
752
754
769
742
737
772
736
757
763
770
756
754
756
756
790
753
751
787
754
768
760
773
743
748
789
720
760
757
761
768
763
753
754
769
734
746
762
745
771
768
742
756
764
748
789
744
764
736
772
804
742
770
739
753
753
766
742
749
748
753
744
751
764
773
742
747
773
754
746
768
766
760
745
741
766
751
748
743
751
715
764
786
746
784
765
750
761
760
769
775
768
744
743
738
763
752
787
748
772
782
784
746
808
761
750
788
762
762
774
772
777
761
763
758
758
785
800
786
791
743
771
745
744
758
767
745
763
784
764
777
767
776
771
767
747
774
761
757
748
770
747
748
769
769
787
769
750
752
769
749
764
765
770
782
745
753
772
781
774
765
772
776
788
750
770
775
775
779
796
772
769
749
746
743
745
747
798
795
752
761
784
793
745
780
757
746
746
758
763
765
778
747
768
748
757
790
775
791
777
768
763
785
743
780
810
772
766
783
774
762
768
760
749
749
745
762
741
753
778
749
773
730
764
790
757
769
763
765
764
746
761
772
735
798
748
749
786
767
748
745
750
772
777
771
787
791
776
774
767
755
776
785
768
771
748
761
773
787
743
746
774
810
791
777
750
745
755
773
771
743
743
741
773
814
766
790
754
796
778
777
749
774
747
780
796
775
754
757
805
751
741
804
754
746
755
746
781
821
750
754
742
742
743
743
802
739
738
788
752
752
775
772
777
750
743
741
743
756
809
760
772
785
764
772
776
748
765
740
745
744
747
743
767
753
771
748
748
771
749
782
795
753
742
745
780
755
768
772
746
758
745
745
751
770
792
771
768
763
765
786
793
773
757
748
747
742
786
765
785
750
762
771
781
761
767
765
750
798
747
771
799
746
759
762
782
779
780
766
773
782
780
784
785
763
777
750
756
764
753
765
806
747
748
752
787
748
764
758
774
814
776
777
755
778
754
784
787
759
768
760
785
793
785
786
794
752
780
751
795
772
749
751
758
778
787
748
756
774
768
754
785
772
767
803
744
745
789
739
777
768
770
768
797
779
747
745
745
763
744
753
802
807
751
785
745
769
768
780
750
760
771
747
756
759
799
749
758
775
797
750
766
756
759
766
752
755
755
753
742
804
784
780
782
769
771
772
784
765
757
776
759
772
747
750
776
782
784
757
764
749
748
759
786
772
749
766
775
758
744
777
799
770
797
777
743
789
768
748
761
749
749
753
764
785
763
767
792
755
799
789
752
778
778
778
756
754
763
754
745
744
752
792
762
770
768
755
758
757
746
747
762
769
772
756
767
784
790
767
804
751
768
772
752
750
746
770
779
790
768
774
782
768
765
756
773
750
801
784
750
776
770
774
764
752
750
776
779
782
772
716
760
760
791
753
755
778
780
775
750
772
763
772
775
755
763
747
761
780
788
745
749
778
804
791
781
778
789
762
758
747
750
753
759
785
748
749
749
770
778
759
784
763
777
772
776
766
786
756
758
755
751
747
782
809
733
750
787
770
749
789
755
768
727
759
748
777
748
775
800
781
748
750
776
771
787
749
772
755
766
752
793
773
800
742
741
743
802
804
796
735
721
722
726
698
715
710
744
720
724
702
718
706
709
737
705
711
704
714
724
742
724
723
734
764
730
725
729
743
728
723
741
776
806
767
754
774
775
740
758
764
747
769
755
741
749
740
744
756
741
766
742
741
736
755
715
709
709
717
779
696
701
708
729
695
716
709
717
752
750
750
705
