74.9160000000002
144.22
79.8160000000003
30.6460000000002
205.142
126.066
118.81
78.6340000000004
78.6340000000004
40.7080000000004
128.190000000001
31.2020000000006
93.8860000000006
70.7140000000007
58.6520000000008
131.170000000001
-17.6099999999993
139.970000000001
120.732000000001
128.008000000001
146.362000000001
92.646
1.084
123.44
39.812
92.8320000000001
53.5820000000001
142.322
151.588
39.1300000000001
31.098
175.204
66.7979999999999
5.09399999999994
75.8419999999999
163.592
158.446
115.358
71.9559999999998
70.5099999999999
141.686
137.502
37.8199999999998
76.4739999999997
105.304
75.8339999999999
48.292
143.712
9.87800000000016
-20.8119999999998
78.7180000000002
66.6800000000002
144.28
-76.1899999999998
113.816
107.552
102.86
4.15200000000021
88.8440000000003
61.9480000000004
128.532
84.0880000000004
140.460000000001
47.2120000000006
69.7100000000007
99.5680000000006
92.7160000000007
127.838000000001
96.9480000000005
150.568
121.162
156.256
138.796
153.156
85.8900000000004
104.73
106.186
-1.24999999999955
41.6740000000004
129.37
136.88
142.662
62.8240000000002
88.6800000000003
25.4240000000003
90.5040000000002
118.036
67.9980000000003
162.352
55.4760000000002
18.6480000000001
43.6840000000001
127.4
141.944
67.6260000000003
100.688
149.708
63.6220000000003
136.672
132.19
123.264
169.518
81.788
108.816
133.42
120.338
126.804
202.694
127.84
86.5880000000001
75.0140000000002
41.7300000000002
117.508
33.5080000000002
68.5740000000002
172.956
50.6900000000002
99.3320000000002
119.504
57.2440000000001
77.532
74.472
117.71
134.81
88.3700000000001
125.434
82.4240000000002
3.47800000000024
-6.08799999999974
100.738
91.5460000000002
99.5780000000003
50.0620000000002
38.3200000000003
131.842
106.42
102.592
75.8000000000002
140.316
92.6200000000002
114.452
139.754
125.764
71.4819999999999
137.928
57.13
95.204
121.338
106.534
28.5000000000001
19.2479999999999
115.66
123.15
164.366
77.9439999999994
64.3099999999994
-12.0180000000007
93.7099999999994
123.269999999999
106.095999999999
74.3959999999993
113.973999999999
136.467999999999
129.381999999999
86.6679999999992
20.6939999999992
24.8319999999992
45.6259999999992
99.7839999999993
106.105999999999
46.0419999999993
-10.5140000000006
42.9399999999993
94.9059999999994
118.629999999999
67.8879999999995
45.1139999999996
-39.1080000000004
85.5499999999996
85.3319999999997
111.404
77.9999999999998
118.798
152.91
161.5
107.532
123.296
132.896
43.9379999999997
100.392
-3.85400000000027
111.76
117.82
122.444
66.4919999999998
89.6599999999998
91.5039999999997
152.176
133.816
127.752
83.8359999999997
134.098
47.1339999999996
-57.3300000000005
-22.3440000000004
-22.3440000000004
-44.7900000000005
-69.7600000000002
36.4779999999997
-68.8260000000001
-82.9640000000002
-98.3520000000001
-92.4560000000001
-0.574000000000069
-27.8080000000001
-24.8520000000001
70.2939999999999
-25.7160000000001
182.314
156.792
155.11
111.18
143.428
116.94
128.166
132.818
-18.6479999999997
129.022
94.1560000000002
66.9780000000002
41.0100000000002
16.3280000000001
113.498
85.0180000000003
8.39800000000031
88.5420000000003
70.2540000000004
53.2660000000005
140.792000000001
115.334000000001
131.032000000001
-48.6759999999994
-21.4379999999999
70.3000000000001
123.868
94.668
108.322
54.5839999999999
120.826
71.6319999999999
142.528
141.322
123.052
155.222
151.646
98.292
122.986
208.604
157.864
88.128
-22.5099999999999
131.99
80.0700000000001
78.698
26.912
106.436
-72.2419999999999
-34.7659999999999
-41.3679999999999
-42.4519999999998
-64.6139999999997
97.0000000000003
18.4640000000003
187.61
139.638
83.0560000000003
14.0720000000002
88.494
114.316
158.068
155.718
233.662
73.2759999999999
51.5379999999999
119.292
91.9919999999999
183.572
159.714
51.2979999999997
17.6499999999998
104.976
50.0059999999997
96.5379999999997
44.2779999999997
89.3659999999996
93.9059999999997
117.688
132.704
116.428
67.1839999999997
-1.57800000000037
4.94999999999965
83.5599999999997
102.542
147.056
-23.1060000000003
88.5979999999998
26.5559999999998
94.4599999999999
19.7759999999999
105.524
79.0559999999999
115.656
168.716
12.7639999999999
27.2979999999999
-20.7000000000002
83.2039999999997
83.5459999999997
96.1339999999996
121.906
74.1259999999996
57.8739999999996
-17.7300000000004
87.4299999999997
85.6859999999996
110.444
219.646
181.77
141.414
158.466
65.6740000000001
78.2660000000001
95.9700000000001
87.9540000000002
5.14400000000018
80.2020000000001
132.596
18.9760000000001
171.482
116.48
91.3740000000004
-0.74599999999964
31.1720000000004
53.3760000000005
27.2600000000005
-21.6539999999995
137.054
122.512
63.6779999999999
-26.5240000000003
-26.1460000000004
44.6859999999996
155.558
126.569999999999
-30.7960000000006
137.147999999999
119.685999999999
74.6559999999994
158.413999999999
172.295999999999
163.566
82.9479999999997
38.1559999999997
140.016
142.098
71.3479999999997
156.198
113.792
26.2579999999999
88.1479999999999
59.6319999999999
101.776
177.826
143.194
60.2240000000002
152.046
115.548
98.1500000000002
178.346
105.046
15.7520000000003
126.368
49.4480000000003
140.162
82.7060000000004
77.9720000000003
157.568
57.164
64.6159999999999
118.592
76.454
100.546
114.044
149.312
157.506
38.2140000000001
68.9440000000001
163.48
161.514
137.897999999999
51.6879999999995
126.655999999999
138.862
45.4579999999997
34.9299999999997
-0.310000000000343
21.8459999999997
27.1339999999997
139.016
54.1539999999997
101.252
151.68
20.0599999999996
82.9999999999997
65.3559999999998
-31.9160000000002
197.196
74.4639999999999
-108.354
-62.7800000000003
89.6619999999997
82.1139999999997
47.5599999999997
35.7899999999996
46.1419999999997
128.002
135.524
84.4399999999997
146.802
213.704
154.976
137.922
34.2820000000002
101.458
76.6400000000002
65.6280000000002
99.6100000000002
65.3040000000002
52.9440000000002
99.3440000000002
48.4020000000002
106.11
216.378
59.6880000000002
47.0880000000002
98.7500000000003
-47.5119999999999
68.5120000000001
10.0740000000002
101.578
71.9340000000005
60.4100000000005
11.7180000000006
22.6900000000005
125.976000000001
43.6920000000005
95.5220000000004
-11.6659999999996
44.4760000000002
39.6100000000001
116.5
33.7900000000002
22.1280000000003
88.7680000000003
110.578
65.2620000000003
160.848
179.77
183.29
150.684
152.088
157.844
100.134
123.42
118.478
202.294
79.6440000000001
196.226
73.6560000000001
96.98
111.032
67.462
69.9300000000001
42.896
119.416
143.252
210.566
125.592
100.06
152.48
199.694
160.148
80.6039999999999
171.8
168.12
125.382
53.61
50.804
152.102
101.958
110.298
3.88399999999996
-26.546
-15.6519999999999
-19.8359999999998
-0.127999999999815
153.4
113.984
-19.8219999999998
-37.8079999999998
90.2940000000002
105.258
189.238
155.832
140.1
178.1
-12.3640000000001
34.4399999999999
108.198
63.874
69.6279999999999
193.938
97.9140000000002
173.22
84.5640000000001
148.748
200.178
49.8760000000001
175.744
119.748
123.708
186.568
235.412
181.666
129.346
159.092
80.816
105.498000000001
9.55200000000065
117.090000000001
59.4520000000007
169.644000000001
136.322000000001
147.432
135.194
67.7320000000005
205.104
132.52
31.9780000000003
108.856
91.9620000000003
179.88
60.2920000000004
62.2740000000004
152.302
60.7000000000004
133.07
151.858
44.1880000000004
27.0100000000004
108.462000000001
155.014
159.360000000001
114.768
36.9000000000005
89.7160000000004
145.168
155.014000000001
120.124
69.1240000000003
146.32
171.076
171.076
199.756
82.7100000000004
167.992
59.2820000000004
128.118
197.282
145.288
142.226
108.214
92.3020000000004
101.85
189.986
63.0120000000003
148.038
173.476
2.59600000000029
104.544
105.088
140.94
129.896
135.668000000001
32.6080000000006
57.8700000000005
144.176
150.406
71.5480000000005
53.7280000000005
7.4640000000004
62.1940000000002
-21.8979999999998
40.9720000000004
201.508
178.888
110.17
173.826
173.014
186.272
146.538
138.560000000001
23.4920000000005
78.2460000000005
139.312
210.062
24.4900000000003
125.252
176.936
80.8660000000004
120.642
11.4440000000003
35.0880000000004
135.254
18.4840000000002
106.404
239.988
225.69
82.098
85.6240000000002
75.1920000000002
76.4180000000002
72.9260000000002
81.5200000000003
161.234
86.4700000000003
-5.12999999999971
59.4200000000003
120.362
160.12
60.1420000000003
109.008
48.8880000000004
124.78
101.862
121.654
235.86
184.848
156.742
141.344
92.3359999999996
67.0559999999996
51.8499999999996
138.92
-16.1140000000004
-33.7660000000004
-33.7660000000004
-33.7660000000004
38.9159999999996
14.9799999999996
-10.3960000000005
222.761999999999
260.753999999999
84.9759999999994
160.041999999999
85.0199999999994
89.5819999999994
21.8359999999994
190.251999999999
17.0579999999995
41.3499999999995
50.6479999999993
1.11199999999911
-11.3280000000009
77.8259999999991
184.003999999999
-44.9460000000006
-4.30600000000044
57.8599999999997
-15.6880000000003
34.6059999999997
25.8359999999997
95.7979999999997
62.9219999999997
123.672
92.7559999999997
122.982
75.9059999999997
38.7639999999997
132.562
75.3739999999997
146.322
75.0199999999998
46.7599999999998
50.0019999999998
129.642
159.396
81.8939999999998
94.9919999999998
107.668
72.6039999999999
105.12
105.12
136.386
48.8139999999999
145.12
78.2659999999995
78.7699999999994
78.7659999999994
41.4319999999993
9.41399999999931
89.3379999999993
116.707999999999
105.123999999999
155.061999999999
106.494
117.606
74.3999999999996
193.646
81.5299999999995
65.0539999999995
168.67
115.737999999999
171.386
18.9559999999997
19.3519999999996
194.71
-20.4900000000003
92.8819999999996
80.6739999999996
91.8079999999997
122.41
81.6579999999998
194.404
202.924
126.66
97.0840000000002
152.14
262.136
78.3220000000002
78.8280000000003
154.654
107.644
183.268
114.822
206.106
218.308
191.52
-65.0699999999999
-87.974
-67.668
99.6139999999999
183.656
83.6759999999999
114.804
-105.514
1.20400000000006
50.2240000000002
37.3720000000003
-11.9439999999997
-28.1939999999997
-66.7259999999994
-64.8379999999994
-55.6639999999995
-43.4439999999994
-65.8499999999996
42.9920000000004
56.1680000000003
23.9040000000002
16.726
165.07
154.948
203.728
197.132
215.482
69.1720000000003
70.3720000000003
19.6480000000004
64.3140000000003
47.5800000000004
132.832
133.904
135.446
32.8480000000002
126.18
149.53
67.7500000000002
60.5140000000002
122.35
220.948
259.686
144.634
149.49
76.4920000000004
15.1720000000005
98.7040000000005
50.8480000000004
105.498000000001
74.7160000000006
-45.0859999999996
77.3000000000005
200.686000000001
210.126000000001
33.0460000000004
204.41
117.554
145.54
115.262
108.986
221.116
94.3820000000002
98.2480000000002
174.74
235.564
112.982
158.66
141.206
177.128
140.52
238.638
175.5
-16.774
8.98199999999997
-4.55800000000022
126.336
43.5099999999997
108.028
71.3619999999996
84.4019999999996
74.5399999999996
-37.6660000000005
86.5539999999996
142.868
11.8439999999995
98.5819999999995
17.9779999999995
125.815999999999
