699;559;546;654
719;557;555;661
734;626;558;660
731;580;553;665
697;593;566;651
713;574;554;651
740;595;556;653
727;565;557;662
722;613;584;656
734;660;608;664
707;504;543;662
739;620;567;655
726;571;559;665
744;633;596;662
737;619;575;659
702;466;515;641
714;519;535;645
723;556;528;646
704;589;570;648
713;554;533;644
728;593;565;657
706;461;497;656
724;530;526;652
709;531;549;662
726;539;531;666
714;608;576;647
729;600;585;671
732;620;586;658
738;575;509;637
700;538;529;646
716;663;568;638
773;666;566;647
713;638;582;645
708;637;589;651
736;614;570;660
723;596;548;653
722;575;551;659
720;619;564;650
696;551;564;652
728;655;608;664
722;623;551;651
716;561;515;638
729;594;537;643
730;532;530;658
747;591;540;657
760;647;546;647
723;644;579;655
712;591;550;649
739;622;532;648
720;583;531;650
714;618;581;660
725;582;572;672
746;577;536;664
695;575;544;633
708;580;564;647
754;605;522;643
720;598;515;628
718;625;571;660
723;644;581;654
721;601;546;654
735;642;545;647
728;548;528;650
709;585;571;663
698;524;530;654
711;581;563;658
744;626;539;650
745;661;597;664
721;643;593;662
717;600;590;665
701;573;557;647
756;657;578;644
757;680;583;646
741;618;568;658
734;654;600;656
719;567;567;651
725;561;567;664
690;464;516;642
729;627;581;609
734;630;571;643
722;651;590;638
703;589;563;640
738;590;571;664
721;569;526;650
735;633;575;658
730;598;573;662
725;583;546;648
716;569;555;645
723;548;560;665
729;654;619;672
715;604;572;641
693;451;537;653
728;601;551;649
747;645;547;639
742;656;572;643
713;598;551;633
699;537;530;650
704;598;569;655
702;525;530;645
692;494;535;647
706;574;545;642
728;593;575;671
713;634;581;643
719;573;546;634
710;527;535;644
721;569;535;638
696;527;538;646
718;526;544;662
734;581;573;677
739;641;598;667
708;657;587;630
712;562;562;641
690;496;528;643
717;571;540;644
714;574;537;649
699;535;543;645
689;491;518;656
716;552;520;643
741;607;541;645
726;591;537;655
649;609;550;637
727;623;570;661
704;577;549;644
695;546;547;647
690;572;563;635
698;462;529;652
709;548;547;653
718;613;583;649
699;596;559;644
706;564;530;649
742;656;560;660
734;654;576;666
730;650;594;666
697;628;548;633
720;634;557;639
723;639;565;640
751;649;553;644
736;585;562;718
692;598;534;643
737;653;560;664
709;609;543;643
704;534;537;651
691;506;539;645
717;581;556;650
722;566;578;669
722;596;561;664
756;651;556;653
689;584;550;639
693;501;523;647
715;585;523;637
716;570;519;639
686;564;533;642
713;578;538;645
713;607;552;643
712;580;556;660
730;608;596;673
724;586;537;654
689;565;524;645
757;649;545;637
715;624;538;640
707;629;574;650
700;609;541;635
718;546;542;663
685;442;501;646
723;588;532;650
708;610;556;646
690;483;513;651
688;474;497;646
689;508;515;648
743;605;536;643
692;519;527;649
711;548;527;641
713;565;546;650
714;505;519;664
739;601;550;662
723;619;541;642
693;486;525;648
686;494;517;649
727;582;551;665
681;521;511;642
741;650;559;639
701;558;531;649
738;606;595;675
728;594;569;659
721;605;560;652
739;661;607;663
713;581;566;664
708;563;544;654
701;586;551;647
692;462;516;649
700;505;512;645
693;512;518;646
716;689;596;631
714;685;575;629
693;504;520;648
718;506;539;689
702;535;536;645
713;586;529;642
734;626;542;654
685;494;511;650
703;554;545;660
704;618;578;659
726;669;572;647
721;601;516;643
712;521;548;670
723;571;541;657
758;651;571;656
689;526;530;650
750;641;556;665
710;640;546;648
727;629;542;650
687;501;516;654
725;623;540;665
701;577;529;652
739;598;568;677
699;571;537;642
707;601;548;643
699;505;528;655
726;547;542;670
707;600;549;652
722;588;560;663
707;567;539;651
732;586;542;669
709;550;533;658
734;663;603;663
686;423;483;646
738;631;594;674
738;635;597;661
728;583;519;649
724;560;536;663
721;644;579;650
719;618;578;660
750;634;605;690
708;623;584;660
721;620;548;656
726;673;597;658
736;655;562;655
727;622;544;646
751;665;570;660
735;684;609;663
745;668;600;681
704;534;532;656
710;583;537;662
726;664;602;665
722;646;561;654
741;659;594;670
731;641;586;657
742;662;555;645
694;514;527;652
737;607;554;660
686;489;534;652
685;446;499;650
713;542;516;645
713;525;521;653
701;465;507;656
709;563;535;650
716;575;518;648
735;603;589;678
717;555;545;666
703;537;513;651
734;665;610;666
721;612;564;656
724;550;560;670
687;477;511;654
689;487;514;655
720;544;525;654
724;596;576;671
721;579;525;642
718;538;549;676
719;602;546;645
700;529;500;656
687;487;514;656
721;543;526;660
690;635;552;656
736;614;572;671
749;640;573;671
693;527;508;649
699;649;579;653
705;575;537;649
730;611;527;646
700;564;530;653
706;611;550;647
723;625;577;664
708;635;558;658
