-2.80701430976505
44.9669856902358
-110.413014309764
-98.2430143097641
-106.281014309764
-45.789014309764
-40.731014309764
19.8709856902362
-36.5190143097639
18.3189856902359
13.8309856902359
34.876985690236
-51.5730143097641
53.0169856902358
32.9809856902359
-38.4110143097642
-56.5190143097641
53.7409856902358
46.4349856902358
69.1849856902359
13.7709856902358
52.9149856902359
59.6249856902358
42.0389856902358
-15.5490143097642
19.172985690236
106.098985690236
63.1789856902358
22.2409856902361
48.2789856902358
80.4629856902359
27.7949856902362
45.9889856902359
58.9909856902358
24.4909856902362
-1.77501430976375
-140.535014309764
-15.5830143097639
14.0569856902361
3.97898569023614
29.470985690236
-27.585014309764
-0.727014309764051
0.890985690235851
26.8569856902359
31.7429856902359
25.3389856902358
16.1789856902358
-19.5490143097643
-33.5730143097642
33.4529856902357
34.6129856902356
-19.4310143097643
48.3809856902358
9.30298569023584
20.8389856902357
-12.7370143097642
14.2469856902357
61.8129856902358
53.5669856902359
32.5309856902357
-8.91701430976435
-12.5830143097644
38.7889856902358
4.72498569023564
38.8289856902359
42.0529856902358
54.2749856902359
28.3729856902357
-30.2270143097643
-19.5510143097642
-12.8010143097644
-12.8010143097644
-6.88701430976435
41.8149856902358
-16.6330143097645
-28.7390143097644
36.3049856902359
-1.99701430976435
-0.127014309764448
22.0449856902355
37.0949856902358
6.46498569023545
5.83898569023555
65.8309856902358
-32.9910143097647
25.6129856902353
1.73498569023535
-4.12101430976465
-15.4590143097647
-54.0690143097647
-33.9710143097647
2.45098569023544
27.1449856902353
-23.5650143097646
-56.3190143097646
-1.69301430976465
-48.5010143097646
34.6049856902355
65.6789856902359
65.6789856902359
65.9089856902349
58.8289856902359
61.2329856902359
30.3409856902354
-21.1930143097646
10.5169856902354
30.7249856902353
-1.66701430976465
41.4709856902349
4.33698569023535
-20.2670143097647
-50.4750143097647
-95.3950143097646
-45.6410143097646
-43.0890143097646
-42.9190143097644
15.1009856902355
-13.0910143097644
-17.5610143097643
16.6589856902357
-1.69301430976415
6.81698569023565
-7.92101430976435
70.0309856902358
-11.1790143097644
-35.7290143097643
-48.0050143097643
-50.8650143097643
-63.3470143097643
-42.2730143097643
-99.4070143097643
-15.5390143097643
62.5949856902358
44.3629856902358
-16.3670143097644
7.89898569023565
-12.6150143097644
57.6449856902358
14.9009856902355
14.4629856902357
-22.5930143097643
1.55898569023564
33.9689856902355
2.71098569023555
-14.5230143097644
57.7549856902358
-19.9190143097644
-21.1490143097643
30.0509856902358
39.7209856902359
51.3889856902358
46.6709856902359
-34.5910143097643
43.9969856902358
-12.0150143097644
38.0149856902358
33.1149856902356
47.3469856902359
36.5689856902358
40.6229856902359
57.2749856902359
50.2349856902358
62.4209856902359
-13.3830143097647
-1.71101430976465
-2.42101430976465
-4.84301430976466
6.24298569023524
-17.1450143097649
-46.1270143097649
5.41498569023526
-0.819014309764853
-11.7850143097648
-24.7370143097647
-5.41101430976475
-33.0630143097647
51.4649856902349
-42.8690143097647
27.7809856902355
14.4609856902354
-14.3630143097645
56.0969856902359
33.4909856902351
28.2589856902352
45.1489856902349
69.2009856902349
-8.72701430976475
3.00098569023505
13.7889856902357
-48.1170143097643
3.81098569023585
59.1269856902358
26.2049856902357
60.9049856902358
33.9209856902358
32.6729856902357
38.1529856902359
-0.537014309764253
-38.1030143097642
-3.09301430976425
51.3189856902358
61.0309856902359
8.99098569023575
58.3029856902358
40.9069856902358
-20.2790143097643
47.9089856902359
39.9649856902358
22.3109856902359
12.712985690236
-2.82301430976406
56.0449856902358
-30.7430143097641
-22.4750143097639
18.3529856902361
33.252985690236
30.0849856902361
50.9189856902358
73.2289856902368
-1.97101430976355
-30.3590143097636
23.7749856902364
32.9429856902364
54.9789856902358
4.84498569023624
-35.5410143097637
-0.803014309763654
-51.9070143097635
32.5589856902365
-10.0090143097636
-39.6730143097636
-27.1510143097636
27.2549856902366
0.234985690236542
43.8369856902368
-15.9590143097635
0.860985690236546
-28.6610143097635
-37.3090143097635
0.130985690236542
3.69098569023654
21.6489856902365
-8.09101430976365
-9.46101430976355
63.0929856902368
-13.2710143097636
38.9729856902369
-51.9890143097635
13.2089856902363
-36.9430143097637
10.7669856902364
6.23098569023625
-18.1210143097638
-49.5210143097638
57.0369856902368
19.8809856902361
42.2589856902358
40.4849856902358
26.9509856902358
-26.0230143097643
6.35298569023576
44.5369856902359
-37.1230143097643
-57.2410143097643
-20.3350143097643
52.1009856902358
48.9709856902359
46.7669856902358
-8.65701430976425
43.5729856902359
25.6389856902358
21.8609856902359
21.6929856902359
36.3749856902358
-31.9530143097641
-27.769014309764
23.962985690236
32.616985690236
0.36098569023595
48.0269856902358
31.3209856902358
-18.7030143097642
-12.0990143097643
27.6769856902356
69.4849856902358
16.1189856902354
-14.9270143097645
40.6289856902359
-18.2490143097642
-7.00901430976425
-34.1950143097645
38.6569856902358
-41.0810143097644
-43.6850143097644
31.6609856902356
-9.96301430976435
-4.75101430976425
32.9509856902357
19.9749856902358
-2.58301430976435
-45.1250143097644
9.29098569023564
0.442985690235744
34.4029856902359
-17.7630143097642
-19.7110143097642
-17.2890143097641
-24.985014309764
-4.16501430976395
56.2129856902359
-40.2210143097641
-1.48301430976405
-19.2910143097641
-39.6930143097641
27.742985690236
-13.1750143097641
-23.9490143097639
16.5149856902361
15.9389856902362
-8.72101430976385
-22.253014309764
-32.059014309764
-13.839014309764
80.6809856902358
35.3989856902358
31.1489856902358
16.5909856902357
2.79498569023575
23.1169856902359
-48.3790143097642
20.7449856902359
-41.3610143097642
47.9169856902358
9.25698569023575
-1.47101430976435
9.98498569023565
22.1369856902356
-53.5010143097643
-48.9630143097642
-9.79901430976425
42.7849856902358
-9.99101430976425
-44.9110143097644
-34.5730143097642
-39.2950143097643
-34.1110143097643
-17.1990143097644
44.0789856902359
-3.77701430976435
-32.7710143097644
49.0869856902358
4.48498569023575
14.8409856902357
-36.5010143097644
39.7609856902358
-11.7150143097642
-18.9990143097643
-7.31701430976435
13.2349856902358
-16.6130143097641
-6.40701430976405
-22.2990143097642
-23.2670143097642
47.0649856902358
20.6429856902356
14.4789856902355
-35.7750143097646
-29.4930143097647
-1.87101430976465
-8.93901430976465
31.2549856902354
-31.0910143097647
-27.6850143097647
13.2389856902354
-40.0770143097647
-3.27501430976465
-27.2770143097647
-35.0570143097647
-5.76501430976455
-15.0210143097646
31.3269856902354
-59.8470143097645
-93.8170143097645
15.9769856902355
11.8769856902354
5.73898569023545
-1.52901430976445
-28.1430143097646
5.79298569023545
-39.9530143097644
-2.43301430976435
-33.7530143097644
-37.2630143097644
26.2789856902356
22.8889856902357
-26.0190143097645
-31.6170143097645
-76.8950143097645
-80.3850143097646
-41.9850143097646
-16.8030143097645
-5.34501430976455
37.4709856902349
32.1349856902353
-30.2570143097647
5.49698569023535
-15.0750143097647
-41.3470143097648
-3.73701430976475
-53.1110143097648
25.3869856902353
-60.9530143097648
-33.0390143097649
-33.417014309765
-48.231014309765
26.1189856902351
-27.3610143097651
17.5089856902351
17.0729856902351
32.2829856902352
-21.4210143097649
48.5609856902348
31.348985690235
19.7469856902351
35.1329856902351
56.0429856902348
39.3469856902348
39.4929856902348
51.8429856902349
-12.9270143097649
1.84498569023515
34.0809856902352
33.8449856902351
-2.16701430976485
-36.9790143097649
-21.1670143097649
-56.2050143097649
-24.667014309765
23.3509856902351
-17.8410143097649
0.686985690235048
11.686985690235
19.0569856902351
-26.459014309765
-48.597014309765
-52.355014309765
32.540985690235
-27.3610143097649
26.414985690235
9.31298569023495
-44.2070143097651
39.9849856902349
-18.0670143097649
-41.3830143097649
-16.3970143097647
-12.3050143097648
-45.4370143097647
-50.7450143097648
26.7609856902353
21.6589856902353
19.0729856902352
-23.9270143097648
45.2149856902349
-47.0610143097647
13.8089856902352
-15.6090143097649
34.6069856902352
-1.13301430976485
-17.0450143097648
30.2689856902353
1.11698569023525
-3.46901430976485
30.7249856902352
10.9509856902352
-11.2810143097648
4.69498569023514
-2.29101430976505
4.95098569023484
16.2569856902349
5.85498569023495
-44.0650143097649
9.51498569023515
-2.43301430976495
25.790985690235
-29.841014309765
-15.8110143097649
42.5189856902348
40.1329856902358
-18.6510143097647
19.3949856902354
-18.9570143097646
34.3549856902354
32.7069856902353
-16.6970143097647
-6.62701430976455
-21.6730143097645
-29.1630143097644
-18.1610143097645
3.65098569023554
31.1289856902357
32.4889856902357
47.7849856902358
-23.8090143097644
-30.1730143097644
-0.877014309764455
67.6589856902359
-37.0430143097645
-37.9710143097645
-19.9630143097645
4.93698569023555
6.73898569023555
37.8189856902358
30.8749856902355
-40.6330143097642
15.4109856902358
-28.3450143097643
33.0409856902354
20.8469856902353
-34.6770143097647
11.1849856902355
30.4989856902354
45.6169856902359
16.5649856902354
11.0229856902354
30.1729856902354
-7.19301430976465
-32.1530143097648
46.0629856902349
33.9709856902353
23.8209856902352
-28.1130143097648
33.4809856902352
-13.6350143097647
33.0129856902353
12.9669856902352
-5.00501430976475
-7.72101430976485
-33.5690143097648
-11.2290143097648
-16.6750143097646
38.8969856902359
7.03298569023535
-28.2990143097647
22.3149856902353
-16.4010143097645
-29.2490143097646
-25.9950143097645
30.0769856902356
23.8869856902358
-20.7150143097643
1.81898569023585
-1.66101430976415
-16.9310143097641
-13.7470143097642
24.3629856902358
4.48498569023585
8.75298569023595
-57.5250143097641
-30.7150143097642
1.26098569023584
-12.3030143097641
40.1449856902358
-45.1970143097641
-10.801014309764
24.0909856902359
4.31898569023585
5.06898569023595
-29.0490143097642
-41.9650143097642
-7.78101430976395
8.41098569023585
45.1789856902358
-10.2490143097647
-19.3870143097646
49.3729856902359
18.8049856902357
6.21298569023566
30.3809856902356
36.9349856902358
41.2929856902359
6.58898569023584
36.2789856902358
4.16498569023575
48.5049856902358
-0.905014309764354
-53.7790143097643
47.9889856902359
-26.1790143097644
39.6329856902358
-42.6990143097644
34.0449856902355
-23.3250143097644
-19.6230143097645
9.12898569023555
-40.6390143097643
-62.2370143097643
-50.9630143097644
31.7889856902356
-14.6310143097644
-57.7330143097644
-29.8410143097644
-50.3590143097643
35.5949856902357
17.2549856902356
-7.05101430976445
-12.1810143097644
41.8509856902358
22.658985690236
-5.53301430976385
14.2829856902356
-18.7030143097643
36.7809856902359
-14.5130143097645
-1.66101430976455
-15.4910143097645
-39.4190143097644
16.3709856902355
43.5429856902359
16.2549856902356
6.69698569023565
49.1209856902359
43.3249856902358
23.5589856902356
34.0649856902357
-43.0470143097643
50.4489856902358
-19.6010143097645
56.4969856902358
-23.0130143097644
-5.39701430976435
-0.0290143097643494
-5.35701430976425
9.84098569023575
-39.8270143097644
26.9709856902355
20.6309856902354
-34.0110143097645
-3.28101430976455
25.7109856902358
41.3229856902359
-16.5530143097641
-36.3130143097641
-18.0710143097642
12.0149856902357
5.74898569023586
-19.4170143097641
-2.86301430976445
20.7569856902356
-4.05101430976445
10.4529856902356
19.3749856902355
-3.22501430976435
-29.9250143097644
24.2189856902355
-11.7810143097644
-14.1850143097645
-24.7690143097644
-13.1230143097644
-29.2990143097645
7.67298569023555
-53.4350143097644
-10.1610143097644
-17.2490143097643
2.50298569023565
-9.73701430976455
-42.7970143097645
18.8449856902354
14.3089856902354
-15.1090143097645
-14.2770143097643
48.9929856902359
-7.76101430976415
-17.1170143097642
17.8049856902359
17.8309856902358
-46.6870143097643
3.47898569023565
-24.2770143097645
23.9849856902353
-11.1370143097646
-21.0790143097647
42.8449856902358
-9.06301430976455
0.78898569023545
-27.1530143097646
-0.825014309764555
-37.9130143097645
18.1269856902355
-40.7870143097646
31.9209856902356
15.8209856902355
-17.8710143097646
34.9729856902355
-12.1850143097645
-18.4370143097645
-33.7430143097644
3.01898569023555
-27.9230143097648
-21.1710143097647
-26.5370143097648
33.7909856902352
-33.9630143097648
23.9309856902354
-13.0210143097646
-48.9450143097646
-46.3230143097646
-14.7650143097646
-28.2190143097645
-22.9930143097645
-36.2550143097645
19.0189856902356
6.99098569023555
-0.307014309764455
21.2369856902356
1.62298569023565
8.14098569023565
15.2309856902356
-9.28501430976435
-42.2290143097644
0.776985690235648
-1.95301430976435
-45.7310143097643
27.0809856902356
5.10498569023555
-28.2390143097644
15.9469856902356
23.1209856902356
-8.71901430976435
-36.2810143097644
9.87698569023574
-31.1770143097643
-54.9530143097643
-31.4210143097644
40.0349856902358
-12.1730143097644
-18.7950143097645
-40.3090143097645
0.296985690235545
-33.1570143097645
-19.9190143097644
-5.81301430976435
-5.86701430976435
-4.42701430976415
-53.2630143097642
10.120985690236
-35.9770143097642
-16.3910143097642
-14.3410143097639
23.9569856902361
-29.181014309764
-3.28101430976425
27.5769856902359
-31.4890143097642
-7.28501430976415
19.242985690236
12.0009856902359
-5.11501430976405
-57.0270143097641
-5.18301430976405
36.4189856902358
-14.7650143097641
-29.6650143097642
-11.1230143097641
3.74498569023605
5.23498569023614
-4.00701430976385
-35.8430143097639
23.246985690236
