-34.8130193974416
18.8249806025585
18.8249806025585
-7.55701939744149
-84.5290193974416
-54.7910193974416
-52.3410193974415
-90.7370193974415
-13.6970193974415
-32.2050193974415
-2.7450193974415
-30.0070193974413
-67.5910193974413
-31.2830193974413
8.2009806025587
-71.7870193974413
24.9089806025587
-77.7770193974412
-51.6150193974412
15.7949806025588
0.70898060255881
13.4649806025587
27.0609806025587
16.9609806025587
26.1229806025587
-37.8610193974413
40.7129806025589
9.4089806025587
52.0549806025589
52.0549806025589
6.9149806025587
-67.4690193974413
10.3769806025587
-17.9310193974413
-68.7750193974412
0.658980602558799
17.3389806025588
-33.8750193974412
23.9609806025589
-9.17701939744109
49.3809806025589
26.8489806025589
53.7069806025589
36.5369806025589
15.5689806025588
33.8469806025589
43.0089806025589
-2.9410193974411
52.6389806025589
27.1569806025589
22.6389806025588
-46.8130193974412
8.87298060255891
-49.3510193974412
65.8929806025589
-14.8430193974412
-27.1790193974412
61.7369806025589
39.5309806025589
-13.465019397441
8.9989806025589
-54.1870193974411
35.9909806025589
-28.8710193974411
30.4449806025589
53.7529806025589
24.4489806025589
20.2009806025589
27.6689806025589
-16.833019397441
7.50698060255901
-81.2430193974409
-112.347019397441
-18.2210193974409
-40.1570193974409
-105.753019397441
1.6889806025593
-20.3310193974405
19.4309806025593
-3.82301939744069
-3.82301939744069
-54.5210193974408
-77.6450193974408
-74.6050193974408
16.2049806025592
-58.2170193974409
-0.259019397440895
-65.5910193974409
-37.1010193974409
62.6929806025589
40.1629806025589
47.5429806025589
47.5429806025589
-2.12101939744089
-79.5290193974409
-31.0330193974408
-47.7010193974409
16.8709806025591
28.2309806025591
-1.3850193974409
4.944980602559
5.36298060255891
26.7969806025588
-29.9550193974412
34.4949806025589
-55.9570193974412
-12.9610193974412
24.2989806025588
-58.5250193974411
-1.1590193974412
-52.2710193974411
-44.3790193974411
-71.2650193974413
-31.0290193974413
-8.3070193974412
6.6569806025588
-70.9430193974414
55.0949806025589
18.8329806025585
9.41898060255851
22.7709806025585
6.0969806025585
34.8469806025589
17.3329806025584
58.7849806025589
-8.6010193974416
-63.6530193974416
-16.2790193974416
-11.5710193974416
34.4349806025579
8.1329806025584
53.9849806025579
41.6549806025589
-13.9170193974415
7.7189806025585
-57.2410193974415
-76.0570193974415
-21.7810193974415
74.3869806025589
21.9129806025584
26.7629806025586
-50.5690193974413
-4.52701939744129
-44.2910193974413
27.4049806025585
39.7989806025589
-45.0090193974414
-18.6850193974413
-32.7230193974414
-4.9770193974415
-6.2690193974415
-10.2930193974414
-34.8190193974414
54.5229806025589
21.6249806025586
32.9469806025589
17.5529806025586
-22.2510193974414
0.0989806025585978
25.6969806025586
-83.6510193974415
-45.9570193974414
-6.2330193974415
195.474980602559
219.064980602559
16.1009806025585
16.1009806025585
-52.9910193974416
-46.3190193974415
11.4029806025585
42.6729806025589
67.4569806025579
-3.78501939744109
22.534980602559
-39.0670193974411
-17.3250193974411
63.6689806025589
27.626980602559
58.2069806025589
39.7689806025589
-17.2950193974411
84.8209806025589
51.3169806025589
51.3169806025589
51.3169806025589
51.3169806025589
51.3169806025589
58.1589806025589
25.0169806025589
48.6969806025589
72.1549806025589
93.2409806025589
42.0709806025589
53.5309806025589
6.89098060255911
86.1909806025589
42.1329806025589
78.2289806025589
76.2289806025589
43.2829806025589
98.2609806025589
-12.6830193974408
2.95898060255911
-53.8990193974411
-15.345019397441
-23.855019397441
-4.463019397441
9.548980602559
-38.335019397441
26.056980602559
41.1989806025589
-0.905019397440995
-30.551019397441
-44.2970193974411
-43.7650193974411
-2.8850193974411
-12.3370193974411
41.4209806025589
-3.30301939744109
38.9649806025589
-33.817019397441
20.5509806025589
12.5149806025588
-34.3510193974412
43.6029806025589
17.1929806025588
19.3869806025588
45.4549806025589
17.140980602559
10.630980602559
-37.0530193974411
-18.931019397441
-47.695019397441
3.9809806025589
3.0349806025589
-11.2950193974412
2.59898060255881
14.2389806025588
55.6989806025589
21.9669806025588
-47.5030193974412
15.3449806025589
-52.1150193974411
40.3569806025589
22.2809806025588
-10.2870193974411
-34.3610193974412
-8.22501939744109
-63.2630193974411
-42.0570193974411
-87.341019397441
37.6469806025589
-123.733019397441
-43.5770193974409
-41.0910193974409
-9.06101939744099
-45.501019397441
-56.7050193974409
5.6449806025591
32.3209806025589
-49.0250193974409
-45.7790193974409
-62.7750193974409
-83.5670193974409
-48.9570193974409
-75.081019397441
-45.925019397441
-29.819019397441
-36.6030193974409
23.4169806025591
-33.7810193974409
-1.37501939744089
-53.2650193974409
69.6729806025589
-6.3490193974412
59.4109806025589
44.7049806025589
31.3529806025589
76.4109806025589
-19.5510193974412
-57.1370193974413
32.1629806025589
-39.4390193974414
4.08098060255861
-84.9870193974413
-1.2010193974413
6.0429806025587
8.9009806025587
88.0649806025589
79.2629806025589
-0.155019397441293
61.2929806025589
-57.1410193974414
-56.8290193974413
-41.1910193974413
56.1809806025589
9.87498060255871
-40.2130193974413
-35.5250193974413
48.0549806025589
-30.7370193974413
-18.0230193974413
6.3709806025587
57.4669806025589
-47.1530193974412
12.8729806025588
-21.6270193974412
46.1909806025589
23.3949806025589
-1.659019397441
92.5149806025589
40.3329806025589
8.48298060255891
82.9869806025589
79.9609806025589
82.3349806025589
40.3549806025589
23.8709806025591
31.6989806025589
111.946980602559
49.6009806025589
41.6369806025589
29.1489806025592
24.2789806025591
-0.00301939744089452
-15.5250193974409
-37.5850193974409
-4.2030193974411
48.0689806025589
17.9829806025589
19.6789806025589
37.5809806025589
55.4469806025589
27.3209806025588
33.3489806025589
-48.2890193974413
15.7109806025587
-11.4130193974413
-1.5730193974415
23.3109806025585
31.9169806025589
-19.5590193974415
-42.2910193974416
-45.0110193974416
13.3449806025585
-23.9730193974415
1.0969806025586
18.9309806025586
18.1069806025586
31.4209806025589
47.5609806025589
26.1029806025586
-11.3530193974415
27.8769806025585
15.9749806025585
40.6829806025589
-44.5830193974414
-40.6930193974414
-8.0890193974413
39.1989806025589
43.0409806025589
7.25898060255861
59.0909806025589
-34.3090193974414
-1.94301939744139
41.7229806025589
-48.4810193974414
66.4669806025589
25.3749806025586
19.2309806025587
25.9889806025586
-47.6530193974414
26.7929806025586
-0.123019397441496
31.0169806025589
4.21698060255861
9.0009806025586
-68.4010193974414
-68.4010193974414
-48.2770193974414
43.8349806025589
42.9429806025589
28.9629806025587
3.72698060255881
42.1609806025589
54.2869806025589
-36.7510193974411
21.7129806025589
-31.2590193974411
-0.597019397441002
-24.3750193974409
-28.8510193974409
-38.783019397441
-50.313019397441
-6.801019397441
-52.2610193974406
-55.3110193974406
-135.869019397441
-16.0310193974406
7.4569806025594
47.4889806025589
55.3869806025589
3.2289806025594
54.8429806025589
45.4189806025589
-6.7790193974407
53.5649806025589
-25.6430193974407
-24.5570193974407
-11.5290193974407
-26.3130193974407
-22.6270193974407
9.56298060255941
-68.9890193974406
-11.0790193974407
46.1809806025589
-29.5590193974408
-5.7510193974408
27.0769806025592
48.8769806025589
13.6469806025593
-57.5430193974407
51.3589806025589
7.1629806025593
1.9809806025593
23.6969806025593
-97.9310193974408
29.1409806025593
30.0309806025589
25.8889806025592
-33.2770193974409
91.9049806025589
48.3469806025589
54.3409806025589
16.1189806025591
73.5429806025589
32.4009806025589
-19.747019397441
12.9169806025589
59.7449806025589
54.0449806025589
56.6549806025589
44.3729806025589
10.4449806025589
20.0049806025589
25.924980602559
69.6649806025589
-13.9490193974411
53.7649806025589
24.1049806025589
-20.549019397441
0.266980602558903
-62.7970193974411
80.2469806025589
89.3389806025589
38.7149806025589
25.9869806025589
57.7349806025589
27.460980602559
-29.1630193974411
1.13698060255881
-1.38301939744109
9.47298060255881
-50.9170193974411
17.848980602559
42.7269806025589
44.4409806025589
-11.1590193974411
9.96498060255891
53.0849806025589
11.6709806025591
-18.5090193974409
22.7309806025591
-13.3550193974411
14.062980602559
36.1569806025589
25.270980602559
-54.3010193974409
39.3269806025589
6.37298060255911
4.7289806025591
13.8749806025591
35.9749806025589
31.9909806025589
-11.2210193974409
13.7509806025591
-25.3930193974409
58.0809806025589
22.9089806025592
-1.8050193974408
21.8029806025592
71.5869806025589
-11.189019397441
14.536980602559
36.9969806025589
16.7369806025591
65.6729806025589
75.4289806025589
19.764980602559
83.1489806025589
-10.8530193974409
7.8769806025591
58.2489806025589
21.3589806025591
34.6989806025589
57.5309806025589
46.1929806025589
11.7049806025592
40.2929806025589
33.1409806025589
37.5209806025589
-5.08901939744069
59.3509806025589
-19.5990193974408
74.3969806025589
39.2849806025589
27.678980602559
-5.9210193974409
48.5269806025589
18.920980602559
22.630980602559
-7.49101939744099
-6.929019397441
-0.181019397440991
-32.3150193974411
-37.9870193974411
6.8029806025589
-6.00501939744109
-65.187019397441
-1.40101939744109
-29.3350193974411
-17.801019397441
-70.869019397441
4.66698060255901
-14.583019397441
-10.495019397441
-5.83901939744109
-5.83901939744109
-15.2350193974411
-12.2850193974411
12.8469806025589
14.4709806025589
-22.5910193974411
9.9569806025588
-52.3330193974412
-10.5310193974412
17.8989806025588
-59.5630193974412
3.8849806025588
-8.3070193974411
-42.0070193974412
8.39298060255881
-48.9350193974412
-2.38301939744109
-23.527019397441
0.0849806025589004
24.2089806025589
-40.0890193974411
18.996980602559
72.4429806025589
9.86298060255911
66.8189806025589
-42.7170193974406
6.4869806025594
33.0949806025589
16.8069806025594
16.3049806025594
-23.1850193974406
-18.6930193974406
5.9429806025594
-10.0230193974406
24.3109806025594
9.76898060255931
-9.04301939744069
-19.8970193974407
-34.6270193974407
50.6309806025589
34.3469806025589
-72.7010193974406
43.4129806025589
40.2649806025589
-7.63501939744069
-5.9950193974407
-57.2730193974407
26.3749806025593
81.0929806025589
28.2789806025592
-37.0190193974409
-55.7110193974408
-55.9350193974409
-55.0850193974409
-65.5890193974408
65.2589806025589
22.3089806025592
-13.2050193974408
33.6509806025589
43.2469806025589
18.9229806025588
10.6349806025588
5.0529806025588
28.4429806025589
13.3409806025588
80.4349806025589
-5.1150193974412
57.0209806025589
21.1209806025589
4.6889806025589
-46.4190193974411
42.1289806025589
40.1769806025589
36.9629806025589
29.2909806025588
44.9769806025589
11.0709806025589
-3.4990193974411
-10.8670193974412
-55.1890193974411
-83.9270193974411
0.724980602558901
-9.47301939744099
2.76498060255901
-18.749019397441
26.1969806025591
-5.24101939744089
17.9889806025591
-7.7190193974409
-43.5370193974409
-26.669019397441
-7.8850193974411
-19.1330193974411
-60.5430193974412
-103.503019397441
-61.1170193974414
-30.9870193974414
-31.3810193974413
-13.3270193974413
-4.7810193974413
-45.1150193974414
-45.3770193974414
-61.0430193974415
-41.6410193974415
25.3109806025586
29.9609806025579
18.8949806025584
-33.3930193974416
75.5529806025579
-5.3470193974416
-7.99901939744159
-2.31301939744159
38.0249806025579
27.1989806025584
44.1229806025579
-32.6890193974416
-46.4870193974416
29.9449806025579
37.9229806025579
11.5469806025584
-28.8650193974416
-50.2210193974416
12.5469806025583
-9.3170193974417
-92.6010193974417
-87.1570193974417
13.3229806025583
-35.4130193974412
30.4849806025589
91.7909806025589
-68.3750193974412
-62.4790193974412
-16.7310193974412
24.6809806025587
-6.5290193974413
35.2849806025589
-17.8750193974415
32.6309806025589
-79.8090193974414
-85.5130193974413
-71.6470193974412
-57.8390193974412
-22.8950193974413
-46.9270193974413
21.2529806025589
-47.4030193974411
38.9109806025589
19.2229806025588
-10.7450193974412
3.4869806025588
2.0849806025588
54.0169806025589
20.6209806025588
23.5089806025589
62.5329806025589
15.1069806025589
-38.7270193974411
34.8029806025589
-9.4950193974412
61.4669806025589
33.6289806025589
49.9429806025589
108.046980602559
34.0669806025589
64.2529806025589
29.0249806025588
75.6529806025589
81.9989806025589
-22.8910193974412
26.150980602559
-39.6790193974411
-63.6170193974411
36.8029806025589
61.3769806025589
52.6749806025589
43.1109806025589
34.1149806025589
-4.0310193974412
32.6249806025589
-2.8190193974412
31.8309806025589
-8.17301939744129
18.9189806025586
18.9289806025586
3.88098060255871
69.8529806025589
113.926980602559
19.4369806025587
19.4369806025587
19.4369806025587
77.0649806025589
77.9249806025589
14.4809806025587
74.2889806025589
50.4829806025589
29.1509806025587
33.6109806025589
54.8209806025589
17.2469806025587
-53.2890193974413
18.3989806025587
-0.547019397441289
-59.4870193974413
88.7509806025589
-18.0990193974413
16.5589806025587
-7.19501939744129
28.8909806025589
-48.8190193974411
63.1029806025589
8.5049806025589
53.3809806025589
25.7269806025588
-69.6530193974411
100.424980602559
-90.0350193974411
-83.2290193974411
5.10098060255901
16.0189806025589
33.2089806025589
45.3769806025589
-138.417019397441
-138.417019397441
-90.5210193974412
-36.8010193974413
-1.60101939744129
55.9609806025589
36.7909806025589
-19.1430193974413
77.4169806025589
-9.8710193974411
10.9169806025589
-48.4570193974412
6.7509806025589
4.542980602559
49.1529806025589
259.028980602559
271.264980602559
55.0589806025589
84.3629806025589
69.4009806025589
28.7009806025589
-47.9270193974411
7.4929806025589
-40.2990193974411
58.4409806025589
75.9609806025589
58.6649806025589
-49.1710193974412
3.2449806025587
27.2109806025587
17.6529806025587
128.142980602559
51.3089806025589
96.1329806025589
51.4089806025589
-0.581019397441395
98.9109806025589
64.0109806025589
