30.3943995372161
-28.2956004627839
20.336399537216
19.758399537216
22.0163995372161
-0.213600462783923
2.39839953721608
-18.0816004627839
-89.8756004627839
-75.0036004627838
0.372399537216182
-73.4556004627837
-25.1416004627837
-32.8236004627837
9.47439953721628
0.83039953721628
13.2543995372162
11.1483995372163
-37.203600462784
-26.1436004627841
4.26439953721588
3.18839953721588
-37.6116004627841
-30.2396004627843
15.2523995372155
-12.7036004627846
-30.1876004627847
-48.8896004627847
5.10639953721508
45.9903995372147
-34.2556004627847
-60.7536004627847
-34.5836004627847
21.5643995372154
3.52639953721538
-51.0276004627845
-37.8936004627845
-22.2816004627844
-22.2816004627844
-37.4876004627842
-19.9536004627842
-54.8816004627843
-52.1296004627843
-89.3296004627844
-28.6236004627842
-23.2096004627842
-38.9256004627842
-4.58160046278422
-23.0476004627841
-4.67360046278412
11.9803995372159
-33.0316004627841
-38.6056004627842
-2.71160046278422
-43.7476004627842
-40.6456004627842
-17.3736004627842
27.2023995372157
-52.6556004627843
-54.6516004627843
-70.2896004627842
-25.7876004627842
-58.0536004627842
-42.4496004627843
-24.8876004627844
18.6123995372155
-8.45360046278462
-11.8596004627846
11.6063995372154
-8.07760046278462
-90.4776004627846
-90.1576004627846
44.2383995372155
-26.3196004627843
22.0603995372156
-54.5676004627844
-54.5676004627844
-79.2276004627843
27.8163995372156
77.3543995372157
42.1343995372156
33.0323995372155
21.3283995372155
41.2183995372154
38.8623995372152
9.10839953721528
-4.25760046278472
43.7783995372153
32.6643995372154
-8.24760046278462
-111.773600462785
-87.5276004627845
-36.7936004627845
-20.9376004627846
-43.6476004627846
-56.8276004627847
-57.8536004627846
-51.5396004627843
-72.1596004627844
-53.1516004627843
6.00639953721568
1.96439953721568
-7.17960046278442
2.75839953721558
4.90239953721568
-10.8996004627842
-38.6696004627843
28.0103995372157
41.1403995372157
16.2303995372157
-14.8996004627844
-18.7776004627843
-6.59160046278432
18.0963995372157
11.0743995372158
0.242399537215881
44.724399537216
3.32039953721588
-17.929600462784
21.942399537216
12.544399537216
36.114399537216
48.3023995372157
-25.233600462784
4.14439953721608
-76.729600462784
-8.05560046278402
-32.8676004627841
10.9743995372158
17.2443995372159
62.0543995372157
41.246399537216
7.73239953721588
73.3423995372157
71.7323995372157
-2.97360046278432
-50.2016004627843
-58.8656004627842
44.3243995372158
37.6623995372158
3.98439953721588
38.0743995372159
44.7023995372158
20.2623995372159
78.8083995372157
28.6163995372158
-27.9156004627842
48.2903995372157
-21.9176004627842
61.0663995372157
12.1403995372156
76.6563995372157
33.0883995372157
60.5983995372157
64.6663995372157
-9.40160046278442
-4.90760046278442
-17.1016004627844
28.6543995372155
13.7123995372155
45.7743995372157
36.9983995372156
12.5663995372156
4.42639953721558
17.7083995372156
15.3363995372156
42.1343995372156
39.4643995372156
5.79439953721558
53.4623995372157
0.354399537215478
-25.2216004627845
-1.18360046278452
8.95439953721558
14.2443995372156
9.54239953721568
3.38039953721568
46.1403995372157
31.0643995372157
28.0643995372157
-4.20360046278432
31.1743995372157
25.0523995372157
28.4383995372157
-90.1056004627843
-77.7396004627843
-45.9336004627843
43.2583995372158
-9.45960046278432
24.8903995372158
-32.6036004627843
-13.7836004627843
-16.5856004627843
23.2263995372157
0.608399537215682
1.73439953721558
-35.0256004627843
-5.88960046278432
-39.807600462784
-36.061600462784
15.402399537216
34.668399537216
-7.38360046278412
32.438399537216
27.3783995372162
-5.80160046278382
13.5043995372162
-24.1936004627838
10.5763995372161
6.91639953721618
-44.7696004627839
2.12439953721618
13.9203995372162
-24.8976004627839
15.1723995372161
14.5223995372162
6.35039953721608
-3.82160046278392
16.6543995372161
5.39839953721608
-23.6976004627839
-46.9656004627839
-12.2176004627839
9.12239953721618
23.5603995372162
-88.8556004627838
-88.8556004627838
-88.8556004627838
-88.8556004627838
-0.633600462783818
-0.633600462783818
-4.32560046278382
-88.5476004627837
2.28839953721638
-39.7496004627836
26.3343995372163
12.7783995372162
24.7743995372161
29.0303995372157
11.0183995372157
30.7163995372157
12.5503995372157
17.1923995372157
29.8043995372156
7.26239953721548
21.4963995372155
-24.6256004627845
36.1383995372155
3.96839953721548
1.98439953721548
28.2343995372155
-40.3376004627845
33.1483995372155
30.7923995372155
19.2523995372155
12.8763995372155
47.4663995372157
36.3383995372155
35.5143995372154
-12.0816004627845
5.02639953721548
26.2323995372156
9.43439953721558
42.3003995372156
7.46239953721548
13.6863995372155
30.5203995372157
26.0843995372157
47.5043995372157
-72.5516004627842
-86.1956004627841
36.4643995372158
44.332399537216
61.6743995372157
49.4643995372157
1.88839953721588
63.5843995372157
38.0503995372157
-54.0176004627842
25.1183995372159
57.1243995372157
41.5783995372159
59.8763995372157
41.1263995372159
-23.4696004627841
-11.4996004627841
60.3343995372157
38.7783995372159
25.4103995372159
7.90039953721578
56.6823995372157
1.36639953721588
46.3143995372157
26.1223995372157
-39.9036004627843
26.1463995372158
28.0763995372158
10.4323995372157
40.8783995372156
46.5203995372157
-25.6456004627844
1.31039953721558
46.4723995372157
54.6903995372157
48.1703995372157
32.7263995372158
44.7923995372159
-30.3736004627842
-4.27560046278422
44.1003995372157
44.3583995372158
76.5483995372157
-33.6356004627841
-79.9376004627842
26.2783995372157
47.9823995372157
4.43639953721568
12.2363995372157
36.9883995372157
2.57639953721568
3.80639953721568
44.8763995372157
-114.381600462784
-56.6196004627843
-112.839600462784
-93.5096004627842
-69.7336004627844
49.3643995372157
39.6223995372156
9.07039953721568
80.7243995372157
-64.6496004627843
-88.0076004627843
75.5723995372157
11.9243995372157
-60.5176004627843
23.7703995372157
25.9143995372158
41.2783995372157
48.7463995372157
61.4323995372157
58.3323995372157
52.3803995372157
41.9143995372157
52.9343995372157
61.9623995372157
50.4143995372157
-4.86360046278412
-31.7236004627841
-65.0836004627841
34.9703995372159
19.8323995372159
32.8883995372159
40.7183995372159
20.8523995372159
20.8143995372159
31.6443995372159
83.2343995372157
45.9283995372157
24.730399537216
71.4543995372157
77.3323995372157
42.318399537216
83.6203995372157
78.9403995372157
77.1363995372157
49.3023995372157
83.3563995372167
8.18839953721618
43.9823995372161
45.1523995372162
91.6643995372167
51.1083995372157
91.3823995372157
63.6363995372157
43.734399537216
66.1243995372157
45.8303995372157
37.6703995372158
50.7223995372157
-29.3636004627843
-1.82960046278422
62.4143995372157
28.4003995372158
-14.5516004627841
-24.6476004627841
5.67439953721588
46.4163995372157
55.3123995372157
21.7483995372159
41.3523995372159
17.2663995372159
0.772399537215883
-34.9396004627842
5.81039953721578
6.08239953721588
52.2503995372157
41.1383995372159
27.3623995372159
21.4703995372159
46.0903995372157
-20.5016004627841
-22.6556004627841
-43.6696004627841
-87.4916004627841
-88.831600462784
-87.5896004627841
-39.9636004627841
-53.4076004627841
-36.605600462784
3.72439953721588
-27.4436004627842
-28.3116004627842
-29.4476004627842
-13.5016004627842
-4.37360046278432
-11.0636004627842
-8.23760046278422
-30.6556004627842
14.4723995372158
18.9723995372156
-11.8556004627846
-4.17160046278472
-0.12760046278472
-22.2796004627847
6.46239953721538
-36.2336004627847
-37.2476004627847
-27.6396004627847
-8.40560046278472
-34.7796004627847
-18.9396004627847
-47.0096004627847
83.9903995372157
73.6343995372157
68.4903995372157
91.7363995372157
15.0303995372154
56.1103995372157
-24.5976004627846
89.6223995372157
-35.3196004627846
48.4123995372157
80.0063995372157
80.0063995372157
54.1123995372157
14.1423995372156
-32.8236004627844
42.8563995372155
20.6483995372156
49.5983995372157
43.9143995372156
4.66039953721568
56.3403995372157
56.9623995372157
30.9903995372156
12.7843995372155
88.1303995372157
27.0123995372155
43.8383995372153
-2.42560046278462
-40.6876004627847
1.10839953721528
29.8623995372153
-12.5516004627847
62.4063995372157
80.1983995372157
18.9123995372153
-42.3476004627847
4.11639953721538
14.6063995372153
1.83639953721538
36.5103995372153
19.5623995372153
-16.9716004627847
-36.0656004627848
-45.0356004627849
-42.9076004627849
-32.3216004627849
-18.7096004627848
-21.0896004627848
7.96639953721528
54.1983995372147
9.69239953721518
-1.69160046278472
0.170399537215182
-19.1736004627849
44.5443995372151
36.6183995372151
33.6083995372151
-12.9656004627849
-10.729600462785
-14.545600462785
-20.9556004627849
24.8863995372151
6.03039953721508
-42.4136004627848
16.2943995372151
-4.02760046278492
36.2683995372152
0.340399537215077
42.0163995372151
5.81439953721498
-4.49960046278502
31.108399537215
-31.6936004627846
3.01239953721528
1.55239953721528
35.0823995372153
31.3963995372154
-5.17160046278462
31.4803995372153
-2.15960046278482
0.320399537215081
2.47639953721508
48.8403995372147
20.9803995372153
38.2883995372155
5.25639953721548
-12.7576004627845
-6.74960046278462
20.9963995372154
-3.57560046278452
3.50439953721548
-59.1316004627845
39.5623995372155
5.44239953721558
-42.3296004627844
-5.00360046278442
28.5883995372156
11.8403995372158
-14.9836004627843
13.4703995372157
-48.8576004627843
-9.68160046278422
25.6443995372157
-9.44560046278412
-4.15360046278422
-16.5216004627843
-49.7376004627844
-71.6556004627847
-20.3896004627847
-37.8536004627846
-67.1936004627846
-37.7696004627845
13.2923995372156
-69.2156004627845
-94.3376004627845
-52.4356004627844
7.20439953721558
-0.769600462784418
-25.6796004627844
-42.7336004627844
-44.1796004627843
-36.1696004627844
-68.1836004627845
-61.1656004627846
-34.4736004627846
-17.9956004627845
24.2023995372154
4.87239953721528
-28.0036004627846
18.0343995372154
10.9763995372154
5.82039953721538
0.828399537215383
-13.7796004627846
-23.5116004627846
-24.3976004627845
15.2203995372156
-23.8836004627844
24.3623995372157
4.85439953721578
37.3263995372156
-6.09360046278442
-6.09360046278442
5.89639953721568
15.7883995372158
16.2963995372158
23.9343995372158
24.8983995372158
-49.6876004627843
-49.6876004627843
-49.6876004627843
-40.1916004627842
85.2963995372157
-49.1776004627844
-45.5016004627844
-45.6116004627843
-29.8676004627843
-18.1716004627843
37.4983995372157
21.5523995372157
54.8203995372157
7.57839953721578
19.0303995372163
-1.36360046278372
-25.0916004627838
-33.3336004627837
22.5703995372163
-60.1496004627838
-63.9676004627839
7.60439953721618
-58.665600462784
34.0743995372161
20.972399537216
-22.833600462784
-10.271600462784
-7.72960046278402
3.01839953721608
-14.2636004627839
19.2423995372161
7.57839953721618
-39.8596004627838
19.7583995372162
-20.7356004627838
-40.0956004627837
13.2823995372165
-1.15560046278352
25.1403995372165
8.14239953721658
-20.0776004627835
-23.7216004627834
-18.3836004627834
18.4903995372165
-3.73760046278352
-5.35960046278352
-6.91560046278352
26.9003995372165
-0.979600462783516
2.91639953721648
17.9523995372164
-13.8656004627835
-40.5076004627835
-20.9996004627835
-22.6296004627835
-28.3056004627834
24.5623995372166
20.6023995372165
-13.4596004627835
16.7823995372165
-20.9056004627835
-1.13760046278362
-41.5616004627836
-6.68560046278362
-30.5156004627836
2.62839953721628
-44.0496004627837
-2.46360046278382
-26.2576004627843
-18.3776004627843
-12.0296004627843
-55.0276004627843
10.7283995372157
-33.5716004627842
11.4743995372158
33.1823995372157
2.80839953721568
18.9183995372157
12.0403995372153
12.6663995372155
-10.6076004627845
-39.7136004627845
-45.0896004627844
-39.4556004627844
31.7583995372158
16.9043995372155
-37.4296004627845
22.6983995372158
5.67639953721578
-31.2976004627841
-13.8836004627841
18.6523995372159
-21.3756004627842
23.5403995372158
-22.1036004627842
-34.2976004627842
-11.6216004627842
11.9263995372158
5.31439953721578
24.1543995372158
24.1543995372158
15.7443995372158
-32.4516004627842
23.3623995372158
32.3123995372158
10.4903995372158
16.1203995372158
-6.51960046278432
29.5123995372157
-23.0776004627843
-38.2316004627843
-3.25760046278412
-13.145600462784
-27.163600462784
-43.8316004627841
-37.6996004627841
26.1363995372159
-1.05760046278402
31.4003995372159
34.0203995372159
-15.3756004627843
-62.4596004627842
-37.3916004627843
-63.1416004627843
38.8683995372158
-23.2156004627842
9.91839953721578
18.9303995372158
-39.6896004627843
35.6843995372157
-28.9976004627842
-11.4756004627843
-20.5416004627843
18.7023995372157
12.8643995372158
13.3023995372158
-29.0276004627842
-22.6356004627842
2.65439953721578
25.8523995372158
14.7243995372158
20.8563995372158
29.6263995372158
-14.8576004627842
-51.4956004627842
26.5063995372159
5.87639953721568
9.88239953721568
4.41439953721558
42.6443995372156
-17.4356004627844
18.8703995372156
28.1403995372157
-7.85960046278412
5.05839953721608
-29.2516004627838
1.24839953721618
8.37639953721628
-16.9756004627837
-32.1936004627838
43.5583995372162
-18.5816004627837
26.934399537216
19.494399537216
-38.043600462784
31.366399537216
-1.85360046278402
-25.637600462784
-2.64560046278402
6.39039953721598
-34.319600462784
0.196399537215981
27.7643995372161
-25.181600462784
35.506399537216
-45.7556004627839
-54.1156004627838
17.1603995372162
25.2463995372163
27.3503995372164
32.4523995372163
-17.5216004627837
9.95039953721619
1.14239953721608
-33.3196004627839
23.5723995372161
27.196399537216
0.850399537215978
-7.28960046278412
-17.565600462784
29.0783995372158
-9.27960046278432
18.3643995372158
39.8763995372159
14.6483995372158
20.9423995372157
-10.4076004627842
3.86639953721578
-25.5536004627841
23.6643995372158
37.7103995372159
9.22639953721588
-9.17760046278392
-9.43360046278402
-36.233600462784
-9.14160046278402
22.458399537216
-2.79160046278402
-45.101600462784
9.59439953721598
8.97039953721598
27.724399537216
0.750399537216083
0.750399537216083
-26.623600462784
-19.9036004627839
-11.3016004627839
23.5103995372161
-23.211600462784
12.538399537216
-12.805600462784
9.55639953721588
1.89839953721578
1.89839953721578
-16.9556004627842
-34.9636004627841
-3.64960046278412
-15.9956004627841
-51.8776004627841
20.1963995372157
38.4603995372158
1.75839953721578
-46.0636004627844
-4.37760046278442
-23.5896004627844
-23.5896004627844
6.81839953721558
-14.5976004627844
-12.4916004627844
2.33839953721548
25.2523995372154
24.5943995372154
-6.47160046278452
-10.2736004627845
16.9483995372155
1.47039953721538
-6.71760046278462
-64.9516004627847
-64.6436004627847
0.318399537215178
9.95639953721528
-42.4096004627847
22.6283995372153
7.97839953721518
-2.73760046278482
1.22839953721518
27.5263995372152
37.0203995372152
-5.06160046278492
-45.3696004627849
16.5243995372152
16.2863995372152
-22.9336004627849
-11.8356004627849
-58.9076004627849
24.7203995372152
14.7663995372152
8.86839953721508
-0.955600462784922
14.7323995372152
12.4023995372151
-24.8936004627849
-14.0596004627849
18.806399537215
22.122399537215
-13.463600462785
-3.62760046278492
33.1883995372151
24.2463995372152
-25.1016004627848
10.6083995372153
-27.4596004627846
9.73639953721538
18.9023995372154
-19.0176004627847
-19.0176004627847
-21.7436004627847
-49.4116004627848
-1.59760046278462
-11.9196004627845
22.3723995372154
-11.8096004627845
10.4463995372156
1.35239953721558
-7.00560046278442
-27.0616004627843
31.0843995372156
28.0363995372156
-33.1056004627844
-17.8636004627844
