-20.9004134736845
72.8275865263159
55.1115865263159
75.8875865263159
42.3215865263155
88.0655865263159
64.0755865263159
65.8075865263159
37.6095865263156
62.4595865263159
66.2195865263159
67.0455865263159
54.9515865263159
120.211586526315
105.663586526316
32.6895865263156
7.70358652631558
11.4775865263155
21.9175865263155
16.4135865263156
26.1275865263157
-35.8144134736843
-69.3324134736844
-27.7364134736842
-25.7304134736842
7.02758652631588
-9.68041347368412
-10.3364134736842
48.3415865263159
48.3415865263159
-1.00441347368422
40.0675865263157
-69.6904134736843
-29.3724134736843
-83.9944134736843
-54.0224134736843
-55.1504134736843
-22.7864134736843
17.2015865263157
-42.2544134736844
-77.8324134736844
-64.7184134736844
-64.8104134736845
1.29558652631548
-21.9804134736844
-54.9224134736844
-48.3964134736844
-19.7544134736844
-2.88241347368432
-20.4284134736843
-9.50241347368432
-7.63841347368442
-20.6124134736844
44.1095865263159
-3.74441347368422
-15.5924134736841
-21.152413473684
0.761586526315881
-5.46241347368412
9.94358652631588
43.4175865263159
54.3715865263159
56.2875865263159
54.9195865263159
32.6135865263159
21.2815865263158
12.8595865263158
-23.7424134736842
10.7515865263158
-17.7024134736844
16.3195865263156
15.6275865263156
18.8155865263157
-23.4764134736843
64.0735865263159
47.2255865263159
49.8175865263159
-48.8684134736843
29.7035865263157
49.1715865263159
22.6295865263157
-20.2184134736843
-39.1484134736843
43.0935865263157
-12.5664134736842
-5.79441347368422
59.7375865263159
12.8395865263158
-11.8944134736842
65.8815865263159
65.8815865263159
12.9495865263159
-20.2244134736841
9.52558652631588
55.1155865263159
55.1155865263159
-18.536413473684
-21.3044134736841
49.8435865263159
-28.5704134736841
23.5875865263159
28.3875865263159
-63.5344134736842
-18.0144134736842
4.99158652631589
69.5795865263159
13.6955865263159
39.3255865263159
40.2175865263159
59.9395865263159
33.4435865263159
19.3735865263159
32.8515865263159
64.4375865263159
32.4875865263158
32.4875865263158
7.69158652631578
35.3255865263158
52.4535865263159
34.7175865263159
4.79358652631588
56.1315865263159
47.8615865263159
44.0515865263159
35.6415865263158
42.3995865263158
21.6235865263159
-10.6944134736842
-32.4164134736842
23.5155865263158
-54.0584134736842
-3.64041347368412
1.73158652631588
-19.5424134736841
-33.5684134736841
-6.76841347368402
-44.3264134736839
7.93158652631609
-11.1884134736838
24.9215865263163
14.6755865263164
37.9695865263164
35.6515865263164
52.5355865263159
16.2715865263163
23.2015865263164
24.0455865263164
-52.4624134736837
-24.0884134736837
28.6535865263163
-5.00641347368372
-10.5684134736837
18.7215865263163
-25.9644134736837
5.25958652631628
9.06358652631628
24.4675865263163
9.44758652631628
20.1035865263163
34.4175865263163
28.5435865263163
4.10158652631618
-29.0804134736837
4.36558652631629
17.5315865263163
45.3955865263159
-10.1044134736837
-14.5884134736837
25.9475865263163
-17.4724134736838
-23.0444134736839
-26.1764134736839
-39.8824134736839
10.4695865263161
36.1395865263161
6.27758652631608
4.77558652631598
2.61558652631598
15.5335865263158
10.223586526316
10.735586526316
53.4215865263159
7.33958652631578
27.7455865263158
60.7555865263159
20.8855865263158
3.97958652631579
35.6335865263158
35.8055865263158
45.9835865263159
68.2155865263159
50.1835865263159
24.8395865263159
46.9635865263159
-25.7064134736842
-28.4504134736841
48.7595865263159
27.0415865263158
-33.3824134736841
-22.9564134736842
-29.5624134736842
14.6195865263157
15.9355865263158
-31.0924134736842
-14.0284134736842
12.6955865263159
60.4595865263159
-8.32641347368412
20.3915865263158
17.0995865263159
29.4955865263159
61.5455865263159
13.8815865263159
24.8035865263159
56.5935865263159
10.635586526316
20.367586526316
-20.5164134736839
-84.5744134736839
13.7835865263161
-41.960413473684
26.0775865263159
29.3135865263159
9.93758652631598
24.9235865263161
-9.39641347368402
-53.498413473684
9.68158652631598
-6.59041347368402
-3.28241347368402
-18.930413473684
-18.930413473684
-36.168413473684
-76.072413473684
25.595586526316
36.303586526316
-13.016413473684
-13.066413473684
-72.648413473684
16.5175865263159
2.96358652631598
5.17358652631588
-14.986413473684
16.213586526316
24.829586526316
21.855586526316
10.171586526316
-35.9564134736841
-31.632413473684
61.7255865263159
24.7375865263161
-27.830413473684
8.82558652631608
-11.880413473684
-49.176413473684
-33.836413473684
-5.45241347368402
-41.4564134736841
-3.66641347368412
-81.1864134736842
-32.0704134736843
-20.8384134736842
-59.8704134736844
-2.46841347368431
-65.7564134736844
-30.7964134736843
-12.9324134736845
-8.62441347368442
-4.80241347368442
25.2935865263156
42.0675865263156
-34.9164134736844
-29.7964134736844
-72.5484134736844
28.0135865263155
21.0555865263155
-10.7544134736844
12.8495865263156
-35.6084134736844
-10.9264134736844
32.2855865263156
-19.9964134736845
2.64558652631558
-1.26841347368442
11.4075865263156
68.1615865263159
10.9275865263154
-161.868413473684
-19.5604134736841
-39.8924134736843
-37.0444134736842
-34.8484134736842
-49.9204134736842
1.91558652631578
-24.8684134736843
17.6975865263158
-12.8644134736842
-19.7824134736842
-10.5464134736842
18.7315865263158
6.83958652631578
26.9435865263158
21.4695865263158
26.8875865263158
25.7955865263158
-1.16641347368432
10.1015865263157
-18.9264134736843
15.8715865263157
8.53158652631569
44.4075865263159
19.3015865263158
17.7035865263157
-21.5904134736843
-18.7684134736843
39.5035865263158
39.3415865263158
29.8435865263157
16.6535865263157
26.6095865263157
15.4435865263156
74.6255865263159
65.6675865263159
-13.9504134736845
14.1075865263155
-31.4804134736846
-42.5404134736846
1.53558652631538
-20.8624134736847
-10.0404134736847
-0.72441347368472
14.2135865263153
-6.65041347368471
19.2615865263153
22.3915865263153
20.1755865263153
4.26958652631528
30.6695865263154
-31.2024134736851
-1.03041347368502
15.991586526315
-11.4204134736852
-3.86841347368522
3.44358652631478
16.7675865263148
0.699586526314782
-7.08641347368502
-14.432413473685
19.839586526315
19.8775865263152
-40.1844134736849
-7.24441347368492
-19.2744134736844
14.5555865263158
-5.59241347368412
-10.3624134736841
-23.256413473684
-11.1584134736839
-24.344413473684
-1.67841347368402
-45.942413473684
-26.242413473684
-28.694413473684
-29.7624134736839
-29.7624134736839
-14.172413473684
-39.4744134736839
-48.1264134736839
-35.5564134736837
-17.6064134736835
-27.8564134736836
-27.8564134736836
-15.4644134736836
-17.4684134736839
1.62558652631598
-17.776413473684
-10.404413473684
24.6795865263159
-1.72641347368402
-49.3104134736841
-6.12041347368402
-34.0044134736841
-7.84241347368402
-24.722413473684
2.09158652631598
-26.508413473684
12.073586526316
4.12358652631598
-3.29441347368402
6.21958652631608
6.46958652631608
-24.8064134736839
0.83758652631608
-36.5884134736839
-44.7204134736838
-19.7424134736838
-18.6224134736838
-37.5184134736838
-13.0584134736839
-20.1264134736838
-20.1264134736838
18.9695865263163
-23.3764134736837
11.7795865263162
-16.3784134736839
-47.118413473684
-5.53841347368392
-6.60041347368402
14.415586526316
-2.75441347368392
-38.4964134736839
1.33558652631609
-25.6304134736839
24.7835865263162
22.6295865263162
22.5395865263162
-8.87441347368382
-23.8344134736838
17.8835865263161
-14.2804134736838
2.36558652631618
6.66558652631608
-4.67641347368392
-14.2944134736839
2.87758652631608
-3.36241347368392
-6.47241347368392
16.8195865263161
14.0715865263162
11.1755865263162
-18.0444134736838
11.9275865263161
-48.0664134736839
-38.0324134736839
-26.4584134736839
-43.6564134736839
-5.84241347368382
-10.6524134736838
-7.06841347368382
7.44958652631617
-13.0504134736838
-19.1804134736838
18.5735865263162
2.82358652631628
-7.97441347368372
-7.70641347368372
-20.5584134736836
12.9875865263164
-12.1464134736837
-34.1284134736837
-41.9424134736838
-23.8044134736837
10.6475865263163
-18.8004134736838
-24.7104134736837
-8.97241347368372
-1.17841347368372
-2.35641347368372
-4.12241347368382
0.379586526316182
-15.2304134736838
-27.4184134736838
-10.8724134736837
18.5075865263163
4.16158652631628
-19.4184134736837
2.87558652631618
-2.30241347368382
-23.5344134736837
-39.9624134736837
-30.5724134736839
-10.6224134736839
14.3275865263161
-56.7964134736839
3.03358652631608
-56.0884134736839
-28.0884134736839
1.01558652631598
1.01558652631598
-18.152413473684
-18.152413473684
-28.8924134736841
-25.4244134736841
1.18158652631588
-21.8264134736841
-36.536413473684
-23.8064134736841
-17.3024134736841
-24.744413473684
-29.630413473684
-15.974413473684
-9.33641347368392
-9.33641347368392
-31.5224134736839
-8.90441347368372
-19.2464134736838
-0.946413473683819
-15.2884134736838
-26.0684134736838
-10.1044134736838
15.2915865263162
-14.4784134736838
-1.87841347368382
-13.7344134736838
-20.5504134736838
-14.0544134736838
-15.4904134736839
-3.21241347368392
-23.7784134736839
-32.0004134736839
-21.2264134736838
2.48558652631628
-4.79441347368372
-15.9044134736836
-5.95041347368362
-17.5924134736836
-17.8904134736836
-17.8904134736836
-1.30641347368352
-8.72241347368362
-12.7564134736836
-19.7724134736835
-35.9744134736835
-3.33441347368352
3.75558652631658
-5.90241347368362
-9.21641347368352
-1.01841347368362
8.07358652631638
3.88558652631638
-2.30241347368362
-27.5184134736836
7.28158652631638
10.4075865263163
-26.6624134736838
12.0835865263162
-12.0864134736839
-13.1964134736838
-38.1044134736839
-5.47241347368382
-18.4124134736838
2.84958652631618
-0.216413473683815
-31.1644134736839
-1.06641347368382
-24.3244134736839
-27.2904134736838
-41.0064134736839
-10.4184134736839
-12.5424134736841
-16.6724134736841
-7.30041347368422
-11.2064134736841
-5.63841347368412
10.6355865263159
-9.23841347368412
-23.2284134736842
-12.8544134736841
-17.6164134736841
-36.7104134736841
-8.69641347368402
-24.988413473684
19.653586526316
-10.990413473684
-9.41641347368402
10.175586526316
-19.584413473684
-31.0884134736839
9.94958652631608
-11.742413473684
10.499586526316
-21.536413473684
1.67758652631598
-1.56841347368402
9.48958652631588
-36.0964134736842
-10.7844134736842
0.71358652631578
9.37158652631579
-23.1124134736842
-13.8824134736842
-7.71441347368412
-32.7384134736841
-13.8964134736841
-46.0724134736842
-26.1384134736841
-3.70041347368412
-14.7824134736841
-29.1404134736841
-15.4144134736841
6.28758652631588
-1.82241347368402
-5.83441347368422
-2.90641347368432
-33.4384134736843
3.73758652631558
-33.7644134736844
-6.60441347368442
-29.3584134736844
9.85158652631538
26.7635865263156
-6.44241347368432
-17.0044134736844
23.2895865263156
17.0355865263157
0.0775865263156845
-2.94041347368432
-23.6364134736843
-23.6364134736843
-8.27241347368432
-21.0264134736842
19.1775865263158
19.1775865263158
-30.4864134736843
13.8635865263158
27.3495865263156
-16.8144134736843
12.8575865263157
10.6695865263158
-9.65241347368412
-12.6824134736842
-32.1824134736841
-44.1644134736841
-56.9944134736842
-45.6664134736842
-2.11241347368432
11.1375865263158
-27.0364134736842
-15.3544134736842
-9.90041347368422
-26.5224134736844
-20.9924134736843
-60.0984134736845
-19.5784134736845
-35.8244134736845
6.48558652631538
-5.52641347368472
-14.7424134736847
19.7615865263155
-17.6684134736844
17.0715865263156
-32.8404134736844
-2.30041347368442
-14.2684134736844
2.84758652631558
-27.1444134736844
-10.8544134736845
-8.71441347368442
-11.6084134736844
-33.0204134736845
9.40958652631549
-21.8524134736845
-20.0884134736845
20.1215865263156
-8.03441347368442
-26.3704134736844
2.82558652631558
-6.50641347368432
-55.8664134736843
-13.2844134736843
-12.7224134736844
-17.4564134736844
-39.8004134736844
-39.8004134736844
-46.0004134736845
-11.5464134736846
-18.8284134736846
-1.87841347368452
1.31758652631538
-31.7904134736846
4.31358652631538
-51.2784134736848
-0.706413473684719
-19.0704134736847
-8.59041347368452
-33.6584134736844
-0.0284134736845161
-13.4984134736844
-19.6124134736845
-21.8784134736844
-0.550413473684415
-15.5804134736845
-1.22241347368462
-15.4004134736846
-13.8444134736846
-8.98441347368462
-30.5184134736846
6.53958652631538
-29.9144134736846
9.97958652631538
-38.8104134736846
14.9355865263154
-11.4644134736845
8.34358652631538
-11.0744134736846
-38.6924134736846
-13.1744134736845
-26.1944134736846
1.68958652631538
-33.3844134736846
-4.39041347368462
-29.0784134736846
-29.5324134736845
-11.1504134736845
-20.2564134736845
1.79758652631558
18.8475865263157
7.62958652631568
-13.5444134736842
-40.0004134736843
2.11158652631568
22.6955865263158
20.3895865263158
-7.41841347368422
-2.70641347368421
-38.0104134736842
6.67158652631579
-10.3244134736843
22.1435865263157
-12.3204134736843
24.3155865263158
-23.954413473684
-25.936413473684
-4.42641347368401
-9.17041347368392
-14.9564134736839
6.15958652631598
20.5235865263159
-1.01641347368412
-2.68241347368412
-49.6324134736841
-27.296413473684
-20.2904134736841
-5.53641347368412
10.2275865263159
-13.392413473684
-19.202413473684
0.695586526315878
-20.558413473684
-7.27441347368412
-29.3004134736841
-15.6224134736842
17.6655865263158
-10.2664134736843
-31.2364134736843
10.0075865263158
-33.8164134736841
-11.7544134736842
-12.3964134736842
-13.4644134736843
-9.67041347368442
-3.78641347368442
16.8955865263156
-5.29241347368442
9.24758652631548
-51.5864134736845
-41.6224134736845
-41.6224134736845
-46.5824134736844
-9.09441347368442
-24.6304134736847
-31.8784134736847
8.00958652631528
-9.29641347368472
14.5935865263153
-0.940413473684821
21.4835865263151
-12.8824134736848
-10.7044134736848
23.3895865263152
-32.6664134736849
13.2515865263151
1.85158652631508
-16.2824134736849
-27.9244134736848
-27.2724134736848
-1.17841347368472
-8.49441347368482
30.8195865263151
2.77558652631508
-0.756413473685015
-21.3244134736848
-8.29641347368482
18.1315865263151
4.88558652631518
-10.8304134736847
-36.9904134736847
-1.52241347368471
12.6695865263154
-13.5044134736846
-4.54041347368472
-28.6224134736847
-5.75841347368472
-21.0044134736847
-0.0604134736847186
-37.5044134736845
-16.2164134736843
-37.4804134736843
4.91758652631568
-23.5284134736843
-26.9644134736844
-1.86441347368442
16.1835865263156
-43.1824134736844
-13.1144134736844
-19.1084134736844
-3.10441347368442
-34.8084134736843
11.9415865263157
-20.6624134736844
-6.97441347368442
-3.87841347368432
-27.6084134736844
-8.75641347368442
-3.30841347368442
12.9455865263155
