4.37677790926524
-11.2992220907348
24.4307779092651
67.0087779092652
110.160777909265
88.1107779092652
61.8147779092652
69.1527779092662
59.2787779092662
78.6407779092662
86.9227779092672
88.6807779092682
93.6947779092683
120.434777909269
104.450777909269
101.162777909269
106.566777909269
42.5327779092702
-14.7492220907299
16.5027779092701
8.34877790927015
26.0647779092701
15.1747779092702
64.3167779092702
-1.23322209072985
30.6167779092701
30.6167779092701
57.7307779092702
42.1827779092701
33.5687779092701
39.7027779092701
51.04677790927
-42.2392220907299
-34.3192220907298
-9.69522209072966
-3.90522209072965
-32.6132220907296
-33.6972220907296
1.88077790927044
0.764777909270343
2.30877790927045
2.30877790927045
-25.1452220907295
-9.81722209072955
-1.45722209072965
-1.88122209072966
15.5887779092703
14.3867779092703
-43.3172220907296
36.4907779092703
-34.7912220907296
11.6047779092703
-16.6752220907296
26.6287779092703
30.8867779092705
28.5187779092703
-4.06322209072965
20.4307779092702
22.3287779092703
-5.42722209072976
21.4047779092704
19.4447779092699
2.04477790926985
19.6707779092698
25.5287779092697
62.5647779092692
-2.15322209072986
-3.04922209072986
22.2787779092702
-49.8012220907298
-49.8012220907298
-49.8012220907298
-49.8012220907298
33.3427779092702
-2.69722209072965
6.00277790927014
-71.7172220907298
-1.77122209072986
-22.8452220907299
39.5667779092701
17.0527779092701
-4.18522209072995
10.4707779092702
26.2787779092701
70.8547779092702
7.14277790927004
-29.3272220907298
0.896777909270149
9.84277790927025
14.9147779092703
0.380777909270243
-33.6052220907297
1.99677790927045
-8.99122209072925
-8.99122209072925
-13.8052220907295
-39.0152220907294
-61.1512220907293
0.782777909270848
12.3527779092704
-13.4812220907299
-25.73322209073
36.8587779092701
-21.2072220907299
-17.33922209073
13.1047779092701
5.29277790927014
8.44277790927015
-5.97122209072985
31.7127779092702
32.8107779092702
-17.5512220907298
-7.30522209072966
2.60877790927024
-25.1552220907299
18.6587779092702
30.1847779092704
21.9847779092703
10.0847779092701
36.18277790927
-5.54122209072995
-30.11122209073
-1.58122209072985
-10.9712220907298
20.0607779092701
21.3907779092702
21.4767779092702
-23.5472220907297
14.4547779092702
-22.8492220907297
-22.5992220907305
7.69677790926954
33.7787779092697
5.69677790926985
3.10877790926995
14.95677790927
-15.67322209073
1.43077790926995
-13.0292220907301
28.3487779092698
-6.59322209073015
-42.7792220907302
-89.8012220907302
-54.8152220907301
-20.5612220907302
-0.405222090730156
-130.56722209073
-130.56722209073
-130.56722209073
-59.1052220907302
-2.98322209073015
16.7267779092698
36.4667779092699
14.7827779092697
24.0447779092703
14.7167779092702
-4.67522209073015
-66.7972220907299
-19.87322209073
-52.2932220907298
-44.8492220907297
-44.6052220907298
-43.7392220907298
-12.8332220907298
-53.1352220907299
-61.4692220907298
-64.1892220907299
-88.3292220907296
8.23077790927024
-52.1612220907298
-29.9352220907299
-61.9512220907298
-90.7412220907298
-53.7572220907298
10.4627779092702
-2.50322209072955
-26.3992220907295
33.4787779092706
1.77477790927085
-24.7512220907293
-23.3672220907293
31.6267779092707
15.3047779092706
-9.14122209072946
-26.8612220907294
2.95477790927065
-9.63122209072945
-16.6552220907295
67.4427779092702
23.4927779092705
-1.44722209072975
42.71877790927
47.9627779092701
6.44077790927015
34.4687779092699
82.5547779092703
36.3667779092699
31.45677790927
29.97877790927
71.5687779092702
56.1327779092702
72.4587779092702
72.4587779092702
83.1667779092703
52.5627779092699
37.6987779092699
71.1527779092702
68.6987779092702
82.6967779092703
13.3347779092698
2.73277790926974
28.8107779092699
-2.11922209073025
-15.7992220907302
65.0907779092702
0.908777909269944
-5.57722209073005
31.0427779092698
31.0427779092698
12.6167779092698
6.07277790926985
13.6267779092698
-47.0432220907299
15.0647779092698
21.75677790927
-13.8572220907299
-20.31322209073
-52.95122209073
-18.73122209073
-25.7712220907301
-55.0032220907302
52.5307779092698
58.4747779092702
-31.9112220907301
34.08877790927
28.2427779092701
34.9727779092702
25.9587779092703
34.4167779092703
3.25677790927035
12.1787779092703
-9.10322209072945
-25.5612220907297
-3.12922209072975
6.79677790927015
38.9467779092699
65.8307779092702
32.4267779092697
7.20077790927004
40.78077790927
34.63277790927
-32.16922209073
-44.3252220907299
-102.60322209073
-105.83322209073
-87.0832220907299
-59.9792220907301
-25.28322209073
-20.9972220907301
17.4387779092699
25.32077790927
8.29877790927004
-13.9112220907301
20.4187779092697
39.6087779092697
-82.45522209073
4.87877790927005
-39.9312220907299
19.81677790927
10.4167779092701
-23.4472220907298
13.2607779092702
17.4747779092705
-19.5352220907293
-35.1232220907295
-11.0632220907294
35.9407779092707
22.8307779092707
46.8147779092705
1.82877790927065
28.8427779092708
5.92677790927065
11.9967779092708
11.1287779092707
-13.1312220907293
8.78877790927064
30.1407779092706
-42.4832220907294
-58.5252220907294
-31.5392220907293
87.5347779092702
32.304777909271
-20.361222090729
-11.3812220907291
-1.72522209072935
0.450777909270748
9.10077790927055
13.3287779092705
33.9407779092707
-20.9872220907293
-40.1252220907292
-6.25522209072916
-16.5412220907293
-34.6572220907293
-31.3592220907292
-45.4232220907292
-25.0012220907292
-33.6612220907292
-2.83922209072915
-38.727222090729
-118.899222090729
-24.301222090729
-20.777222090729
-10.7992220907289
10.9787779092708
-15.6332220907293
-41.1592220907291
6.71477790927074
-2.32922209072925
35.9427779092708
-15.1692220907294
-5.65322209072976
-35.3692220907297
-27.9312220907298
-51.8252220907299
-17.7932220907299
-42.1332220907299
-29.1792220907299
-15.0852220907299
-2.21922209072996
6.93077790927005
-4.37122209072995
20.94677790927
19.6407779092701
-13.38122209073
20.7287779092701
23.13477790927
21.40877790927
14.26877790927
-24.69922209073
-38.6552220907298
6.38877790927015
-89.2792220907297
-8.06722209072996
3.70277790927005
-13.84322209073
-11.9992220907299
19.4187779092701
-8.44522209072966
9.08477790927004
-8.61922209072976
-35.5692220907292
-37.4912220907291
-23.7972220907293
-2.56922209072945
-13.4412220907281
-0.563222090728054
1.99077790927195
-29.4192220907282
16.1487779092719
-0.129222090728156
-0.129222090728156
-9.74322209072805
5.24877790927184
-41.8052220907281
-33.0172220907281
-28.5552220907282
9.67277790927194
17.3207779092719
2.76477790927195
10.8527779092719
34.6147779092719
-3.25922209072815
35.3927779092717
-27.3112220907285
-4.54122209072825
5.11077790927175
-3.98722209072825
12.8227779092719
-10.305222090728
-6.49322209072795
26.0607779092716
33.2847779092709
8.87877790927055
-16.4392220907298
-17.5032220907297
-17.7852220907298
-2.43122209072956
-27.6172220907296
-49.0832220907296
-4.16922209072965
46.6427779092704
9.11077790927035
21.4867779092703
16.8187779092703
6.70877790927035
-8.95922209072965
-26.5812220907297
-16.5472220907297
-39.8932220907298
-25.5632220907299
39.5147779092703
7.01477790927014
-32.50122209073
-36.1412220907301
-59.4732220907301
-66.6592220907301
-11.6272220907302
16.8227779092697
14.4947779092699
-18.05122209073
-2.14722209072976
18.7047779092701
-11.0052220907296
-55.7452220907295
-34.4052220907295
-24.9432220907294
-0.851222090729557
-11.8472220907297
13.4547779092705
18.2067779092704
18.2067779092704
-35.6632220907295
-4.88522209072936
6.04877790927055
-10.2152220907295
-17.1172220907293
-54.2432220907292
-52.3652220907292
-36.1132220907291
-32.2452220907291
1.55877790927075
-19.909222090729
-31.253222090729
-11.2032220907292
-37.3772220907289
20.2487779092711
3.96477790927115
4.14277790927115
26.4847779092711
-2.91722209072886
24.2227779092712
17.1527779092711
26.9567779092712
-1.43522209072916
-15.1352220907292
7.20877790927074
13.9627779092706
35.6107779092707
-8.69122209072906
-18.3912220907293
-21.3252220907294
23.4887779092707
58.7227779092702
14.7967779092706
-23.94522209073
-35.32522209073
-37.9212220907299
-5.51322209072976
-13.79522209073
2.10877790927015
12.61277790927
-12.9612220907299
2.09277790927015
15.9627779092701
36.0487779092701
1.63077790927024
-22.9592220907299
18.5607779092701
10.8867779092703
-22.4052220907295
-24.4512220907296
16.8267779092705
2.04677790927025
-34.7412220907298
11.2867779092704
-10.9712220907296
-0.0852220907293528
-29.8232220907294
-16.8972220907295
3.64877790927135
-20.3712220907289
-9.14922209072886
-7.12122209072876
28.0407779092713
-3.42522209072865
-3.74522209072875
-4.86522209072876
20.2267779092712
-5.09122209072886
33.2827779092711
42.5067779092712
-12.373222090729
-3.35922209072896
-35.123222090729
2.00877790927095
-1.12322209072895
-0.765222090729054
-63.715222090729
-38.4712220907291
-12.1472220907292
-20.2612220907291
0.918777909270645
9.46077790927065
24.8127779092709
-5.81122209072905
-16.2132220907292
-11.5232220907291
-16.7032220907292
-8.03122209072915
22.7027779092709
-21.1312220907291
15.7127779092709
-9.78122209072915
-31.4872220907291
-23.9832220907291
2.85077790927105
-18.4132220907289
-22.3592220907288
-23.0152220907289
-0.265222090728855
-22.7132220907289
2.21277790927115
-27.8192220907287
-24.4512220907287
-29.9832220907286
-21.7072220907285
-49.3392220907287
-7.44522209072856
-53.0632220907283
-88.0372220907286
-37.8092220907285
-72.4332220907289
-45.0672220907292
-60.9472220907298
-37.4692220907297
-68.5452220907298
12.4847779092702
6.90477790927034
-14.4152220907298
-18.0972220907299
19.8127779092701
9.87677790927005
0.800777909270145
35.5907779092701
44.9347779092703
-9.81922209072985
-34.3112220907299
11.7127779092701
19.65677790927
14.5827779092702
21.7687779092702
20.0587779092702
56.4227779092703
11.9707779092702
26.3607779092703
10.0227779092702
12.7847779092703
21.4087779092702
16.1407779092703
28.5327779092703
57.9167779092703
12.9327779092701
4.24277790927015
-26.2412220907299
-5.64322209072965
-17.8692220907293
-20.4212220907292
-30.9552220907292
-39.3252220907291
19.6007779092708
-53.049222090729
-27.5372220907291
-33.6912220907291
-44.4652220907293
-37.0012220907293
-27.4832220907293
-13.2112220907292
8.62477790927085
-4.06322209072935
-28.5292220907293
-28.0972220907297
-6.00722209072956
-6.00722209072956
15.9987779092702
63.1607779092703
-42.1812220907296
-63.4772220907297
-34.8192220907293
5.14277790927075
-6.67322209072945
30.3207779092706
-52.0892220907298
-18.9472220907299
17.96477790927
-2.96322209072976
0.552777909270148
-6.62922209072975
26.7527779092702
40.7087779092702
52.1907779092701
33.8847779092702
12.6507779092702
48.4187779092701
52.5627779092701
61.4507779092702
36.1687779092701
16.2947779092702
1.42477790927035
26.2927779092702
44.1247779092704
73.8067779092703
1.98077790927034
17.9847779092703
-10.6392220907297
13.6607779092703
13.5567779092702
32.0087779092704
29.0287779092704
28.6407779092703
16.44277790927
8.46677790927035
24.1307779092704
-9.78522209072955
-16.2412220907297
-36.6612220907296
26.8707779092703
-55.5772220907296
23.3747779092704
-42.9352220907297
3.06677790927034
9.21477790927015
-8.57522209072975
29.9107779092701
1.31877790927015
-84.9332220907299
-7.32922209072986
18.0567779092701
-23.56322209073
-23.19322209073
-10.8112220907299
-46.36522209073
-14.59922209073
39.7227779092702
-67.3812220907295
-20.1512220907294
-7.84522209072995
-10.5472220907298
4.25877790927024
-14.7052220907299
-39.1712220907299
-35.8332220907299
-22.3052220907299
14.7467779092703
15.5287779092702
54.2587779092703
57.2007779092702
-48.7872220907297
19.7087779092703
-17.5552220907297
6.96477790927045
35.5567779092704
-41.2992220907298
-48.0472220907298
-1.58522209072986
-3.33722209072985
-14.78122209073
13.8467779092701
45.4527779092701
48.1607779092701
46.6887779092694
44.0947779092697
41.3367779092695
48.5247779092694
31.1427779092694
-43.8432220907305
24.4927779092695
-23.1692220907299
-26.5932220907299
-14.71322209073
8.49477790927005
35.34077790927
-51.95522209073
-20.35722209073
28.8747779092702
20.7947779092702
-14.8992220907298
12.3847779092702
-29.4812220907299
-65.7892220907299
-26.7632220907297
26.1947779092703
19.1467779092704
-3.24122209072956
-35.9732220907296
-37.3812220907296
7.59277790927045
-52.3532220907297
-32.1792220907297
28.9027779092705
5.37477790927055
-81.3412220907296
-81.3412220907296
-37.7372220907297
-16.3732220907297
-41.4472220907298
-38.5052220907299
-34.8032220907304
-14.1012220907302
-8.77322209073026
-7.32722209073055
74.9807779092693
20.0587779092695
60.7927779092692
31.9247779092696
51.0047779092696
57.7427779092693
76.4607779092692
62.7007779092692
-15.9072220907305
24.8507779092695
9.48477790926975
12.0747779092697
43.7087779092696
38.3087779092696
37.7027779092696
52.0947779092698
12.9067779092697
37.9747779092698
-12.3572220907302
56.5747779092702
-5.06722209072996
8.61877790926994
8.32077790927055
0.362777909270449
31.3007779092706
-11.0352220907295
-24.7152220907296
6.76077790927044
-35.9392220907298
39.9607779092703
-39.1252220907299
-47.9412220907298
1.02477790927014
-80.2352220907298
-50.3672220907297
-47.3852220907297
1.26477790927034
-59.5392220907294
-32.3632220907295
-4.45322209072945
-23.5212220907292
4.62277790927104
17.028777909271
3.42677790927105
0.0947779092710448
42.044777909271
7.44877790927114
13.9287779092711
11.5647779092713
9.28877790927125
30.1987779092714
6.96877790927125
-33.5792220907286
-43.9792220907284
7.76277790927155
-56.0352220907286
-53.0752220907285
-11.5492220907286
0.458777909271348
-11.5772220907287
-31.5052220907287
-21.2212220907287
-30.5692220907286
-18.8172220907287
-0.351222090728655
-33.4912220907285
0.638777909271447
-30.3212220907287
6.65677790927145
7.25677790927134
-17.8012220907286
-33.0472220907287
-7.59922209072855
-11.6092220907287
-37.5412220907288
36.1127779092712
1.96077790927094
16.8447779092709
29.268777909271
-16.515222090729
53.012777909271
43.7987779092711
13.9027779092711
42.4827779092707
6.68077790927104
3.57277790927095
-45.181222090729
-19.5792220907292
5.28877790927095
31.2527779092709
11.7807779092708
-35.8472220907291
-18.0672220907291
-14.4172220907291
8.54877790927095
0.188777909270947
-17.1672220907291
-8.43722209072905
-1.53522209072916
-13.6372220907289
-4.38522209072905
-3.59722209072896
-11.731222090729
22.0007779092711
-8.76322209072885
1.28277790927125
-47.6432220907292
-14.6512220907292
-25.9312220907292
-94.5412220907293
-3.59522209072925
-56.4172220907294
