63.1919186413882
86.4419186413882
79.7979186413892
95.6859186413892
67.0879186413892
77.2319186413892
76.1979186413892
52.5939186413901
53.7699186413905
90.6599186413902
67.6139186413902
51.4879186413903
30.6639186413902
41.0319186413903
42.1379186413903
63.5039186413902
37.5839186413901
51.1099186413902
25.8639186413903
17.2559186413902
17.2559186413902
45.1699186413902
20.2279186413901
-7.55408135860983
-16.5520813586097
-33.6140813586098
-16.9740813586098
-2.65008135860973
7.54391864139006
-1.74208135860983
2.96191864139017
10.2459186413899
-44.00808135861
-42.2980813586099
-0.460081358609834
36.2039186413903
-11.3500813586098
-21.2440813586098
-1.54008135860983
-3.55208135860983
16.7179186413903
0.57791864139017
19.3279186413903
10.2719186413903
-6.67408135860973
-8.32408135860963
-15.5420813586094
9.95991864139047
-15.6660813586097
-5.58408135860963
11.4199186413904
23.4139186413905
26.4839186413904
16.9059186413905
30.0379186413904
-3.01208135860954
34.7099186413905
34.1159186413906
38.0299186413907
-11.8140813586094
-1.12008135860933
-13.4340813586093
-6.68808135860923
3.02391864139067
21.3799186413908
2.53391864139057
7.76991864139057
16.5559186413906
-12.3060813586093
-7.64008135860943
3.88391864139057
-16.7520813586094
-12.4600813586093
9.45191864139067
-19.6920813586095
-22.4640813586096
6.74191864139037
-2.60608135860953
1.76391864139047
-2.74208135860963
-9.13008135860943
-29.7580813586094
-20.7700813586093
-30.6720813586095
-19.3060813586096
-1.22808135860964
-0.394081358609732
27.0559186413903
-5.42208135860943
-11.8300813586093
-25.2360813586093
-4.37808135860934
-6.26608135860933
4.08791864139076
34.7819186413909
0.00391864139056963
12.9159186413908
-3.58608135860943
3.90791864139067
2.80391864139067
9.09191864139067
-0.696081358609334
-12.7940813586094
-15.256081358609
-0.516081358609135
-12.6620813586091
25.9359186413909
6.53191864139097
-19.2140813586091
-18.8440813586091
-18.9540813586091
-27.4260813586092
-23.6820813586093
-14.9320813586093
-10.9620813586093
-89.0260813586092
-86.4620813586093
-38.1420813586093
-5.24808135860923
2.35791864139077
-63.850081358609
-54.0120813586091
-38.2440813586091
-22.6320813586091
-33.2360813586091
-2.83408135860903
-1.19608135860894
7.55591864139107
-8.65208135860903
-19.5740813586091
-28.430081358609
9.79591864139087
-8.24008135860913
-20.080081358609
21.5359186413909
-3.69208135860934
17.0079186413906
10.5519186413902
7.77791864139027
-17.2380813586099
-11.2900813586099
-37.21808135861
14.2459186413901
-18.3500813586098
-10.3780813586098
-33.22808135861
-16.1760813586099
-22.8700813586099
-62.6040813586098
-22.2180813586098
-21.1480813586098
0.485918641390164
-25.5680813586098
-22.6660813586099
-18.1880813586098
-68.1760813586101
-56.97808135861
-74.7120813586098
-93.9440813586098
-70.3660813586097
-73.9820813586098
-54.7780813586099
32.5519186413902
-78.45208135861
-34.1160813586098
39.0399186413901
23.2499186413903
36.9819186413901
32.8619186413901
66.3859186413902
40.8459186413901
-6.87008135860993
21.7519186413901
34.3939186413899
1.52991864138997
3.59591864138996
-15.6260813586095
11.2419186413906
2.73191864139056
23.6419186413905
45.8239186413906
24.5119186413905
57.0079186413905
67.8059186413902
-28.2180813586094
12.2559186413906
16.6339186413907
-7.58008135860943
3.46591864139057
-22.2920813586095
-22.0020813586095
19.3479186413906
-4.78608135860954
7.15591864139046
-43.0420813586096
4.04391864139057
-10.8240813586095
-1.73408135860943
33.1099186413905
6.28591864139047
38.6779186413905
-0.0300813586095359
13.5399186413907
9.26991864139067
-15.1060813586093
-4.31608135860923
4.24191864139067
13.0639186413903
36.7219186413902
17.8399186413903
7.46791864139027
22.8359186413903
18.0679186413904
22.4359186413903
27.4239186413903
5.62191864139027
0.365918641390365
17.0399186413903
17.0899186413904
31.9259186413904
44.1419186413905
47.7459186413906
38.1079186413904
19.4879186413905
-0.576081358609436
15.7899186413907
19.7839186413907
5.94591864139067
7.00791864139097
10.9399186413909
25.8319186413908
24.9719186413908
-14.5460813586091
-38.7860813586092
6.61391864139097
20.2639186413911
-6.89008135860893
2.40191864139097
19.179918641391
24.147918641391
14.039918641391
-2.93808135860903
-6.76408135860913
40.7719186413909
3.80591864139087
2.50391864139077
12.8679186413908
-2.16608135860913
38.7119186413908
5.69591864139097
10.609918641391
-3.57608135860913
14.4879186413909
14.9039186413909
8.59391864139086
21.3979186413907
19.8539186413909
25.4479186413908
-3.06808135860894
-2.36808135860883
9.86391864139117
-14.3740813586086
-68.884081358609
-78.824081358609
-73.4860813586092
-55.5760813586092
-23.6980813586089
-17.926081358609
-11.448081358609
-31.902081358609
-33.048081358609
-26.3140813586091
-17.6420813586091
28.6879186413908
20.7179186413909
1.53391864139087
42.0779186413909
11.1539186413907
-20.8240813586094
-0.238081358609236
16.3139186413907
37.9739186413906
39.8479186413907
21.6599186413907
-0.622081358609435
21.1619186413906
7.30191864139017
-13.2120813586098
-7.32808135860983
20.7519186413901
1.90391864139007
-8.68408135861013
4.58191864138997
-17.9720813586101
-10.15808135861
2.95591864139017
4.77391864139007
-15.6420813586098
-11.9460813586095
3.70591864139067
-22.706081358609
-34.0560813586091
-23.912081358609
9.53991864139087
-25.766081358609
22.405918641391
-43.614081358609
-38.4480813586091
-19.118081358609
-61.600081358609
2.81991864139107
-8.03608135860883
4.55791864139117
9.76391864139126
-11.0680813586087
-13.2720813586087
15.3399186413913
-21.1320813586087
-3.21208135860874
-30.2920813586087
-27.5140813586088
16.8339186413912
-15.2080813586087
-33.8360813586087
-4.58008135860853
0.705918641391371
-6.99408135860953
3.04791864139037
12.9159186413902
-0.00608135860973391
-0.00608135860973391
32.0859186413903
32.0859186413903
-3.14608135860973
-12.9860813586097
-2.50008135860963
10.7119186413902
-32.9720813586099
-17.9340813586098
3.90791864139017
7.84991864139017
-4.69008135860983
-20.0820813586099
-8.94408135860973
54.0839186413902
38.1679186413899
26.6659186413899
28.4079186413898
18.0659186413897
-26.2800813586103
33.3319186413898
5.14791864138957
19.4879186413897
-28.1780813586101
-34.15208135861
-24.91808135861
-7.69608135861003
-39.4860813586099
-29.7340813586098
-40.8700813586099
-4.11808135860993
-12.2540813586099
-27.9260813586099
-26.92808135861
-23.03408135861
-19.24808135861
-44.20008135861
-24.0400813586098
-65.7920813586099
29.8219186413904
3.77591864139057
29.0679186413906
58.5659186413906
58.5659186413906
64.7519186413902
40.2979186413905
22.3659186413905
24.7879186413904
-8.69008135860963
45.4079186413904
39.5279186413903
38.4899186413903
26.3099186413903
50.4779186413903
31.7319186413905
43.7279186413904
55.2279186413904
1.99391864139037
-3.62608135860953
23.9819186413905
7.91391864139037
-3.59608135860963
8.81391864139027
8.81391864139027
4.65591864139027
2.19591864139016
-9.81408135860993
-10.40408135861
-7.62808135860993
-18.2100813586098
-34.5780813586098
-22.7260813586097
-4.87808135860983
-36.4380813586098
-36.7900813586095
-28.6800813586096
-15.7120813586091
-18.2560813586093
-9.71008135860943
-50.2980813586095
-32.8280813586095
-20.0280813586094
-15.5580813586094
-4.59808135860953
-21.0180813586094
-25.9800813586094
-0.98408135860943
-35.3980813586095
-26.7500813586094
-64.4760813586094
23.4359186413906
-39.6020813586093
-26.4540813586092
-13.6000813586093
14.7319186413908
-2.29208135860913
-3.58608135860914
-18.7240813586091
-15.6080813586091
3.45591864139067
-10.6340813586093
-19.3540813586093
16.5019186413908
-17.728081358609
0.59991864139117
1.43991864139097
-3.28608135860893
-35.4280813586094
-2.41808135860914
-36.0260813586092
-17.6060813586092
6.21191864139077
21.0119186413908
12.8539186413909
-14.4300813586092
9.08791864139037
0.503918641390371
-0.836081358609633
-30.2780813586099
11.5939186413902
18.8539186413902
16.34591864139
23.4099186413901
-2.87608135860993
2.09391864139007
17.2819186413901
2.89991864139007
-7.71408135861003
-7.72008135861003
-9.03008135861013
-41.1640813586101
24.6519186413898
-35.6140813586105
15.4379186413896
-6.49808135861043
-19.6380813586106
-14.1420813586106
-17.6820813586106
-10.1560813586105
7.85391864138937
-9.63608135861063
3.06591864138927
-79.8080813586096
-61.5340813586096
9.42191864139037
17.0979186413903
21.9159186413903
1.78391864139057
-19.8980813586093
-20.9220813586094
-40.6440813586094
-5.87208135860953
-9.25608135860963
-16.8920813586097
-12.2960813586097
-20.1720813586093
-1.85808135860923
23.8019186413906
6.54391864139057
12.1039186413904
8.99791864139037
47.8639186413905
16.5559186413902
-4.43408135860983
24.3999186413899
17.3099186413899
19.8719186413904
-23.9140813586097
10.8959186413902
10.5279186413902
17.8959186413901
17.8659186413901
-0.908081358609834
17.1979186413903
46.3579186413904
11.7519186413902
4.40991864139057
-8.75608135860943
-8.75608135860943
0.477918641390467
35.1879186413906
5.58791864139057
5.00191864139057
-28.0700813586095
9.86191864139057
-46.1140813586094
-46.1140813586094
8.52191864139077
9.00591864139076
20.7919186413907
-2.13408135860934
7.75991864139057
29.6559186413908
2.97791864139067
-5.31608135860933
-43.3240813586096
-20.8820813586096
-10.8440813586096
-45.7560813586098
-58.9220813586098
-18.4100813586096
12.2639186413904
32.9359186413895
18.5959186413895
25.6619186413896
34.2579186413895
51.7599186413895
39.2019186413892
26.4979186413893
50.3659186413891
50.3659186413891
-51.1900813586108
38.5699186413894
8.48991864138956
-5.87208135861053
0.127918641389364
-5.28208135861014
24.1619186413897
46.101918641391
-55.424081358609
35.4179186413908
11.9039186413908
16.3859186413906
45.9799186413906
41.8319186413904
-0.370081358609532
26.7539186413904
38.4979186413904
55.1039186413904
30.8339186413901
8.06991864138997
24.8939186413899
21.99991864139
46.5359186413901
19.9159186413904
-12.6220813586094
0.101918641390569
23.4919186413907
26.5499186413906
23.9939186413904
-19.7960813586097
4.94391864139027
15.8679186413903
34.2399186413904
-4.31008135860974
-7.49808135860963
4.09791864139057
2.35391864139046
-53.3980813586094
8.12191864139066
-1.53408135860933
-23.6180813586092
-44.7640813586093
-42.7220813586093
-9.08808135860933
-17.1420813586089
-15.1500813586089
-10.7320813586087
-14.9160813586085
-29.3360813586085
-52.9680813586087
-14.3560813586087
9.52991864139137
36.3379186413911
-6.95608135860873
7.72991864139127
24.7739186413914
22.5739186413913
-11.4720813586087
14.3819186413912
-14.0160813586088
-13.4500813586087
-25.7360813586087
-6.74608135860873
-82.7820813586088
-13.9820813586088
27.4499186413908
21.4999186413905
-33.6020813586094
-9.85008135860943
33.4639186413907
8.71391864139067
-5.98608135860933
7.89591864139067
6.58591864139067
-10.2820813586096
15.5579186413906
13.0519186413906
-18.6420813586097
-50.0920813586096
-14.8760813586096
3.64191864139027
7.51591864139026
26.5339186413904
-22.6920813586093
-27.3020813586093
-27.1420813586093
-54.3460813586093
-69.8740813586093
-68.2260813586094
-105.004081358609
-90.4580813586093
-4.48408135860943
-2.17008135860923
1.09191864139057
44.4499186413906
42.2839186413906
-6.08808135860943
8.57591864139057
8.40991864139067
16.0959186413907
19.1099186413907
-2.76208135860934
0.94591864139057
13.3379186413907
37.7819186413906
25.0679186413906
58.7839186413906
-0.166081358609333
5.67191864139057
29.8759186413907
39.9999186413907
24.0539186413907
8.95991864139037
26.0599186413904
24.1219186413903
14.3199186413903
21.6459186413903
13.1299186413901
14.90591864139
9.43991864138997
6.56991864138997
-1.19008135861013
11.9439186413896
11.8319186413897
10.3979186413897
-35.6880813586102
-49.2360813586101
-28.3780813586102
-40.0400813586102
-68.9560813586101
-60.20608135861
-11.63408135861
-4.76008135861013
-20.6380813586101
-19.01608135861
-16.6120813586101
-61.7260813586101
-13.46008135861
22.9339186413899
-2.27008135861023
-5.47408135861023
17.4079186413897
43.1939186413896
31.4199186413898
-30.34008135861
2.57191864138986
38.9719186413899
21.5879186413899
18.7679186413898
18.2719186413899
3.89991864138987
-17.93008135861
10.88991864139
9.23991864138987
37.48391864139
20.66191864139
22.26191864139
-4.93608135860993
12.85591864139
-43.00808135861
-44.0100813586101
-5.19608135861003
9.45791864138997
4.39191864138996
11.45191864139
0.835918641389966
10.64591864139
9.92591864139007
1.12791864138997
-1.88208135861003
-23.86008135861
5.31791864138997
8.99391864139037
-6.97408135860973
-12.6740813586097
-37.6520813586097
-53.3400813586097
28.6759186413903
-15.7460813586098
-11.9560813586099
4.78391864139007
8.22591864138997
-37.9160813586098
-32.9960813586098
-37.9440813586096
-22.6220813586096
-13.7280813586097
18.9059186413902
-10.4440813586094
-18.4380813586096
1.08991864139027
5.64191864139027
-17.9060813586097
13.2899186413903
10.3619186413903
-0.252081358609736
6.19791864139017
34.2759186413902
-13.0220813586098
-20.7240813586098
36.8159186413902
1.27191864139017
-2.14208135860994
7.78391864138997
22.96391864139
-27.6620813586111
-25.7460813586106
-16.8180813586106
-15.6500813586106
13.6839186413893
27.0819186413893
-4.58608135861063
5.18391864138937
-26.4380813586105
-31.1400813586107
-16.6780813586105
13.8339186413894
26.5879186413894
35.8199186413895
-16.1000813586106
-20.1600813586105
-9.41008135861063
10.5859186413894
5.18791864138927
30.6619186413894
-0.0520813586107352
-9.57408135861073
-34.3680813586109
-3.05408135861073
4.97591864138916
-16.0380813586105
7.01591864138927
12.9819186413894
24.4219186413897
24.0799186413901
8.02991864139057
36.5079186413906
9.21191864139057
13.5699186413906
11.6239186413907
0.92391864139077
-13.0660813586092
-34.5320813586092
-23.5260813586091
1.49991864139077
-11.5940813586091
-12.738081358609
-12.738081358609
-50.806081358609
-32.158081358609
12.651918641391
-42.0540813586088
-39.2120813586089
-39.2860813586089
-22.0260813586089
-36.284081358609
-30.8900813586091
-16.9020813586091
8.34391864139076
24.1399186413905
-9.23408135860973
4.65991864139027
-45.49608135861
-15.1020813586099
6.99191864139006
10.43191864139
13.00591864139
-16.4680813586099
-73.04408135861
-1.46808135860983
-10.2100813586097
-2.01808135860973
4.01191864139027
-3.76608135860973
-86.4420813586099
20.0159186413902
4.43991864139016
44.4719186413901
21.9639186413901
1.33391864139007
-73.4620813586098
12.8379186413901
-6.84808135860973
10.5979186413902
20.5039186413902
-26.1980813586096
-12.9740813586097
