28.0479999999987
75.8279999999987
89.3679999999987
58.4079999999987
70.8839999999987
36.7379999999987
61.9399999999987
64.4139999999989
44.479999999999
63.6579999999991
55.7499999999992
41.8479999999994
57.1539999999994
63.6299999999994
51.5499999999994
35.2399999999994
70.4319999999994
55.0339999999994
95.4239999999994
78.9259999999995
101.054
52.8439999999997
49.1459999999996
64.3059999999995
43.9639999999995
61.5079999999996
87.9939999999995
81.7879999999995
71.0899999999995
23.5939999999995
43.3639999999996
56.2879999999997
45.4759999999997
25.0819999999998
47.272
51.122
45.9140000000001
46.912
24.5060000000001
13.2680000000001
23.052
27.204
50.9400000000001
43.7900000000001
43.266
14.1900000000001
31.33
-14.9979999999999
-17.47
16.3100000000001
16.5080000000002
6.56800000000015
1.96600000000024
18.8340000000002
15.1820000000002
22.7460000000002
6.88400000000024
-12.7999999999998
14.6740000000003
24.0760000000002
22.6520000000003
35.1920000000004
34.6220000000005
15.0400000000005
20.7880000000005
32.0540000000007
32.2180000000006
13.2940000000007
22.5940000000007
-9.48799999999926
9.77600000000086
24.0980000000008
44.4380000000007
37.3120000000007
48.3120000000007
26.2920000000007
35.1340000000006
42.0200000000007
12.9180000000006
31.7060000000005
35.4840000000005
20.6140000000005
56.6280000000006
28.9800000000006
39.1700000000005
25.1400000000004
44.8820000000005
49.7540000000004
51.7280000000004
47.1260000000003
33.7340000000002
35.1960000000001
55.352
22.8039999999998
24.4579999999998
26.0119999999998
55.8159999999997
5.24199999999934
19.3119999999993
21.0599999999993
55.8639999999992
63.9619999999992
70.3979999999992
54.3139999999992
54.3139999999992
54.3139999999992
54.3139999999992
54.3139999999992
49.0979999999992
15.1119999999991
66.499999999999
-29.296000000001
-22.944000000001
42.369999999999
38.161999999999
52.017999999999
25.201999999999
49.399999999999
48.3499999999989
-7.21600000000092
28.5239999999992
0.105999999999085
0.303999999999064
4.45999999999918
28.5539999999992
23.6659999999993
48.2379999999994
37.9079999999994
23.1439999999993
25.8119999999994
35.4439999999994
38.1599999999995
43.6919999999997
31.5439999999996
34.8219999999997
40.0500000000001
50.368
41.8060000000002
33.9760000000001
73.2300000000001
44.8280000000001
58.0620000000001
66.9980000000002
41.8480000000002
55.6500000000001
70.886
39.358
74.682
41.8580000000001
68.8800000000001
24.064
42.12
19.8060000000001
62.176
42.902
21.78
24.112
35.7980000000001
52.328
67.9359999999998
65.8079999999997
28.6419999999998
45.8819999999997
33.4759999999998
25.4999999999998
58.7659999999998
35.6179999999998
58.9319999999997
43.9999999999997
39.8439999999997
70.9059999999997
61.1419999999998
50.6939999999998
81.5719999999998
50.4839999999999
23.8459999999999
51.3080000000001
43.0820000000002
27.7580000000002
29.9300000000001
50.3840000000001
71.0980000000003
30.4240000000006
29.7080000000005
26.9040000000005
55.9740000000006
61.2740000000006
64.3280000000007
40.9260000000005
28.5400000000005
-18.5219999999995
27.8920000000003
42.7260000000003
33.2840000000003
-2.55199999999968
25.6200000000002
22.1020000000003
49.9360000000003
56.8400000000003
39.4580000000003
53.1660000000002
37.5320000000003
42.3020000000002
66.1420000000003
49.4140000000003
65.4500000000003
48.5980000000002
70.4260000000003
29.3940000000002
29.7120000000002
45.3520000000001
55.1100000000001
45.1100000000001
61.446
39.2500000000001
43.24
59.336
32.3100000000001
35.81
56.6399999999999
42.8099999999999
63.55
55.496
42.732
76.282
36.7779999999998
59.1840000000001
43.6320000000001
77.288
33.436
75.7760000000001
40.3100000000001
55.7660000000001
48.3580000000001
53.1220000000001
41.9920000000001
13.784
15.444
53.5580000000001
50.2620000000001
58.5060000000001
31.8600000000001
40.5960000000001
29.1740000000001
51.7000000000001
60.88
39.748
78.064
65.3999999999999
32.0419999999999
-25.2200000000001
42.6719999999999
22.4859999999999
38.8259999999998
73.3579999999998
41.5759999999997
39.0519999999999
36.1839999999999
3.52200000000005
37.304
-6.33399999999995
5.01000000000005
43.842
18.536
22.416
47.318
26.528
76.204
27.71
36.426
33.318
33.33
56.7860000000001
46.484
46.214
52.556
39.356
46.5640000000001
44.4180000000001
55.0360000000002
48.3120000000002
32.4640000000003
31.8840000000002
48.3360000000003
56.0560000000006
56.0560000000006
25.8360000000007
59.3800000000006
32.0280000000007
35.3960000000005
61.8680000000005
48.1340000000002
26.4900000000002
59.9760000000001
27.6680000000001
59.8040000000001
32.6180000000001
59.2660000000001
27.4360000000001
43.4880000000001
37.1420000000001
59.9180000000002
59.1480000000001
62.8380000000001
52.1820000000001
23.196
63.9020000000001
14.9940000000001
37.6220000000001
61.6840000000001
68.9820000000001
38.8560000000001
67.3300000000001
65.1700000000001
52.264
47.168
-5.74000000000007
39.1500000000001
56.26
43.7620000000001
29.2460000000001
21.8560000000001
34.986
35.082
53.6960000000001
53.716
60.398
63.892
52.586
79.704
56.858
26.3860000000001
21.1340000000001
49.4300000000001
81.5560000000001
42.294
76.4300000000001
24.4060000000002
34.8400000000002
44.7000000000002
26.2740000000002
30.7680000000001
71.574
32.21
71.7720000000001
35.0120000000002
13.1879999999999
39.1779999999999
39.6119999999999
-0.472000000000037
24.114
43.1000000000001
33.4660000000001
68.782
61.4020000000001
71.4660000000001
60.6520000000001
58.4920000000001
51.2780000000001
48.9800000000001
83.466
57.196
40.9339999999999
89.5039999999998
56.2739999999998
47.5559999999999
45.1100000000001
41.0279999999998
37.93
59.434
55.3299999999998
31.3559999999997
22.8159999999997
77.3659999999997
48.3799999999998
82.7839999999998
33.1439999999998
54.4179999999998
37.9639999999998
23.8039999999999
67.1699999999998
44.4239999999998
32.6559999999999
39.5859999999999
34.5739999999998
79.0779999999997
65.7299999999997
65.7299999999997
25.2999999999997
32.3319999999997
65.1479999999999
53.9679999999997
15.7959999999997
16.8439999999998
23.6539999999999
55.7779999999998
34.6739999999999
59.532
27.8700000000001
1.06600000000014
8.34200000000033
6.72400000000022
37.6260000000003
40.6320000000002
28.1760000000002
63.6480000000003
23.5200000000003
14.3760000000003
50.5700000000003
81.8120000000002
82.3360000000004
64.7220000000003
33.6560000000002
42.2560000000003
46.2600000000002
89.6740000000002
73.1600000000001
71.5220000000001
57.5919999999999
61.5419999999999
59.8139999999999
47.3719999999999
95.6519999999999
94.4059999999999
55.0799999999999
76.6860000000001
38.1480000000001
13.4760000000001
29.3980000000001
44.1980000000002
66.4200000000001
53.7579999999998
28.4739999999998
24.1439999999998
42.3599999999997
61.5839999999998
61.7519999999998
27.9819999999997
54.1759999999998
60.3959999999997
48.4819999999998
76.4519999999998
72.4499999999997
79.3759999999997
59.9659999999997
64.8959999999997
67.1979999999997
90.4419999999998
58.0659999999999
60.0359999999998
49.024
8.43799999999999
45.8439999999999
43.538
73.8759999999999
60.6959999999999
47.0819999999999
75.5359999999999
39.4399999999998
39.4399999999998
34.3419999999998
76.3679999999997
76.1459999999997
49.2259999999997
48.5219999999998
43.7079999999999
4.11999999999995
35.05
27.864
55.406
27.6900000000001
35.3420000000001
18.6600000000001
29.1440000000001
36.5200000000001
65.3440000000002
42.4060000000005
30.6880000000004
39.3420000000004
51.9760000000003
29.7060000000002
66.4500000000001
60.7840000000002
48.5780000000001
13.448
29.6960000000001
69.604
46.268
-1.77999999999997
34.486
50.52
39.5720000000001
79.1220000000001
56.6160000000001
56.6160000000001
50.9240000000001
49.7600000000001
53.6340000000001
35.6500000000001
68.1480000000001
39.364
58.18
58.474
31.6700000000001
72.2180000000001
67.342
28.3180000000001
17.7440000000001
45.8260000000003
44.8900000000004
35.3740000000004
64.8200000000005
13.6820000000006
52.9520000000006
19.1700000000007
60.1240000000007
51.6160000000007
49.7200000000008
33.2340000000008
49.0760000000008
60.834000000001
61.1840000000008
61.4960000000008
72.3160000000008
54.6140000000008
74.5440000000008
46.2800000000008
54.5320000000008
66.1800000000008
82.0880000000008
78.0360000000008
60.6000000000008
37.0420000000008
10.9540000000008
55.4580000000008
77.7040000000008
68.5340000000008
52.6140000000008
74.3240000000008
62.2760000000007
65.2280000000008
55.3540000000007
54.4460000000007
59.5640000000006
57.9200000000007
37.2980000000006
59.4880000000006
54.8940000000005
29.3260000000004
68.9960000000003
67.7160000000002
-30.8539999999998
-30.8539999999998
-30.8539999999998
-30.8539999999998
13.8500000000002
63.3440000000002
39.0940000000002
60.5599999999999
45.8839999999999
-9.87999999999994
28.728
11.1999999999999
33.1399999999999
39.776
76.8359999999999
61.4879999999999
-4.83800000000002
-4.83800000000002
-4.83800000000002
-4.83800000000002
45.7079999999999
60.0539999999999
58.4199999999999
66.924
56.368
63.9420000000001
30.536
58.732
70.9320000000001
45.8120000000002
64.4700000000003
60.6300000000004
79.5620000000004
52.1820000000005
50.2000000000004
79.5560000000004
36.6360000000003
49.7380000000001
47.7700000000001
42.5840000000002
62.2420000000002
52.4580000000001
34.7380000000002
58.2060000000001
80.378
56.412
93.866
84.6900000000001
58.814
34.56
72.612
-1.66399999999999
23.448
50.8400000000001
41.112
62.398
59.0500000000001
55.258
29.4880000000001
29.6580000000001
33.3840000000001
42.8940000000001
57.2740000000001
59.3440000000001
37.458
37.64
19.3219999999999
50.1200000000001
31.9220000000001
51.7620000000003
52.0240000000005
34.4960000000004
73.5760000000006
52.8340000000002
50.0300000000003
66.7480000000003
62.3460000000002
81.4060000000003
59.7140000000002
39.4440000000002
32.9880000000002
52.5360000000003
68.6500000000002
57.0740000000002
61.6180000000002
63.0500000000002
42.7720000000001
59.1140000000001
69.1960000000001
42.5919999999999
25.5079999999998
34.5959999999997
52.9399999999997
62.0679999999998
76.1419999999998
35.188
55.2619999999999
47.4099999999999
73.3939999999998
71.0939999999997
61.5039999999995
27.8359999999994
16.8659999999994
26.8199999999994
58.3319999999993
47.1079999999992
47.0959999999993
69.5599999999994
57.6539999999994
60.2259999999995
57.1639999999995
46.8779999999995
48.6439999999994
65.1319999999994
64.2459999999994
59.7179999999994
86.7239999999994
66.2079999999994
57.0179999999993
50.7399999999995
53.6399999999995
53.7699999999994
46.4379999999994
27.5079999999994
32.5319999999995
66.6799999999994
54.6879999999991
55.667999999999
56.8039999999989
71.6419999999989
71.9099999999989
47.6819999999993
39.3699999999994
72.6219999999995
51.0639999999995
30.2639999999995
25.9719999999995
56.3959999999995
80.4159999999995
59.5719999999994
57.9039999999995
57.9039999999995
40.5379999999995
58.0279999999995
44.8699999999995
33.9639999999995
72.3319999999995
53.5839999999995
36.3159999999997
34.9199999999997
70.2079999999997
64.6019999999996
73.6839999999996
58.3059999999996
86.1579999999996
65.6919999999997
11.5499999999997
16.4239999999998
42.7559999999997
47.0179999999999
29.1899999999999
21.722
