71.255999999996
38.6719999999962
54.7779999999965
48.0559999999967
55.9479999999968
41.7799999999969
67.4039999999972
32.9399999999982
38.7059999999982
42.2639999999983
58.2739999999983
41.0839999999982
37.8979999999983
50.5119999999984
23.9719999999985
55.3939999999985
30.4999999999986
56.0539999999986
58.6919999999986
90.9039999999986
66.8099999999986
73.4539999999986
-0.476000000001363
-3.66600000000119
-2.70000000000118
-19.7820000000013
7.93999999999869
22.7419999999987
2.19599999999878
7.51199999999938
26.3699999999994
24.2279999999995
-11.6620000000001
57.0859999999999
8.78200000000015
29.5880000000002
69.9500000000005
63.6820000000005
38.4220000000006
-0.721999999999525
16.2140000000003
18.4320000000004
33.9480000000003
20.4440000000004
40.7120000000002
26.8380000000002
18.7760000000002
-11.5159999999998
17.0200000000002
34.5300000000002
15.7740000000002
5.32200000000012
2.86800000000017
26.8620000000002
42.2720000000002
35.71
70.2000000000003
25.2760000000002
47.5860000000002
56.3160000000003
48.6140000000003
47.1940000000003
68.4720000000003
26.8100000000003
26.7700000000003
67.3560000000001
85.376
51.6099999999998
38.9419999999997
69.1499999999996
69.1499999999996
64.1499999999996
73.3199999999996
50.5339999999995
58.5039999999996
39.6779999999998
40.7219999999999
66.6479999999997
94.8599999999998
79.5079999999999
52.5860000000001
58.6840000000002
52.9020000000003
50.3040000000002
73.6700000000002
40.1700000000002
35.2560000000003
23.5880000000003
53.3440000000003
23.6360000000003
41.9980000000004
50.5100000000003
56.0020000000004
26.1240000000005
54.2900000000004
25.1500000000005
51.4660000000006
46.3400000000006
73.0520000000007
70.8640000000007
49.1020000000008
22.1620000000007
4.92600000000073
9.44200000000046
46.2060000000004
33.8560000000004
52.5800000000005
58.2440000000006
55.9680000000006
18.4900000000006
15.8620000000004
50.4320000000005
33.9960000000002
54.4840000000004
29.5620000000002
57.4620000000003
25.7840000000002
45.8719999999998
16.72
50.062
60.1740000000001
64.4740000000002
50.1900000000001
35.8900000000001
33.6860000000001
59.6440000000002
32.772
21.676
40.85
43.2699999999999
51.5459999999998
46.3179999999999
76.3079999999999
3.31399999999985
20.3719999999998
26.7119999999999
41.0000000000001
44.7780000000004
29.3280000000003
47.4080000000001
63.3980000000001
64.3080000000001
48.5540000000001
57.9820000000001
41.7780000000001
67.0100000000003
74.9580000000002
70.8160000000003
81.8880000000003
51.5540000000002
23.0860000000002
68.1460000000003
74.8540000000003
88.6780000000003
88.6780000000003
57.1560000000004
87.6700000000003
77.3360000000004
44.5520000000004
66.2380000000004
45.4040000000005
65.5420000000003
52.3160000000003
80.4960000000002
96.3640000000001
52.8220000000001
62.9319999999999
32.602
93.8180000000001
54.5939999999999
62.542
42.8739999999999
29.2700000000001
13.6420000000002
45.8100000000004
58.8060000000004
-16.5359999999996
-16.5359999999996
71.3100000000002
61.5440000000001
56.3620000000002
63.2520000000002
62.9140000000002
75.4660000000001
59.0260000000002
34.9400000000003
60.4960000000002
78.6160000000001
35.6200000000001
9.77600000000018
1.24000000000024
16.6640000000002
51.8900000000002
43.3440000000002
40.2000000000002
24.1020000000003
50.5160000000002
29.4060000000005
46.7040000000005
20.7700000000004
26.1940000000004
61.5580000000003
59.3720000000003
45.8980000000001
55.0620000000001
47.4180000000001
75.8680000000002
71.6620000000001
12.688
37.2899999999999
66.6919999999999
63.6059999999999
60.9679999999998
42.6159999999998
45.7099999999997
34.0099999999999
64.0099999999999
23.0899999999998
37.1859999999999
37.5659999999999
54.3619999999999
37.5179999999999
60.7979999999999
66.5259999999998
33.0939999999998
51.8159999999999
47.4399999999998
40.6679999999999
52.9399999999999
53.1779999999999
73.5939999999998
29.9099999999999
59.4339999999999
36.0659999999999
48.7819999999999
12.3899999999999
37.4199999999998
63.0699999999998
55.2900000000001
42.8440000000002
22.3300000000004
54.8000000000004
43.1640000000004
34.5620000000002
62.1780000000003
17.8440000000003
32.09
42.8320000000001
68.7420000000001
34.778
38.0620000000001
21.9800000000001
51.8940000000001
34.6860000000003
50.6580000000002
57.4860000000002
36.8540000000003
56.5880000000003
34.6040000000004
47.4840000000004
13.1040000000002
9.73400000000015
34.6400000000002
35.8360000000002
63.8900000000003
64.8300000000003
55.1340000000004
52.0260000000002
18.1580000000001
50.8660000000002
15.2860000000002
45.7340000000003
38.7600000000001
49.2420000000001
57.05
46.0780000000001
52.7880000000001
28.6640000000001
14.1880000000002
49.316
12.8700000000002
26.7860000000003
38.3120000000004
45.1700000000004
51.9500000000004
32.9700000000005
71.3640000000004
23.9340000000004
45.9680000000004
30.9280000000005
39.3800000000005
42.8440000000004
30.5500000000004
64.2340000000004
30.8240000000004
37.3440000000004
42.8700000000005
56.7240000000003
74.9280000000003
51.7660000000003
47.5580000000001
33.0160000000002
24.7000000000002
62.0400000000001
69.46
59.0260000000001
24.4700000000001
24.0160000000002
36.6900000000001
41.0979999999998
32.6919999999999
9.48799999999994
28.256
40.516
47.5719999999999
47.5719999999999
22.2719999999999
57.2839999999999
55.8719999999998
42.1319999999998
21.7999999999998
20.984
13.0319999999998
14.8779999999998
65.5659999999998
33.9179999999993
59.2279999999994
58.7199999999993
49.9339999999994
62.5559999999994
39.1559999999994
52.9159999999994
55.7539999999993
31.8299999999994
54.5639999999994
49.0919999999994
50.8319999999994
53.6719999999995
40.5439999999995
75.5999999999995
47.1739999999994
59.7139999999994
32.6039999999995
30.5799999999995
57.7479999999995
32.0299999999994
41.3579999999995
50.9679999999994
20.7379999999994
49.0639999999994
35.4859999999994
39.3559999999994
28.4719999999993
23.4759999999993
39.9879999999993
25.4779999999994
54.8699999999994
53.4299999999993
57.2819999999995
57.8279999999997
33.8199999999997
83.1119999999997
78.7099999999998
49.4519999999998
45.9619999999998
30.7979999999998
47.6879999999998
13.5519999999998
53.4639999999997
62.9539999999998
62.9539999999998
72.9759999999998
54.6839999999997
75.4039999999997
16.4419999999998
73.7459999999996
51.3619999999997
55.6399999999999
55.79
50.5799999999998
58.4039999999999
77.6619999999999
44.9759999999999
36.3059999999999
72.752
29.0419999999999
56.7199999999999
52.8839999999998
18.1859999999997
61.5359999999996
42.1839999999996
48.1539999999997
43.8479999999997
38.6439999999997
33.8479999999997
54.6459999999997
63.3019999999997
50.3939999999997
19.8879999999997
14.4079999999998
43.3279999999995
47.1719999999995
48.6899999999995
59.2279999999995
59.2279999999995
39.1959999999995
48.9819999999994
19.8779999999995
24.6239999999996
30.4559999999994
42.9799999999995
29.9579999999995
32.3379999999995
60.2339999999996
65.7619999999996
74.4799999999996
72.2779999999996
48.3719999999995
46.1119999999994
28.3879999999994
37.3119999999993
31.0659999999992
15.0899999999992
64.0399999999992
85.7819999999991
26.4099999999991
-52.2800000000009
49.8599999999991
35.8399999999991
37.915999999999
68.291999999999
45.3359999999991
45.3359999999991
62.4999999999991
7.65199999999913
22.6319999999992
29.5659999999992
9.29199999999935
8.61999999999932
40.1579999999997
40.1919999999998
15.6979999999996
16.3599999999997
40.2139999999996
55.6459999999996
40.2539999999997
14.5959999999997
2.52999999999963
23.4279999999997
32.4859999999998
47.0379999999996
26.3619999999996
33.7799999999996
30.3459999999995
28.0939999999996
50.4339999999996
38.8899999999996
49.3059999999996
62.1999999999997
63.0259999999996
53.4479999999996
69.5739999999998
64.3039999999999
66.2359999999999
10.746
32.914
56.7599999999999
56.068
35.248
40.9700000000003
42.772
28.362
58.7899999999997
10.0979999999997
45.0959999999999
33.6679999999999
33.6679999999999
34.7919999999999
22.7779999999999
46.1459999999998
22.8979999999999
57.3519999999999
46.9779999999998
44.91
27.1039999999999
54.4619999999998
49.5219999999997
74.3219999999998
59.1719999999997
34.6639999999998
36.5519999999997
15.1519999999997
82.8279999999997
57.5999999999997
55.3599999999997
50.1059999999998
59.8739999999997
37.2599999999997
70.6619999999996
84.1499999999995
59.4899999999996
48.2559999999995
44.6859999999996
31.2319999999996
-0.502000000000294
30.8279999999997
52.3439999999997
17.2039999999997
0.0419999999998026
54.0359999999998
17.9559999999997
36.6479999999998
1.94199999999955
17.0859999999996
-4.20600000000059
56.7919999999995
48.7299999999995
56.1419999999995
60.0559999999996
25.13
45.9699999999999
65.6659999999999
44.8359999999999
47.776
23.1899999999998
44.0079999999999
37.748
42.1659999999999
14.658
26.0119999999999
47.2579999999999
27.7220000000001
18.5600000000003
59.0120000000002
23.0240000000002
33.8620000000003
54.6360000000004
23.7160000000003
24.1160000000004
35.0300000000004
52.0820000000004
55.8680000000004
72.8600000000002
42.7440000000001
36.0280000000001
30.5520000000001
55.3720000000001
78.9100000000001
47.1560000000002
68.4640000000001
62.178
42.148
38.8380000000002
28.8480000000003
6.75400000000036
49.7920000000003
33.5120000000002
33.5120000000002
71.9360000000001
70.8600000000002
47.3520000000002
26.0100000000001
59.904
49.4060000000002
-1.50399999999945
4.45200000000045
38.2600000000002
6.8960000000003
40.7020000000003
11.5740000000004
15.3920000000004
-0.0519999999997935
43.3860000000002
63.9640000000002
47.5600000000002
19.1840000000002
60.9180000000002
33.0580000000002
56.8160000000001
40.2060000000002
55.7100000000002
1.52800000000127
14.7640000000008
0.878000000000725
0.354000000000724
7.85200000000066
92.1360000000006
36.7380000000006
63.0440000000008
66.0460000000007
48.0420000000007
50.1140000000006
56.0520000000007
56.6780000000009
39.622000000001
84.3060000000008
68.2520000000009
50.1780000000009
41.1840000000009
70.6000000000005
74.8099999999999
58.9659999999998
67.6319999999997
28.3699999999997
53.0239999999997
61.5239999999997
56.4219999999997
-15.8340000000003
53.3639999999996
64.2319999999995
98.3979999999995
99.9379999999994
43.7879999999994
70.2459999999994
33.0599999999996
35.5599999999995
31.4319999999994
39.2639999999997
52.1059999999997
62.4939999999997
36.1399999999999
55.3979999999999
66.6539999999998
62.5339999999998
69.7099999999998
67.4619999999999
66.6619999999999
55.1159999999999
22.2759999999998
51.8499999999999
20.174
42.5139999999999
33.4359999999999
51.91
49.8919999999999
4.21800000000007
38.5720000000001
23.8500000000003
12.1980000000003
7.97000000000048
19.1780000000005
18.6540000000007
41.4700000000006
20.0420000000006
21.4440000000005
15.1040000000004
29.3480000000006
61.6700000000005
51.2660000000005
63.7680000000006
66.3760000000005
36.1380000000006
38.4500000000007
20.0400000000008
19.2320000000007
39.7220000000004
31.1700000000001
48.1880000000001
55.1980000000001
65.8919999999998
10.6979999999996
15.4019999999997
-0.304000000000315
36.1259999999996
49.2439999999997
35.0819999999997
48.8179999999996
60.7359999999996
28.4899999999997
35.9699999999996
43.4999999999997
2.79799999999977
53.8099999999997
48.6459999999997
41.7299999999998
53.6259999999997
51.8259999999996
26.6239999999996
22.6239999999995
42.1359999999994
49.0959999999994
49.2099999999995
34.7759999999993
16.0659999999993
23.3479999999994
35.1879999999995
41.1759999999996
44.3499999999995
28.9099999999997
37.8439999999997
31.7659999999997
33.0239999999998
67.1119999999997
62.3359999999998
47.3759999999997
55.0399999999997
48.8359999999998
29.5119999999997
59.6839999999997
40.2179999999997
31.3579999999997
50.7199999999997
68.8239999999997
82.6339999999997
36.6819999999998
37.8679999999997
22.2979999999995
13.7499999999994
54.3279999999994
50.5539999999994
51.6799999999994
24.2419999999995
27.6279999999995
86.0859999999996
16.6439999999997
43.9299999999997
43.3679999999997
23.8459999999997
34.0159999999997
45.1259999999996
35.0179999999997
30.2559999999997
34.9979999999997
39.7559999999997
49.9839999999998
47.4799999999999
79.518
36.4059999999997
53.9499999999996
51.8539999999997
55.5159999999997
37.8159999999997
47.4699999999997
18.4939999999997
60.8099999999997
49.7679999999997
55.5039999999997
33.2739999999997
39.2519999999997
24.3619999999996
22.0199999999996
40.4899999999998
32.5819999999997
10.4159999999996
34.5659999999996
18.4119999999997
11.9319999999998
20.2019999999999
39.9779999999998
22.728
22.5059999999999
40.0659999999998
44.8219999999997
55.5679999999998
38.5319999999998
43.6439999999998
49.2059999999998
31.3239999999998
