27.0919999999971
40.3799999999975
22.2699999999976
33.1439999999978
14.3119999999981
45.1899999999982
51.4739999999988
54.9439999999989
47.7499999999991
-9.3020000000007
44.7299999999993
11.0499999999994
23.4639999999997
8.44599999999969
33.3579999999998
45.3339999999996
42.6019999999992
17.6939999999994
22.6199999999994
48.5759999999995
25.2979999999994
38.0539999999995
41.4999999999995
56.1779999999995
38.7599999999994
19.8059999999994
25.8279999999994
24.1059999999993
31.9639999999993
58.6839999999993
49.2199999999993
10.1079999999993
31.1119999999993
17.2439999999993
18.3519999999994
38.3719999999994
43.6899999999996
46.3819999999995
31.3899999999995
2.84199999999964
35.9659999999997
28.0659999999998
45.752
27.05
28.874
33.734
26.2179999999998
14.5779999999999
58.1019999999999
28.9259999999998
30.3279999999999
13.2719999999999
62.862
29.8979999999999
26.72
19.2139999999999
31.0379999999998
1.84599999999989
25.1739999999999
43.8839999999999
21.4219999999999
38.0259999999998
54.9139999999994
32.0839999999993
53.7139999999994
15.8139999999994
18.6639999999993
18.3279999999993
39.2539999999993
9.63199999999938
27.9719999999994
35.8719999999994
35.8719999999994
49.4559999999993
51.0979999999993
51.4819999999992
48.3599999999992
46.7739999999992
17.3059999999994
39.0119999999994
43.4479999999994
27.4819999999994
21.6939999999994
49.6539999999995
43.4199999999996
25.0319999999996
33.6739999999996
14.5019999999995
-19.9820000000004
52.3659999999998
14.2819999999997
23.7019999999997
8.91199999999958
26.8039999999999
18.8159999999999
42.6579999999999
42.454
44.754
6.29000000000008
34.938
24.184
7.08999999999992
56.838
11.6759999999999
33.814
18.846
40.758
35.294
58.0539999999996
43.3659999999996
23.2179999999997
53.1319999999996
43.7899999999999
50.7419999999996
47.0099999999998
26.7839999999998
53.5460000000002
31.2460000000003
28.0240000000002
53.8020000000004
42.5800000000003
50.4600000000004
27.6100000000004
24.5800000000004
57.3120000000004
74.4620000000002
50.9320000000002
59.4980000000002
29.5880000000001
17.114
30.6320000000001
56.48
35.078
39.474
22.7400000000001
14.5680000000001
20.3440000000001
53.1739999999999
61.5659999999993
32.4039999999993
51.321999999999
68.247999999999
50.4339999999989
55.407999999999
60.2519999999989
19.9879999999989
24.1759999999989
14.567999999999
29.749999999999
30.8719999999989
25.9659999999989
27.4239999999987
28.5719999999988
42.4219999999989
16.3219999999989
38.9959999999987
28.8059999999988
23.1199999999989
25.3159999999988
66.1319999999985
54.2599999999986
47.1439999999986
23.0159999999986
-68.9940000000014
-23.4280000000015
26.2619999999986
52.0439999999986
43.2499999999986
34.4419999999985
30.4839999999986
15.8239999999986
25.5899999999986
12.7079999999986
42.8679999999986
26.0319999999987
-0.728000000001316
35.6779999999987
40.6379999999987
27.4899999999988
24.9339999999988
39.2759999999988
24.1339999999989
20.1139999999989
34.1659999999989
23.1599999999988
28.1419999999989
48.1219999999988
46.4699999999989
50.279999999999
26.901999999999
44.7739999999991
52.5879999999991
47.2579999999992
35.1519999999992
35.0939999999993
20.3959999999993
41.0579999999993
43.2519999999996
32.7439999999993
48.3979999999993
39.6679999999992
36.1219999999994
47.9619999999993
50.8299999999994
26.6679999999993
21.9539999999994
36.8059999999994
32.7399999999993
50.2959999999994
17.2499999999993
33.1939999999994
50.1319999999993
72.4559999999992
51.4979999999994
30.1159999999993
32.1459999999994
50.5439999999993
50.2859999999993
49.7219999999993
21.4819999999993
50.1539999999992
26.8619999999992
47.6059999999992
36.3619999999995
23.1459999999995
38.8799999999995
42.4639999999997
43.2459999999996
36.1079999999995
-0.398000000000479
47.0279999999995
51.5099999999995
35.4439999999995
68.0319999999996
44.5539999999999
-11.178
39.6780000000001
27.5300000000002
59.3240000000003
11.1580000000005
21.3220000000006
29.4240000000008
54.1800000000009
62.0220000000008
31.1720000000009
58.7120000000011
51.3620000000011
57.6440000000011
44.6500000000011
23.7240000000012
29.0760000000013
11.0380000000013
47.6440000000011
40.6340000000012
40.6340000000012
31.6100000000012
76.870000000001
17.7180000000009
42.9980000000008
37.9040000000008
52.5480000000008
49.3920000000008
34.5260000000007
39.8120000000008
61.6580000000006
67.686
46.8019999999999
36.7539999999999
57.2539999999999
49.1579999999999
32.7919999999999
50.3439999999999
66.1179999999999
66.1179999999999
58.264
29.102
38.0699999999999
30.2059999999999
62.5559999999999
48.3499999999999
22.2499999999999
20.852
47.574
3.48400000000004
42.112
29.6239999999999
43.4780000000001
31.1360000000003
29.0400000000003
19.9540000000002
42.6280000000003
17.3720000000002
24.7539999999999
37.8119999999998
27.8919999999998
46.5579999999997
41.1979999999998
39.8640000000003
44.4140000000003
56.8500000000004
41.5440000000004
38.5160000000003
68.9400000000004
53.5420000000004
36.4540000000004
33.1280000000004
33.1300000000003
52.5700000000004
-10.7239999999996
50.0880000000004
31.7300000000005
41.5700000000005
39.2060000000004
53.9200000000004
61.9660000000002
56.7200000000003
36.6700000000003
21.8740000000003
28.8740000000001
59.8280000000001
26.244
27.7220000000001
54.248
29.9900000000001
51.5100000000001
57.1420000000002
25.0580000000001
23.7160000000001
46.4079999999999
14.8759999999994
49.4799999999995
5.68599999999947
23.4679999999994
35.4559999999994
65.8819999999994
53.0539999999994
-6.53800000000069
32.1759999999992
10.4519999999993
22.4799999999993
50.2839999999993
32.8279999999993
48.0579999999993
33.6259999999993
6.80599999999924
30.7439999999993
27.9099999999994
57.3479999999994
2.46999999999957
31.3459999999995
22.1899999999996
37.5419999999996
59.0719999999994
47.8439999999995
54.4419999999996
46.0599999999996
25.7819999999996
34.8179999999996
53.7619999999996
38.6219999999994
44.1899999999999
8.39400000000035
-24.0399999999996
8.31400000000042
52.0440000000003
68.0320000000004
10.6220000000005
45.8020000000005
41.1880000000004
72.0120000000004
53.7320000000004
37.6340000000004
65.7720000000004
34.0080000000005
32.9080000000005
74.4940000000005
25.724
53.5700000000001
33.816
52.4300000000001
67.8100000000001
68.6640000000001
6.61800000000005
53.3639999999999
53.8879999999999
72.2659999999997
29.6679999999997
73.1519999999998
83.9739999999999
42.77
42.8999999999999
57.0279999999998
38.4559999999999
39.8799999999997
7.32599999999968
21.7779999999992
45.3819999999994
33.9639999999995
72.5379999999996
29.1919999999996
76.5599999999995
75.7839999999994
35.7899999999994
11.3779999999995
69.0399999999994
48.5819999999995
66.3899999999995
19.3279999999995
67.8559999999995
66.6779999999994
38.2179999999995
-14.6560000000005
52.3379999999994
28.6959999999993
43.5719999999994
0.319999999999482
47.0179999999996
69.6699999999995
62.6919999999994
1.89199999999937
-3.31200000000058
-0.776000000000408
9.92999999999961
58.8899999999994
45.7999999999995
60.1899999999996
60.0799999999997
76.6319999999996
78.8239999999996
47.3159999999998
28.5599999999995
64.9919999999995
66.0019999999996
12.0079999999996
31.3339999999996
31.3879999999997
60.4379999999998
74.4039999999997
41.7099999999997
42.3039999999997
49.7679999999997
34.6200000000006
-13.3179999999993
31.3040000000007
26.9160000000006
28.5960000000005
3.51000000000045
44.7860000000004
22.0220000000004
41.1660000000004
55.6480000000004
48.1620000000001
51.4000000000003
24.124
37.3459999999999
52.698
43.424
40.9659999999999
48.9239999999999
23.9419999999999
36.9799999999999
59.7659999999998
22.6979999999999
78.5799999999998
60.1399999999999
53.1599999999999
69.6999999999998
72.1579999999997
22.4099999999999
11.9099999999997
62.5119999999997
52.5079999999995
13.5559999999996
34.5439999999996
53.4399999999997
21.4159999999997
41.1519999999997
56.9619999999998
43.506
70.9240000000002
65.6840000000003
28.1100000000004
45.2340000000003
44.8240000000002
52.354
45.2800000000002
36.0220000000002
25.0360000000003
51.7020000000002
64.7060000000002
43.1340000000002
24.9540000000002
47.9060000000003
70.6460000000003
38.6720000000003
61.3420000000003
37.4580000000003
76.1440000000003
43.5760000000002
49.2880000000004
36.0620000000004
67.7040000000004
29.6480000000004
39.3880000000003
62.0020000000002
34.7880000000004
57.5840000000003
55.8980000000003
47.9060000000006
35.4080000000006
47.2500000000005
33.2200000000005
73.4680000000005
45.9020000000002
-10.5480000000001
57.4779999999998
48.226
43.1900000000001
62.3340000000001
30.3060000000002
43.926
48.4720000000001
64.4280000000001
43.2560000000002
47.9420000000001
47.2180000000001
7.16200000000015
48.2040000000001
33.8040000000001
40.5419999999999
70.218
64.8119999999991
34.7359999999992
-13.2040000000009
8.43399999999917
16.0399999999991
20.913999999999
53.011999999999
39.2439999999989
78.4419999999989
72.4179999999989
-4.29800000000114
41.3199999999989
-13.0120000000011
35.8959999999989
27.6699999999989
74.173999999999
35.5039999999988
54.3839999999988
29.7439999999988
27.4259999999988
38.2239999999987
68.0919999999987
57.4159999999987
53.8959999999988
38.153999999999
80.333999999999
47.3359999999992
77.0579999999994
67.3359999999997
0.763999999999669
0.763999999999669
0.763999999999669
0.763999999999669
0.763999999999669
1.7339999999997
57.3719999999996
17.5979999999997
38.4759999999998
14.4679999999995
55.4819999999997
34.0879999999999
68.2259999999998
45.0339999999998
70.9599999999998
69.5079999999998
42.1959999999997
35.3439999999997
78.3779999999996
41.7119999999995
57.5059999999995
36.2679999999996
33.5819999999995
58.8659999999996
61.7299999999997
49.5879999999997
32.5159999999997
1.47399999999959
62.8059999999996
31.7719999999996
61.9839999999996
69.5419999999996
12.6579999999997
44.4919999999997
39.4079999999997
18.1319999999997
-3.81400000000019
48.9719999999999
66.3320000000001
64.1700000000002
10.3760000000003
37.3360000000002
-1.01999999999975
57.7440000000003
57.6720000000003
30.7780000000002
43.8240000000002
46.7000000000003
17.7680000000003
23.6580000000001
31.8880000000001
76.8520000000002
43.2940000000003
17.7200000000003
76.1780000000002
43.8840000000004
40.8480000000003
11.7860000000003
66.852
39.5400000000001
68.4520000000001
80.6400000000001
80.6400000000001
24.75
27.59
-17.3879999999999
22.726
58.8779999999999
34.5379999999998
8.84799999999962
40.0879999999996
24.9339999999997
37.4399999999996
75.9139999999996
54.9839999999997
65.6719999999997
12.6519999999997
49.2619999999996
43.0639999999996
33.9939999999997
60.5099999999998
39.7279999999997
65.0739999999997
55.2879999999999
61.7899999999997
25.8359999999998
39.5259999999997
52.2379999999998
33.6379999999998
46.5599999999997
61.1539999999998
64.6739999999999
38.6019999999999
34.0419999999999
59.592
76.504
70.388
62.3139999999999
55.9519999999997
35.9299999999997
41.8999999999999
40.1379999999997
63.3159999999996
50.5239999999997
37.5159999999997
53.6220000000004
19.1480000000004
29.0540000000003
53.6320000000002
22.4980000000002
34.1880000000002
55.932
64.686
19.394
55.5680000000001
48.4620000000001
56.5980000000001
23.0940000000001
38.474
11.5640000000001
40.604
43.9780000000001
43.7180000000001
9.41600000000005
25.5700000000001
33.7620000000001
53.5780000000002
46.418
46.274
45.7180000000001
42.2560000000001
22.658
44.9920000000001
53.7660000000001
47.2840000000004
-18.5639999999996
-1.31599999999958
27.0840000000004
25.2640000000005
50.9280000000007
33.7880000000007
34.8660000000006
31.5620000000005
46.2460000000004
54.9440000000002
23.7800000000002
24.1920000000001
59.818
54.7299999999999
16.8499999999999
18.4319999999999
48.3799999999999
67.026
63.5859999999999
61.7759999999998
37.8919999999998
26.6159999999999
50.5399999999999
37.2279999999998
4.11799999999982
42.7459999999999
29.102
74.5220000000002
66.2620000000002
38.0940000000002
68.4060000000002
34.6060000000002
49.2500000000002
36.1500000000002
60.7840000000001
45.422
69.0000000000002
49.0900000000003
39.5440000000003
50.5440000000004
63.1480000000005
48.3400000000005
46.6700000000008
50.6080000000006
14.4560000000006
50.9000000000005
42.0260000000005
65.4580000000005
26.6940000000005
66.9360000000006
25.1140000000007
68.0060000000007
51.4040000000006
