67.1219999999989
83.3199999999989
54.0899999999991
26.1259999999992
39.5319999999995
59.1619999999996
62.4019999999997
92.1619999999998
-14.1719999999999
39.9360000000001
16.9980000000003
24.4440000000003
24.4440000000003
31.2940000000004
21.4060000000005
60.2840000000006
42.0000000000006
51.7160000000007
43.6300000000011
22.5560000000013
15.7080000000013
9.70600000000138
54.7620000000014
69.4820000000009
84.0060000000009
53.4520000000006
47.2420000000004
33.1680000000005
26.1200000000003
48.8540000000003
51.9500000000002
51.9500000000002
66.1820000000001
33.6180000000002
29.2640000000002
32.5820000000003
44.1620000000003
25.6980000000003
53.3160000000004
25.3660000000003
33.0140000000004
65.0620000000004
68.0280000000004
63.6780000000002
39.4280000000002
36.0160000000002
65.5640000000003
52.7200000000004
56.5820000000003
71.3800000000002
58.2620000000003
69.8120000000004
38.4020000000004
76.7740000000003
55.8820000000004
59.3360000000005
33.9680000000003
20.0040000000004
44.3880000000004
39.4020000000003
47.7140000000002
78.4060000000003
45.9040000000003
64.2480000000002
51.5700000000003
32.2440000000001
9.47200000000021
33.1380000000001
16.8960000000002
67.2940000000003
-1.40399999999977
67.2380000000003
22.1960000000003
53.7220000000004
20.4480000000004
30.7920000000005
63.5200000000006
79.1460000000005
48.8880000000006
48.8880000000006
53.5440000000007
58.2240000000007
68.6100000000007
23.3620000000006
78.0820000000007
64.3140000000006
35.4080000000008
81.8940000000008
44.6960000000008
44.6960000000008
37.1120000000008
58.0760000000008
62.8400000000006
77.7820000000006
84.6180000000005
79.6680000000006
72.5040000000006
74.3020000000009
59.2560000000009
29.298000000001
54.606000000001
51.5380000000009
23.168000000001
58.8260000000009
44.3120000000009
16.356000000001
50.7640000000009
66.1160000000009
24.6680000000009
53.6700000000009
62.5380000000006
70.7620000000006
8.60000000000059
60.2140000000006
31.0460000000006
40.2380000000006
59.8040000000005
52.6540000000006
59.3680000000005
56.4640000000005
39.2000000000005
45.7840000000004
16.8460000000006
64.8340000000005
60.6280000000005
75.0740000000004
56.2980000000005
26.2280000000005
74.1500000000005
43.3600000000007
75.2000000000004
58.2080000000002
69.6120000000002
64.4680000000003
51.1259999999999
27.3059999999998
33.2479999999998
53.4399999999997
53.4399999999997
-6.83599999999967
66.0760000000004
65.9220000000003
67.4060000000003
43.3320000000002
42.2160000000002
53.5420000000003
59.0880000000002
18.5100000000002
71.5060000000002
71.5060000000002
49.7040000000003
56.2500000000002
48.3520000000003
28.9340000000002
69.8360000000002
96.9480000000002
66.2400000000002
89.8860000000003
90.0060000000003
48.1200000000002
49.4100000000003
14.7080000000003
55.4720000000002
92.7080000000003
45.0220000000002
42.7800000000003
9.87999999999977
48.6079999999996
37.5479999999999
37.5479999999999
61.5219999999999
63.0019999999996
64.7759999999995
67.1759999999996
61.9619999999996
67.4159999999996
49.6039999999997
49.6039999999997
46.0499999999996
62.6459999999996
25.2379999999997
33.9299999999997
22.7559999999997
53.6899999999997
38.5159999999997
72.4739999999998
55.6439999999998
38.3999999999998
28.1499999999998
61.8859999999999
48.1699999999998
58.0779999999997
11.85
28.0239999999999
20.4639999999998
18.7979999999999
53.9519999999999
60.2259999999999
29.6299999999999
25.3019999999999
60.01
46.8439999999999
74.7859999999999
33.0100000000001
40.2180000000008
50.9620000000007
39.7060000000007
59.4000000000007
31.9740000000007
77.7840000000007
60.9360000000006
36.5920000000006
85.5340000000006
49.0160000000005
64.6640000000006
77.7040000000004
41.6700000000004
33.3220000000005
37.3500000000006
47.1780000000006
49.0660000000005
61.6340000000006
49.4440000000005
41.8240000000005
42.5600000000005
61.9240000000005
36.9280000000006
26.7700000000006
19.6020000000007
26.4860000000007
66.3140000000005
75.2440000000005
30.5600000000004
64.0420000000005
44.7460000000003
75.5180000000003
43.0780000000002
69.7860000000003
63.3100000000003
34.8380000000004
29.6600000000003
41.2580000000005
38.6280000000004
20.8960000000005
52.6460000000005
37.5120000000004
47.0580000000003
51.3780000000004
57.1200000000005
22.9620000000004
22.7220000000003
64.3960000000002
53.2160000000001
37.4659999999999
46.0019999999998
45.4059999999998
43.1619999999999
47.5059999999999
-0.664000000000101
32.3899999999999
70.978
38.1919999999999
33.0759999999999
4.75999999999999
40.154
67.928
50.752
33.9599999999999
18.2439999999999
35.1079999999998
49.4559999999998
53.4319999999998
48.0659999999999
38.9639999999999
42.4439999999998
58.9259999999999
-3.75799999999992
-2.40199999999993
58.3000000000002
-39.8719999999996
52.8580000000006
47.5420000000005
-8.60999999999945
18.7300000000006
71.9920000000005
65.4980000000004
52.6480000000004
54.9420000000008
54.9420000000008
74.8040000000008
44.9040000000008
70.0760000000007
34.9780000000006
69.7840000000007
22.6860000000006
94.1720000000006
33.2040000000005
61.8920000000005
63.4680000000005
35.2100000000006
91.5640000000006
67.6680000000007
23.6300000000007
84.5140000000008
75.2420000000008
75.2420000000008
75.2420000000008
88.6420000000007
72.7740000000008
60.9620000000008
21.7720000000008
35.2800000000009
39.2960000000007
60.1960000000007
76.5320000000007
40.9460000000009
42.0460000000008
39.3880000000006
44.3840000000005
44.6640000000004
44.1800000000004
64.7220000000003
46.6720000000004
51.0440000000003
30.1280000000004
64.8060000000004
42.7160000000003
25.6200000000003
69.7700000000004
67.5700000000004
39.7660000000003
26.9460000000004
58.4780000000003
40.5839999999996
41.6119999999996
47.3759999999996
60.8779999999997
71.8699999999998
74.5759999999999
19.26
-5.71400000000017
21.2339999999998
49.2599999999999
44.8
56.7139999999999
6.952
13.9800000000001
21.216
80.1819999999999
22.638
23.472
74.688
69.2799999999999
63.0939999999999
19.376
63.982
31.492
54.434
69.754
65.4479999999999
-2.33600000000001
39.408
-10.034
59.2180000000001
64.8280000000003
65.2780000000004
87.4200000000004
51.0060000000004
11.3100000000005
39.1260000000005
59.9760000000007
76.9440000000009
71.3820000000005
58.2680000000005
31.1720000000003
52.8940000000002
36.5140000000005
14.424
89.7479999999999
63.346
34.112
44.8779999999998
38.9119999999998
64.3379999999997
36.3879999999997
78.9199999999996
32.4779999999995
64.0879999999993
26.8879999999994
44.8479999999995
90.4359999999995
58.3459999999994
70.9439999999995
36.2039999999995
24.7059999999994
26.8979999999995
56.6519999999995
30.7839999999994
68.1579999999994
40.1019999999993
29.9639999999993
31.4739999999993
50.5319999999992
52.5759999999992
57.4539999999993
31.2039999999993
56.8399999999992
53.5319999999992
68.2179999999995
85.5579999999998
66.1619999999997
35.0219999999997
56.7639999999998
36.8999999999996
60.0839999999996
51.0019999999996
55.9879999999997
80.7919999999998
55.7399999999998
65.7959999999998
37.662
33.466
70.8220000000001
81.87
22.932
29.16
63.6319999999999
60.8800000000001
14.4440000000001
43.3720000000001
51.2560000000001
48.1740000000001
70.0659999999999
39.9620000000001
54.3760000000001
27.9320000000002
14.8660000000002
34.6260000000003
43.6360000000003
89.2900000000003
29.5520000000004
65.0300000000004
28.4560000000005
57.1280000000005
41.7300000000006
70.6920000000003
82.1780000000003
82.3900000000003
70.5920000000003
53.3580000000003
99.9340000000003
72.6120000000003
69.6460000000003
66.3280000000002
46.9680000000002
70.7880000000002
53.1620000000003
69.3100000000002
38.4580000000003
54.1000000000004
42.1020000000003
8.26800000000037
47.5120000000004
-17.4839999999997
92.1920000000001
54.6580000000002
58.0140000000001
-10.1719999999999
16.982
11.8320000000002
73.258
34.342
73.614
73.2680000000003
30.6200000000006
59.5140000000004
41.5120000000003
69.5080000000003
39.5780000000003
30.4800000000004
28.4040000000003
60.2580000000004
73.3780000000004
41.6160000000003
78.1140000000004
68.9280000000003
62.0600000000004
14.0760000000004
56.5260000000002
25.8500000000003
29.6320000000003
46.7880000000004
57.4280000000005
18.7360000000004
66.7960000000005
83.2120000000006
29.4620000000004
51.1280000000004
62.4000000000004
68.9300000000004
80.1440000000003
30.8340000000004
41.7700000000003
39.3100000000002
51.0160000000002
59.846
41.8739999999996
37.2779999999995
60.3819999999997
88.0699999999997
88.0699999999997
41.2459999999996
49.9999999999998
42.4839999999997
90.6959999999996
75.5079999999996
-8.82800000000043
37.4199999999996
40.3139999999996
68.6199999999997
34.9619999999996
76.2159999999997
74.4059999999996
66.1319999999997
63.7079999999996
75.5159999999996
57.9199999999997
58.1199999999999
27.1779999999999
33.9059999999999
22.5959999999999
40.6679999999998
36.3619999999997
72.2719999999998
48.9619999999999
74.4059999999999
15.8480000000001
34.3280000000001
62.2500000000001
17.5020000000001
31.0560000000002
42.7080000000003
17.6240000000004
74.9940000000008
43.0000000000008
32.6700000000009
58.2960000000007
42.6320000000009
62.7960000000008
67.2160000000008
64.0280000000008
13.5280000000009
43.2660000000009
73.2220000000009
46.9780000000009
60.6080000000006
73.6440000000005
63.6960000000006
78.9680000000008
86.5440000000009
71.2880000000008
8.27200000000084
62.8800000000008
48.4380000000007
35.1280000000008
66.6800000000006
32.1780000000007
41.7380000000006
44.1000000000006
77.6780000000006
75.2860000000009
31.7180000000008
52.1780000000008
61.7680000000008
62.6200000000008
55.2840000000008
73.762000000001
50.8720000000009
43.3080000000009
43.4600000000009
21.8780000000008
67.858000000001
70.916000000001
70.204000000001
57.1600000000012
17.1060000000011
60.8380000000011
67.332000000001
62.9100000000009
26.7760000000009
68.7320000000009
56.2820000000008
41.7120000000009
66.7560000000012
57.0980000000012
39.9140000000012
64.0060000000012
-4.64399999999875
40.3620000000011
48.0680000000012
37.0440000000012
63.4420000000011
49.9100000000009
53.6520000000007
32.0640000000006
61.1260000000005
52.4820000000005
29.5940000000005
76.3440000000005
2.11200000000053
56.3800000000006
17.4740000000005
70.5320000000005
57.4900000000005
4.77800000000047
47.3780000000005
21.2260000000006
42.9040000000005
43.9180000000005
36.9440000000005
61.9800000000005
54.5940000000005
55.8420000000003
42.4280000000003
66.5380000000004
66.5380000000004
33.4900000000004
51.8320000000003
17.0180000000004
75.7300000000004
17.4240000000003
44.2360000000002
56.8620000000003
26.6500000000003
54.1180000000003
37.9500000000003
19.8000000000002
23.9360000000001
62.0080000000002
69.8340000000002
32.7920000000001
84.9860000000001
87.7660000000001
56.5180000000003
24.9180000000001
64.7300000000002
22.7180000000002
38.3540000000003
55.6300000000001
32.4680000000002
59.3240000000002
39.7540000000001
63.3620000000001
67.62
52.534
33.1220000000001
64.8820000000001
77.9480000000001
52.374
59.026
76.446
64.0039999999999
40.7439999999998
47.3759999999999
73.6579999999999
86.4700000000001
87.7720000000002
80.5960000000002
41.9760000000002
52.0380000000001
4.65200000000027
36.8920000000003
35.1020000000002
64.8160000000007
-1.50199999999916
11.6360000000009
56.3520000000009
31.8160000000008
34.9480000000009
70.5240000000009
-1.77599999999916
75.5540000000009
-19.7619999999991
-19.7619999999991
70.9300000000009
37.8020000000008
72.4520000000008
64.3640000000008
36.8380000000009
6.05600000000072
67.0580000000007
64.4780000000007
43.6100000000008
36.6920000000008
64.3840000000008
27.8500000000009
46.0940000000012
-2.44399999999928
68.2180000000005
41.5940000000004
27.0220000000005
77.5360000000004
27.082
14.9920000000001
32.836
56.6119999999996
20.5339999999995
20.5339999999995
76.0619999999996
76.0619999999996
44.4219999999996
68.4019999999995
79.9739999999996
65.8619999999996
81.5319999999997
74.6219999999997
39.0279999999997
14.6939999999996
47.7119999999996
54.2519999999997
80.1539999999994
8.31599999999935
35.0259999999994
11.1059999999994
58.8439999999994
18.4319999999993
16.3379999999995
41.0379999999996
32.5879999999995
54.5719999999995
50.2439999999996
43.9019999999996
28.3119999999996
49.2219999999996
31.5099999999997
46.0099999999997
47.3919999999998
75.828
16.698
51.588
77.3679999999999
39.654
77.67
40.0679999999999
28.3
66.99
47.372
43.658
42.8140000000001
46.5260000000001
40.6660000000001
56.114
28.9000000000001
59.66
63.1400000000003
38.1740000000007
62.6220000000005
32.1680000000005
43.8140000000004
51.5500000000004
77.9980000000004
65.8420000000003
68.4140000000003
16.4300000000003
83.7020000000003
38.1960000000004
56.3020000000002
27.4580000000001
51.5240000000002
47.966
84.0020000000001
36.046
40.798
16.114
61.6920000000001
61.6920000000001
46.9820000000002
16.2320000000001
51.8820000000002
51.8120000000002
55.0340000000002
72.3940000000001
12.4660000000001
16.0020000000002
62.1260000000001
41.3520000000001
36.1580000000001
23.6140000000001
