687;520;680;457
685;464;676;456
682;479;676;469
710;659;685;429
727;593;701;466
698;459;695;476
668;391;669;484
706;558;712;488
731;536;688;495
670;399;667;465
676;408;671;492
701;451;678;484
685;432;677;514
723;669;699;471
738;690;714;476
713;601;693;471
683;412;676;500
693;505;695;472
679;387;672;489
695;524;687;477
702;497;685;486
717;610;737;501
735;585;734;540
702;424;680;485
695;452;689;488
702;481;681;500
693;513;701;490
683;470;690;505
691;416;671;511
682;436;685;499
680;427;678;512
675;469;683;481
702;449;688;561
690;417;671;541
697;442;691;538
694;427;677;518
689;423;675;513
692;481;700;510
686;429;678;525
678;439;685;512
681;421;678;515
716;545;706;516
731;614;694;492
701;479;679;515
672;412;677;527
700;578;712;504
677;573;703;444
682;492;702;509
697;480;676;500
734;626;716;496
699;622;734;478
686;514;703;511
680;420;680;526
680;445;686;530
676;414;682;523
737;520;715;574
762;617;724;580
762;617;724;580
712;559;707;509
697;465;694;514
677;411;677;530
760;555;688;521
686;646;734;501
685;480;693;515
703;459;694;525
740;571;720;554
725;641;737;519
684;445;683;502
657;651;741;436
660;450;604;211
683;430;675;509
715;546;684;488
687;625;716;472
679;466;685;497
680;404;675;507
691;523;696;502
737;541;682;514
708;450;680;525
696;409;676;539
761;568;708;540
761;581;714;538
678;533;713;457
687;519;704;489
684;622;717;487
696;406;678;508
740;580;714;513
769;614;705;510
725;505;695;498
691;386;679;518
736;516;700;519
697;440;691;528
769;590;706;518
708;625;721;482
690;518;705;492
694;496;694;507
698;523;706;525
702;447;680;540
721;496;680;537
701;441;681;545
703;407;676;508
685;392;682;523
730;510;695;484
694;381;681;510
719;492;689;498
700;418;685;525
709;489;707;519
685;639;738;432
696;468;695;519
691;402;688;517
707;558;701;503
727;551;711;535
716;439;692;552
701;408;683;526
764;590;725;568
766;632;704;515
705;414;682;525
701;410;683;529
777;582;694;533
720;640;737;475
704;498;707;523
708;424;692;516
738;538;706;483
760;567;724;566
709;459;710;492
704;405;688;515
699;538;710;509
743;479;707;528
780;602;711;551
750;611;725;527
701;469;698;512
721;432;686;521
777;604;708;513
714;621;722;469
701;500;701;523
712;408;702;544
742;664;725;497
738;512;691;527
714;428;692;529
714;428;692;529
712;446;702;517
712;446;702;517
716;493;710;515
703;417;688;527
705;518;710;504
705;407;683;511
722;471;689;507
733;488;691;517
744;503;696;533
744;503;696;533
733;471;692;547
742;459;690;553
727;449;689;523
719;440;685;517
743;530;698;497
743;530;698;497
706;492;706;519
714;495;689;517
737;653;687;494
750;635;712;522
718;525;703;496
704;447;690;513
707;588;719;512
778;612;706;520
719;460;689;531
721;508;687;525
723;446;684;545
704;415;688;550
733;629;729;530
718;642;732;472
686;265;646;387
695;346;672;499
706;436;688;527
703;414;684;528
746;546;730;564
770;550;696;520
745;526;699;511
751;685;757;518
714;492;711;529
706;412;689;530
721;481;711;518
707;405;683;525
700;543;716;513
729;549;689;503
740;623;691;489
786;639;696;493
740;494;692;515
763;550;703;537
727;614;730;497
721;650;747;490
692;299;660;520
712;428;686;538
758;634;717;490
755;614;703;515
727;502;686;521
708;420;687;536
734;556;709;523
739;592;701;497
739;561;695;528
738;528;710;543
727;456;704;559
710;389;682;536
725;429;695;543
747;507;686;546
750;546;711;546
715;506;704;513
709;482;700;516
719;442;691;542
734;522;725;543
734;522;725;543
733;498;717;533
711;409;688;525
720;643;741;512
762;628;724;542
727;444;683;519
727;444;683;519
745;550;710;515
784;604;716;531
747;490;691;545
710;428;688;538
730;458;696;533
737;484;693;537
718;445;691;531
682;613;725;402
695;240;679;562
722;458;688;528
731;469;689;517
717;442;689;528
726;485;705;524
732;484;697;525
753;528;708;498
739;517;724;539
726;549;720;514
702;400;683;527
710;452;695;517
730;517;705;523
721;480;692;530
733;543;693;527
738;572;712;518
712;453;689;545
723;474;699;530
738;457;701;586
726;453;697;565
718;434;687;540
722;445;692;560
734;465;702;593
723;454;696;576
735;479;704;584
715;447;690;553
733;466;699;593
720;451;696;551
718;461;691;554
730;491;705;499
717;448;689;520
759;596;708;474
776;598;724;544
727;469;703;521
747;484;700;539
762;539;704;529
753;506;698;533
775;606;729;554
768;653;748;542
744;600;724;531
775;655;749;538
714;519;694;464
733;657;752;520
712;501;702;507
717;452;690;536
733;488;697;528
716;450;689;537
730;474;695;535
769;551;705;539
729;472;697;524
746;542;726;562
726;472;698;541
742;465;674;525
746;605;724;473
746;605;724;473
746;595;722;527
746;595;722;527
731;482;687;532
719;453;687;544
769;648;716;524
748;694;753;503
719;509;710;516
715;441;690;533
765;617;689;491
741;636;733;527
729;586;726;532
768;650;711;476
754;611;711;529
725;679;749;470
714;457;692;501
715;441;688;515
734;555;717;536
738;479;699;557
743;546;708;518
736;514;696;526
742;505;703;553
719;452;691;543
737;491;711;558
750;522;696;527
743;544;705;521
732;506;689;529
779;661;708;505
785;621;713;539
772;576;716;549
751;534;716;546
737;528;702;524
737;528;702;524
708;585;724;500
715;443;688;520
768;646;698;482
768;677;744;522
755;664;744;516
770;664;725;524
745;569;703;524
707;610;709;479
713;493;702;517
718;490;695;512
741;587;733;545
771;592;725;584
792;621;736;617
741;501;709;522
741;501;709;522
739;483;687;514
786;662;744;493
730;616;729;508
730;616;729;508
713;428;685;520
725;444;699;529
730;451;697;541
769;566;709;521
759;518;695;528
725;478;710;544
713;406;680;537
735;485;716;527
720;459;694;544
739;502;717;569
716;425;685;542
711;492;701;492
713;450;688;506
725;478;714;508
723;460;701;492
724;589;738;519
695;669;756;399
713;491;709;518
707;386;673;510
719;459;690;523
725;446;685;544
740;517;699;510
758;527;720;571
754;676;764;496
736;631;744;484
714;464;697;491
721;560;726;495
701;491;700;507
708;433;686;520
755;519;719;589
777;554;714;559
770;570;716;526
775;586;715;537
720;539;710;487
719;648;759;562
711;484;699;527
710;455;688;538
709;417;685;544
724;514;699;546
722;483;690;520
722;483;690;520
720;482;700;536
737;460;683;542
720;464;702;536
723;486;701;552
727;492;698;550
723;475;696;549
706;391;686;512
707;422;685;536
707;478;694;504
742;580;704;493
731;512;716;555
744;452;703;631
705;476;686;526
714;448;690;547
739;533;701;533
760;607;701;536
728;499;693;526
736;508;707;582
726;467;697;493
715;452;684;505
716;616;733;478
734;591;708;479
748;599;687;467
749;593;725;501
753;607;725;523
774;669;721;475
752;622;700;485
779;529;699;576
732;498;713;492
706;468;695;454
711;519;707;492
728;451;692;539
729;497;697;517
721;472;701;534
741;495;717;525
780;557;688;517
730;490;700;519
716;434;687;532
723;500;716;508
716;422;683;523
672;675;754;473
695;437;689;546
701;440;696;560
700;469;689;521
714;502;712;518
709;506;693;521
701;543;700;510
701;432;683;536
712;481;703;567
706;445;683;541
714;452;699;574
702;448;689;537
730;574;744;567
740;629;757;573
715;517;713;527
708;500;690;530
687;552;703;486
703;549;682;500
747;690;703;555
764;712;717;507
744;658;712;520
763;611;735;580
738;539;731;538
703;418;685;510
688;603;728;499
703;447;687;530
712;426;692;540
712;428;690;584
708;418;692;564
705;428;691;535
713;452;703;575
726;487;710;600
708;456;686;543
710;473;693;550
715;472;701;559
709;453;692;549
701;487;709;530
719;574;692;519
738;683;705;522
770;726;732;523
772;703;731;516
748;601;732;509
711;451;705;489
717;563;727;507
706;456;696;517
711;451;691;534
721;464;707;555
714;454;691;538
726;454;701;556
715;464;692;546
761;551;734;607
746;530;731;571
738;508;720;562
717;455;692;548
721;453;691;523
718;465;692;529
733;550;725;534
718;690;761;424
714;565;723;509
731;491;695;536
710;468;705;527
704;430;689;543
718;449;704;547
708;424;689;541
725;459;694;546
725;459;694;546
755;596;733;539
774;613;713;521
722;479;699;545
732;559;724;545
718;503;707;517
742;551;714;543
740;493;697;551
739;575;705;516
770;555;695;548
739;506;699;560
730;471;690;563
712;463;693;563
746;609;739;552
701;614;721;481
706;486;700;525
718;511;693;534
757;743;706;488
733;544;713;505
733;544;713;505
729;540;729;483
716;480;705;530
719;427;687;520
781;700;757;539
772;615;719;480
752;543;719;520
709;423;688;522
761;559;714;522
707;410;684;530
771;662;726;525
760;667;734;526
715;548;715;541
711;429;699;539
782;674;723;537
773;612;731;603
746;536;726;582
752;666;760;539
726;516;718;537
728;504;720;543
764;541;695;528
714;585;716;472
709;582;723;532
709;434;688;542
754;671;743;530
740;567;710;519
724;482;688;516
724;487;700;547
729;492;699;546
734;556;695;530
751;596;714;533
766;643;750;572
718;487;709;530
718;547;720;475
706;507;710;536
709;439;688;538
728;478;710;551
773;546;691;541
748;529;702;523
676;616;716;441
710;507;712;540
713;451;691;551
727;507;695;540
720;451;696;577
743;584;719;548
743;584;719;548
755;707;690;492
733;532;707;506
716;441;702;523
716;443;697;531
747;612;716;532
768;631;714;529
732;505;696;531
738;583;702;543
724;489;690;542
706;444;690;551
749;639;734;538
783;656;729;562
733;502;702;534
735;589;733;543
711;506;708;534
733;491;717;552
774;593;725;564
789;631;755;629
711;469;724;467
683;535;708;473
708;508;712;525
732;519;721;554
739;517;704;523
735;511;714;571
738;501;704;528
712;449;692;546
728;542;698;535
715;459;692;554
734;481;703;558
716;447;690;551
713;433;686;549
788;691;735;569
729;495;688;546
743;613;698;528
725;517;697;542
719;459;694;564
722;479;709;538
719;461;696;565
735;477;715;566
715;429;689;556
735;605;743;531
731;710;771;514
717;636;742;517
706;409;678;530
761;564;725;534
754;550;708;546
733;509;708;548
4;397;686;533
765;649;701;500
758;561;707;540
743;539;715;548
720;559;724;532
721;519;716;553
732;452;697;613
719;469;703;538
739;585;733;548
713;480;695;547
739;447;706;621
729;481;708;528
718;470;692;525
731;496;716;546
761;634;735;531
731;506;689;512
730;513;695;521
705;491;701;507
715;461;692;541
751;606;700;515
686;611;718;470
714;507;708;540
709;429;684;536
719;467;700;546
722;457;698;535
743;619;737;579
744;653;730;531
721;493;692;536
727;511;690;541
735;511;692;544
749;504;697;561
720;486;702;567
729;654;754;532
714;505;706;544
727;466;703;603
723;428;697;550
730;480;697;581
725;442;697;598
717;451;690;551
720;449;698;568
721;473;699;561
746;474;714;641
775;661;716;543
741;527;695;545
713;446;692;550
734;548;708;544
711;428;683;547
789;572;715;547
782;598;742;560
711;499;713;531
722;437;707;535
737;502;704;521
737;502;704;521
721;484;711;548
714;447;694;557
761;612;699;523
713;437;691;553
792;614;727;586
782;611;730;566
714;508;712;533
717;454;704;532
732;557;713;529
759;663;727;566
753;627;727;571
752;527;720;586
750;638;751;574
713;408;685;553
737;482;698;546
723;540;711;500
718;506;712;557
733;428;697;609
745;531;724;559
782;650;717;551
742;540;700;535
731;492;686;532
710;484;700;544
1;428;687;548
774;587;729;583
779;591;737;605
735;550;726;540
717;477;703;555
712;505;705;544
720;469;695;557
737;568;728;559
723;478;701;560
762;568;727;562
730;498;711;550
728;503;710;548
718;446;693;540
723;497;704;545
742;513;712;564
760;630;754;573
759;669;760;550
742;592;710;550
757;636;710;482
727;504;696;556
714;453;688;560
722;459;702;551
734;592;747;593
711;562;712;529
724;582;695;533
761;732;709;517
797;689;735;544
769;570;720;541
766;613;719;544
719;476;702;553
741;478;713;625
718;410;690;557
716;448;696;549
725;520;696;535
730;568;699;552
757;732;710;51
749;666;717;529
732;575;711;545
716;445;690;557
744;475;722;573
771;592;729;539
743;535;715;533
720;451;697;550
778;655;710;518
759;605;727;533
722;493;714;521
731;538;734;559
729;559;734;546
732;714;772;501
709;511;708;520
715;440;695;552
730;601;724;551
779;644;727;529
717;451;688;532
727;497;691;551
737;524;700;559
741;430;706;668
743;605;736;574
743;605;736;574
720;506;690;548
733;536;694;548
765;659;706;523
747;566;723;568
779;585;732;598
774;655;731;552
742;523;690;543
722;458;699;566
776;585;712;541
718;631;737;530
718;385;682;503
731;453;694;553
749;537;727;561
791;627;728;565
733;481;699;540
741;571;738;575
714;502;710;556
714;426;690;551
751;548;717;559
747;536;714;564
746;536;703;528
746;536;703;528
730;540;725;550
723;493;708;555
771;613;737;596
761;673;756;574
730;561;722;564
719;468;696;574
735;520;706;563
717;450;692;574
762;642;716;529
728;698;752;501
718;661;752;524
711;427;684;549
747;599;738;538
780;607;703;524
739;623;742;524
713;700;765;486
712;493;700;543
736;497;712;559
726;467;677;542
726;467;677;542
734;558;714;552
665;616;718;393
714;427;687;532
728;461;698;580
727;480;705;584
740;472;710;635
728;479;704;593
742;545;727;591
729;461;695;587
720;470;696;575
782;609;700;502
782;609;700;502
728;480;699;559
741;500;715;625
720;394;687;591
739;456;709;61
750;502;722;587
794;597;712;561
759;552;722;559
786;584;733;618
728;478;715;563
728;398;689;573
733;478;706;563
719;434;689;562
748;587;741;582
783;617;720;502
740;507;701;561
713;629;725;397
715;500;705;562
716;451;693;562
785;634;721;552
747;604;726;571
747;604;726;571
740;504;714;574
732;500;719;532
711;455;689;540
711;593;727;539
717;562;672;507
764;731;711;501
742;654;733;444
730;621;727;455
730;621;727;455
716;567;725;542
741;561;739;573
726;423;689;559
722;454;704;559
727;461;701;550
718;442;695;554
778;695;737;520
766;636;727;542
728;479;700;550
722;560;720;554
712;441;695;509
735;543;733;541
774;673;764;575
790;697;769;605
792;705;758;594
769;603;722;556
721;461;709;535
719;442;693;536
747;531;710;522
757;638;768;591
722;486;708;540
719;454;695;551
709;599;718;517
716;551;677;511
746;695;704;511
770;690;710;533
756;592;712;548
722;463;702;564
707;426;684;545
726;573;718;547
742;508;689;557
758;559;721;585
763;605;738;581
735;639;737;546
716;553;719;546
756;637;734;569
737;560;701;552
714;444;688;558
742;628;748;570
725;714;768;519
716;557;724;539
713;445;692;551
721;566;719;556
746;493;721;639
720;444;699;580
719;467;697;571
741;652;749;570
750;612;731;563
729;487;695;549
719;458;700;574
737;644;718;520
764;643;719;554
763;614;691;534
715;458;694;558
721;462;705;553
742;560;709;549
731;488;703;559
719;460;697;563
789;606;722;566
739;699;764;516
712;493;703;550
745;504;705;581
740;508;709;542
768;619;735;551
724;511;715;561
776;587;712;569
731;467;697;574
746;509;707;585
737;485;695;565
741;506;700;571
758;566;712;548
753;614;743;561
713;572;722;545
718;469;697;573
741;502;714;569
713;428;687;563
759;637;707;536
702;711;759;476
713;588;727;537
764;600;716;544
733;452;690;546
740;473;712;649
726;433;691;568
723;460;695;569
791;660;731;520
784;618;722;532
738;487;692;547
720;467;697;566
767;564;708;553
731;476;698;571
712;421;695;560
714;455;696;560
758;633;710;523
776;668;745;544
725;559;726;528
714;444;691;555
720;665;745;513
750;628;720;560
746;585;703;542
734;509;687;541
727;491;712;544
783;565;715;554
729;487;701;542
720;458;697;556
723;481;705;535
760;351;708;689
738;518;712;578
726;476;696;561
740;515;720;583
728;469;688;546
739;477;711;611
724;471;699;566
728;445;701;597
722;459;696;567
728;478;705;578
742;507;723;619
733;470;704;569
761;602;716;563
733;515;699;552
753;589;729;561
726;508;713;560
717;466;697;559
715;513;707;545
722;467;698;546
772;659;729;552
770;621;734;580
735;525;723;552
718;439;688;554
741;510;703;555
720;484;698;556
750;683;770;543
737;734;775;503
723;518;711;556
721;452;690;553
740;480;708;589
712;417;682;556
790;599;741;618
762;567;731;544
757;542;718;540
747;563;698;518
730;500;699;539
730;505;699;544
718;562;724;528
738;479;712;587
735;496;713;565
727;467;706;565
747;572;712;534
747;629;742;548
717;575;721;547
720;459;699;559
776;603;731;565
769;577;715;543
769;577;715;543
718;442;695;563
742;543;713;555
736;483;701;565
800;643;727;546
773;723;765;574
718;491;705;545
707;490;697;536
712;491;701;534
740;560;710;554
739;536;703;539
739;536;703;539
738;637;742;575
717;458;697;564
732;455;709;605
729;496;698;565
748;502;714;625
735;441;696;599
722;472;698;549
725;469;699;559
725;599;741;552
755;718;778;596
713;539;719;529
723;476;699;561
754;621;706;514
692;689;732;247
717;511;712;549
718;514;714;558
751;637;727;546
751;637;727;546
733;564;717;566
733;564;717;566
761;652;710;551
773;650;748;606
753;572;727;601
730;505;714;571
734;508;711;557
709;383;675;544
716;508;702;555
715;435;689;556
796;636;736;598
777;530;697;595
723;416;685;545
717;439;694;555
743;563;716;568
780;571;711;572
749;448;693;574
744;501;707;577
732;496;702;568
717;465;696;577
719;597;730;547
719;459;697;569
777;672;709;529
766;705;762;537
716;506;710;547
764;677;724;432
741;644;732;550
722;685;746;457
723;537;718;557
716;433;691;552
737;567;705;558
768;666;701;543
736;549;700;546
734;549;703;547
727;508;710;566
724;500;706;543
734;618;742;566
738;514;717;577
745;512;722;564
746;639;716;546
728;534;705;553
731;509;711;564
726;482;708;556
735;520;699;555
748;599;714;560
697;718;745;272
713;507;710;545
764;582;726;587
729;521;718;561
718;448;692;566
718;538;716;553
737;434;706;633
731;476;711;599
736;454;701;613
741;470;700;578
727;461;693;561
783;582;734;621
759;664;748;572
724;518;711;541
717;512;705;532
730;691;767;521
774;644;738;551
736;540;716;528
731;493;698;542
725;509;712;548
768;578;712;530
781;605;717;544
739;703;758;522
727;611;731;563
715;411;686;543
760;704;744;546
756;667;734;567
729;494;695;547
708;410;679;533
728;557;699;541
718;465;695;570
740;455;710;571
719;441;694;551
772;618;748;614
760;632;740;598
733;619;705;538
726;552;704;558
736;487;704;574
721;435;693;568
738;570;722;572
720;427;688;561
750;516;714;564
728;481;703;565
726;514;714;558
750;478;717;651
736;483;692;530
733;482;697;562
734;554;733;546
753;730;774;482
784;718;759;466
794;657;732;553
741;487;699;548
717;409;685;547
789;638;751;567
771;616;725;541
736;571;722;542
727;459;693;544
747;513;702;549
746;510;693;539
769;605;710;529
739;680;761;538
714;500;708;554
713;438;690;559
756;550;699;542
719;461;696;567
741;517;703;545
695;591;705;506
716;588;729;553
733;578;719;551
731;535;704;570
722;481;701;579
764;663;706;541
761;711;759;558
727;481;713;575
737;671;763;570
719;526;710;557
749;526;718;575
728;416;688;570
716;434;697;560
805;635;736;621
757;603;715;567
739;504;690;550
728;457;687;556
789;623;732;591
740;711;767;520
716;492;705;537
764;544;710;589
757;514;709;584
757;487;708;591
756;505;705;571
744;545;709;556
747;526;707;552
750;525;714;555
725;475;709;545
718;453;695;559
722;568;722;542
718;459;697;557
733;490;700;561
746;466;703;593
764;573;742;577
806;634;737;592
762;551;702;554
747;598;743;564
715;519;707;535
715;433;690;558
722;445;700;566
736;493;714;583
776;561;734;624
792;648;740;621
725;504;720;555
719;449;697;567
782;597;728;551
723;460;700;575
749;591;709;559
754;694;756;532
716;584;727;556
719;493;703;562
787;699;714;500
745;648;696;465
757;677;752;569
749;652;748;564
760;636;709;543
735;717;759;517
723;520;708;556
719;440;694;558
771;626;741;589
717;424;694;553
771;570;741;616
799;648;748;630
739;506;719;557
746;503;699;555
738;499;707;564
723;462;699;572
745;574;709;553
721;461;699;574
733;522;727;557
720;428;692;566
723;594;706;540
743;607;707;577
749;695;704;538
775;710;720;522
777;674;734;539
759;597;744;563
736;524;726;532
712;427;688;549
713;591;730;546
743;444;714;641
729;457;709;588
741;457;706;624
733;467;706;577
718;472;698;551
734;587;738;562
727;430;693;616
725;458;696;546
722;454;698;568
731;475;714;577
724;453;699;574
757;723;777;525
730;686;765;542
760;657;743;560
785;640;713;565
744;473;692;570
737;488;701;570
792;628;725;565
746;703;770;522
713;640;745;496
715;410;695;533
732;514;707;558
719;440;694;567
763;658;691;514
754;708;756;530
719;527;719;537
714;483;700;551
711;624;737;555
735;550;722;577
746;509;700;538
719;459;696;565
738;543;694;527
760;586;737;571
731;529;720;555
758;576;729;574
761;543;702;552
705;535;711;536
719;540;721;564
740;554;703;564
769;662;702;537
722;679;753;529
723;503;714;570
725;517;705;553
718;468;696;559
713;406;684;556
755;579;704;573
762;572;728;611
735;490;711;580
718;444;692;568
751;647;756;572
735;723;772;507
720;508;710;558
720;456;697;564
741;493;698;556
735;474;704;581
756;540;713;544
722;449;699;565
747;546;703;564
740;508;696;567
746;572;708;561
741;709;765;522
721;500;698;563
722;461;697;577
763;695;744;552
720;687;737;462
718;606;729;562
757;651;749;569
710;433;687;564
718;458;694;579
746;521;729;597
710;393;683;564
785;619;752;639
774;650;756;615
731;523;717;561
719;469;695;571
714;516;701;573
722;472;698;579
758;598;738;581
779;612;719;566
745;511;710;576
725;564;716;522
729;557;724;571
767;576;721;584
738;449;695;577
720;456;698;577
758;591;720;573
758;591;720;573
733;460;689;570
712;435;696;572
750;620;732;544
706;653;730;416
721;563;721;568
722;467;699;577
761;627;726;562
761;627;726;562
736;525;715;571
741;540;698;568
748;577;704;566
736;532;702;573
729;517;713;552
718;459;697;572
717;521;707;544
749;546;707;551
780;593;721;581
789;613;738;608
726;483;709;566
724;465;700;578
744;512;711;573
744;558;727;586
732;547;719;549
722;478;699;577
713;581;719;555
730;484;694;566
727;500;695;562
721;470;698;580
784;704;742;539
750;646;741;558
756;638;736;568
792;645;746;631
731;431;698;557
724;461;700;565
740;514;709;581
733;510;699;577
733;510;711;554
731;507;710;571
720;550;719;564
716;415;688;561
773;668;706;519
780;713;758;560
776;708;759;576
775;690;744;582
747;649;743;566
747;649;743;566
720;505;704;571
745;557;711;578
746;455;693;593
738;457;695;571
808;601;725;580
786;582;742;630
759;546;717;566
792;592;685;5
748;618;724;504
767;677;757;547
739;578;726;562
739;578;726;562
739;525;702;564
740;563;712;565
730;517;693;564
730;509;716;573
726;498;711;575
721;541;713;540
744;396;737;595
734;594;702;561
739;572;702;556
738;535;701;550
769;726;707;524
746;629;717;547
735;554;704;550
720;464;696;589
726;487;702;577
749;489;722;654
731;468;706;588
723;472;703;582
729;474;712;557
736;599;702;566
750;687;706;552
762;614;707;576
746;535;698;575
724;466;699;584
756;533;725;624
750;597;709;582
759;688;709;543
765;594;715;571
735;493;710;574
725;446;698;577
792;645;739;575
792;624;724;585
745;494;704;585
729;465;703;578
734;475;697;574
725;453;696;577
759;632;743;545
742;652;751;540
720;500;705;576
743;519;725;590
742;514;725;570
747;537;701;564
763;607;708;558
745;685;759;545
725;526;718;567
752;620;696;506
752;545;692;561
764;587;726;608
740;505;716;601
758;595;712;553
762;626;715;564
792;642;750;639
749;529;723;566
729;570;732;555
718;523;713;562
720;464;693;570
756;610;717;575
722;468;698;580
717;510;704;565
721;433;686;565
739;483;714;594
749;478;694;595
804;618;742;662
775;598;733;542
732;492;701;543
714;481;697;540
718;583;726;561
719;465;701;571
770;561;735;623
787;669;744;570
737;529;706;564
755;706;773;595
714;467;698;571
739;584;734;582
726;485;709;579
718;440;693;572
769;584;735;582
774;577;719;581
740;503;706;58
751;555;707;579
740;532;705;568
722;471;699;586
743;569;711;573
738;727;762;357
716;587;724;552
725;465;698;593
731;467;699;579
725;475;699;573
751;657;757;580
736;718;769;527
723;527;713;573
727;469;699;592
738;507;726;612
729;460;698;597
730;491;712;606
726;479;702;594
731;474;708;601
733;499;709;591
735;482;710;619
735;483;706;619
734;478;713;622
722;445;689;582
729;476;707;607
727;485;700;592
749;489;721;624
781;609;721;556
719;440;695;566
759;646;733;583
726;520;692;573
726;520;692;573
742;468;708;581
742;468;708;581
741;614;722;566
724;458;691;563
746;507;707;582
725;456;697;580
751;538;731;592
728;471;702;584
731;508;698;5
722;461;694;584
717;655;745;527
725;466;697;575
726;514;709;578
744;509;720;605
765;585;744;602
787;612;728;582
754;543;712;570
738;524;702;57
742;540;706;561
744;531;697;568
753;597;709;556
712;609;724;501
743;564;726;586
757;603;712;599
781;665;707;545
759;658;744;559
759;658;744;559
798;719;742;554
722;487;691;547
734;658;766;580
719;539;719;531
716;448;702;537
789;686;732;553
775;608;729;597
791;666;759;612
770;682;765;579
748;646;749;554
787;625;712;543
739;587;734;546
739;587;734;546
721;511;712;557
729;485;704;575
742;477;706;574
726;464;701;578
757;571;706;560
727;462;700;566
795;570;722;586
721;415;694;566
782;594;719;540
746;513;701;547
723;575;728;565
720;495;705;566
756;646;731;552
751;662;727;558
728;575;725;574
744;576;726;588
746;529;726;576
718;414;689;561
735;566;731;580
726;478;701;567
802;709;692;514
760;642;749;600
731;516;716;561
716;396;680;554
754;606;712;559
716;637;722;497
719;509;706;555
728;486;700;586
743;506;703;566
743;506;703;566
739;553;715;588
778;658;727;572
738;511;691;555
723;470;696;572
775;651;746;548
733;551;702;527
725;543;713;567
761;623;710;554
768;615;707;553
795;696;742;584
750;605;730;585
725;461;697;575
732;470;705;584
723;458;696;585
734;486;712;618
726;482;701;593
758;533;706;600
758;533;706;600
732;480;705;603
725;474;701;592
736;479;717;607
722;445;695;583
731;455;697;592
724;466;699;581
774;581;743;610
792;618;720;577
743;515;702;579
729;581;731;569
724;509;705;577
724;451;695;581
732;466;704;593
733;476;703;590
748;527;711;592
769;547;712;602
748;513;704;578
748;513;704;578
724;507;703;573
747;500;723;631
728;443;699;613
734;507;703;588
744;502;710;600
723;455;694;575
731;682;739;454
738;517;708;546
738;517;708;546
746;487;699;561
820;655;752;646
818;678;763;616
776;674;759;544
743;626;751;530
726;519;719;539
719;482;702;542
761;677;744;538
770;530;735;566
770;530;735;566
742;519;716;578
742;519;716;578
771;669;762;592
746;630;748;550
777;543;725;589
787;650;740;561
721;705;766;539
728;506;701;573
728;506;701;573
751;527;703;591
728;475;695;591
741;508;715;602
730;647;750;557
759;527;681;516
759;527;681;516
788;632;744;616
793;592;726;640
769;594;738;610
767;682;769;579
741;593;738;580
764;575;714;560
742;533;711;581
742;533;711;581
733;531;716;565
732;546;705;578
748;727;750;523
744;700;711;520
769;733;709;555
803;662;742;577
803;662;742;577
762;639;734;573
734;534;717;579
725;473;702;576
773;638;751;599
764;674;757;581
780;684;735;547
780;656;742;595
740;527;715;570
717;425;694;571
717;529;710;568
739;472;715;630
739;475;700;591
727;477;698;583
745;424;707;654
727;454;698;575
743;491;720;635
727;456;699;597
738;457;705;635
732;490;708;590
749;498;717;646
732;488;703;597
749;589;733;589
732;502;709;588
765;628;747;609
760;684;765;586
730;563;722;573
725;456;691;579
751;591;724;571
726;469;698;588
739;532;702;584
739;532;702;584
720;522;707;579
722;466;697;584
788;628;738;596
767;627;734;600
731;484;700;586
734;539;699;586
800;695;717;530
736;555;721;546
736;555;721;546
724;557;722;572
721;501;709;559
775;541;727;596
742;533;712;582
737;514;698;578
735;512;710;591
751;562;729;606
727;498;710;566
722;463;695;586
726;552;721;574
734;557;710;588
759;629;702;548
785;670;757;624
729;450;690;573
723;467;696;584
720;543;717;578
728;528;704;575
772;710;771;585
769;614;747;561
787;647;742;565
774;619;740;517
741;632;753;513
741;632;753;513
719;490;700;525
715;415;686;529
780;623;715;533
756;700;760;561
725;485;696;552
717;437;682;528
764;690;740;565
778;661;737;602
805;642;727;624
799;638;748;627
726;517;719;513
723;459;696;562
747;666;748;547
780;623;729;577
743;474;689;550
746;513;697;564
727;453;704;580
721;447;695;577
791;682;738;507
707;734;771;506
714;536;711;546
722;469;698;570
743;697;745;542
794;664;726;577
777;569;710;579
730;469;701;590
782;574;708;586
780;590;720;588
734;549;722;546
720;488;700;566
716;530;706;556
757;649;730;554
730;490;695;571
727;470;693;579
776;561;716;564
760;542;708;595
745;522;705;587
725;465;696;590
774;591;697;555
737;586;719;534
725;519;715;583
720;471;698;589
31;451;703;617
723;479;700;590
741;499;712;591
727;477;715;586
753;536;708;581
723;456;698;587
726;547;724;579
726;547;724;579
777;574;715;568
781;645;763;625
734;475;710;591
719;413;688;574
746;517;720;587
723;460;699;584
710;405;684;565
722;457;696;583
632;506;692;469
706;588;678;482
709;597;677;481
707;558;676;486
704;526;676;486
705;580;675;482
727;704;682;457
727;710;720;473
695;510;672;485
691;467;666;497
743;653;677;485
763;675;708;541
738;637;699;491
732;673;716;497
695;511;678;486
689;434;662;490
711;490;679;506
689;427;663;496
703;450;669;489
699;469;671;508
708;469;681;511
699;462;668;493
714;473;681;563
702;494;676;497
718;486;686;557
710;477;677;551
707;438;668;515
704;464;674;512
711;418;673;558
704;466;675;516
737;511;690;612
737;511;690;612
738;704;686;490
774;720;682;473
783;689;700;507
743;620;707;505
709;506;689;498
703;424;668;493
782;706;721;505
734;604;704;489
734;604;704;489
705;446;672;513
718;440;687;569
707;450;675;528
704;445;676;497
715;444;679;577
712;456;674;516
710;463;671;514
712;461;677;519
708;461;675;520
751;587;700;480
760;661;717;485
713;547;695;468
709;457;681;489
729;537;664;491
729;537;664;491
707;481;678;510
710;488;690;525
732;530;686;496
728;575;682;506
770;699;701;478
753;620;694;531
732;492;694;536
780;615;699;523
718;501;681;506
714;486;679;510
762;677;694;489
731;595;702;493
727;548;702;507
710;476;678;508
703;523;687;493
732;483;671;491
776;627;714;524
720;496;691;464
718;489;678;495
710;460;678;520
727;483;666;283
731;485;675;506
721;451;675;506
711;456;671;507
723;479;676;499
729;535;698;519
760;613;712;558
749;600;672;483
727;498;677;515
722;571;667;484
744;643;702;496
770;623;708;552
770;623;708;552
756;667;731;507
707;429;675;502
700;326;648;507
720;479;683;507
720;479;683;507
738;688;745;417
724;635;721;475
707;435;675;481
709;448;675;495
723;533;702;507
725;521;692;505
756;619;674;440
774;639;716;534
774;639;716;534
769;677;737;523
712;421;675;497
716;446;683;507
732;488;689;520
719;464;669;509
740;542;697;498
708;500;686;493
711;506;687;507
723;559;671;482
722;535;679;497
727;373;667;567
726;483;693;546
729;452;681;568
723;450;680;551
719;471;676;526
723;465;683;530
730;500;699;549
743;490;698;615
750;468;689;638
726;497;685;551
728;503;685;559
725;448;680;556
719;472;678;534
726;466;683;521
720;497;674;534
775;725;682;491
749;613;699;480
749;613;699;480
709;424;666;502
713;496;686;506
714;456;671;511
747;616;697;484
747;616;697;484
734;581;693;515
724;468;670;533
739;521;700;525
723;615;709;426
722;535;698;525
715;445;672;525
725;436;672;536
725;490;681;533
764;579;697;528
719;467;683;535
736;404;710;519
707;360;656;504
776;577;718;573
779;580;701;512
737;469;664;506
748;504;680;524
779;585;683;489
774;631;703;481
744;483;669;506
744;483;669;506
811;656;702;524
778;585;699;512
728;507;691;517
705;550;694;498
720;485;683;504
744;445;673;514
763;557;698;505
753;536;698;519
723;473;686;476
714;520;697;481
712;505;689;516
749;521;687;528
751;552;691;511
733;494;685;516
759;571;698;525
759;571;698;525
774;622;716;522
761;600;713;497
722;515;697;489
723;558;710;518
709;469;679;509
718;444;682;524
771;445;676;594
768;647;736;511
720;533;698;453
720;542;704;503
736;585;689;531
736;585;689;531
782;624;717;523
777;646;722;535
719;502;692;519
716;443;679;529
788;652;721;503
739;655;726;529
717;466;683;537
718;448;677;541
764;634;714;533
774;647;687;502
731;508;681;540
724;533;700;528
731;517;695;554
727;477;697;548
729;536;704;543
755;507;698;575
748;574;693;550
748;574;693;550
732;531;686;539
745;482;675;536
731;514;704;546
736;516;701;557
758;592;674;534
722;699;737;455
719;491;687;520
721;470;677;541
732;479;688;543
732;479;688;543
731;492;688;532
740;672;740;498
716;521;695;525
723;469;680;540
753;540;700;543
723;453;681;538
761;535;692;525
5;533;691;534
734;518;702;520
721;437;675;538
726;608;713;525
748;607;705;524
773;606;713;515
782;641;720;539
738;558;705;532
727;492;700;543
790;593;688;537
751;690;732;509
748;604;709;544
748;604;709;544
743;533;677;520
726;480;681;539
765;631;677;509
760;651;719;533
771;644;724;558
785;644;734;580
751;527;703;539
723;450;678;532
739;482;689;536
726;458;681;543
728;526;702;520
726;576;708;513
756;670;727;516
779;648;716;523
759;520;673;486
764;497;677;541
737;464;687;533
719;438;674;533
745;563;704;517
763;555;693;539
754;505;682;551
728;467;685;553
781;564;696;546
785;639;730;565
735;519;693;549
759;544;691;537
759;487;682;562
718;425;676;552
798;668;726;539
750;666;729;537
724;495;689;543
750;459;677;569
802;638;724;588
791;609;714;598
757;535;702;540
720;410;667;536
713;527;693;523
722;473;682;546
738;492;696;550
6;471;686;550
736;475;684;542
736;475;684;542
750;544;681;541
765;556;703;561
737;541;707;522
721;453;679;551
728;716;747;491
736;550;698;521
730;531;688;520
741;537;683;523
780;656;691;514
800;597;693;531
774;601;700;522
722;449;682;545
739;498;683;531
745;532;690;535
745;547;689;534
752;594;733;565
727;483;695;540
722;425;674;546
706;448;673;486
734;571;687;524
782;735;695;480
773;666;695;499
735;482;679;524
719;453;678;538
753;560;696;585
737;634;684;469
764;716;693;505
774;558;692;530
3;472;698;509
725;470;697;526
720;642;727;535
715;456;673;538
756;654;715;537
715;461;674;541
783;692;717;510
741;658;726;515
694;568;721;461
693;550;710;472
736;582;699;534
736;582;699;534
748;556;689;538
748;556;689;538
746;484;692;578
756;556;685;556
760;584;680;535
786;623;725;600
715;396;661;534
724;557;709;515
715;505;690;538
716;419;667;536
734;488;697;551
750;562;717;571
752;515;697;572
733;457;677;555
732;414;670;551
732;414;670;551
778;593;680;541
770;591;707;532
770;591;707;532
719;470;685;551
712;525;691;539
718;449;676;539
754;527;687;545
721;465;681;550
741;477;697;611
724;474;681;550
738;504;689;582
732;511;687;551
738;523;695;588
729;489;675;566
731;464;681;601
729;483;686;576
745;495;701;588
731;477;681;554
732;500;679;557
723;484;683;564
750;506;696;550
726;491;687;559
721;525;696;529
721;525;696;529
787;608;688;520
789;601;721;594
747;529;703;565
737;482;686;554
786;574;714;583
766;623;718;549
735;562;709;538
725;576;709;535
716;508;680;530
730;517;701;543
732;514;699;547
756;562;710;559
747;564;709;532
715;501;664;529
720;530;699;546
728;484;689;542
75;653;684;503
749;606;685;517
746;595;690;535
748;499;700;634
732;496;692;553
731;508;699;566
743;531;711;536
722;473;672;490
741;536;685;494
779;581;706;544
760;533;703;531
784;650;721;513
740;514;672;482
742;527;679;500
762;615;692;483
752;701;736;449
719;598;706;479
722;485;676;511
730;483;680;517
730;502;678;502
743;619;714;514
740;663;737;454
757;625;710;502
764;612;699;513
751;565;690;517
751;565;690;517
761;598;716;540
786;681;738;553
775;644;705;536
757;641;711;522
738;574;692;514
789;686;697;518
721;543;697;486
723;457;674;520
725;531;698;497
725;484;682;520
743;667;728;505
725;563;695;513
752;509;689;538
722;484;676;538
743;510;704;549
748;505;693;607
736;470;692;567
734;493;680;538
773;565;696;523
724;477;677;541
752;530;691;536
726;486;681;546
737;482;690;544
730;491;683;543
765;561;698;525
765;561;698;525
728;558;704;520
805;631;698;525
791;599;704;538
726;454;677;526
772;585;699;492
772;585;699;492
734;495;688;538
728;481;685;538
748;544;713;549
738;668;718;515
729;531;671;524
725;500;680;544
737;505;685;533
724;498;680;544
754;599;696;528
721;441;667;536
719;512;690;502
729;557;705;493
745;649;733;497
779;608;714;503
739;503;682;513
719;460;674;514
714;546;701;489
725;485;687;519
755;564;697;510
735;498;681;506
775;567;722;564
807;645;725;508
739;502;684;514
739;502;684;514
719;574;705;493
722;494;682;520
752;660;738;517
766;607;728;555
764;563;708;530
722;494;680;527
765;536;685;513
746;519;682;520
774;603;702;508
763;708;748;402
721;601;714;502
722;491;683;525
802;649;723;547
799;645;739;577
785;601;721;580
788;577;707;565
747;500;686;523
748;543;697;511
791;685;742;549
768;636;725;530
768;636;725;530
744;549;707;509
733;544;704;525
719;573;716;494
722;622;719;495
749;636;699;469
726;539;693;506
719;449;678;524
785;678;699;495
776;643;718;532
740;546;707;529
733;461;694;598
722;441;682;555
726;484;702;561
730;499;701;532
747;323;681;669
735;481;700;571
735;452;692;587
732;434;676;571
733;493;700;576
733;483;690;566
735;483;698;596
730;461;688;575
749;559;714;553
729;491;689;537
729;551;706;512
730;615;719;531
769;662;713;524
762;534;692;560
762;534;692;560
792;688;710;537
814;679;726;582
767;559;716;541
743;511;704;531
753;575;692;525
726;460;682;538
734;481;697;540
728;459;685;542
702;589;714;489
735;582;692;516
768;732;697;483
769;733;697;4
768;733;697;483
769;734;697;484
769;738;697;481
769;739;697;479
769;738;697;478
769;739;697;477
770;739;697;479
770;740;697;484
770;739;697;486
770;739;697;485
770;739;697;485
770;740;697;485
770;740;697;485
771;741;697;485
771;741;697;480
771;742;697;484
772;746;698;482
772;750;699;480
772;750;700;478
760;695;689;500
731;533;665;513
719;467;690;542
772;645;731;562
766;602;710;550
757;548;697;543
718;461;685;544
749;469;685;536
747;480;689;540
785;665;732;530
749;699;739;519
718;504;693;539
695;414;655;442
753;542;718;546
766;609;715;539
748;563;688;533
748;563;688;533
719;561;710;542
729;489;680;533
754;555;688;527
755;586;718;544
738;510;709;567
722;464;683;554
792;703;715;506
788;640;732;594
740;511;713;540
714;451;675;535
714;497;692;536
719;477;684;548
734;478;700;586
719;436;675;546
734;484;701;571
727;483;686;542
730;428;682;574
721;414;670;543
732;450;696;592
723;446;681;543
731;458;695;590
736;482;694;591
727;452;684;566
724;478;687;550
729;463;698;561
727;463;684;556
740;481;693;586
758;559;698;574
735;479;677;558
723;471;681;555
751;488;685;549
725;467;691;555
796;619;707;525
761;544;695;524
721;499;696;531
751;588;700;533
740;494;670;515
750;550;722;561
788;680;749;581
783;667;702;539
739;532;694;544
739;532;694;544
743;483;698;507
717;355;663;532
718;491;688;534
725;490;688;553
777;580;730;632
799;621;743;654
752;521;712;567
727;488;690;551
778;567;731;602
719;406;669;542
728;472;687;555
729;480;688;555
740;725;762;468
723;470;685;526
787;596;693;524
793;620;715;578
776;553;717;587
734;493;699;545
796;612;718;566
800;680;742;554
717;408;672;533
734;603;727;536
719;507;693;524
720;457;678;519
764;678;738;546
785;691;716;523
714;404;667;538
764;534;714;578
753;525;699;534
764;540;706;545
749;524;713;544
764;541;707;542
762;516;688;533
724;450;682;546
785;657;699;512
788;683;756;590
734;499;701;536
727;474;688;546
722;597;716;536
729;488;692;551
776;583;702;533
744;552;692;538
801;645;728;575
802;664;731;556
779;588;700;553
779;588;700;553
741;449;691;559
743;471;695;556
738;490;690;555
719;448;677;561
728;497;698;552
728;502;679;549
729;550;657;462
729;550;657;462
769;738;699;497
757;625;697;523
757;625;697;523
723;443;678;536
777;651;728;558
751;534;695;521
745;509;693;531
745;509;693;531
729;558;710;531
719;456;679;532
748;527;688;527
740;465;697;595
741;474;702;583
793;608;700;553
745;516;689;529
726;480;679;533
791;691;701;515
791;624;702;544
767;597;710;530
767;597;710;530
750;464;684;540
759;513;698;551
776;657;729;513
726;671;735;522
726;536;702;537
750;486;693;546
757;607;716;504
780;633;723;561
717;644;709;475
748;687;744;524
719;509;689;525
723;448;679;535
781;627;714;560
774;539;699;567
758;523;704;553
726;596;715;507
721;613;719;537
737;587;707;540
786;625;732;615
795;639;740;626
731;492;697;549
749;556;724;570
734;495;696;541
776;661;717;528
754;589;697;540
671;583;671;463
726;613;721;542
727;496;686;556
736;510;699;541
729;496;692;545
747;631;734;534
744;506;707;607
721;418;676;552
728;480;686;555
735;637;729;556
744;607;711;554
763;658;716;507
763;658;716;507
754;618;716;549
773;667;716;546
756;655;731;552
729;711;741;468
723;504;688;539
726;460;684;537
782;606;697;530
797;621;711;558
754;504;697;534
723;424;677;540
764;541;704;546
758;567;700;543
798;684;713;520
742;571;713;547
742;571;713;547
721;454;682;552
745;648;745;528
747;724;766;512
724;534;703;546
724;455;683;552
745;500;698;529
746;534;717;559
744;493;695;551
734;480;687;543
801;681;708;507
747;618;729;512
740;589;721;528
725;571;725;547
718;503;698;541
729;487;688;553
758;590;694;533
784;634;713;552
767;607;712;549
800;624;702;566
776;570;707;572
803;636;712;573
777;541;681;552
738;487;696;563
765;551;704;570
753;692;743;535
726;505;694;546
749;466;692;580
746;526;695;540
765;553;703;556
750;485;694;564
754;490;694;568
728;530;695;558
759;551;720;583
774;647;741;569
773;655;746;578
776;652;733;555
762;597;713;557
754;573;711;565
737;541;704;557
721;594;717;558
727;488;687;574
783;585;716;603
774;695;755;571
747;630;733;573
792;604;705;588
784;592;714;576
795;638;744;613
772;582;731;587
727;433;677;566
726;527;700;564
727;476;687;565
795;584;700;577
787;638;719;566
753;595;718;567
729;476;689;566
804;611;697;555
745;696;746;546
730;576;712;553
725;443;677;540
792;612;743;642
780;610;743;581
739;513;713;538
731;476;687;557
742;509;705;556
727;440;677;554
739;507;701;555
731;461;684;562
731;582;720;568
773;508;704;601
740;498;696;574
764;466;678;597
796;597;725;632
792;599;720;605
766;563;716;587
718;489;681;558
724;546;703;555
718;415;671;550
740;500;682;550
730;485;693;566
748;474;679;565
727;464;687;571
770;628;725;552
786;640;742;607
745;521;711;580
727;454;682;568
723;603;719;508
728;488;695;545
762;575;711;539
777;613;693;540
745;519;700;567
746;551;684;554
786;641;712;559
782;602;711;555
742;538;706;553
734;606;719;545
752;623;708;547
772;671;683;412
748;548;694;548
764;619;738;584
740;499;698;571
730;491;684;564
743;526;709;570
735;569;724;486
772;680;735;561
784;653;727;562
751;559;679;543
751;559;679;543
749;582;714;575
749;582;714;575
807;653;712;554
763;732;755;543
731;616;720;563
727;468;686;549
779;707;736;537
775;645;688;511
753;568;690;551
772;625;704;554
723;595;706;495
728;662;726;519
728;446;683;562
769;524;698;560
745;497;684;554
731;559;694;542
747;629;733;571
783;628;717;548
745;445;676;563
740;499;694;574
760;529;700;573
729;471;686;573
737;518;702;571
727;485;688;572
774;586;719;584
724;443;681;564
723;582;713;532
725;445;680;543
776;663;731;544
795;692;718;535
760;593;694;561
725;477;685;566
787;675;702;541
747;730;753;513
724;522;699;551
740;470;692;612
738;479;696;611
730;498;689;574
721;486;703;508
730;485;690;559
772;575;719;595
772;575;719;595
781;528;711;618
780;696;754;568
763;663;743;556
802;650;719;551
748;528;696;555
739;621;729;552
707;401;665;518
729;476;690;551
799;619;739;638
801;644;740;583
801;644;740;583
801;651;735;550
743;504;698;542
728;463;689;548
741;540;717;550
745;742;773;587
683;511;686;494
735;553;694;545
758;740;704;511
758;740;704;511
759;739;704;511
760;742;704;511
759;741;704;510
758;739;704;512
759;739;703;510
760;740;703;512
759;739;703;512
761;742;704;510
761;744;705;507
761;746;705;499
759;746;705;503
763;751;706;500
776;762;701;501
754;702;704;524
717;532;690;529
710;458;684;541
756;625;732;557
749;581;714;549
744;522;694;556
714;464;692;544
728;467;683;540
728;480;690;544
761;583;703;533
712;485;686;559
697;590;711;527
700;487;687;536
720;496;704;531
758;631;707;540
748;625;702;527
736;693;754;517
712;549;710;541
705;427;678;521
757;629;698;539
753;622;737;570
724;479;696;561
736;534;711;565
737;564;694;542
783;632;736;620
724;478;698;541
717;465;694;551
707;510;695;522
755;532;692;552
745;542;695;536
720;471;692;549
734;558;703;537
718;486;689;551
766;622;731;558
744;632;720;531
723;538;701;541
716;480;684;557
734;729;724;341
711;564;717;531
711;518;698;537
720;494;688;565
732;472;694;574
720;462;684;560
739;599;729;558
715;706;763;445
717;531;707;551
722;483;688;570
781;615;697;555
771;660;745;534
771;660;745;534
771;578;731;572
747;491;704;555
746;565;714;542
766;688;736;542
786;695;739;555
737;546;712;538
721;425;680;546
728;546;711;53
718;415;675;536
762;569;731;568
777;669;718;462
751;598;704;541
751;598;704;541
726;540;710;545
742;552;678;516
787;687;704;507
780;650;749;596
745;515;705;577
731;459;689;561
789;683;711;531
766;606;732;532
724;505;711;419
726;455;690;516
717;529;702;529
722;455;682;539
780;672;694;490
767;683;733;552
739;615;726;570
744;507;713;574
780;623;738;601
779;573;697;571
765;522;695;546
765;522;695;546
761;607;721;565
765;592;711;555
752;506;694;568
732;467;695;566
789;667;726;490
757;688;746;548
724;516;700;549
731;475;690;566
764;503;702;594
764;503;702;594
743;511;709;577
742;468;684;580
741;508;707;567
725;432;676;562
732;565;693;500
732;565;693;500
734;547;711;570
735;541;710;568
774;573;715;550
793;685;745;583
768;638;735;579
788;597;722;610
763;604;732;572
770;704;764;533
778;706;761;545
778;659;724;540
759;618;721;535
747;698;750;520
729;581;717;555
730;477;693;559
785;585;715;574
760;535;721;573
742;517;718;552
748;593;730;560
729;531;704;559
750;550;718;576
748;510;690;573
743;545;687;572
753;531;688;558
767;596;718;569
754;560;715;584
790;620;711;550
705;540;701;547
715;653;727;484
733;557;709;571
733;557;709;571
775;578;711;578
786;629;730;555
762;563;697;545
762;563;697;545
737;696;747;531
732;706;742;508
727;532;703;548
729;485;686;561
7;492;696;592
745;505;704;626
751;500;713;643
726;441;677;563
744;478;703;636
733;480;688;571
739;473;697;619
736;494;693;581
738;467;690;608
748;506;708;629
735;483;692;592
734;498;689;579
733;470;686;581
750;508;703;636
739;467;692;596
738;482;690;576
741;481;700;581
734;487;688;576
793;635;713;577
797;612;705;585
739;483;692;577
731;476;685;573
793;626;716;582
750;695;745;531
727;623;725;530
748;483;682;559
760;523;705;577
734;484;693;567
790;621;740;622
795;636;742;608
756;543;712;561
731;450;683;562
729;596;720;553
739;509;696;569
741;524;708;579
756;528;713;592
748;521;708;589
746;514;703;589
750;540;698;569
734;498;689;578
736;492;694;560
736;499;697;581
731;524;701;555
741;571;692;553
782;744;698;530
762;657;711;579
752;582;712;587
745;566;699;551
758;635;740;584
758;635;740;584
728;529;699;566
735;487;691;573
747;488;703;587
737;477;691;564
787;639;748;622
803;631;715;571
772;542;683;541
740;500;694;572
788;677;704;530
774;689;740;573
734;508;695;565
757;519;695;573
767;557;702;571
749;545;701;576
769;636;713;554
737;513;688;575
779;750;697;531
763;673;709;567
754;592;714;586
736;481;690;582
730;558;716;568
754;581;737;597
737;512;704;574
739;496;704;580
730;593;709;565
751;615;702;575
769;720;700;562
778;692;716;554
733;426;678;577
733;493;690;585
742;512;709;562
736;480;690;575
774;706;767;586
757;733;769;524
736;549;712;555
753;508;706;636
738;479;690;598
743;495;701;608
741;517;705;606
743;494;691;623
742;512;706;594
736;496;690;588
750;517;707;618
748;607;692;575
756;651;700;562
767;641;710;601
787;726;718;585
781;661;710;588
761;610;705;576
750;505;702;641
749;516;706;614
743;570;694;584
751;604;698;576
749;626;700;586
788;749;717;568
790;751;718;569
793;755;718;572
793;755;718;572
796;759;718;571
794;753;717;572
793;752;717;570
793;756;716;564
792;753;713;563
790;749;713;566
790;750;713;566
791;751;711;567
792;753;710;567
791;755;710;567
789;755;711;569
789;755;712;568
790;757;713;568
790;756;714;570
790;755;713;572
790;754;714;573
790;748;714;574
785;735;713;572
783;729;713;573
768;690;706;569
749;611;701;573
749;611;701;573
745;623;698;573
768;719;705;563
770;725;707;562
769;722;706;564
771;725;706;561
774;731;707;565
776;732;707;566
776;732;707;566
806;710;734;587
762;552;707;577
760;542;695;577
742;544;711;585
742;544;711;585
754;527;697;587
768;555;706;591
760;530;704;589
769;550;701;582
737;468;686;579
766;615;722;587
789;660;710;567
791;611;733;622
742;503;702;580
742;503;702;580
760;549;704;581
735;492;690;589
735;480;699;583
735;480;699;583
781;726;773;595
753;770;776;526
731;536;702;576
731;461;687;581
735;494;695;539
747;499;699;641
737;426;678;602
744;471;692;614
731;486;683;566
758;508;711;640
731;498;682;562
739;511;693;580
751;533;696;626
733;486;674;569
755;501;702;653
737;488;691;581
743;459;697;624
741;506;693;579
750;523;706;608
738;482;691;581
745;492;700;602
744;505;694;585
741;405;689;576
735;460;685;583
756;577;701;593
743;663;683;511
788;740;700;555
786;671;727;604
785;690;752;609
785;690;752;609
740;537;709;574
735;493;679;591
736;578;715;564
725;443;673;561
742;658;738;579
731;529;702;575
784;661;684;543
768;558;720;587
754;594;722;582
729;480;683;587
762;558;714;595
739;499;675;577
745;533;708;592
739;464;682;617
752;475;703;647
739;488;686;580
752;460;683;636
739;484;698;582
756;525;706;610
740;510;687;585
728;521;700;574
730;473;682;588
735;686;742;565
778;685;691;537
760;622;702;567
91;639;731;609
736;511;701;584
750;603;724;591
732;490;692;570
726;461;675;580
731;506;692;574
731;506;692;574
746;516;674;571
718;455;678;567
780;581;698;566
802;632;720;597
737;522;704;574
729;482;689;584
727;618;721;564
731;483;687;575
743;500;707;545
744;525;688;575
757;644;738;575
751;739;768;532
726;501;684;553
715;397;661;552
796;603;734;643
764;558;704;551
740;498;689;547
727;488;691;558
725;521;693;568
753;506;694;597
767;564;722;595
791;679;688;562
758;618;703;579
752;684;730;529
729;539;700;573
707;399;656;523
796;584;706;585
790;633;716;547
737;516;697;576
770;575;693;566
813;663;705;579
717;698;737;479
740;505;709;581
725;432;674;570
783;697;740;574
803;664;719;567
739;513;682;553
750;568;697;559
799;720;725;540
775;622;727;550
753;602;724;553
724;432;683;572
717;500;687;558
732;464;686;567
739;479;691;576
731;481;693;578
799;706;764;641
785;660;717;588
750;523;691;585
716;356;656;567
739;551;697;580
738;489;680;583
761;546;694;578
761;546;694;578
722;597;716;564
753;568;717;597
770;622;704;576
790;610;727;643
746;541;717;592
773;557;707;594
808;591;704;605
721;686;737;529
721;559;705;571
728;463;683;576
772;669;748;592
802;667;732;601
721;597;707;543
721;597;707;543
720;505;686;568
790;571;683;598
801;647;734;603
791;630;736;633
743;522;714;561
724;471;682;560
725;647;738;571
714;411;666;565
755;537;703;586
735;499;699;591
749;539;702;587
729;491;685;589
790;684;751;619
772;641;702;585
751;566;682;577
745;636;716;578
740;638;690;555
763;685;758;610
746;617;737;590
733;488;689;588
739;725;751;500
743;701;713;508
