656;564;613;562
693;680;621;556
692;672;621;556
689;663;617;556
675;643;615;551
673;634;613;553
672;631;613;554
71;625;612;555
668;616;610;555
662;570;605;559
662;576;605;558
663;578;607;558
661;565;606;559
651;524;602;561
647;550;593;569
662;617;605;564
668;573;596;567
675;537;610;588
680;547;624;598
684;567;634;600
656;575;639;570
693;602;637;566
709;617;629;564
682;563;591;572
711;603;609;588
676;582;607;579
671;585;613;580
687;575;639;599
675;624;666;579
716;639;674;599
708;598;617;570
663;536;601;570
626;478;585;580
650;543;592;572
623;470;584;578
617;513;591;550
656;522;591;557
651;514;589;560
651;514;589;560
643;527;603;565
702;577;590;540
675;541;588;561
624;486;591;565
626;517;590;560
564;651;619;444
625;523;586;532
663;599;600;536
671;625;601;529
684;645;613;542
653;603;617;542
623;475;572;553
642;631;648;532
630;497;573;544
618;439;546;549
625;490;586;563
653;515;581;559
626;492;588;567
661;537;593;561
628;493;589;567
653;536;621;579
626;482;580;567
623;535;599;553
628;505;590;566
642;524;591;561
672;523;556;566
661;538;600;571
668;540;613;582
656;517;597;573
693;560;589;564
680;558;601;567
663;568;596;552
660;558;595;568
633;511;592;579
650;532;594;570
631;503;591;575
698;567;598;568
629;505;593;577
673;576;589;563
673;576;589;563
632;534;600;572
632;511;596;573
689;553;625;608
707;605;653;599
664;558;632;557
631;530;596;569
650;511;599;574
631;503;596;575
626;543;599;553
641;581;608;547
679;650;604;540
694;610;632;581
655;516;624;570
632;463;586;549
635;583;626;538
637;535;609;539
683;579;652;580
702;575;650;601
656;514;618;565
635;481;594;560
690;583;628;570
714;610;639;563
679;563;604;566
636;492;594;571
629;581;622;553
608;407;548;554
682;564;600;566
630;499;597;575
655;469;568;590
642;500;589;570
615;499;547;551
633;508;575;573
657;549;588;570
675;541;581;573
711;591;580;566
720;588;590;587
656;560;584;560
656;560;584;560
631;528;579;577
630;528;614;559
698;565;607;603
676;618;640;575
609;606;609;541
635;632;628;565
635;554;596;570
654;558;605;566
643;531;583;573
631;519;592;579
650;569;636;552
629;602;637;523
631;554;579;567
641;531;570;572
648;557;587;580
632;499;575;585
657;553;576;574
679;571;608;58
657;520;580;574
634;500;571;573
642;558;604;576
662;480;585;622
652;503;578;595
639;495;578;578
650;587;615;561
634;548;590;563
642;569;601;575
636;452;560;562
706;591;606;561
729;609;608;573
687;535;588;573
650;500;580;577
653;523;578;564
645;491;585;573
632;599;606;508
632;599;606;508
639;524;586;563
645;490;582;567
706;621;578;530
687;644;645;554
644;595;612;549
662;622;589;506
657;546;589;573
651;494;582;561
663;470;571;588
722;625;578;548
627;416;549;557
695;570;605;574
701;570;587;572
723;591;601;585
674;533;580;589
682;547;576;588
639;501;577;590
638;507;578;590
640;564;597;582
644;518;579;581
675;591;585;575
653;565;580;571
640;530;573;584
640;530;573;584
664;562;592;587
628;466;564;578
625;414;549;567
642;498;576;579
671;563;612;598
641;496;575;585
692;544;593;608
686;570;595;588
664;551;584;582
636;479;570;589
674;537;579;586
660;520;577;589
637;570;606;578
639;499;580;583
629;460;571;582
634;490;571;581
647;464;553;586
640;491;571;586
677;606;622;590
677;606;622;590
666;561;583;589
639;499;571;590
648;467;550;584
696;599;566;577
667;537;582;577
667;582;638;587
636;542;582;587
636;542;582;587
658;553;583;583
655;505;578;593
668;553;594;604
642;517;586;594
654;489;565;619
656;515;583;622
657;526;587;620
648;528;583;596
664;559;580;588
657;620;626;580
631;545;576;588
637;501;574;585
663;558;603;603
706;555;591;631
706;555;591;631
710;651;643;607
710;651;643;607
686;655;656;606
660;623;636;591
676;665;624;579
669;580;604;590
656;544;593;593
634;567;591;584
9;513;580;586
649;517;583;616
640;518;585;591
652;495;561;627
658;524;591;631
658;510;564;628
641;517;580;596
655;497;555;625
641;517;572;593
656;566;596;580
689;625;616;608
669;578;576;585
645;510;569;593
625;534;560;570
672;580;592;584
663;545;559;573
629;497;567;577
656;544;584;586
685;603;655;593
683;630;636;587
689;653;641;585
710;641;607;584
702;612;592;587
686;565;581;594
641;523;580;597
657;612;626;594
647;613;618;59
645;571;591;593
663;604;579;580
690;661;586;575
663;573;598;601
638;496;552;566
699;551;541;595
673;565;599;585
635;474;550;582
638;586;599;575
665;558;611;590
704;603;601;590
712;620;618;600
654;549;564;588
639;512;574;597
648;533;583;594
639;498;570;591
682;597;586;588
644;519;580;595
655;538;590;603
661;559;603;614
694;597;630;618
708;559;544;616
668;561;605;601
634;591;614;576
649;595;615;589
642;522;580;597
653;573;589;593
639;522;580;589
699;566;587;593
711;588;616;610
718;589;608;625
701;646;638;602
727;672;664;627
718;657;634;594
646;496;513;577
648;543;579;595
676;577;579;588
676;577;579;588
657;637;631;588
657;637;631;588
695;532;565;598
645;510;571;589
659;523;580;612
643;516;580;600
646;502;575;600
646;516;574;595
664;493;568;642
646;521;582;598
665;582;608;584
721;616;615;593
649;508;568;589
649;508;568;589
640;562;593;588
624;448;534;581
669;552;590;586
639;531;603;589
665;533;591;609
644;512;584;592
639;580;590;585
641;525;580;593
720;588;603;627
726;610;615;620
672;544;571;584
643;527;582;595
668;569;591;584
656;577;621;582
664;583;595;584
647;508;570;579
678;554;589;581
663;579;610;564
647;572;595;579
688;607;608;577
676;578;588;564
676;578;588;564
662;566;603;587
662;566;603;587
677;579;593;583
652;519;590;581
651;564;604;589
646;512;586;580
662;538;583;580
646;513;586;586
699;623;603;579
685;576;589;597
669;563;612;589
669;563;612;589
680;617;639;567
717;637;617;576
678;579;591;574
648;511;596;582
643;558;593;569
647;516;590;582
654;555;598;577
654;555;598;577
687;569;599;584
679;545;587;579
644;563;602;583
649;517;594;588
680;579;595;575
648;514;592;586
673;544;609;597
723;604;603;565
689;542;581;585
651;513;588;590
655;570;590;569
649;557;621;564
670;649;661;534
655;621;637;566
656;562;600;568
669;601;599;570
714;661;626;598
696;627;618;599
666;590;603;580
659;510;596;584
643;530;588;564
653;562;594;557
698;576;603;572
658;488;593;569
702;621;649;552
734;599;639;614
737;629;663;609
720;667;678;568
681;614;640;562
696;645;656;570
694;655;661;560
682;616;644;580
674;583;626;577
661;503;597;575
685;511;601;578
659;506;603;575
655;496;597;573
690;576;609;574
676;546;598;580
657;514;596;579
675;515;582;570
677;544;625;600
675;536;619;594
676;529;532;538
678;537;587;574
646;470;579;573
656;552;587;547
658;517;600;574
672;572;611;568
712;557;585;578
710;580;606;572
657;515;597;581
657;506;591;581
660;521;599;582
674;556;598;572
684;528;594;578
702;547;622;601
717;633;624;558
687;577;596;571
648;511;588;585
692;569;597;587
651;513;593;586
650;596;620;580
666;594;595;559
697;668;595;567
702;626;605;608
676;597;603;596
646;515;590;595
647;588;613;576
677;536;609;656
660;524;588;617
649;532;595;595
663;526;573;613
645;516;568;588
687;565;580;591
651;522;580;595
676;574;598;598
676;574;598;598
680;553;582;594
645;522;581;597
656;577;591;591
643;607;603;589
652;583;599;586
665;600;585;573
704;682;600;570
701;644;609;598
679;607;594;590
640;526;585;587
643;600;608;570
646;516;581;586
699;621;587;578
668;573;583;578
648;529;583;591
653;538;597;589
647;560;595;585
681;533;602;654
652;467;581;593
671;597;636;593
644;551;593;590
683;592;603;591
663;550;589;592
649;525;589;593
669;551;602;586
678;566;625;598
685;556;604;613
683;603;612;597
671;603;603;597
653;541;605;600
721;604;637;625
711;652;656;603
705;649;650;604
723;658;641;601
659;533;576;589
646;558;595;589
637;535;578;586
673;606;594;584
700;672;605;579
700;667;612;594
661;588;589;589
646;513;589;597
641;567;594;580
651;535;594;598
683;608;609;583
688;624;610;581
728;625;616;596
649;526;595;595
645;542;587;583
645;542;587;583
702;626;605;590
668;623;598;551
644;550;591;594
651;532;597;593
683;567;604;586
674;559;602;590
672;459;539;608
643;593;606;535
648;565;584;587
652;479;564;592
646;536;572;588
648;528;584;588
693;550;603;615
666;540;594;595
692;587;589;593
691;622;633;574
640;542;582;594
636;499;569;587
683;530;587;594
683;551;592;596
683;590;620;605
712;610;644;614
727;603;626;633
712;676;674;585
660;576;604;596
649;504;580;587
670;551;599;608
670;551;599;608
647;552;589;589
680;593;596;589
671;576;588;591
671;576;592;593
658;488;577;610
648;528;588;599
706;587;622;633
736;614;634;638
746;631;628;623
727;623;613;608
670;597;593;593
647;507;579;599
646;566;596;585
648;548;603;581
665;543;585;590
652;524;588;598
669;533;589;625
703;603;602;603
694;572;597;601
655;525;587;600
671;552;585;603
661;538;599;596
1;536;579;595
644;517;578;594
658;558;594;599
653;521;587;595
681;530;590;620
673;533;595;609
696;558;587;593
670;529;582;592
696;565;610;629
655;532;591;600
665;557;594;598
677;541;596;615
677;541;596;615
651;513;582;601
697;572;584;594
649;510;583;596
667;585;601;595
653;526;587;592
662;544;583;594
650;523;589;597
651;568;594;589
714;628;611;596
663;555;585;593
655;562;586;583
655;550;594;591
655;550;594;591
690;596;604;606
682;575;597;606
657;592;604;592
655;535;587;598
679;542;596;591
695;585;634;608
703;606;629;610
656;524;589;595
701;572;588;593
653;528;592;598
658;586;609;597
671;557;594;595
671;557;594;595
670;595;633;585
674;600;627;593
718;618;651;623
720;595;623;628
700;654;652;601
697;626;628;603
700;611;605;599
657;526;601;605
725;653;613;588
665;561;585;594
630;627;624;540
652;565;600;596
651;531;587;594
672;550;587;587
672;550;587;587
662;577;608;598
647;526;589;595
673;581;594;596
650;533;588;600
682;576;601;594
656;533;587;594
655;583;608;594
731;620;593;594
754;662;592;577
733;613;591;596
651;518;593;604
651;529;586;600
736;624;615;605
743;645;612;590
653;517;589;600
669;615;641;596
649;576;598;594
670;600;585;585
668;584;595;597
688;608;594;597
646;512;579;592
649;529;589;597
690;597;604;603
690;597;604;603
675;580;593;599
696;596;641;617
736;677;675;620
697;653;654;608
697;653;654;608
711;676;652;592
668;549;602;609
652;603;610;545
649;580;604;600
652;520;584;595
670;609;634;594
729;626;639;606
684;537;560;593
645;532;587;595
642;567;595;592
651;540;596;600
678;591;597;596
653;537;591;597
674;557;593;592
651;526;588;598
674;553;600;607
690;571;593;595
686;573;600;603
676;557;595;600
667;542;592;606
654;534;591;604
675;533;572;632
712;588;577;623
675;555;558;600
694;588;569;601
668;535;563;599
687;600;625;606
665;566;591;601
646;644;624;573
661;590;605;594
681;621;577;588
688;637;582;593
698;640;582;605
642;463;569;606
651;521;573;602
648;502;526;578
648;574;585;573
708;587;547;603
708;587;547;603
695;566;574;605
644;517;561;598
661;549;571;591
650;522;558;585
684;582;568;595
649;509;564;601
676;539;569;598
639;610;602;555
645;548;574;595
651;516;570;598
659;552;584;607
644;490;555;597
722;579;611;642
716;648;643;611
678;605;621;601
709;599;578;585
688;558;573;601
650;515;571;605
674;595;607;597
674;595;607;597
678;553;574;600
652;520;571;606
657;443;557;594
670;598;572;587
693;661;582;581
676;597;576;599
643;546;561;589
648;518;570;600
641;565;579;585
681;593;585;590
680;641;610;570
680;641;610;570
665;571;605;603
651;512;570;595
656;614;616;591
652;518;574;595
675;550;588;611
640;511;570;596
726;594;604;618
723;639;611;583
666;546;581;596
649;501;576;599
717;569;604;616
691;618;563;544
652;552;588;595
654;503;577;597
670;538;582;602
685;555;614;621
683;545;601;616
657;502;580;600
673;586;596;592
663;575;588;586
631;498;598;575
648;502;586;582
666;543;576;594
679;566;585;590
672;555;577;591
640;484;592;600
732;581;623;637
738;671;668;634
726;670;653;609
719;646;635;604
693;585;602;595
659;562;602;581
651;526;572;598
655;536;601;593
720;577;617;638
715;658;651;610
715;658;651;610
670;645;634;595
646;558;565;575
696;588;603;602
683;577;589;600
654;522;581;605
672;539;575;599
654;552;575;597
675;589;608;603
656;523;580;605
733;584;623;643
704;652;644;602
704;652;644;602
709;644;630;604
709;644;630;604
655;516;580;602
679;623;649;602
690;662;669;602
653;559;586;599
658;527;584;605
691;550;584;603
690;552;587;607
664;552;592;609
657;525;585;604
683;578;611;618
695;577;607;625
698;548;598;628
732;574;618;638
705;562;594;615
649;516;592;600
738;646;657;634
706;646;664;614
706;646;664;614
703;630;635;611
678;565;599;609
663;591;631;573
648;541;585;600
645;485;577;593
661;498;561;589
641;469;553;602
663;545;586;589
689;528;586;604
686;551;584;598
653;499;582;600
651;576;595;592
684;572;605;585
679;559;601;601
679;559;601;601
685;534;601;611
664;528;585;595
682;558;598;605
659;520;585;601
705;555;578;605
654;513;580;603
690;570;597;606
657;531;586;609
679;529;594;643
675;532;590;641
672;525;584;641
682;572;597;608
671;544;586;600
658;531;592;609
679;551;596;608
701;575;599;612
675;539;585;604
672;614;636;581
654;563;594;600
669;592;581;593
702;674;595;584
715;659;620;608
687;619;613;597
639;561;606;534
652;543;589;590
712;582;624;610
667;517;593;613
687;579;597;599
746;655;634;623
701;595;606;598
654;513;603;601
677;515;584;598
698;568;602;607
714;640;638;590
659;555;591;602
655;509;583;596
661;574;586;601
653;523;587;601
710;585;622;640
727;603;625;633
721;621;644;602
720;628;643;602
648;514;581;591
654;508;578;604
681;574;613;605
728;611;607;605
664;517;572;601
647;537;584;574
657;565;598;602
684;544;601;651
674;537;594;638
659;516;581;616
680;526;585;648
681;536;597;647
681;524;589;649
685;534;598;653
681;537;599;642
684;522;591;655
679;536;597;635
663;530;592;610
698;584;625;616
663;525;593;608
740;649;601;595
746;628;622;620
685;532;583;599
687;618;629;577
621;455;516;553
665;556;577;589
660;538;594;582
680;534;591;622
731;611;635;641
723;598;612;630
717;605;588;596
714;620;602;600
697;593;608;613
706;625;640;601
686;555;577;601
657;533;591;613
677;497;543;635
657;524;566;610
658;528;550;590
677;528;550;605
681;556;573;608
658;522;569;610
666;569;588;609
703;615;557;581
676;569;572;602
680;582;595;598
664;579;587;600
664;579;587;600
678;585;578;604
663;543;577;610
647;594;581;585
656;529;575;606
710;622;642;633
734;654;653;652
761;685;629;645
713;636;589;599
672;576;580;609
691;543;568;609
680;555;587;613
701;577;578;603
683;542;576;607
676;567;608;607
734;613;637;636
709;659;649;612
711;653;617;574
713;637;605;603
682;587;600;608
660;620;614;541
644;511;549;5
683;461;554;655
673;527;581;631
677;532;586;640
667;529;583;628
686;541;594;656
675;537;590;640
679;541;593;648
670;536;586;634
659;539;583;616
659;571;591;609
713;603;627;621
727;576;604;643
708;661;659;616
708;661;659;616
718;620;628;614
675;535;573;612
654;524;583;610
650;527;568;608
650;527;568;608
693;566;589;607
654;515;580;604
692;564;604;629
679;554;598;621
661;595;612;606
652;509;570;604
667;580;605;599
703;545;582;618
723;604;605;620
703;594;593;612
678;577;591;605
659;532;586;613
685;566;609;623
666;584;592;608
669;585;580;601
659;533;588;610
657;570;592;603
655;520;574;606
688;575;587;603
671;559;586;606
700;608;617;612
738;605;645;657
692;553;594;627
658;532;588;611
688;589;618;623
667;536;580;604
703;589;590;610
657;533;586;611
653;600;602;595
679;569;577;591
689;588;589;610
655;527;582;605
701;595;601;610
655;506;576;603
704;633;635;611
656;529;591;608
707;589;613;628
677;597;617;598
663;572;605;609
658;530;585;611
671;538;594;632
690;559;608;656
662;511;564;631
689;612;623;604
671;579;593;601
673;582;597;605
704;563;600;634
706;629;625;580
711;657;648;607
725;665;656;617
678;560;580;591
661;530;591;604
670;578;613;609
670;578;613;609
657;590;599;596
684;624;594;592
710;702;612;591
719;656;616;616
681;558;590;609
651;496;574;600
687;544;601;626
667;512;580;612
732;615;628;637
711;605;607;606
681;566;600;608
652;506;583;605
658;600;609;593
654;509;579;601
679;602;618;608
656;536;596;604
691;535;591;624
654;522;584;609
686;588;594;603
682;580;596;606
701;507;557;631
680;506;578;622
676;592;602;603
657;525;588;609
653;557;590;599
654;519;582;595
714;688;587;575
686;625;609;608
686;625;609;608
645;598;605;538
657;574;594;600
656;522;589;597
683;618;630;603
652;533;587;610
663;531;591;628
680;544;603;652
659;537;590;612
669;541;594;647
672;541;601;643
655;537;590;611
670;538;597;631
706;651;672;624
656;623;612;583
656;623;612;583
658;587;606;602
653;518;579;606
664;570;603;610
656;536;592;608
671;538;572;622
663;572;580;603
691;674;588;587
689;646;620;604
668;587;593;603
660;526;595;607
654;553;591;601
654;530;590;601
663;590;608;599
689;571;603;612
673;555;591;602
669;575;616;614
704;633;661;629
724;610;629;645
689;515;561;619
734;603;570;606
691;562;589;602
649;515;583;609
662;554;591;602
659;534;595;606
661;518;577;617
654;523;590;608
677;589;612;601
677;589;612;601
672;642;618;594
658;532;598;609
677;557;597;599
657;527;597;609
671;541;607;633
657;526;596;607
698;616;618;641
698;616;618;641
699;665;645;588
744;644;611;606
686;572;601;606
654;536;598;597
663;554;607;605
610;605;572;557
650;557;592;595
694;612;604;606
683;597;603;609
661;535;602;610
683;593;633;622
674;560;556;592
690;601;608;605
652;517;588;608
653;517;591;609
657;535;599;608
657;579;609;607
654;547;613;607
691;576;628;638
693;583;623;640
677;585;624;618
677;585;624;618
681;595;606;607
658;562;626;600
702;604;636;606
683;591;631;600
686;596;606;603
653;533;600;607
678;650;620;586
720;670;609;598
684;606;602;594
652;519;589;598
663;559;606;614
662;536;605;605
675;569;611;613
710;533;604;642
691;571;621;633
659;536;601;610
671;531;598;640
682;515;606;665
677;555;615;635
682;528;598;663
673;540;605;641
656;600;618;603
655;598;616;603
660;535;603;606
662;548;593;599
699;608;594;587
671;556;587;600
648;518;587;601
708;626;644;616
732;611;627;652
738;606;649;666
742;621;614;626
712;596;587;595
657;531;599;609
658;601;619;601
719;619;626;607
685;595;597;601
659;559;609;609
671;536;605;614
680;565;626;614
686;595;639;623
649;499;584;596
702;581;609;607
663;537;604;604
657;597;614;588
653;524;592;599
733;620;658;650
714;635;649;629
700;636;653;621
660;641;643;603
637;560;568;564
655;518;592;599
673;575;599;603
657;536;603;606
673;579;601;603
688;603;648;618
672;561;612;609
679;610;638;566
669;590;621;606
678;526;578;610
731;592;635;650
725;664;672;631
705;647;659;620
678;607;620;586
669;549;616;615
670;616;646;583
665;580;627;609
662;544;608;591
670;592;623;607
699;601;615;605
704;599;612;609
652;532;604;604
645;584;609;603
653;535;599;603
708;626;619;603
647;513;575;600
707;571;633;635
650;515;590;600
658;565;585;596
658;565;585;596
658;571;609;602
672;607;642;605
667;635;649;604
673;644;655;607
652;597;602;598
682;567;620;644
670;548;602;633
679;550;614;648
672;554;615;623
660;543;606;608
662;557;612;599
662;557;612;599
661;624;629;601
657;549;588;601
700;690;610;588
717;674;619;618
663;590;605;605
639;599;621;560
654;577;613;598
680;620;629;605
664;566;598;599
653;525;594;605
702;638;642;611
657;541;605;611
653;568;603;595
671;611;638;593
661;610;620;600
686;570;614;610
673;533;605;617
659;540;609;609
694;589;621;616
713;625;618;605
687;590;607;605
652;539;602;608
661;601;620;602
660;540;604;609
681;497;568;651
664;525;596;609
703;579;608;607
659;543;604;614
658;595;628;596
656;538;599;607
685;537;587;629
658;543;603;613
667;532;593;622
702;601;600;5
667;560;607;605
677;534;588;620
679;566;618;628
693;664;604;560
661;541;601;608
751;577;569;647
680;535;606;624
654;500;590;602
688;578;608;610
653;510;596;609
653;540;604;606
716;583;637;641
738;630;664;657
709;622;645;626
671;597;632;613
668;605;639;591
658;586;616;607
704;577;609;616
679;556;611;611
656;529;606;610
730;608;618;592
723;608;615;608
676;551;609;609
682;601;646;597
652;567;613;613
696;613;648;610
678;580;622;608
658;535;607;612
661;489;551;620
654;512;584;609
665;558;611;612
690;591;639;618
677;591;644;610
676;590;641;612
674;587;640;612
659;535;604;613
677;580;610;610
650;527;604;613
681;565;629;632
657;540;605;617
664;455;523;637
689;537;608;657
676;526;582;654
658;512;576;613
671;519;585;637
661;530;586;618
676;566;590;613
676;566;590;613
689;562;615;616
675;602;605;595
661;529;555;602
659;532;590;613
652;590;611;603
653;550;599;611
705;619;605;603
672;566;596;606
663;583;606;606
663;583;606;606
678;589;608;612
646;601;617;590
653;583;610;608
654;573;607;611
681;555;602;609
657;525;598;612
733;620;610;600
733;620;610;600
683;571;608;614
677;595;645;626
689;628;615;600
695;623;579;602
691;640;631;609
681;620;634;610
697;663;632;597
751;651;621;620
691;602;607;603
654;572;583;601
701;602;611;603
701;602;611;603
687;555;578;599
666;597;599;605
697;565;608;607
676;543;593;617
674;565;605;603
651;529;607;612
652;600;625;601
655;532;602;607
686;595;607;607
650;526;595;609
677;561;606;608
656;527;599;612
669;514;586;620
652;531;598;609
733;611;631;636
712;678;663;614
716;677;659;616
703;641;641;613
680;569;591;609
631;624;637;559
639;578;603;604
652;535;606;605
735;665;649;604
744;655;630;606
683;572;607;610
647;537;598;610
646;675;635;531
678;593;625;607
645;461;569;601
654;532;604;610
682;510;584;654
656;509;581;610
701;600;630;677
662;605;610;620
655;580;597;623
658;527;597;612
683;634;613;572
671;551;536;577
667;577;620;605
690;587;599;605
676;633;643;588
676;633;643;588
655;579;609;603
674;562;597;598
700;608;619;610
661;539;603;610
690;549;616;630
729;594;616;626
721;603;611;621
737;635;622;614
697;572;603;612
657;532;603;616
672;525;591;642
684;591;621;610
675;543;594;615
661;543;604;613
753;648;614;609
733;618;619;618
715;648;655;612
670;650;634;583
656;581;613;610
657;537;600;614
682;590;604;610
658;535;600;614
713;603;641;646
736;620;645;652
683;585;596;602
683;585;596;602
705;601;618;615
665;543;617;618
659;613;626;603
698;600;631;618
706;596;625;614
652;504;572;606
670;566;613;611
656;535;602;615
683;527;593;663
668;544;609;643
665;527;599;639
690;549;618;677
679;549;618;656
676;548;615;654
669;551;615;642
666;550;611;641
701;567;628;687
666;535;611;610
677;529;615;615
711;592;623;584
702;578;625;592
675;517;622;596
694;607;635;585
718;548;620;639
737;589;653;643
720;571;645;629
704;565;647;610
674;520;622;597
693;512;609;638
691;493;601;646
683;511;608;634
675;522;613;610
682;497;603;636
673;524;614;602
673;479;595;624
679;572;617;579
680;577;622;588
714;592;641;620
724;599;656;637
730;619;665;621
755;632;665;644
748;620;639;610
695;530;603;602
669;492;599;597
676;617;650;580
1;607;611;588
707;599;634;598
679;551;630;601
687;544;619;596
694;545;613;574
713;583;629;599
673;601;644;574
666;551;619;584
672;519;620;594
692;524;622;614
678;537;633;592
721;545;624;599
688;516;615;590
683;520;621;601
699;584;651;605
691;554;639;608
714;603;663;620
684;527;618;606
674;522;617;598
694;552;626;592
664;491;607;596
687;583;638;594
673;530;615;589
688;561;624;593
691;600;657;602
670;574;634;588
666;492;600;591
694;567;622;599
721;596;622;599
722;594;650;614
673;528;620;601
692;521;615;632
673;524;614;600
676;583;611;599
656;619;603;587
693;569;625;592
652;524;607;564
665;578;625;578
697;580;623;574
695;578;619;589
672;524;616;595
671;588;635;583
711;568;619;594
700;554;618;592
714;607;651;604
697;592;650;597
674;566;654;587
693;547;634;609
674;530;621;600
686;543;626;607
664;484;580;587
698;545;626;602
672;522;617;601
682;577;649;587
680;583;648;592
669;530;604;589
696;601;632;595
713;668;634;578
714;639;641;601
714;639;641;601
671;501;621;593
667;556;629;583
672;501;621;588
712;559;637;597
712;559;637;597
709;557;631;589
668;496;621;590
672;528;621;585
658;478;599;582
686;594;623;571
678;618;653;578
684;577;647;597
725;564;626;601
712;545;636;598
696;536;639;607
703;526;631;609
680;597;654;590
672;568;631;595
674;521;624;599
700;564;631;601
674;517;619;597
692;538;631;591
672;522;629;598
707;583;657;612
701;581;649;611
689;588;624;589
663;494;619;585
711;564;626;599
653;591;632;559
669;591;644;583
696;542;607;584
688;512;621;605
670;521;624;597
723;555;657;636
762;608;642;610
701;504;596;592
674;506;624;601
669;540;629;587
690;565;611;579
691;544;617;586
672;519;623;595
685;572;643;602
671;523;625;596
745;616;681;657
744;642;691;610
747;656;683;589
738;605;662;588
723;577;643;581
675;513;621;590
639;541;576;546
669;525;618;582
665;507;617;578
716;562;653;623
698;538;627;608
658;623;656;586
681;615;651;584
671;520;612;585
690;559;639;586
698;555;649;607
691;515;623;608
648;564;631;537
663;566;624;576
671;530;615;593
682;521;609;575
665;549;653;578
84;540;635;583
670;515;614;586
659;537;612;578
634;396;531;550
674;568;632;583
667;525;608;593
737;579;644;634
722;650;669;603
742;651;683;618
742;651;683;618
761;638;661;628
750;650;678;605
754;663;657;586
765;640;620;598
709;564;623;598
704;596;628;596
705;600;616;586
668;523;618;597
686;588;651;596
690;658;675;574
682;606;653;579
681;579;622;588
724;709;639;569
702;591;620;595
699;579;651;611
3;584;637;608
697;607;679;582
735;632;659;597
718;628;645;590
672;519;620;602
703;528;629;663
671;516;616;598
701;525;632;616
717;590;624;589
707;578;622;592
703;572;626;595
660;562;622;593
706;581;613;595
667;484;591;581
701;556;618;594
685;526;614;592
709;548;620;602
684;522;618;597
684;522;618;597
691;541;628;614
675;512;620;604
673;629;663;587
677;541;635;607
696;579;651;620
736;599;663;620
683;517;628;599
706;602;668;604
683;536;627;602
730;613;650;603
719;591;619;593
664;480;601;598
670;547;626;600
664;508;620;577
734;573;649;628
692;513;619;593
693;588;624;583
661;672;686;566
667;559;629;598
673;518;618;582
667;494;590;567
667;509;618;598
703;540;650;612
687;501;617;612
706;538;617;599
703;567;626;593
702;568;624;594
674;511;625;602
667;555;627;594
674;521;625;599
680;541;632;599
680;541;632;599
678;534;622;608
693;533;627;6
751;604;672;656
745;622;668;620
745;622;668;620
739;633;669;609
683;531;622;590
732;644;673;607
680;506;590;603
647;602;620;544
669;603;644;576
668;507;612;582
695;539;627;587
672;512;624;589
737;584;660;626
727;648;685;613
705;634;673;592
748;624;622;582
696;548;622;593
674;515;618;594
666;560;624;583
702;598;622;579
698;580;621;584
676;518;621;592
695;560;626;594
676;520;623;594
672;565;627;593
673;527;621;593
689;524;621;624
695;523;625;641
689;521;618;627
683;517;624;622
711;574;630;624
720;612;629;587
691;555;625;589
748;597;674;645
748;597;674;645
742;627;663;620
750;684;697;617
744;693;700;599
744;693;700;599
727;688;684;577
716;666;664;571
766;656;637;604
698;550;623;593
671;521;620;595
678;491;595;610
662;454;579;588
690;515;612;632
692;550;631;625
685;530;618;626
678;541;616;590
688;540;613;617
685;575;627;588
706;659;657;578
683;628;592;551
709;650;625;577
747;644;629;594
695;552;614;596
695;552;614;596
665;584;631;588
691;612;616;579
699;647;620;569
728;660;625;611
705;636;620;595
670;515;616;591
673;625;651;571
694;621;646;594
691;584;616;588
671;602;683;565
736;606;672;631
712;637;668;602
682;550;621;599
702;586;664;622
687;549;636;601
675;521;620;595
693;566;625;586
693;566;625;586
727;574;610;593
727;574;610;593
693;557;623;577
666;508;612;594
687;568;621;593
714;625;617;584
710;580;610;596
710;580;610;596
741;652;644;607
752;647;643;594
698;562;619;596
672;600;643;583
663;537;614;588
701;605;632;581
707;608;605;582
705;645;658;592
671;604;645;588
669;509;617;591
694;551;635;609
668;494;609;592
689;522;629;594
718;543;624;606
720;579;630;595
688;583;638;566
672;589;635;583
674;514;618;588
693;524;626;604
724;596;652;609
698;557;606;586
668;487;599;589
667;539;620;592
674;529;623;593
694;543;624;597
672;512;616;583
747;634;676;630
731;651;682;623
719;650;680;620
750;657;671;612
701;564;623;596
672;521;620;596
671;581;628;587
677;537;624;596
688;557;621;592
653;446;588;594
696;538;630;612
675;541;634;594
741;607;663;633
727;664;686;602
727;664;686;602
726;634;648;600
691;510;612;599
689;624;667;590
671;617;639;581
737;599;635;543
693;534;622;584
671;518;627;594
701;600;658;579
704;605;617;562
685;538;613;587
674;524;622;592
660;608;633;544
660;608;633;544
671;556;623;587
700;606;665;607
683;579;637;598
682;558;636;600
731;592;648;614
739;589;592;591
716;592;630;603
697;553;628;594
672;581;636;594
662;468;584;584
690;563;614;588
673;526;623;595
706;542;623;596
706;542;623;596
671;576;627;592
671;576;627;592
712;575;623;593
686;528;621;589
696;570;630;594
696;570;630;594
710;576;626;597
677;537;632;602
666;590;630;581
664;547;618;590
725;622;617;585
675;536;624;599
710;619;626;586
717;632;666;608
688;597;650;593
688;597;650;593
738;581;616;599
705;553;619;597
665;554;619;583
677;520;624;594
706;585;630;584
721;587;655;616
734;641;669;619
726;656;682;616
713;647;676;605
746;656;659;586
700;578;633;600
660;589;629;580
666;569;625;587
691;613;628;591
731;699;693;574
708;665;675;574
680;520;620;582
665;613;649;554
699;657;659;573
737;658;639;587
696;596;621;585
674;522;624;592
737;649;668;622
740;669;652;602
691;576;620;595
677;528;625;601
691;526;628;613
693;630;674;600
696;628;677;607
674;501;624;606
698;526;619;604
714;575;633;609
733;598;621;594
759;643;658;618
740;617;639;608
677;613;658;589
686;500;629;613
671;601;626;595
697;577;635;599
682;529;630;605
691;511;630;609
698;539;648;614
678;636;661;587
673;517;624;597
701;564;590;580
741;586;676;663
699;644;679;622
676;672;684;562
653;440;566;564
675;523;621;598
678;510;600;609
695;518;608;633
686;509;593;615
670;511;597;580
687;496;595;621
673;526;604;583
682;551;610;569
711;595;608;580
755;643;625;591
743;611;596;584
697;600;612;574
697;600;612;574
661;554;605;573
709;615;619;574
698;592;611;575
670;515;599;581
738;607;610;576
708;608;609;577
681;559;611;583
671;518;602;582
700;556;608;584
688;611;649;576
671;591;612;561
675;524;604;582
694;525;611;616
693;553;607;606
751;610;639;665
743;634;637;620
694;591;611;576
672;524;604;579
672;591;620;568
707;615;626;577
746;668;643;577
754;654;628;582
708;576;633;591
708;576;633;591
745;636;662;620
714;640;660;599
714;640;660;599
684;679;669;569
667;544;602;574
674;520;605;579
685;586;630;575
673;513;601;580
694;555;609;576
658;574;606;569
676;603;632;580
710;553;632;620
674;494;593;577
669;539;592;576
700;596;609;582
666;504;605;579
687;522;608;595
672;573;584;539
688;559;611;582
673;518;602;578
688;540;612;581
685;541;616;579
695;549;612;579
673;523;607;584
685;580;629;579
706;605;614;569
673;511;592;576
649;603;633;553
671;573;621;574
673;524;607;583
750;596;621;600
675;525;608;586
722;539;608;603
689;379;489;608
698;559;637;595
751;612;634;594
702;528;602;591
660;495;601;551
666;617;633;567
727;669;640;564
699;564;589;568
687;499;604;640
687;531;617;606
689;531;616;614
700;533;621;636
711;571;627;625
707;578;631;621
710;553;617;633
697;557;618;618
724;528;626;666
676;513;603;582
691;529;618;623
683;543;617;565
697;588;627;575
693;554;611;585
691;524;614;594
691;481;589;593
716;545;610;597
715;582;654;576
715;582;654;576
668;567;615;579
668;567;615;579
686;550;601;581
668;503;599;583
693;559;619;591
669;511;608;585
690;567;604;586
671;514;602;586
683;625;616;549
664;636;645;563
669;562;616;582
670;499;595;584
700;557;636;607
700;557;636;607
782;660;607;575
760;625;632;594
693;527;609;585
724;587;653;609
709;568;645;603
687;507;601;601
694;535;628;604
701;571;625;589
698;563;600;584
674;510;601;590
693;631;666;584
690;621;656;573
679;599;633;548
692;616;620;581
700;638;618;585
698;629;618;585
698;628;616;586
694;621;615;586
692;609;613;587
692;609;614;587
693;610;615;588
694;618;616;588
696;627;618;587
702;651;621;584
707;664;621;583
715;683;626;580
718;691;627;577
721;697;630;577
727;709;631;575
732;718;632;571
745;725;640;579
758;736;647;584
721;667;626;582
690;567;610;588
703;554;626;598
738;620;664;608
753;620;661;628
742;615;628;609
732;626;613;571
694;560;611;588
677;507;611;593
675;580;628;569
680;531;616;590
708;587;634;600
719;621;618;582
755;691;633;574
728;629;610;583
701;570;616;589
684;611;647;582
675;570;621;582
676;521;610;589
719;587;616;585
672;510;606;588
700;517;619;607
700;517;619;607
724;575;614;591
674;512;612;590
705;579;641;607
705;579;641;607
754;624;620;590
674;510;605;591
741;644;643;595
702;622;621;584
671;567;613;578
671;504;598;582
731;590;653;617
740;612;645;628
716;582;618;603
716;582;618;603
726;581;608;589
679;526;613;590
690;479;626;595
701;553;607;577
746;615;614;579
748;615;626;584
710;562;618;586
683;526;618;589
695;556;632;599
680;525;611;583
689;572;626;591
656;579;606;571
685;626;650;581
674;523;608;586
688;537;596;585
674;516;606;588
709;554;629;612
693;529;613;593
708;585;617;591
658;540;607;572
668;540;609;585
666;575;609;575
684;587;627;582
732;611;629;596
696;548;610;588
680;638;660;541
668;535;601;584
721;579;619;594
684;569;645;589
679;527;615;587
703;582;626;604
741;558;602;631
712;572;619;600
745;645;603;562
694;565;614;589
672;498;600;587
678;634;655;576
685;539;573;573
717;620;630;584
685;536;617;583
690;590;644;590
677;526;610;585
692;528;610;618
723;566;616;590
705;560;618;585
705;560;618;585
680;569;624;587
686;529;613;590
712;570;615;586
677;522;613;592
699;592;617;587
703;517;591;587
728;609;634;598
705;582;599;563
767;646;626;583
765;627;631;602
703;561;618;592
679;567;630;580
687;587;635;585
671;483;586;586
674;567;612;576
699;630;615;578
690;593;616;583
684;557;614;586
730;702;622;572
717;625;645;608
717;625;645;608
700;559;625;653
689;511;617;629
693;533;625;629
695;540;635;629
685;527;621;620
699;535;628;635
682;615;633;583
676;601;633;582
708;562;628;667
692;535;615;616
680;528;615;593
692;641;671;583
683;618;644;569
672;536;596;584
696;623;615;580
727;708;636;575
755;656;637;607
717;567;616;592
717;567;616;592
727;616;656;610
727;616;656;610
742;625;663;609
749;675;625;568
698;593;621;588
678;509;600;586
671;554;611;580
679;535;608;585
695;561;604;581
681;534;608;586
715;563;611;591
709;555;608;585
700;614;652;604
751;606;615;602
712;568;615;595
694;571;613;587
724;616;614;581
677;529;614;587
688;580;619;587
695;557;613;590
760;636;623;589
782;661;640;602
721;589;620;591
691;628;667;599
669;552;613;586
675;521;606;591
716;595;618;585
713;614;618;588
763;694;623;575
740;659;630;586
700;592;614;584
682;621;651;583
670;561;617;586
704;603;607;580
698;587;610;587
669;556;599;581
679;589;633;587
678;539;612;602
701;546;630;645
703;545;629;657
684;512;613;631
690;540;623;633
693;528;620;639
679;538;618;598
680;625;647;588
679;539;615;597
700;594;618;591
712;681;690;613
664;522;600;594
673;521;609;587
688;545;618;609
721;574;649;631
728;570;632;629
747;647;647;609
692;566;634;605
673;508;609;597
670;569;620;582
674;600;609;579
719;620;650;603
719;620;650;603
734;614;661;630
748;616;648;626
731;626;673;603
702;575;635;587
716;611;628;581
745;644;671;616
694;557;613;603
677;516;608;596
756;630;619;583
773;651;641;604
761;628;631;604
721;635;648;597
683;611;642;585
658;449;584;587
697;550;608;589
719;620;658;604
666;469;597;593
701;600;615;577
699;593;618;589
687;603;625;565
686;579;627;595
671;619;649;552
669;551;606;581
677;525;612;591
699;581;622;593
661;483;596;573
704;577;639;600
715;589;642;596
703;561;616;588
658;560;610;568
676;563;620;593
675;510;605;587
703;567;640;617
681;536;621;593
699;569;618;593
679;526;616;597
701;556;618;595
680;533;617;598
700;600;633;600
726;628;685;624
695;559;636;622
680;518;606;597
735;597;651;643
741;634;673;625
736;655;674;585
741;682;664;548
713;622;611;585
674;519;609;596
669;566;615;600
673;537;628;586
747;594;644;637
713;641;671;594
713;641;671;594
757;644;618;577
669;521;608;586
697;606;629;572
691;582;616;586
664;585;618;562
661;536;600;581
698;587;622;586
701;585;623;587
677;525;611;581
670;543;608;583
680;525;625;592
705;589;606;587
673;513;603;591
675;601;635;582
696;621;619;584
702;653;629;571
718;681;628;578
693;618;620;588
687;631;662;572
663;577;614;579
695;581;618;588
693;568;616;596
675;524;608;591
700;562;619;595
708;567;620;598
702;567;619;591
717;610;665;617
685;542;616;601
685;542;616;601
681;593;638;589
683;532;617;596
703;599;657;624
748;599;662;649
680;543;630;587
695;578;645;598
695;588;648;594
683;556;619;595
730;604;621;591
718;645;664;565
672;647;658;564
671;563;617;585
701;585;624;591
676;529;606;576
757;638;674;618
765;646;688;655
748;641;652;608
747;665;649;565
702;585;618;590
681;625;663;567
711;616;619;590
735;619;654;608
731;628;630;607
761;689;652;583
729;591;613;585
670;517;608;592
696;616;640;591
678;532;616;585
685;544;630;605
679;532;617;602
679;605;653;591
696;540;619;590
693;521;617;614
677;539;618;595
717;596;619;589
681;527;614;589
700;577;636;608
675;524;610;595
674;523;611;582
677;527;614;596
677;563;625;593
678;541;621;593
699;564;627;603
709;630;619;591
735;667;622;587
745;675;631;586
708;614;623;585
676;528;616;594
679;602;636;591
675;559;644;595
715;585;618;605
715;585;618;605
704;563;609;590
679;528;613;600
692;580;646;597
721;609;669;630
721;585;655;635
701;551;632;618
728;590;611;595
709;594;615;587
702;605;615;585
686;606;606;567
683;616;649;594
704;595;629;601
700;588;619;606
677;517;607;594
755;642;634;591
757;626;631;608
701;568;619;594
701;568;619;594
684;622;648;586
679;528;612;594
721;621;655;619
732;673;679;605
682;536;604;596
679;525;613;594
764;657;642;590
752;635;627;597
703;588;620;589
703;588;620;589
678;583;631;597
679;527;613;595
691;585;635;596
678;529;612;596
6;628;668;559
651;586;643;565
683;606;644;595
673;511;609;592
709;614;614;586
678;518;608;592
719;533;600;599
678;524;617;599
728;611;637;605
771;691;647;606
702;555;617;590
688;567;609;595
712;584;621;599
707;604;625;591
691;567;606;592
689;615;653;577
674;587;627;588
679;534;619;595
724;568;626;624
722;667;676;605
708;682;683;593
690;692;685;591
673;574;612;586
678;529;614;592
710;622;614;582
667;614;599;541
680;596;640;596
677;520;609;590
710;607;663;619
681;530;617;599
726;582;620;612
726;582;620;612
695;580;643;607
694;610;666;558
673;571;626;588
678;531;615;597
738;604;650;623
707;586;623;596
678;519;608;587
679;601;639;581
678;596;646;590
707;603;628;591
719;619;624;591
678;524;615;599
716;642;634;615
746;674;630;596
719;629;640;594
685;565;617;602
695;569;615;598
678;529;617;603
689;517;615;628
726;648;661;600
698;596;621;595
679;527;621;601
691;541;631;619
721;599;658;615
742;674;671;606
739;672;666;603
694;590;625;583
684;548;615;599
710;596;619;597
702;537;627;656
698;541;631;645
684;523;615;616
695;534;626;639
693;573;614;606
704;592;621;598
682;528;612;602
727;670;678;607
712;634;664;614
698;551;636;617
707;616;685;609
736;615;667;625
734;695;692;592
738;685;656;573
747;682;631;595
703;590;617;595
694;593;657;608
687;573;647;595
682;529;615;600
670;552;606;583
688;603;624;592
715;687;624;576
730;710;640;587
692;601;620;595
678;518;607;597
673;539;605;594
680;534;616;596
718;626;649;605
717;603;658;629
699;584;648;613
700;577;638;617
704;600;626;598
761;621;658;677
688;519;620;608
660;511;598;591
685;557;638;603
676;511;605;591
712;621;670;637
747;608;659;654
701;553;638;608
676;553;613;588
729;666;639;587
729;666;639;587
717;598;619;591
704;583;609;588
696;666;678;588
684;617;642;600
721;583;613;611
685;531;609;587
705;533;632;624
707;627;672;605
672;553;616;583
674;508;611;592
756;683;665;611
747;670;680;618
737;650;663;616
727;675;693;615
693;572;634;608
740;623;636;608
735;603;622;599
716;566;616;604
697;570;617;606
681;533;620;605
737;633;673;628
725;650;675;620
693;582;628;605
732;607;626;596
718;588;627;601
711;616;625;595
701;579;627;602
701;579;627;602
673;591;639;597
707;625;651;601
703;634;661;606
703;634;661;606
699;606;660;609
685;545;625;602
696;595;612;593
675;504;613;605
723;697;664;609
723;697;664;609
743;709;644;594
759;688;647;606
704;662;650;572
716;683;692;604
672;578;622;590
677;522;615;596
697;618;659;610
679;525;616;599
698;603;638;595
671;643;632;588
677;565;624;601
680;525;616;596
713;573;624;598
760;617;670;686
738;583;652;643
772;640;656;666
767;654;671;648
729;606;648;616
729;606;648;616
676;562;619;593
756;629;640;594
764;638;642;605
740;629;635;606
674;673;654;567
680;584;634;596
678;526;619;597
684;514;616;618
707;538;639;657
702;505;616;646
677;519;614;596
677;589;635;592
674;515;602;592
705;564;649;615
705;564;649;615
712;595;627;595
698;566;622;597
672;576;625;592
700;597;623;579
704;590;619;595
676;525;614;596
690;563;630;591
716;605;674;616
705;600;632;594
699;631;658;586
693;586;638;605
744;614;670;637
745;600;643;638
729;656;667;605
729;656;667;605
710;622;660;593
710;622;660;593
680;613;658;569
677;605;639;593
676;523;612;593
692;482;597;612
676;535;639;604
756;668;684;619
727;647;667;598
702;584;626;591
675;504;609;597
702;613;630;589
702;613;630;589
673;570;627;596
712;558;636;616
683;545;639;601
677;520;619;600
695;545;642;617
695;545;642;617
681;610;655;599
677;520;616;594
705;595;635;597
693;546;618;598
752;660;628;583
758;678;648;607
721;658;624;590
686;595;603;578
675;594;635;599
694;538;640;617
695;631;634;574
695;631;634;574
673;613;637;586
696;623;641;594
689;576;618;597
677;494;625;613
716;602;648;606
685;537;646;611
713;622;624;597
662;549;577;572
685;581;642;604
738;635;632;598
720;669;637;589
755;686;626;589
713;604;634;600
706;595;627;598
675;547;616;603
678;523;618;593
738;598;655;626
719;690;696;585
717;685;695;606
681;668;668;580
671;540;607;588
676;520;617;594
707;548;620;600
704;608;669;587
709;609;660;602
701;592;651;593
733;620;640;594
681;529;619;599
679;581;629;591
679;532;620;597
703;596;630;595
7;609;615;587
719;669;659;592
758;653;650;611
749;641;641;613
734;686;674;605
698;635;651;608
710;663;614;592
740;693;642;606
733;683;636;611
714;657;628;603
680;527;621;607
672;500;619;605
684;614;661;597
676;552;622;599
680;527;619;601
689;523;626;613
676;509;602;599
714;683;704;611
672;661;660;589
686;592;631;595
717;645;621;581
726;704;642;580
769;686;661;625
752;631;640;609
683;518;606;587
703;578;641;600
703;578;641;600
720;592;619;592
673;547;626;596
667;548;618;590
674;487;606;591
671;474;603;593
681;523;622;600
691;597;618;533
691;597;618;533
677;513;581;561
678;498;605;595
698;513;621;617
698;513;621;617
684;531;605;583
706;588;645;601
733;628;649;601
756;647;653;598
709;557;625;606
692;538;625;602
670;480;614;601
697;611;662;573
679;618;644;592
746;536;628;668
719;612;631;607
716;627;618;587
695;583;637;602
712;566;627;607
717;563;630;613
726;626;641;621
699;551;622;598
682;533;625;604
706;677;697;601
696;642;673;612
678;575;622;599
679;520;614;596
699;555;632;621
681;536;623;601
764;638;672;667
769;657;641;621
773;676;637;596
703;557;619;595
703;557;619;595
682;576;624;585
689;532;624;615
716;650;631;590
757;687;635;586
722;602;626;595
722;602;626;595
701;612;666;609
690;676;674;543
690;676;674;543
678;559;620;587
683;532;620;593
728;649;637;600
702;598;618;596
714;620;631;604
680;532;623;606
694;520;614;640
700;537;628;631
748;674;643;589
698;562;624;593
680;624;650;585
678;527;619;598
737;613;638;633
736;646;648;611
694;550;609;600
679;523;618;605
689;519;646;611
668;500;606;592
752;636;641;591
766;664;636;595
729;622;637;599
715;656;672;586
687;582;637;597
705;606;635;594
707;625;656;586
707;625;656;586
746;605;658;636
738;688;697;619
700;644;669;601
765;686;656;611
721;584;625;600
708;610;635;597
690;569;624;596
664;513;603;592
673;555;620;599
699;603;636;581
691;629;670;583
699;583;660;576
739;614;664;635
744;691;689;615
755;705;677;599
730;664;658;604
717;632;625;598
751;632;646;624
704;575;623;601
678;525;617;603
689;571;623;598
680;534;621;602
689;579;631;603
689;579;631;603
700;588;622;596
669;558;623;571
676;549;621;598
728;599;625;605
699;564;624;600
682;555;620;598
697;571;635;614
681;528;620;603
701;534;622;608
681;534;622;604
733;599;662;641
749;636;671;636
705;582;645;610
683;538;624;607
704;556;629;619
704;556;629;619
707;618;665;610
668;498;606;597
731;630;648;621
676;516;613;600
720;600;665;631
731;634;685;623
691;596;674;599
684;580;627;602
696;626;646;636
686;633;627;614
692;655;631;618
702;678;653;609
721;688;657;637
694;636;638;599
731;594;662;642
758;652;679;640
733;623;670;613
733;623;670;613
711;646;655;607
718;633;695;621
704;602;667;608
691;634;664;570
683;630;660;595
698;628;632;593
715;656;645;600
705;647;635;595
706;650;637;596
706;650;637;596
706;647;636;596
707;651;636;596
734;683;681;608
734;683;681;608
722;660;649;607
688;596;620;595
685;540;629;604
680;582;632;598
683;532;627;599
689;568;632;603
679;515;615;599
712;581;630;598
682;533;626;602
721;630;682;626
743;610;662;644
709;577;645;620
711;589;636;611
681;532;623;597
701;629;659;595
745;676;667;594
755;648;628;595
711;589;632;610
711;589;632;610
681;598;639;603
692;606;632;594
3;594;629;597
682;547;639;609
699;542;633;615
726;624;629;593
703;573;618;614
683;540;628;606
706;595;637;607
706;595;637;607
738;621;644;610
705;567;628;608
710;587;640;609
676;576;630;589
681;559;624;596
680;522;617;600
729;626;654;614
729;626;654;614
697;581;621;595
680;537;627;607
684;591;645;598
713;615;632;599
699;580;632;602
682;536;627;603
691;622;658;597
713;641;652;579
701;601;646;603
680;531;622;602
761;640;647;609
784;680;654;610
705;565;623;592
681;539;627;605
707;618;632;603
680;533;624;602
714;585;637;609
711;645;673;596
682;594;641;601
684;541;620;591
683;538;631;603
710;619;637;599
699;585;625;598
723;592;634;606
711;600;655;603
684;537;630;606
688;625;649;604
681;531;624;597
696;568;635;586
670;494;609;595
703;549;646;628
678;619;653;569
677;574;623;590
682;544;627;608
697;586;628;598
682;536;627;606
715;620;640;616
717;654;633;605
705;558;606;620
707;611;608;594
745;657;654;622
755;684;686;640
723;614;645;632
729;673;682;619
687;657;657;579
703;686;685;605
680;565;616;603
