614;575;541;617
724;714;560;603
703;657;579;608
651;560;577;617
611;531;564;622
656;538;553;629
635;521;535;623
735;587;573;626
610;519;542;625
656;537;569;637
656;537;569;637
620;547;574;612
626;524;537;625
637;585;587;614
691;581;565;621
771;629;591;627
786;638;590;627
779;669;581;617
749;659;558;611
677;603;566;622
626;538;546;627
641;546;544;621
641;546;544;621
649;550;555;629
689;570;576;639
685;583;598;641
699;644;618;618
671;601;576;623
666;575;562;627
727;628;597;631
648;629;609;617
654;585;578;626
628;536;547;626
653;555;543;626
624;528;543;629
709;579;551;627
632;541;549;630
634;556;565;629
695;577;589;653
664;558;560;643
677;606;561;628
668;564;549;629
9;576;555;630
637;595;595;626
672;603;625;630
652;594;598;628
696;588;581;626
680;575;568;633
646;563;559;632
623;584;579;623
596;481;496;629
5;565;563;628
632;542;554;633
661;577;555;644
637;585;556;635
643;640;626;612
701;585;563;634
735;613;588;635
762;630;579;628
682;572;557;633
704;600;561;632
698;629;587;626
736;659;598;625
672;585;554;629
626;536;544;632
660;600;546;620
660;600;546;620
632;574;572;626
634;550;556;630
660;583;558;624
651;568;549;634
661;572;574;638
617;599;591;620
641;589;599;627
677;584;499;623
667;577;567;635
655;554;555;641
672;567;543;636
631;545;547;638
637;517;537;639
683;567;582;666
614;493;506;623
680;553;582;665
661;522;546;646
639;530;549;633
677;560;532;625
639;534;548;630
686;577;592;645
667;553;567;639
681;567;556;636
645;546;556;635
711;604;600;629
696;602;606;633
659;567;584;632
653;592;608;624
651;580;586;629
642;551;551;635
683;590;583;626
682;582;553;631
697;587;587;654
699;584;586;662
662;564;532;628
672;577;560;639
659;582;586;630
642;552;551;639
677;558;550;638
642;553;552;637
664;558;599;609
672;520;547;671
629;509;536;635
638;531;545;637
683;571;555;638
664;565;552;637
656;556;587;641
656;556;587;641
672;573;558;639
639;548;550;641
679;593;575;633
671;589;566;638
643;602;592;632
658;595;554;633
714;678;576;623
675;642;582;629
675;642;582;629
631;532;545;638
677;569;559;639
696;592;568;636
663;567;558;641
640;550;561;642
684;577;587;651
678;581;586;648
707;598;584;638
784;646;603;648
676;604;596;633
676;604;596;633
639;579;579;635
685;617;559;632
663;568;551;638
615;604;588;621
637;591;589;634
636;552;554;641
707;618;579;635
729;600;595;649
738;617;592;648
729;603;582;643
703;586;568;644
638;557;557;643
662;555;566;655
661;564;553;641
690;596;588;661
657;568;564;645
762;641;610;655
764;632;601;648
680;572;564;647
667;561;560;645
626;538;560;644
658;582;561;643
672;589;559;636
670;584;556;635
697;608;575;638
670;583;557;636
677;600;598;638
728;631;615;653
717;584;558;657
741;648;646;676
672;607;577;646
681;627;579;637
675;638;605;632
661;582;551;634
699;634;618;641
699;634;618;641
665;596;582;637
643;565;557;640
665;573;575;651
643;529;544;650
676;566;586;654
690;571;556;643
694;586;571;641
637;540;549;641
684;617;589;635
640;556;556;641
660;602;600;637
641;562;559;641
668;531;539;659
744;598;550;641
691;589;579;642
678;606;618;638
660;595;596;639
631;529;533;639
690;585;562;637
654;596;592;624
674;618;621;638
645;562;568;642
647;591;579;639
639;562;562;642
666;593;566;639
666;593;566;639
658;547;536;640
649;560;577;644
708;648;631;644
708;648;631;644
657;569;563;645
685;643;651;640
632;596;580;630
689;631;607;647
670;593;559;639
682;611;571;635
713;661;610;633
656;662;654;636
643;588;583;639
719;612;561;641
730;621;601;648
664;585;595;648
700;663;605;637
670;602;576;644
737;662;574;639
713;640;574;641
678;643;622;628
671;600;570;644
695;646;618;640
671;577;582;658
692;616;584;642
671;567;564;673
666;563;556;664
680;575;553;661
700;603;604;692
46;569;559;646
703;613;567;640
646;557;558;643
660;597;599;640
658;588;588;642
685;638;608;638
704;594;562;650
703;636;637;646
721;662;670;666
696;660;639;638
732;652;614;644
709;615;600;646
737;627;588;645
757;646;619;653
757;646;619;653
675;572;562;646
649;568;569;648
713;603;585;651
713;603;585;651
689;598;597;651
716;599;546;647
776;663;613;643
737;626;573;636
663;588;582;640
644;557;563;645
675;594;560;642
629;556;554;626
671;615;621;642
657;573;593;644
644;608;605;638
655;625;603;636
697;683;586;634
695;632;584;652
695;632;584;652
633;538;540;642
645;591;597;637
652;570;579;646
737;652;601;637
769;700;602;633
707;625;578;643
681;587;544;640
675;593;604;651
709;610;596;643
700;642;653;662
700;642;653;662
627;546;529;631
644;571;566;646
746;621;567;639
710;581;565;647
663;550;559;649
638;517;519;642
709;577;567;647
607;643;629;618
646;593;590;641
670;599;563;636
674;609;589;640
704;609;590;656
685;629;599;636
717;667;657;646
668;609;595;646
8;628;612;664
683;592;581;647
645;556;569;643
723;626;616;650
699;607;608;649
764;650;604;652
758;635;597;648
690;588;569;645
688;618;560;637
684;607;572;641
632;556;557;639
659;616;622;644
733;636;617;703
697;609;562;654
718;615;580;694
708;630;602;657
722;610;574;700
698;611;588;655
689;622;581;647
700;620;591;657
685;615;581;649
710;613;574;664
693;621;577;648
720;641;612;678
663;582;567;650
627;618;575;602
654;566;536;626
659;541;522;637
681;577;528;624
689;601;544;626
670;571;542;630
635;594;564;617
659;556;539;632
689;583;543;628
698;586;575;647
678;570;544;641
647;659;638;613
659;596;575;630
651;554;544;637
689;591;591;652
683;580;583;646
731;620;577;634
742;683;565;628
669;583;533;633
644;553;541;636
662;576;542;636
640;549;530;639
720;599;553;646
642;545;530;636
685;574;558;651
680;629;589;628
690;635;569;627
685;628;583;635
664;548;510;638
649;558;540;643
639;582;531;633
748;540;547;734
624;534;494;635
674;639;540;629
730;661;596;635
770;642;551;637
659;571;565;647
642;535;522;643
654;614;590;646
703;628;585;647
674;582;509;641
650;567;546;647
700;600;554;644
655;556;536;645
751;628;558;649
687;574;529;642
685;583;574;661
638;524;506;644
698;659;617;637
692;630;615;651
688;623;587;645
705;628;582;648
757;646;578;654
795;702;600;644
794;718;595;635
779;717;591;636
683;615;546;644
642;555;537;647
696;599;569;642
720;631;598;648
715;634;603;655
741;636;625;673
680;572;555;651
674;623;592;640
666;612;575;638
680;583;553;641
659;571;562;654
657;575;554;648
672;610;595;645
650;559;538;645
641;597;568;632
681;635;556;634
696;685;560;629
712;671;567;647
667;621;536;639
644;552;536;646
649;613;580;633
684;583;542;661
668;599;553;641
711;586;567;692
667;532;524;655
691;636;549;639
713;694;560;629
709;669;570;636
681;621;533;632
649;550;548;646
677;563;553;649
652;569;552;648
734;619;586;654
757;651;627;677
685;568;545;651
677;571;563;653
684;624;600;645
642;553;529;645
746;682;642;652
673;691;647;632
655;607;575;643
655;574;562;647
731;629;601;652
731;629;601;652
686;611;592;651
684;636;554;639
692;616;554;648
650;559;546;648
696;596;560;645
692;587;552;649
650;603;574;647
683;630;545;640
745;714;561;640
706;630;585;659
644;561;558;638
639;511;504;647
660;640;622;643
683;604;551;646
691;610;563;657
650;572;549;650
647;528;558;639
687;588;595;656
635;525;527;647
635;525;527;647
671;577;559;656
649;593;557;637
677;618;604;650
723;635;594;641
737;617;554;651
639;537;523;649
690;662;649;646
670;680;657;642
653;608;581;645
688;644;572;647
701;671;556;639
749;635;594;684
684;582;564;659
646;540;527;650
648;598;568;646
677;596;563;660
703;599;534;648
650;566;550;652
684;576;539;657
659;583;555;656
713;539;511;738
707;618;613;652
707;618;613;652
669;583;535;653
693;608;587;669
716;610;584;693
686;584;536;661
707;609;563;662
784;673;617;662
781;663;603;665
731;609;527;660
759;618;579;673
678;671;647;662
655;701;671;636
649;613;583;641
713;626;603;655
677;577;545;649
652;570;557;653
673;654;636;644
673;654;636;644
662;629;595;645
670;594;557;649
667;621;594;645
706;591;551;656
761;643;591;655
800;702;606;654
787;702;587;645
762;691;585;642
707;637;555;647
651;562;553;652
685;578;551;651
685;578;551;651
688;616;604;658
705;629;580;652
649;642;619;646
682;603;565;650
696;617;558;650
695;619;561;652
711;640;564;648
680;616;561;646
642;664;630;627
694;618;566;653
687;623;564;648
644;567;546;650
662;579;571;655
652;571;555;651
694;587;570;662
731;639;570;650
685;582;543;653
670;600;556;654
704;629;589;662
691;609;558;654
718;633;588;658
656;575;556;656
649;651;630;640
668;583;507;637
680;598;536;648
700;629;578;651
684;597;549;651
652;594;556;653
667;572;536;661
651;571;551;652
698;631;580;650
730;658;556;642
734;681;633;650
728;698;678;688
641;582;558;649
707;633;604;652
704;631;592;655
660;579;560;655
699;592;542;652
647;565;549;655
728;632;576;654
629;532;513;651
693;607;589;670
677;608;559;655
703;601;531;679
690;625;560;655
696;591;525;656
688;615;552;655
699;628;585;662
692;611;555;657
706;620;589;661
695;661;641;643
641;608;571;648
663;595;552;641
726;660;553;646
744;675;527;625
693;628;554;649
576;678;571;604
651;603;576;651
679;632;564;648
718;693;558;626
731;695;591;666
661;608;548;651
663;641;625;649
646;594;564;651
688;648;618;660
689;668;577;645
750;716;630;646
750;716;630;646
715;694;637;648
707;690;633;642
655;700;649;628
638;612;585;648
638;612;585;648
673;612;610;659
650;570;552;658
674;562;556;675
655;558;533;659
668;560;548;667
654;570;554;657
662;586;584;656
652;568;551;655
651;668;641;642
688;642;568;653
739;710;571;645
720;692;571;653
675;629;558;656
629;569;553;648
658;611;589;656
690;587;539;654
743;641;593;671
782;665;595;665
741;635;585;665
703;608;564;660
696;654;632;651
712;686;666;664
641;623;590;644
646;564;550;655
705;606;566;658
682;586;558;653
692;570;541;676
678;598;572;664
663;647;628;651
675;599;577;664
686;610;568;653
647;566;540;658
694;612;601;670
654;599;561;661
666;588;551;666
650;577;546;660
683;582;548;668
653;572;556;661
629;507;497;654
711;606;548;658
702;601;557;656
651;573;554;660
636;594;552;651
703;636;584;655
695;624;540;651
686;649;611;648
641;594;559;654
652;581;559;660
733;671;566;656
759;699;665;681
729;664;631;674
648;563;537;658
693;573;560;666
655;570;554;660
724;626;563;658
650;560;545;659
662;620;594;659
652;568;514;657
721;626;573;676
726;647;568;668
686;605;544;658
653;569;555;662
664;607;560;656
673;596;582;662
629;563;559;661
640;558;540;659
657;619;597;659
644;539;515;655
697;589;546;653
657;574;559;661
715;631;570;650
715;631;570;650
680;601;569;663
660;580;567;661
680;581;558;660
652;564;547;658
681;644;629;656
654;573;564;660
661;619;586;651
648;570;553;661
641;632;608;658
647;574;552;661
687;613;557;657
683;638;588;639
652;582;552;660
652;582;552;660
691;620;576;660
650;574;555;663
654;518;503;668
722;587;589;728
663;543;537;673
732;612;582;717
660;591;555;656
716;591;580;722
689;589;565;675
662;577;555;666
29;563;537;654
688;609;543;657
697;632;559;657
685;605;549;656
667;610;594;661
629;502;490;652
634;631;596;641
634;631;596;641
656;634;607;654
655;575;559;663
673;619;581;660
673;619;581;660
725;658;651;675
688;646;609;649
674;627;595;660
645;556;538;659
667;596;568;658
655;574;561;661
688;585;541;657
650;570;561;660
662;604;589;661
656;577;561;659
766;667;619;663
771;667;612;667
775;679;611;666
760;714;592;646
690;632;560;657
644;566;551;662
682;570;523;659
647;570;554;662
677;583;552;660
651;575;560;662
649;638;607;658
707;652;644;662
712;665;620;658
649;581;555;661
681;597;574;668
706;611;565;664
772;648;582;677
771;650;585;674
709;609;572;669
679;632;587;651
665;650;628;655
644;556;540;659
704;621;580;665
714;665;632;651
704;664;628;660
704;664;628;660
698;651;598;665
689;618;553;659
711;658;614;666
694;623;559;663
716;639;575;666
713;678;631;636
686;670;610;647
687;611;563;661
673;625;581;661
651;576;559;665
676;588;571;668
676;588;571;668
679;592;546;660
646;561;539;661
677;588;567;664
684;627;627;669
656;578;563;659
648;561;543;663
657;627;602;658
683;644;569;662
713;692;573;653
754;731;617;658
678;639;564;662
671;622;560;662
666;589;559;668
666;589;559;668
776;658;558;668
772;674;591;667
688;584;541;662
688;584;541;662
759;666;611;666
766;660;583;667
710;621;569;666
663;591;561;667
659;544;541;668
674;564;555;685
702;610;594;688
651;565;530;664
655;556;530;673
664;586;569;668
679;581;572;683
694;589;548;665
741;625;557;664
774;663;612;672
763;649;573;668
790;678;616;665
760;644;581;670
746;648;583;671
684;632;563;667
651;565;554;668
694;566;566;681
660;557;503;662
694;617;582;666
690;596;562;670
718;583;569;692
718;583;569;692
778;654;601;674
761;629;559;666
699;592;565;666
719;643;632;665
675;596;593;663
655;561;544;665
684;632;599;664
705;660;629;657
673;580;529;662
690;611;562;665
707;621;571;669
690;608;561;665
710;652;613;666
698;617;556;670
730;623;580;700
700;663;635;656
690;623;568;665
749;699;694;698
690;626;577;658
727;645;600;671
699;629;583;666
706;672;605;639
695;639;604;664
695;639;604;664
707;663;641;662
707;663;641;662
649;610;581;661
705;594;544;659
740;640;575;659
753;699;597;654
708;632;564;662
708;632;564;662
679;598;582;670
703;602;557;668
687;593;555;664
692;614;556;662
685;605;562;661
657;572;550;665
649;604;582;658
702;641;602;666
671;595;547;662
671;595;547;662
660;618;589;663
685;610;594;671
775;652;600;677
782;680;627;666
738;658;617;669
740;662;615;670
722;658;610;663
700;634;587;661
734;628;602;672
691;596;572;666
661;605;591;666
694;633;541;657
670;576;503;656
655;575;561;667
713;616;575;661
680;591;565;662
716;642;636;676
691;640;619;661
706;680;662;662
659;693;681;642
655;610;582;663
651;573;551;664
693;621;556;660
693;621;556;660
644;660;623;642
712;625;586;692
684;625;574;652
687;623;561;663
713;638;599;687
718;632;578;702
686;595;558;681
676;604;559;665
643;624;599;659
682;578;547;659
681;595;572;662
681;595;572;662
739;642;615;677
734;658;661;688
727;613;598;678
698;657;635;653
660;629;572;660
718;681;653;687
701;638;613;673
659;579;553;663
696;615;566;663
696;615;566;663
695;640;579;657
703;632;552;656
717;646;598;666
692;727;681;651
637;623;588;650
665;609;561;658
711;690;598;619
711;690;598;619
668;610;584;666
691;593;563;670
730;632;624;697
759;650;626;688
720;622;571;663
720;622;571;663
715;618;581;667
674;594;555;663
682;652;602;661
656;588;565;670
703;636;584;667
668;594;569;669
759;653;590;669
789;670;550;672
704;608;565;665
658;579;564;669
636;569;572;667
650;573;558;666
686;617;563;663
650;571;554;666
679;611;558;663
651;573;552;668
693;612;555;659
724;627;551;666
734;651;626;681
756;702;682;698
741;712;686;682
717;714;661;658
692;652;588;660
650;577;550;664
694;614;560;663
653;588;547;661
658;574;539;657
660;538;474;656
691;598;558;667
636;543;504;656
654;591;561;662
631;514;487;657
738;627;579;673
697;629;566;665
711;651;610;664
687;626;573;663
640;599;549;654
694;659;583;662
751;743;586;649
725;688;587;658
698;639;555;657
650;567;551;665
714;621;562;664
712;611;602;677
699;602;583;673
664;577;569;665
702;597;559;657
678;631;611;668
678;647;596;658
658;593;554;661
693;632;609;666
654;572;558;666
704;620;605;680
680;619;591;662
683;590;563;666
700;630;567;665
726;655;595;668
706;635;582;668
661;641;606;655
664;584;565;666
760;664;618;677
767;724;593;650
692;634;553;656
692;634;553;656
749;689;633;668
714;623;584;671
673;584;560;667
664;570;559;664
693;619;557;659
658;568;551;662
656;616;587;659
691;634;565;663
682;614;561;663
702;643;636;675
684;603;586;673
720;654;603;675
669;586;507;661
706;609;595;682
687;592;570;676
688;639;629;663
656;606;577;667
655;578;556;667
679;612;593;666
746;641;620;671
680;589;544;663
643;556;535;660
668;593;584;670
675;576;557;675
688;601;594;676
655;577;556;668
690;659;629;657
690;659;629;657
650;570;543;674
642;553;526;656
669;625;607;665
717;638;605;671
666;583;544;667
676;648;632;665
632;547;509;663
651;577;556;667
781;663;600;675
779;663;606;680
698;613;571;668
694;625;616;676
671;592;564;675
661;587;576;671
696;629;560;666
676;654;581;663
675;627;583;665
666;593;579;663
651;625;587;662
763;652;600;747
704;639;554;661
690;651;638;666
655;578;553;663
680;646;624;654
675;592;602;679
692;658;556;659
769;742;604;642
736;676;572;657
704;644;567;659
652;575;558;667
652;537;526;665
676;624;558;663
758;744;583;649
747;731;578;651
679;580;570;661
652;578;560;669
682;605;563;668
654;579;562;667
705;608;572;661
716;635;587;663
723;616;559;659
758;655;581;666
693;615;582;663
643;620;533;657
658;627;595;657
659;578;560;665
728;627;569;670
743;626;552;672
756;706;611;659
758;731;621;661
681;613;563;663
647;565;555;666
673;623;556;656
652;568;546;667
677;579;569;657
728;628;559;724
723;639;586;688
692;629;567;666
700;626;585;686
684;604;573;676
705;655;605;670
685;596;568;674
698;578;530;660
653;570;558;664
696;603;584;672
654;558;540;665
700;664;626;655
686;610;582;666
730;650;589;669
725;692;646;671
690;653;584;651
713;622;608;709
662;559;547;677
684;593;571;682
666;544;532;680
682;601;589;679
697;582;577;704
681;574;559;691
671;579;556;682
659;577;557;670
690;597;577;677
627;542;498;662
681;626;596;667
699;631;603;669
683;572;540;672
693;644;595;645
664;586;560;664
711;634;591;6
739;691;642;670
727;725;677;642
661;601;560;660
711;637;591;664
700;632;588;670
654;559;544;667
688;598;566;666
657;577;559;667
684;582;513;661
653;578;554;670
703;610;560;674
675;599;555;669
644;616;591;664
690;642;630;683
663;609;568;665
722;631;588;672
801;715;617;673
802;734;635;673
781;725;583;660
781;725;583;660
677;636;564;672
645;570;551;672
699;612;564;667
751;660;633;684
670;597;563;667
651;540;504;664
721;629;615;688
691;595;576;674
675;633;582;658
634;546;511;661
681;615;565;666
666;594;561;668
690;649;639;665
656;575;549;661
654;620;592;663
669;614;533;658
713;712;575;655
723;649;598;679
680;570;571;672
654;568;557;667
660;665;637;656
640;531;511;663
745;637;555;669
745;637;555;669
687;582;543;669
650;575;550;666
674;593;571;670
712;645;626;673
660;570;504;660
671;582;525;663
682;638;574;664
679;613;590;672
681;620;585;668
651;579;556;670
694;593;534;667
651;581;559;670
687;602;560;671
653;579;554;670
697;670;662;667
662;659;622;663
668;598;527;660
710;670;640;665
705;646;620;676
745;650;615;703
684;606;583;675
696;586;597;717
661;586;579;673
698;589;570;715
703;623;577;685
655;576;551;670
650;616;570;661
649;580;551;667
687;593;567;691
680;603;559;668
725;685;655;674
749;661;626;705
731;645;618;698
765;661;576;676
765;661;576;676
777;676;599;663
761;658;578;665
707;660;616;649
647;585;554;662
655;568;552;667
692;589;577;681
724;622;591;680
760;653;603;677
755;641;561;667
742;642;570;669
657;576;561;670
674;565;554;681
718;641;583;681
676;597;532;667
678;587;554;669
763;659;594;674
775;666;560;664
698;604;556;669
656;580;562;671
678;602;558;669
669;642;634;671
643;607;574;668
669;607;564;670
689;652;591;658
647;581;549;671
681;580;564;683
654;576;556;671
696;636;562;664
723;677;656;693
654;589;552;667
687;607;608;673
707;614;602;684
762;651;606;695
666;569;536;666
704;583;489;664
720;638;606;670
652;570;544;666
658;628;592;668
666;626;597;671
687;574;528;661
685;587;541;667
696;629;588;672
649;574;551;665
714;609;527;666
696;657;634;672
666;657;618;664
670;595;571;671
665;587;542;663
633;527;515;666
677;582;570;670
656;577;559;669
673;603;598;677
658;579;561;669
688;613;599;679
652;573;552;671
715;615;594;693
657;583;562;673
718;616;549;667
721;602;536;674
689;601;581;677
651;562;552;670
670;570;585;673
649;560;536;665
696;647;625;670
696;647;625;670
678;636;586;668
740;647;600;677
720;639;602;680
684;617;594;677
701;643;594;675
681;611;586;676
705;663;617;670
705;663;617;670
649;610;567;668
660;588;589;672
700;607;562;666
687;587;535;668
661;637;602;666
715;641;564;670
698;625;573;669
652;586;557;671
694;608;586;681
694;608;586;681
701;590;524;668
741;673;581;662
712;662;650;678
657;695;641;643
657;620;583;668
684;622;566;668
739;663;610;685
711;643;601;678
703;634;591;679
662;590;552;671
700;644;596;670
648;576;553;671
711;645;603;673
709;627;571;670
742;644;562;673
780;678;610;676
694;600;549;666
663;640;612;671
653;632;594;664
655;584;563;673
682;597;560;673
682;597;560;673
666;634;607;673
674;604;607;677
716;622;560;672
697;593;548;675
725;621;558;677
649;563;549;670
733;673;628;672
772;675;625;688
703;623;601;677
699;658;640;667
661;653;590;657
671;606;581;672
693;627;600;681
751;662;587;668
659;579;538;669
657;587;566;672
664;602;554;667
705;614;543;661
731;650;600;675
652;594;560;674
685;622;585;672
644;624;617;660
693;684;679;676
648;571;550;670
620;596;565;660
687;660;585;670
728;731;595;662
726;727;593;662
728;730;595;662
728;731;595;662
724;725;589;663
724;725;582;662
725;726;581;661
725;726;575;661
728;732;576;660
734;738;583;658
734;738;583;658
747;738;551;666
675;645;562;670
647;572;555;672
677;609;556;663
650;568;548;668
658;621;588;666
652;578;562;670
706;722;584;659
759;706;622;695
705;656;590;674
693;645;585;673
658;638;604;665
654;587;572;669
728;650;632;703
667;589;578;673
729;635;574;672
746;696;560;653
702;650;568;668
706;704;621;642
660;623;558;668
646;582;551;671
684;600;543;666
720;645;605;679
651;551;529;677
698;663;631;676
752;699;620;668
753;676;603;669
700;613;559;672
685;599;546;670
653;627;592;668
700;636;567;661
692;624;572;669
645;562;536;670
696;581;527;668
770;655;541;657
697;622;579;671
703;608;592;689
668;565;548;682
671;654;627;667
683;645;578;671
667;608;564;672
655;640;572;664
698;623;590;675
796;711;633;682
806;730;638;682
789;743;607;665
789;743;607;665
703;648;565;668
642;574;553;672
738;643;585;679
743;664;608;676
733;653;629;685
765;670;644;712
687;600;573;678
670;559;532;677
677;643;602;671
699;640;607;669
704;669;615;654
704;721;685;672
682;647;558;663
665;595;573;670
666;624;574;669
650;584;559;671
696;610;566;671
682;620;564;673
692;595;529;682
685;648;573;673
700;635;582;687
668;600;562;675
697;669;634;673
690;634;586;671
697;603;538;671
701;651;559;661
676;598;561;674
691;597;550;678
731;641;613;699
780;675;637;691
762;650;562;679
777;676;616;681
691;594;562;676
664;612;569;668
638;607;572;667
691;657;585;668
747;724;571;672
621;489;473;663
621;489;473;663
640;539;520;670
649;625;594;665
667;606;563;675
676;598;566;672
725;651;612;711
687;609;554;675
684;636;625;673
773;700;648;674
773;696;643;675
719;647;624;676
649;585;559;673
678;580;563;690
728;631;574;680
773;697;606;669
760;704;615;668
697;629;570;670
654;581;564;671
683;581;535;669
683;581;535;669
699;626;610;678
670;594;580;675
670;622;581;668
659;584;572;672
716;668;622;671
702;649;606;671
701;648;609;67
650;620;583;664
661;622;584;670
714;630;603;683
699;588;534;680
672;559;518;674
701;614;582;671
654;634;613;650
644;590;557;669
702;641;590;671
646;577;535;664
728;631;568;671
746;641;562;671
746;678;654;692
675;593;574;678
656;582;564;673
671;561;554;685
664;590;576;674
683;609;550;668
651;579;555;671
646;606;567;671
649;582;552;672
662;627;584;664
769;688;629;678
667;590;527;671
630;544;503;669
657;637;589;671
672;608;581;677
691;619;571;671
691;619;571;671
677;643;621;684
677;643;621;684
636;609;556;666
724;654;630;685
783;692;643;687
791;700;642;684
726;649;610;677
655;581;562;679
684;630;581;674
25;535;514;668
683;607;599;677
658;592;574;675
760;715;638;669
750;667;604;674
704;628;572;666
614;594;559;656
643;619;586;667
698;645;592;673
703;647;580;669
652;591;567;673
711;630;578;676
648;580;552;674
699;614;580;675
732;628;548;674
702;613;563;675
648;584;556;677
701;641;573;673
717;661;580;671
677;616;562;672
648;586;555;675
647;688;654;655
646;581;552;669
681;615;604;676
723;636;547;665
683;605;536;669
648;584;556;674
680;655;602;674
716;616;507;667
728;664;621;677
753;694;673;700
653;657;629;667
672;680;653;665
667;640;583;670
688;653;542;667
692;656;564;671
649;608;557;668
706;660;560;661
706;660;560;661
667;642;564;669
657;660;625;672
657;628;587;673
656;604;622;684
655;596;623;670
700;657;656;672
690;643;627;659
680;642;624;656
696;658;645;667
695;665;660;661
695;650;634;655
695;642;577;668
698;680;690;653
705;648;582;674
719;642;590;702
710;644;564;685
729;656;609;706
698;635;559;671
707;637;576;687
702;639;572;680
713;635;559;689
703;643;577;675
728;652;593;707
704;635;561;682
724;655;608;702
707;648;572;675
710;622;545;692
708;675;622;671
698;654;615;670
677;623;613;674
671;612;581;669
699;618;593;674
712;643;609;674
683;620;607;675
687;604;577;675
702;673;648;672
652;581;546;668
680;558;562;713
684;593;575;686
656;592;559;674
661;608;565;672
660;593;561;676
679;620;589;677
656;590;563;676
768;660;608;717
772;689;675;717
764;724;683;711
728;729;684;677
694;677;644;673
632;676;645;654
659;640;604;665
693;658;605;671
744;711;636;663
744;706;584;664
739;691;599;667
735;665;638;687
737;685;673;694
711;684;656;666
662;605;585;670
662;605;585;670
697;671;617;670
692;635;573;672
681;616;536;669
720;666;620;718
711;645;579;693
700;643;569;672
733;703;654;674
768;675;602;686
749;723;670;653
732;723;659;664
698;656;585;664
655;591;561;673
696;607;589;707
704;639;607;671
700;629;550;671
655;582;558;674
684;601;559;673
655;586;561;675
697;639;613;684
676;609;581;676
675;609;564;672
654;583;562;675
657;615;584;670
648;576;544;669
731;678;609;672
683;612;568;673
676;604;586;674
644;540;519;671
726;644;582;672
692;619;579;674
640;602;568;666
651;587;561;675
651;579;562;663
654;651;626;669
646;618;580;668
