684;660;604;618
723;764;618;597
702;690;618;623
628;695;646;584
639;684;635;590
659;634;605;602
661;631;613;618
707;666;607;610
695;673;610;591
697;664;602;602
665;655;586;593
685;646;595;607
648;584;589;614
681;639;606;611
679;654;621;614
676;650;602;607
658;682;586;603
671;746;590;592
685;765;600;623
5;684;579;606
698;675;624;637
713;692;628;641
730;711;610;624
713;719;613;626
671;624;590;617
684;644;595;602
680;641;590;613
693;652;595;632
665;603;583;622
693;664;627;631
737;674;598;623
693;642;597;620
728;701;600;624
695;654;607;624
693;644;592;628
674;592;564;609
681;628;587;615
701;645;596;631
694;646;591;614
690;628;596;643
676;645;612;631
740;719;629;631
682;621;581;616
686;683;609;616
729;692;605;619
669;604;588;615
662;596;595;624
727;720;623;606
687;715;642;613
669;648;610;615
661;651;597;612
739;707;636;656
662;688;635;614
657;702;640;602
681;648;589;579
685;655;599;606
687;655;603;609
679;614;608;630
727;692;615;622
719;683;606;608
733;709;606;605
710;673;612;621
703;689;624;595
684;639;610;626
657;663;609;616
727;667;619;640
693;619;605;629
667;594;607;632
640;549;587;627
654;621;592;623
678;597;590;624
741;645;598;618
667;662;626;595
670;616;610;597
675;546;592;605
743;700;620;599
698;614;596;601
670;564;595;607
680;572;602;613
707;624;613;618
774;675;651;701
689;557;600;609
698;585;568;587
710;605;605;620
680;580;600;618
740;617;604;615
742;629;613;613
689;582;601;606
720;668;604;583
699;660;600;594
733;678;600;597
732;691;612;598
753;688;616;627
757;674;636;645
719;648;636;622
725;669;630;618
720;706;637;594
715;713;658;604
662;693;652;576
694;689;635;591
748;672;625;611
777;687;594;608
766;689;625;611
695;633;625;616
700;617;622;619
720;639;623;623
695;559;591;612
690;553;588;615
687;557;597;617
741;658;623;629
756;690;611;600
735;669;598;605
757;658;619;624
708;600;608;615
738;649;630;645
702;588;603;621
732;656;626;624
744;680;630;623
728;659;619;621
690;687;628;608
688;571;605;620
723;652;610;615
644;585;592;602
700;649;621;614
729;676;588;512
741;675;616;613
700;680;622;580
695;616;610;607
690;570;601;613
772;742;620;629
768;784;623;5
682;634;614;578
719;619;613;597
726;648;611;580
744;661;614;603
712;622;613;607
704;634;618;610
722;635;620;609
690;590;605;608
699;598;603;602
733;651;635;622
708;613;619;609
672;682;646;582
695;651;629;599
692;675;604;595
708;755;610;577
726;776;618;614
706;756;600;590
717;762;616;617
724;732;622;646
725;658;625;672
692;552;602;644
705;569;612;656
690;555;602;636
722;653;616;610
716;679;660;608
662;716;674;418
712;689;628;555
747;696;591;525
718;641;609;570
715;680;653;562
723;683;650;571
744;673;600;572
0;700;654;602
709;703;661;581
694;609;618;581
692;563;604;590
5;752;615;571
735;709;637;587
687;688;659;591
697;641;631;587
691;607;616;584
739;657;608;588
739;672;626;588
687;562;602;592
685;532;599;600
686;557;600;596
693;555;598;596
730;638;630;609
714;627;624;597
733;741;684;568
730;676;631;589
694;717;643;591
743;686;633;591
746;663;600;595
722;658;626;596
761;715;618;587
728;644;603;594
748;650;622;607
747;695;637;598
719;745;686;584
705;643;623;591
689;591;612;600
767;663;626;596
773;658;622;613
768;658;622;612
772;718;613;573
722;641;624;597
709;614;623;605
729;692;640;591
699;606;614;603
737;650;622;600
734;599;611;618
699;561;601;603
713;703;631;582
685;575;586;565
733;695;680;622
695;563;605;599
747;669;635;595
728;619;607;604
724;648;616;600
718;618;617;613
692;559;593;601
714;573;605;628
758;646;610;611
711;579;595;608
670;706;673;562
701;615;622;600
695;582;609;607
765;718;635;602
731;667;611;603
697;576;607;602
719;648;612;595
723;673;631;600
718;710;667;599
694;603;610;601
734;672;606;587
729;689;637;600
708;666;624;600
700;618;583;578
732;665;625;606
740;692;639;609
740;683;629;612
734;667;632;599
700;576;609;607
718;606;611;606
700;570;609;608
728;612;610;608
673;690;653;582
719;672;632;597
731;655;628;618
741;667;631;610
736;676;632;598
727;650;630;604
735;636;639;620
716;602;631;615
762;699;612;597
702;611;602;603
721;677;647;604
707;617;611;609
688;663;611;603
713;658;619;609
713;688;660;601
734;704;632;593
767;709;645;640
765;711;645;615
765;741;681;627
48;725;659;612
726;720;631;593
741;701;641;605
753;711;659;604
752;703;640;610
751;696;642;616
746;711;659;614
722;693;645;603
699;629;625;608
741;728;624;602
743;679;626;610
666;441;540;590
736;670;626;604
737;665;615;604
706;605;625;617
693;680;621;601
735;663;627;613
753;613;598;634
739;625;619;630
774;681;651;665
704;587;607;617
705;666;634;608
748;675;589;602
731;662;613;613
707;595;607;615
753;696;652;631
727;729;679;612
731;708;650;596
727;685;633;598
712;608;608;617
722;636;630;610
722;656;647;621
714;677;632;611
762;706;651;630
710;702;619;606
763;708;621;612
711;622;615;615
719;651;622;614
728;661;621;613
748;696;647;617
730;665;624;617
735;609;607;629
721;595;623;623
742;643;614;624
739;648;632;624
707;652;621;618
761;645;620;619
723;641;634;624
713;643;636;610
733;706;637;604
713;630;618;615
701;575;609;617
730;609;612;617
733;664;665;617
739;677;651;606
727;730;688;595
709;675;646;598
749;715;652;630
784;790;651;626
754;699;621;626
716;621;608;624
721;642;632;629
700;572;593;615
747;642;605;608
735;624;611;620
722;657;635;616
720;625;598;612
708;574;613;617
747;661;624;613
700;593;603;605
739;654;629;629
757;656;616;616
776;703;620;613
768;723;643;599
700;724;656;607
689;676;646;610
695;626;625;620
708;663;624;630
754;761;616;608
776;791;651;627
747;762;670;626
699;643;641;617
685;524;595;610
714;607;634;630
742;635;638;640
742;635;621;621
734;692;628;606
7;721;614;607
725;647;612;615
693;593;619;619
709;649;624;608
684;607;600;611
757;659;630;622
728;610;622;626
705;600;621;622
694;574;608;620
717;666;624;610
692;558;600;618
724;594;594;613
705;651;635;621
704;618;625;620
735;615;611;621
729;636;626;616
728;645;625;616
717;640;614;605
709;613;606;611
707;619;626;617
757;656;605;612
727;627;618;614
700;560;601;616
710;619;626;614
716;614;613;618
714;585;577;619
729;629;590;595
722;624;597;618
761;555;591;671
721;604;609;624
709;592;599;622
740;662;602;614
745;673;591;604
742;663;598;616
784;663;615;639
804;692;624;672
796;688;630;667
786;686;644;675
743;646;623;629
752;697;654;623
749;736;656;600
742;729;668;612
726;737;670;599
712;655;624;608
747;630;612;624
744;636;618;616
780;685;617;614
731;633;615;617
707;588;610;620
743;662;628;622
739;617;611;632
720;616;620;623
703;579;601;621
748;666;634;615
735;659;592;595
770;674;621;618
765;650;612;624
713;587;606;621
724;630;607;619
745;668;632;628
732;644;608;618
738;646;619;619
707;582;603;621
703;651;624;615
748;675;625;624
767;686;634;653
746;662;636;630
712;605;621;619
697;563;592;617
783;705;656;627
705;695;651;608
694;639;621;611
711;602;582;614
719;637;616;618
692;698;658;608
704;639;623;617
727;634;599;608
713;603;600;613
737;665;616;614
744;668;614;628
710;625;632;632
736;699;637;611
773;673;648;674
764;652;637;660
732;581;602;629
727;613;618;624
753;661;637;642
743;657;623;625
721;606;617;626
738;656;640;639
765;649;601;622
737;633;616;622
727;640;619;622
698;606;605;615
699;544;592;618
742;645;616;621
735;680;654;638
699;685;652;607
707;598;565;584
726;640;611;612
757;715;650;619
737;678;621;606
737;650;604;613
706;564;592;618
741;733;657;610
727;695;606;633
758;704;634;630
717;609;607;621
711;597;604;623
696;548;595;623
700;577;602;624
741;684;637;616
703;711;663;609
715;655;626;619
703;548;591;622
762;769;619;608
733;764;678;608
700;637;622;619
685;504;574;623
701;568;605;623
731;628;613;624
732;635;608;630
700;598;600;627
713;660;613;635
692;570;591;628
743;645;608;633
692;600;596;632
734;766;620;650
722;767;607;635
699;632;597;627
688;592;597;634
734;697;609;635
667;618;528;627
673;663;630;640
714;654;608;645
682;612;609;638
657;597;602;635
670;626;609;637
656;628;601;629
658;777;619;606
658;717;596;632
651;566;600;632
660;564;594;635
722;688;615;629
726;592;570;666
681;581;611;632
732;599;563;712
734;680;620;641
738;669;613;678
707;630;598;646
683;596;604;638
717;646;598;633
730;602;589;657
708;626;618;641
723;670;628;664
698;646;608;631
678;562;597;635
658;613;574;601
755;621;545;615
661;544;582;618
683;593;579;621
688;592;588;613
665;524;570;616
733;657;585;610
679;682;646;605
685;606;606;622
733;655;647;662
733;660;604;635
738;679;607;620
700;604;594;616
698;589;607;627
733;658;616;613
680;668;641;611
683;599;605;617
679;560;592;622
715;620;599;624
727;588;594;640
764;655;604;631
757;678;610;617
706;579;587;622
676;556;591;625
681;565;595;627
700;647;611;620
702;648;605;615
681;570;594;625
704;606;603;620
590;674;614;524
699;672;622;612
730;671;617;625
729;670;617;622
704;629;601;616
712;666;628;619
700;608;599;617
681;569;598;623
742;681;598;617
692;609;594;614
714;712;646;608
703;662;607;613
665;703;598;610
690;668;601;618
651;696;642;595
699;682;613;629
675;606;594;621
686;626;599;620
669;589;592;618
704;702;642;615
693;705;641;605
693;662;613;619
722;686;629;612
723;701;636;612
721;677;624;619
740;692;628;626
717;702;648;595
677;622;618;614
672;543;597;620
704;627;613;621
698;636;620;624
694;610;605;619
692;487;581;619
716;643;622;627
716;650;612;619
685;564;601;624
730;688;607;611
686;586;599;618
737;630;631;657
683;566;604;624
675;550;601;622
678;579;607;621
748;707;621;589
670;544;596;609
686;583;608;623
705;617;612;625
718;593;612;636
713;633;629;626
698;606;619;624
671;606;609;613
741;705;622;616
641;531;609;626
695;675;629;613
683;617;613;623
669;646;605;617
744;670;625;627
739;613;613;643
702;599;616;627
694;648;624;609
705;660;623;620
734;594;618;638
663;484;553;611
762;675;631;639
743;661;616;620
734;617;622;645
763;675;623;623
772;659;610;624
706;574;600;619
729;652;629;636
702;600;603;617
728;660;615;615
744;695;637;617
722;682;634;612
716;690;630;614
691;653;598;615
741;771;623;605
728;699;680;657
670;643;632;602
681;605;622;612
679;538;597;615
695;699;610;614
702;762;605;612
717;790;620;616
690;658;603;616
687;612;604;619
724;728;617;614
718;706;633;620
694;601;598;620
681;582;603;622
717;658;622;616
651;662;636;589
689;617;624;618
699;594;609;619
698;602;626;624
687;609;606;619
727;618;608;623
678;520;587;619
735;618;607;640
695;580;616;625
731;655;567;561
759;700;618;614
741;668;612;616
702;725;687;605
696;679;646;611
704;618;617;616
682;586;611;607
754;729;652;641
696;589;597;613
689;708;665;602
690;564;614;618
704;644;626;615
710;665;618;612
764;723;613;609
692;562;602;620
765;727;694;675
724;649;628;626
738;699;642;612
698;621;615;604
619;697;631;503
719;700;642;600
758;718;594;571
728;673;608;606
733;736;686;607
733;684;609;597
749;701;632;605
747;726;667;640
718;713;663;613
688;590;607;619
676;498;581;616
698;633;607;612
751;641;650;660
697;572;607;617
687;622;602;615
723;721;645;608
757;722;635;630
732;672;622;618
683;559;601;620
785;698;663;697
754;665;649;651
692;555;595;620
754;711;651;620
736;711;662;619
726;749;699;599
680;670;639;607
696;638;637;623
706;655;637;623
717;657;628;625
739;691;638;629
708;724;641;595
714;696;647;616
673;701;625;611
737;718;625;612
753;710;653;627
696;626;619;625
721;654;606;617
738;681;623;634
769;720;645;657
737;692;633;624
681;592;612;627
741;672;624;632
709;649;625;629
668;586;570;611
775;719;603;631
712;619;607;622
679;562;607;626
708;617;607;622
672;672;649;602
682;656;629;616
765;698;609;605
755;684;617;621
770;721;632;617
712;658;619;620
701;625;620;622
723;649;620;621
725;650;618;623
724;636;609;629
731;656;618;627
722;672;642;629
740;684;644;642
720;645;627;628
687;561;601;627
750;772;627;608
717;637;607;626
691;561;607;624
719;624;622;640
765;747;651;659
767;734;623;623
749;756;626;612
754;751;631;615
682;770;627;606
715;733;631;569
694;624;600;616
753;750;634;626
739;717;615;621
732;648;564;633
692;659;608;621
670;688;611;619
664;564;607;625
674;695;617;617
673;774;629;600
679;603;603;644
667;544;607;628
670;553;607;631
734;772;628;609
679;590;586;620
664;517;596;622
705;590;635;639
772;731;640;630
779;683;620;617
693;694;611;611
673;584;608;624
671;687;620;616
694;651;630;612
691;599;612;621
749;677;613;623
760;702;601;621
754;692;632;633
698;654;617;619
691;700;672;612
685;703;676;613
684;694;634;612
753;710;637;636
769;693;641;640
743;670;636;629
751;690;674;643
711;611;629;637
724;641;622;629
767;685;626;611
768;666;627;628
718;619;624;623
676;549;610;629
692;482;584;650
685;553;610;624
727;556;618;703
777;666;631;644
714;582;611;625
714;630;623;624
711;599;607;622
783;667;609;620
761;651;620;626
681;671;651;614
685;608;623;627
739;670;628;625
736;667;637;632
773;723;625;623
711;609;617;627
763;628;639;652
712;583;625;634
698;575;619;629
716;620;612;621
736;671;633;621
738;690;642;622
719;655;641;628
718;655;638;625
745;599;631;655
718;600;632;640
729;640;613;674
732;647;635;661
734;634;626;687
726;642;622;641
747;662;640;693
747;674;637;653
729;663;617;622
746;713;678;619
705;740;687;592
689;642;636;613
728;717;677;623
701;607;618;627
697;585;615;632
692;584;608;619
684;558;609;627
693;622;619;622
758;702;621;612
716;628;614;622
691;571;613;632
710;595;620;624
756;688;631;619
772;673;618;625
775;715;664;636
708;675;648;620
705;637;638;632
752;619;639;665
761;671;631;618
739;677;643;624
726;714;684;607
681;669;654;611
685;614;627;618
685;536;603;623
732;693;668;628
725;672;645;627
773;666;656;676
711;584;621;638
759;690;615;616
730;639;626;637
700;657;620;604
698;663;645;623
714;665;631;618
767;717;641;618
736;673;624;620
694;562;605;622
696;581;618;628
734;711;651;624
713;612;621;630
719;661;642;632
745;759;615;583
709;623;625;620
712;645;640;625
773;731;651;616
769;694;648;643
715;615;631;626
679;522;596;623
733;637;643;641
771;690;671;668
707;592;611;625
716;630;621;624
697;637;628;619
740;752;618;618
775;759;696;676
713;717;681;63
711;690;658;634
701;612;626;629
703;587;625;636
753;675;651;642
747;685;642;636
768;725;641;629
711;630;619;627
716;669;642;625
706;629;622;626
690;740;632;617
724;742;633;618
699;679;651;628
707;657;628;626
736;681;625;626
703;640;627;631
737;665;641;645
762;717;654;647
758;689;618;631
713;641;623;632
656;657;638;613
696;617;620;626
743;715;678;649
697;605;606;624
687;560;605;629
688;565;615;625
736;648;618;622
710;604;614;629
714;678;649;628
709;704;651;609
704;718;674;618
735;695;615;623
757;709;611;620
720;654;613;626
727;700;658;617
698;604;612;626
671;482;561;618
705;618;630;633
789;722;623;620
752;627;605;628
692;723;676;612
726;659;615;620
779;693;630;642
752;670;621;627
775;697;666;672
724;704;669;630
709;702;662;623
736;703;645;621
728;667;658;670
749;704;655;634
755;702;655;637
747;716;634;609
732;712;634;618
698;659;630;623
702;700;654;614
675;584;617;625
664;692;620;619
754;693;640;634
731;624;635;650
705;600;627;635
684;558;609;631
673;585;594;622
742;683;694;665
685;644;612;618
763;711;633;616
716;727;668;614
693;697;658;614
679;515;580;618
691;592;614;625
700;698;645;622
762;703;611;624
720;649;622;627
699;710;616;623
704;783;627;603
715;794;634;632
715;797;638;636
716;799;642;642
692;634;612;631
701;583;609;636
725;624;646;651
765;669;635;640
736;650;630;629
754;708;613;618
719;640;614;627
695;583;616;635
708;630;620;628
678;646;609;627
738;655;630;638
775;708;699;684
688;500;584;626
699;537;601;635
706;666;624;621
689;570;608;632
724;606;616;634
709;598;608;631
713;686;641;618
695;582;613;627
711;681;645;628
781;689;616;629
737;669;623;629
737;675;632;632
794;702;676;718
756;658;654;668
724;683;597;611
756;735;662;627
713;627;621;636
696;567;608;634
694;508;556;641
764;638;597;644
741;654;600;618
743;684;602;619
762;694;606;635
777;710;623;640
757;703;613;626
763;678;618;650
776;673;628;673
764;669;632;657
752;685;639;644
770;763;684;609
754;738;659;617
749;749;679;625
719;662;615;623
700;549;597;629
777;670;622;638
770;684;624;624
704;582;613;629
697;550;600;629
739;672;637;634
737;602;610;643
733;632;619;631
719;604;607;629
746;672;645;646
762;714;632;622
747;704;614;622
768;642;603;634
715;586;605;630
739;663;640;642
738;665;627;639
769;705;638;644
759;690;633;642
740;667;622;636
730;710;672;617
694;727;689;619
694;698;643;608
768;724;591;615
732;672;609;621
734;709;663;620
753;679;568;618
758;706;621;623
701;633;606;623
669;640;593;605
740;693;630;632
719;741;604;628
762;787;623;620
734;688;631;637
691;629;625;624
698;574;615;627
710;595;615;629
723;633;631;641
747;699;620;626
756;720;652;632
730;727;676;615
717;729;677;624
692;609;611;625
693;585;603;628
721;685;610;623
759;739;695;672
709;599;588;628
706;640;603;632
717;687;623;628
696;565;605;634
686;544;581;630
780;701;616;632
722;604;600;629
699;574;605;636
730;640;615;635
696;574;606;635
716;615;609;630
749;676;625;639
733;635;616;640
693;626;600;623
704;651;627;632
752;708;638;637
735;674;620;634
704;667;635;634
700;713;623;625
742;707;624;649
732;712;636;639
705;678;639;649
704;699;613;627
743;702;623;638
740;690;629;626
687;700;652;618
675;657;629;620
738;689;630;637
749;692;639;634
731;690;652;621
694;605;616;629
709;588;618;648
714;628;640;644
717;648;620;631
715;643;626;631
701;607;627;632
712;649;621;626
686;719;622;621
737;695;628;618
704;739;683;61
706;661;626;622
715;641;626;633
745;684;644;640
769;720;645;631
752;744;690;649
720;737;679;618
725;698;644;63
711;605;618;645
732;699;639;654
758;697;642;647
709;616;621;629
706;660;645;627
714;694;647;628
758;727;642;626
762;715;627;624
767;719;637;622
730;697;654;628
703;704;666;624
713;689;630;629
726;720;616;619
779;808;638;621
732;673;628;636
728;702;677;634
694;629;632;624
770;713;627;623
767;711;623;621
724;634;606;624
701;573;617;630
737;706;652;624
745;739;677;620
746;709;636;618
729;682;615;610
753;671;644;658
737;624;614;643
763;700;642;655
783;715;639;646
756;699;634;630
714;701;653;622
699;621;624;629
702;717;618;612
713;799;629;602
728;810;635;640
739;811;642;671
723;809;638;643
700;645;616;632
733;681;625;636
749;696;638;651
737;681;627;630
715;609;611;659
766;724;614;608
714;622;614;630
771;696;637;640
760;723;671;642
700;718;663;608
714;688;641;627
701;599;617;637
748;673;639;640
742;615;632;657
717;624;636;630
730;684;666;624
718;675;645;623
778;721;651;626
713;612;619;628
697;567;614;634
723;644;622;631
704;698;654;616
705;628;631;632
717;636;625;636
730;658;626;632
743;684;636;634
719;595;579;635
703;588;590;630
761;773;611;621
750;688;619;637
699;567;594;626
705;645;620;630
701;613;603;627
731;651;601;629
748;682;603;626
743;715;656;631
713;666;627;629
735;729;671;646
727;702;629;624
735;669;611;630
756;683;635;662
756;690;653;657
729;668;624;639
781;710;633;658
741;660;613;634
718;712;650;624
724;675;628;630
740;670;619;636
748;688;608;628
726;684;614;606
737;694;629;631
779;696;653;687
708;558;600;636
728;664;612;632
747;698;623;641
697;582;597;634
748;645;635;658
786;675;599;631
763;661;610;630
662;707;658;612
707;637;617;630
698;658;591;623
777;701;624;634
783;691;638;686
727;633;623;639
732;666;620;627
731;692;628;621
694;554;597;631
757;729;657;635
740;668;635;645
715;586;610;636
698;558;598;632
711;697;630;619
754;692;630;640
720;610;607;625
694;559;597;628
760;665;620;634
742;631;636;653
694;541;580;625
722;632;613;628
713;612;619;632
706;589;602;631
727;636;610;631
723;641;617;630
734;665;613;625
732;659;604;627
705;684;615;620
714;654;608;626
728;702;634;630
735;686;626;639
752;706;637;640
729;677;615;628
743;709;636;630
746;713;661;640
719;691;628;621
718;651;622;633
714;621;620;636
695;708;625;552
735;701;617;619
753;710;628;627
711;703;642;617
701;713;660;623
708;642;635;629
764;718;594;622
727;728;629;577
717;709;648;627
692;606;608;627
742;690;620;624
758;740;663;626
723;724;657;617
700;639;625;633
771;731;610;634
735;659;624;632
770;741;682;659
725;660;612;628
727;676;618;627
772;711;652;673
785;714;660;677
731;652;627;641
735;676;630;639
729;694;630;638
728;704;639;644
758;692;640;655
760;674;627;640
710;614;627;638
728;674;627;632
719;639;614;631
726;643;616;637
699;635;624;629
709;607;616;637
742;689;608;620
760;703;625;632
695;717;646;612
715;732;678;623
740;741;639;619
764;761;635;635
769;789;636;628
771;730;643;656
699;704;665;629
719;677;645;636
712;628;629;639
764;679;656;683
759;690;637;639
767;715;605;623
737;672;619;631
781;687;622;639
722;620;616;633
701;589;612;637
758;707;632;631
703;689;645;626
698;592;616;634
702;640;604;628
778;685;632;645
778;702;652;674
728;621;631;645
704;702;669;630
709;688;638;628
705;682;624;623
722;682;637;631
700;584;612;634
732;614;604;630
759;716;650;631
755;714;650;634
769;715;644;663
779;726;665;671
721;675;623;634
768;786;634;620
742;676;629;638
02;571;609;634
702;568;607;635
783;732;649;646
792;704;622;637
799;721;624;632
785;764;631;616
736;777;634;618
717;688;639;622
713;655;619;632
792;709;625;638
766;744;619;631
743;733;561;620
723;709;619;627
747;690;626;632
763;754;688;626
747;751;669;628
755;723;646;632
740;698;629;632
728;685;629;630
727;700;661;648
701;622;625;632
708;633;620;632
684;528;588;633
693;582;609;635
762;662;612;634
728;702;645;636
725;672;618;626
752;701;627;635
712;610;624;662
714;666;610;634
770;811;635;613
771;811;635;611
770;811;636;611
771;812;637;611
771;812;637;608
772;814;637;609
774;816;637;608
778;818;651;656
781;822;664;657
778;822;650;640
774;820;635;607
774;820;640;611
765;783;646;659
726;634;641;682
711;584;606;638
756;727;657;650
783;812;660;630
778;756;652;636
726;653;635;643
700;636;646;620
735;646;645;647
704;623;625;640
739;673;639;643
723;618;615;641
725;582;613;655
796;697;563;646
729;590;597;635
707;638;604;637
768;705;624;638
780;738;636;636
742;673;635;639
711;608;619;640
785;704;627;640
801;713;623;643
738;645;619;638
725;646;618;637
709;624;594;622
695;539;563;626
761;675;643;670
784;695;632;643
803;739;648;661
774;692;612;629
716;621;611;635
747;729;685;629
763;770;705;636
734;755;689;622
719;741;678;613
706;593;616;638
700;602;613;628
781;719;605;628
736;639;596;629
701;569;600;636
795;691;607;694
770;662;655;686
724;567;602;641
717;585;611;642
728;612;616;637
760;713;627;618
763;695;630;629
791;696;645;642
801;728;651;680
800;730;669;696
776;692;648;677
760;702;649;648
757;709;645;639
751;736;653;621
753;767;685;630
736;671;620;631
745;657;625;633
718;608;617;633
707;578;613;630
690;488;561;631
722;628;601;627
695;744;686;606
728;672;619;629
770;721;656;644
743;667;610;641
732;649;610;633
701;500;561;622
705;557;599;631
762;749;638;632
782;713;621;638
735;639;606;635
698;706;658;621
705;672;639;633
771;737;630;620
660;508;602;636
704;577;607;637
721;617;609;636
701;566;601;635
718;631;617;635
711;598;612;640
718;557;601;633
714;577;611;639
717;617;611;635
709;590;614;634
767;673;629;643
808;753;704;699
787;662;623;683
793;704;661;696
781;723;671;664
775;760;676;628
759;710;644;636
751;680;620;632
770;745;687;627
745;777;702;614
751;704;636;630
743;676;625;634
746;683;630;628
730;647;616;630
0;705;646;630
736;723;649;627
709;601;609;631
698;566;605;633
748;629;612;630
730;633;622;615
731;689;647;637
748;681;637;635
785;715;656;668
774;711;660;665
783;697;648;681
800;716;660;689
738;643;643;647
692;729;680;617
702;655;641;631
752;695;642;627
758;692;647;641
737;720;647;640
742;708;655;641
780;753;657;637
735;696;649;638
780;699;650;647
744;666;645;647
708;632;629;642
746;716;675;659
715;675;639;634
735;671;624;636
723;628;635;643
783;695;669;667
792;702;641;640
758;700;622;630
760;727;629;622
714;645;630;632
708;644;623;633
717;676;640;630
687;573;612;636
738;687;630;640
753;648;643;658
728;614;629;639
703;591;618;639
747;686;630;656
754;627;640;657
732;627;639;646
710;553;607;643
714;659;636;634
764;679;622;643
746;674;635;638
735;714;669;642
723;668;639;641
722;654;627;643
766;689;634;652
736;705;627;635
701;695;650;623
723;718;672;630
724;666;632;637
706;616;621;648
748;655;612;641
711;616;619;642
734;592;590;700
721;646;630;637
737;672;632;657
731;655;623;639
736;723;691;632
677;729;688;616
693;700;605;622
771;726;608;627
728;747;628;625
704;588;608;636
713;690;623;630
93;747;625;631
729;742;626;629
734;741;671;623
691;720;644;611
717;748;686;632
756;730;654;631
727;623;625;646
737;649;646;638
771;698;636;642
756;754;694;638
752;725;666;645
738;671;641;634
744;679;637;638
769;698;643;648
793;724;664;684
802;724;663;683
794;724;667;669
748;668;641;646
722;730;678;632
685;615;628;628
699;582;615;638
733;664;633;642
745;643;638;649
724;631;635;635
777;713;640;633
752;684;641;634
725;636;637;639
717;619;631;635
769;711;645;651
771;716;657;661
757;731;654;617
724;668;633;635
703;635;617;639
757;694;640;653
778;666;618;672
741;652;630;643
717;648;624;634
726;677;620;631
709;600;618;646
728;683;624;630
784;711;638;637
751;673;614;635
681;706;650;606
706;663;636;633
737;662;613;633
739;698;622;620
782;689;626;646
727;666;624;636
732;666;628;637
725;644;632;634
714;624;621;636
725;635;622;657
745;681;629;638
729;624;618;643
775;678;650;681
752;710;632;637
791;704;637;648
739;641;625;638
703;703;661;632
711;650;636;641
705;593;615;637
767;746;663;628
727;719;676;625
705;646;637;635
714;677;634;639
737;709;635;637
726;632;622;642
801;740;662;681
754;689;630;637
725;641;620;633
705;582;618;637
708;708;630;635
782;697;581;629
730;672;629;637
741;721;689;629
745;736;697;618
725;764;705;620
735;714;654;626
709;708;638;646
757;707;657;647
721;711;631;641
722;661;633;639
786;703;620;634
782;732;680;649
707;699;658;636
689;548;604;627
746;642;642;673
771;670;640;657
788;704;659;650
750;647;616;637
772;735;637;618
726;676;621;631
700;591;627;641
716;678;644;637
690;604;621;634
751;688;635;647
736;641;639;643
725;610;627;649
716;684;630;621
717;661;621;631
696;570;612;638
714;597;619;641
762;655;619;644
747;642;620;642
742;690;632;641
746;686;642;663
705;597;618;643
709;584;621;658
773;757;621;610
729;642;622;643
606;724;661;549
695;715;654;634
692;633;624;646
703;705;623;625
771;684;633;646
698;587;614;636
691;582;618;640
741;698;627;626
756;696;619;628
743;658;625;633
700;509;584;641
723;659;647;644
771;737;650;633
711;641;625;637
706;752;697;614
720;678;630;635
743;691;635;639
758;708;643;657
791;717;631;655
760;718;648;641
758;710;636;638
51;704;614;628
747;692;615;632
754;718;650;638
696;578;615;641
737;685;625;638
698;761;705;628
736;703;649;643
736;691;643;645
767;718;654;659
772;728;670;673
793;738;671;694
797;725;650;683
771;729;669;670
759;750;705;685
691;701;655;635
692;606;623;639
734;715;653;639
764;751;646;621
691;582;625;632
752;766;672;627
724;683;634;634
774;743;704;676
726;638;632;641
767;716;640;643
767;731;661;648
767;746;669;641
739;707;648;634
723;692;631;643
777;811;650;632
1;768;659;644
731;680;631;639
704;644;628;645
731;696;642;641
689;726;688;629
735;712;646;636
710;615;633;648
743;649;644;653
775;735;625;630
758;721;641;634
736;730;667;637
740;720;673;644
764;696;666;622
735;683;656;645
778;744;636;631
714;699;632;635
754;725;620;633
718;627;631;641
693;585;624;642
725;651;626;639
723;659;630;638
716;694;643;636
668;721;618;629
725;720;643;627
768;713;657;683
712;656;645;642
699;739;692;633
710;699;648;633
690;584;622;646
736;751;662;627
698;590;627;637
728;711;690;644
775;747;690;646
746;694;635;643
775;717;653;678
734;685;638;633
696;584;619;639
732;701;670;650
786;744;640;637
724;687;627;640
737;682;631;649
724;674;631;641
698;586;618;644
716;636;636;648
700;627;621;643
734;667;621;639
710;743;627;608
719;803;638;622
719;664;625;654
700;578;619;637
700;577;616;642
723;678;634;633
734;620;628;660
701;636;644;637
731;671;625;642
747;715;651;636
754;697;627;649
737;684;633;641
705;598;624;644
745;711;670;658
784;728;649;640
731;714;638;641
701;660;623;645
732;698;634;644
743;735;635;626
722;699;627;638
690;636;626;643
722;647;637;651
718;636;632;648
735;668;643;646
726;650;631;644
724;695;640;633
710;609;627;645
730;667;624;641
786;707;669;678
726;593;627;643
729;636;643;650
742;674;636;644
710;593;625;643
770;733;640;658
768;715;668;672
717;607;624;642
707;596;626;642
693;596;609;634
708;614;623;642
741;674;634;644
739;655;648;651
721;639;621;635
723;682;632;621
723;689;643;639
706;592;623;644
765;688;610;635
786;717;589;634
753;641;620;639
716;739;691;619
710;638;629;634
718;610;631;638
736;685;634;637
785;708;645;637
739;686;629;636
713;605;625;643
739;660;630;644
776;700;662;672
725;564;619;646
750;677;633;642
742;658;635;645
772;720;637;637
747;737;642;636
744;701;638;635
775;717;649;641
783;658;639;677
800;720;683;707
780;719;676;673
759;729;683;647
740;738;686;631
700;657;640;640
684;558;607;640
691;818;642;616
695;680;579;645
683;518;586;641
695;573;601;641
713;668;635;635
798;717;620;642
728;622;606;635
697;575;605;638
739;678;623;636
723;611;618;654
739;614;625;651
783;662;613;653
726;619;620;643
757;735;637;624
739;685;621;629
784;683;635;653
801;698;620;685
786;730;671;691
767;688;652;665
754;734;660;632
746;745;681;635
754;760;688;637
751;732;653;624
742;683;631;639
769;677;635;663
776;698;648;664
736;656;632;645
721;732;658;612
734;717;657;649
735;740;655;626
716;649;623;634
697;575;606;640
738;692;646;637
702;707;651;632
719;681;639;640
743;691;633;640
762;707;639;647
798;723;661;696
797;724;665;693
803;736;668;683
743;751;671;629
737;771;695;624
705;627;623;635
741;653;630;636
750;671;631;642
781;716;630;644
755;656;616;646
759;711;628;646
728;663;625;644
762;733;654;634
762;716;649;644
769;714;639;647
741;661;631;650
713;700;610;604
719;688;630;643
699;631;586;639
744;692;636;639
771;693;669;680
722;635;624;641
750;731;658;622
744;733;656;630
709;678;630;643
737;657;653;679
756;664;642;662
729;663;632;644
758;724;627;634
719;664;628;643
708;720;667;635
714;670;632;641
692;587;619;643
719;627;624;642
772;683;647;670
736;665;627;642
717;610;628;646
720;647;630;640
715;607;623;651
757;675;655;658
736;651;626;647
720;657;625;642
744;712;628;604
689;739;654;525
726;732;674;621
733;703;627;630
729;649;618;644
757;666;647;656
774;653;608;651
754;671;640;641
705;575;612;644
717;637;638;637
