687
682
710
669
712
676
685
723
683
679
702
737
695
701
691
680
702
697
689
686
681
716
677
712
697
734
680
682
737
762
677
760
703
740
741
683
715
680
696
696
761
704
696
740
691
697
769
694
702
701
685
694
700
709
691
707
701
764
701
777
708
738
704
743
780
721
777
712
742
714
712
703
705
733
744
742
719
743
714
737
704
719
721
704
733
695
703
746
745
706
707
729
740
763
730
712
758
708
734
739
710
747
715
719
734
711
741
727
745
710
737
725
722
717
732
753
702
730
733
712
738
718
734
735
733
718
717
759
747
762
775
744
714
717
716
769
746
742
746
746
719
769
715
765
729
754
715
738
736
719
737
732
779
772
737
715
768
755
745
718
741
771
739
786
713
730
769
713
720
716
713
723
738
707
725
758
764
726
708
755
770
759
710
724
722
737
723
723
707
742
744
714
739
736
715
733
748
753
752
706
728
721
741
716
716
695
700
709
701
706
702
744
708
703
747
744
703
703
712
705
726
710
709
719
738
770
727
711
714
715
761
717
718
733
731
704
708
725
755
732
742
739
739
712
746
718
757
729
719
781
709
707
771
711
782
746
728
764
709
754
724
734
751
720
709
773
748
713
720
743
755
716
747
738
706
749
735
733
774
708
712
735
712
715
716
713
743
719
719
715
743
706
761
721
765
724
732
739
739
718
761
730
715
751
709
722
743
727
749
754
727
730
717
721
746
713
711
789
722
737
714
713
782
717
732
753
713
723
733
745
731
714
774
717
720
723
730
718
742
760
742
714
747
724
761
769
741
716
730
757
716
744
720
778
734
734
715
730
727
741
743
733
765
779
722
776
731
749
741
714
747
746
723
771
719
717
762
711
747
742
736
726
718
728
740
742
720
782
741
739
750
759
728
719
748
740
716
785
740
711
717
764
730
741
722
718
778
722
735
774
790
719
768
719
716
746
722
726
742
763
719
714
748
713
746
719
749
719
737
715
742
719
789
745
740
776
746
741
758
718
713
759
764
740
723
791
720
731
714
758
714
745
734
727
720
760
726
728
724
722
742
761
733
717
722
772
718
720
770
721
712
790
747
730
738
727
747
720
776
718
736
800
707
740
739
717
729
735
725
741
723
754
718
751
733
761
730
709
715
796
717
743
744
717
719
777
716
741
716
768
736
724
742
745
731
735
748
764
718
737
736
727
783
717
767
731
725
781
715
760
708
718
719
772
726
721
720
728
750
733
734
784
717
789
727
746
769
713
719
741
733
722
764
763
749
716
805
728
789
764
757
744
750
718
718
746
764
762
715
736
776
719
723
749
719
787
757
760
719
717
771
746
723
721
720
743
749
775
712
743
741
718
727
722
724
777
760
737
792
715
719
763
714
737
719
738
731
761
740
769
725
713
755
718
756
720
735
722
740
746
722
763
757
718
710
785
719
722
758
725
767
720
758
712
750
722
761
741
736
718
749
780
724
744
722
730
721
784
756
724
733
731
716
773
776
747
745
738
808
759
748
739
740
730
721
734
738
769
720
749
723
736
750
724
756
759
725
792
729
725
759
743
747
763
752
752
758
762
732
720
722
721
749
804
714
719
770
737
739
718
769
751
722
743
725
725
757
727
729
726
733
735
722
727
749
759
726
742
724
725
728
722
725
744
765
738
744
753
757
781
759
722
716
789
791
749
739
729
726
727
721
782
720
756
728
718
726
802
716
754
728
743
739
723
775
761
768
725
723
726
758
725
722
724
774
731
724
733
769
748
747
734
723
739
746
820
818
719
761
742
742
748
787
728
728
750
759
788
769
741
742
732
750
769
803
725
773
764
717
739
727
727
727
732
732
732
765
725
726
739
722
788
734
800
724
775
737
751
722
734
759
723
728
772
787
753
715
780
717
764
778
723
748
746
721
791
722
745
730
782
720
757
727
760
725
774
720
723
727
723
726
777
719
723
722
706
709
707
705
727
691
743
738
689
689
699
699
702
710
704
704
737
738
774
703
782
705
707
715
710
708
751
709
729
710
728
770
732
714
762
710
732
776
710
731
711
729
760
722
744
770
700
720
745
709
725
756
774
716
719
708
723
727
729
719
730
750
728
719
720
775
709
714
747
724
723
715
725
719
707
776
748
779
744
811
705
744
763
714
749
733
759
774
723
718
771
720
736
782
716
788
718
764
724
727
729
748
745
736
758
721
732
731
723
723
761
721
748
773
727
790
748
726
765
771
723
726
726
756
759
719
745
728
781
759
718
798
750
802
720
722
722
736
750
721
747
741
780
722
745
752
722
734
782
719
753
764
725
715
715
783
710
736
748
746
760
724
716
750
752
732
778
719
718
721
724
732
729
729
731
723
726
721
787
737
786
725
730
756
715
728
781
748
731
722
741
760
742
762
722
730
743
757
751
761
775
738
723
725
725
722
748
734
724
726
730
765
728
726
772
728
738
725
724
721
729
745
719
725
735
775
739
722
752
722
746
774
722
802
785
748
768
768
719
722
719
785
733
726
747
735
733
735
749
729
730
762
792
743
726
728
735
768
769
768
769
769
769
769
769
770
770
770
770
770
770
770
771
771
771
772
772
772
719
772
718
747
785
695
753
748
729
754
722
792
714
719
719
727
721
723
736
724
727
758
723
725
796
751
750
788
739
717
725
777
727
719
729
723
787
734
796
734
720
764
764
764
749
724
785
727
729
744
801
779
743
719
728
729
769
723
777
745
719
740
741
726
791
767
759
776
750
780
717
723
781
726
737
786
749
734
671
727
729
744
728
735
763
754
756
726
782
723
758
798
721
745
724
746
734
801
725
729
758
767
776
738
765
749
746
754
759
774
776
737
727
783
792
784
727
727
795
729
804
725
792
731
727
731
773
764
796
718
718
730
727
770
727
728
762
746
786
734
752
764
730
735
772
751
749
807
727
779
753
728
769
731
747
740
729
727
724
725
776
725
787
740
730
730
772
781
763
739
729
799
801
728
773
735
758
758
759
760
759
758
759
760
759
761
761
761
759
763
776
710
756
714
728
712
700
720
748
705
757
736
737
717
755
720
718
766
716
734
720
720
739
722
781
771
747
766
721
718
762
751
742
787
731
789
726
722
780
744
780
765
761
732
789
731
764
742
725
732
735
774
768
763
778
759
730
785
748
750
743
753
754
727
733
775
762
747
729
745
726
733
736
748
734
750
738
734
793
731
793
748
734
790
731
739
756
746
734
736
741
782
745
758
735
737
787
740
788
757
749
737
779
736
754
739
751
769
733
736
774
753
743
743
736
748
767
787
750
743
749
788
790
793
793
796
794
793
793
792
790
790
791
792
791
789
789
790
790
790
790
790
785
783
768
749
745
768
770
769
771
774
776
776
760
742
768
769
766
789
742
735
735
781
731
747
744
758
739
733
737
741
738
744
735
743
788
786
735
725
742
784
729
739
739
739
739
740
730
742
760
750
726
731
718
780
729
731
744
757
715
796
727
753
767
758
707
796
770
813
725
783
750
799
724
732
731
799
716
738
761
753
770
773
808
728
772
721
790
801
724
714
735
729
790
745
740
733
