645
728
703
708
698
655
660
653
678
774
678
710
673
769
737
663
688
669
658
668
672
676
675
681
673
686
727
676
672
727
676
715
768
780
690
691
677
667
715
772
717
673
669
722
663
711
680
727
683
672
685
664
654
723
673
666
698
672
673
688
674
679
675
697
678
680
697
681
677
699
675
683
678
689
688
710
713
731
727
759
718
676
724
739
685
707
699
719
685
693
695
702
715
677
695
682
709
679
711
689
671
727
682
682
680
685
707
673
717
739
746
685
689
707
668
715
796
680
694
683
690
685
688
681
677
716
714
686
692
703
702
688
696
691
684
694
678
682
682
683
685
686
692
682
685
697
722
699
698
705
672
679
693
688
680
684
690
692
686
692
697
691
696
701
705
708
724
803
691
692
700
701
693
713
698
708
696
697
689
740
687
714
718
700
699
708
692
772
715
688
727
701
687
690
714
686
691
688
703
691
688
685
688
696
729
724
698
701
722
713
740
692
689
691
698
684
688
684
720
690
694
693
688
715
711
726
755
698
688
712
690
692
689
694
710
689
685
718
695
690
682
702
762
693
688
705
693
711
689
689
688
687
712
691
699
692
691
694
699
692
689
699
701
691
674
689
711
692
697
681
680
686
711
697
780
784
761
696
705
696
691
719
696
692
717
695
715
711
700
717
702
696
691
703
714
699
701
680
686
702
694
752
718
702
684
702
744
699
696
698
701
772
778
698
678
686
699
690
728
717
696
755
688
724
696
699
713
698
703
704
739
726
759
699
693
692
699
734
698
697
696
708
697
715
749
744
699
721
691
708
747
703
693
715
717
690
704
692
687
694
690
721
782
681
699
715
694
701
699
678
694
738
700
733
710
713
716
693
695
698
694
731
731
716
694
722
700
695
697
700
719
704
739
698
701
691
737
759
692
701
708
733
697
727
697
719
698
695
697
734
697
713
702
695
695
716
695
699
710
696
729
707
707
697
744
741
746
714
695
734
721
701
697
691
726
734
688
694
697
693
712
739
719
694
700
699
701
709
688
703
711
725
716
720
697
701
707
700
702
702
710
707
710
736
724
740
697
703
704
713
698
704
704
700
702
708
717
700
730
691
708
704
698
723
709
724
775
717
698
715
783
738
705
692
756
719
711
720
726
716
699
704
708
707
707
705
701
705
703
709
759
703
715
709
703
709
724
693
705
701
702
703
702
705
731
700
738
743
748
712
715
703
696
712
697
739
709
712
729
702
702
704
702
705
710
713
707
707
710
703
698
741
702
736
720
709
722
721
710
711
734
706
693
714
705
698
709
733
739
701
699
736
711
710
703
707
741
703
730
730
783
702
704
712
703
702
717
696
710
715
700
751
701
703
698
705
700
704
705
708
748
702
732
738
736
741
737
732
751
727
698
713
726
707
729
708
745
740
788
787
786
786
787
788
788
790
789
784
780
779
773
769
767
772
784
801
801
802
804
808
808
754
739
788
734
731
701
702
711
706
736
729
704
707
704
704
714
695
724
702
712
704
728
717
704
704
706
706
692
699
712
707
719
699
708
710
713
695
719
714
696
694
705
696
732
722
749
752
716
712
729
727
764
715
700
702
700
703
715
697
691
703
696
736
698
700
717
703
703
693
697
710
703
702
706
707
704
705
697
740
721
703
689
735
709
716
714
704
707
709
703
736
703
702
710
703
726
736
751
738
712
713
704
706
712
710
714
713
706
773
701
699
711
783
738
703
721
704
718
724
706
733
712
710
722
705
716
722
709
718
704
709
707
711
707
703
715
724
700
704
697
711
717
720
702
730
737
702
717
703
721
744
711
707
725
705
746
734
723
729
719
711
707
709
705
700
745
692
704
702
798
801
707
705
706
760
701
730
768
702
691
703
711
701
703
703
737
758
707
708
700
708
700
709
740
749
733
740
722
713
725
755
701
705
712
689
704
705
722
700
707
719
762
709
706
741
718
721
726
709
713
721
706
710
703
712
730
745
710
714
701
706
701
703
727
715
722
710
716
707
742
711
725
716
708
746
711
706
699
714
722
763
704
705
699
753
776
782
788
792
792
790
791
792
793
793
792
792
710
714
753
711
712
744
732
784
706
719
797
803
800
802
802
802
802
713
711
717
758
755
690
732
706
707
737
712
717
710
709
708
715
712
730
707
698
706
701
709
721
754
708
710
709
801
710
708
706
708
711
708
714
738
745
713
722
733
766
706
705
709
736
767
736
823
810
709
733
749
708
741
750
712
718
708
738
710
733
703
713
732
716
769
716
732
744
733
742
703
779
782
720
700
779
762
712
711
721
706
724
705
703
736
711
704
709
765
736
721
727
749
700
718
711
705
737
726
756
706
710
707
721
704
752
695
758
708
708
723
709
706
710
710
729
706
711
703
735
709
731
717
713
717
735
720
709
704
710
706
706
752
729
744
725
710
697
698
716
745
719
707
762
710
795
708
703
710
745
720
710
702
706
717
796
710
746
717
753
718
715
729
714
720
721
714
714
716
731
719
702
762
765
767
760
758
758
759
761
765
786
788
795
798
798
792
791
789
785
781
783
785
774
770
772
719
760
721
716
738
716
716
769
751
726
720
739
740
712
718
753
713
741
742
715
731
713
715
715
773
717
710
715
751
726
739
716
748
704
712
738
721
713
720
716
712
737
704
716
715
753
726
714
731
713
724
763
716
745
712
742
822
819
825
713
776
721
767
740
714
708
718
714
768
721
739
704
721
712
714
718
740
732
715
760
720
794
734
716
747
768
765
783
820
718
718
743
717
743
717
737
720
718
719
720
765
741
727
724
733
719
723
714
717
755
730
716
717
768
736
773
711
706
718
733
732
749
826
737
719
736
792
769
837
719
756
752
757
745
730
740
738
742
735
719
717
714
720
745
715
726
747
709
713
749
727
704
698
785
706
713
731
751
712
724
715
714
709
712
714
712
715
724
740
708
710
790
716
714
768
720
735
743
815
812
741
717
716
728
720
721
715
723
711
715
733
710
725
755
757
726
750
710
715
731
713
721
759
706
742
719
737
736
745
750
715
737
714
714
716
717
721
749
718
716
741
734
707
751
703
709
760
712
720
743
718
758
723
723
725
785
782
796
798
803
803
801
800
802
798
797
798
799
799
801
799
798
802
803
803
807
813
740
724
717
722
722
718
716
788
734
