773
785
792
748
748
762
775
747
741
755
757
762
763
767
782
790
787
741
805
743
748
743
769
752
744
767
775
799
748
748
741
768
761
762
766
784
757
743
745
765
762
751
772
754
797
758
742
731
760
802
728
783
740
740
777
752
770
755
777
802
753
738
755
745
765
742
757
753
737
763
747
729
739
736
747
751
748
796
783
764
768
763
750
758
747
745
792
764
741
759
776
745
744
769
745
778
759
775
746
726
758
787
749
770
751
743
784
714
714
742
748
760
767
737
737
772
768
792
731
735
737
731
772
752
765
789
727
755
768
762
750
751
747
765
734
757
752
758
795
743
736
755
746
754
754
741
744
748
746
748
742
744
769
803
758
763
781
794
735
737
763
779
734
742
688
738
706
724
729
745
693
721
785
734
742
749
727
718
754
728
706
746
703
770
708
711
713
771
738
689
745
752
731
732
738
746
726
733
778
731
751
762
776
739
743
734
784
733
751
763
771
730
732
729
741
747
723
751
720
699
712
728
733
733
774
796
688
730
734
699
704
713
703
747
704
707
714
767
710
747
724
779
755
712
727
766
703
734
750
751
731
688
732
765
747
765
696
708
756
703
722
735
783
736
699
731
710
742
740
722
719
733
739
750
757
748
746
731
725
742
720
792
693
721
714
750
742
706
751
712
741
716
702
792
777
749
731
796
753
756
745
709
751
752
759
704
761
720
762
758
723
750
729
728
769
726
707
734
716
749
766
747
739
714
714
753
754
720
787
768
724
746
760
740
732
745
751
736
725
735
770
766
774
800
781
678
780
719
745
741
722
770
761
748
723
755
749
732
778
792
765
742
722
744
771
754
772
749
748
758
718
695
719
778
746
734
702
725
722
735
722
680
731
751
711
725
728
740
737
724
787
689
760
714
709
705
768
738
746
706
703
742
696
723
748
742
738
777
727
744
704
718
779
713
685
708
725
781
774
708
719
707
710
730
753
749
727
723
721
734
738
750
765
765
744
702
748
721
756
728
725
718
721
797
747
701
705
749
705
720
762
748
779
739
773
782
703
664
720
755
697
707
733
705
724
705
693
704
738
740
764
700
719
726
736
741
727
715
698
726
716
743
742
749
750
752
720
760
712
740
713
716
746
713
736
750
713
742
752
710
736
735
750
787
737
698
697
739
717
733
737
749
741
730
721
740
675
720
736
744
720
744
716
733
755
699
785
732
750
687
704
712
721
723
751
749
752
739
756
746
756
773
744
755
710
754
761
712
779
720
715
723
750
718
775
715
721
743
752
738
708
750
726
774
748
735
717
783
712
714
735
715
728
713
784
789
721
736
752
712
735
783
740
714
748
720
714
718
768
745
783
736
730
793
752
795
739
752
765
751
719
726
763
745
733
726
708
729
769
721
764
718
747
722
743
754
768
711
726
717
726
745
755
725
753
741
723
746
744
729
784
721
742
689
743
767
731
741
719
723
726
714
747
759
727
744
773
716
759
777
762
702
768
721
744
780
723
734
741
743
714
793
771
787
722
749
744
736
792
753
773
716
716
724
754
762
760
763
728
774
750
690
739
744
723
755
721
708
767
771
798
792
756
735
756
786
788
787
724
715
715
714
741
717
725
748
728
725
746
768
717
749
713
768
745
704
719
743
792
715
762
734
722
706
735
739
752
719
764
730
720
749
801
780
780
747
766
766
724
729
745
773
755
712
732
767
715
710
779
775
726
760
760
747
759
746
741
732
737
731
747
784
787
727
719
729
766
740
716
786
742
733
756
729
777
766
730
751
748
764
745
773
738
735
727
728
755
790
724
721
723
786
762
751
768
743
780
765
751
764
712
718
715
726
782
710
757
750
725
772
751
808
753
731
739
749
758
734
800
787
714
757
750
773
716
775
749
748
741
715
710
751
728
731
776
773
749
745
752
785
723
751
754
728
732
742
720
779
735
717
781
734
758
760
797
745
737
734
738
731
759
759
717
738
738
758
728
774
794
742
747
780
759
746
776
791
719
722
764
727
735
753
758
751
747
747
753
779
760
776
732
747
747
753
758
726
744
726
782
801
790
717
774
717
739
728
754
761
740
794
734
773
727
736
776
764
771
736
788
752
733
731
753
742
781
807
744
778
743
767
752
744
737
739
728
765
713
732
778
715
723
753
753
744
742
745
730
771
748
773
783
765
736
751
746
760
715
752
735
782
747
751
747
727
753
733
753
768
761
750
766
752
763
749
722
748
757
724
774
721
741
721
737
754
747
745
789
782
752
756
807
810
722
724
728
732
760
764
760
744
723
780
745
773
762
761
758
753
755
746
762
741
749
745
765
772
783
793
720
728
759
749
728
734
725
735
798
742
762
793
762
762
790
740
736
760
749
757
721
716
730
736
774
774
784
763
763
772
722
731
790
736
758
731
692
755
769
762
737
741
774
719
811
811
731
728
797
805
720
736
772
727
772
719
756
785
785
758
731
751
747
772
742
751
794
762
793
743
781
711
718
762
724
724
745
738
746
783
701
772
775
737
760
743
756
771
763
753
768
722
768
733
760
735
752
742
761
761
723
759
754
773
740
778
763
725
722
751
749
733
735
751
797
751
745
716
740
750
717
755
728
756
753
751
719
729
739
756
759
751
769
787
740
732
753
799
721
792
728
750
751
733
784
750
755
768
743
793
748
766
739
738
757
743
755
783
683
720
716
752
747
715
686
731
732
708
733
741
757
762
734
755
711
738
747
742
754
759
753
755
752
766
758
757
734
716
735
756
742
722
772
767
766
722
722
726
753
764
762
747
777
738
742
730
724
717
723
766
721
796
796
732
741
739
767
756
756
766
722
745
737
779
702
752
735
723
767
743
766
760
785
733
753
760
701
723
747
734
802
713
732
682
754
754
752
750
753
732
762
753
759
752
749
774
757
759
772
792
764
771
745
750
749
761
767
751
783
743
746
742
755
756
761
754
743
760
768
755
761
739
774
742
733
768
745
759
740
753
789
758
755
753
792
769
785
781
754
749
777
781
767
753
780
774
741
746
779
771
746
736
773
794
748
739
757
772
802
790
763
810
785
741
801
780
729
719
795
786
745
776
747
755
773
756
755
755
759
787
762
784
784
799
791
758
764
754
788
772
740
738
740
782
740
757
771
733
759
748
760
766
745
759
801
744
780
734
772
742
808
808
754
768
806
754
815
805
745
786
755
766
761
745
738
794
779
754
806
738
741
761
749
771
742
797
722
714
730
765
727
733
760
733
752
760
770
750
764
799
738
763
756
737
775
750
773
764
738
791
782
779
784
743
759
742
766
756
779
771
730
744
772
745
749
774
730
755
753
755
790
756
757
757
792
750
740
776
747
791
751
749
771
773
802
798
802
730
737
708
723
763
756
774
763
790
802
751
773
757
790
750
739
762
761
721
756
785
735
766
764
758
812
764
799
779
819
816
745
738
770
748
742
760
756
745
786
721
758
748
754
795
748
744
743
748
764
767
754
748
759
786
727
729
770
752
732
762
736
760
779
760
729
764
762
800
759
744
784
783
788
775
741
770
739
736
781
776
750
764
738
742
791
809
730
745
740
760
732
778
725
773
740
764
766
735
764
793
753
737
762
747
747
743
746
770
740
757
773
757
773
773
806
742
783
795
751
770
731
745
785
746
788
739
777
753
751
767
780
798
777
752
750
745
760
769
744
771
796
773
773
736
765
757
734
757
739
789
737
741
742
744
740
783
783
743
798
770
799
767
761
772
779
