678
774
689
729
746
670
695
705
701
703
710
719
718
683
754
696
671
688
679
712
704
682
687
706
723
687
689
688
694
691
689
701
721
708
715
725
689
688
689
708
711
743
688
705
713
693
704
715
695
699
719
719
701
724
752
690
730
734
750
705
699
762
698
685
688
691
718
692
705
697
693
717
741
763
724
638
668
635
703
721
669
649
655
657
733
690
726
748
727
727
718
725
731
725
728
730
738
736
736
728
723
723
723
708
700
679
690
691
683
743
755
693
726
708
715
692
681
697
691
703
719
735
756
697
684
772
695
685
710
727
707
706
708
715
689
688
692
692
689
720
689
703
726
684
724
724
686
700
697
734
691
719
721
730
725
723
715
727
706
725
712
722
748
704
721
687
736
721
714
715
707
728
722
723
703
689
730
703
715
713
780
780
780
780
780
699
725
710
754
705
707
730
704
709
735
731
754
713
711
733
712
745
708
708
737
728
727
701
736
706
743
740
724
715
711
715
717
743
767
711
705
748
792
714
754
743
745
747
732
720
717
729
709
747
722
735
741
744
732
709
744
754
748
745
746
722
733
740
744
737
785
731
754
731
730
730
724
754
719
739
723
729
736
762
719
730
732
710
715
718
777
717
721
736
720
738
744
731
768
778
740
748
749
720
732
728
768
718
727
753
751
723
718
736
723
757
733
717
734
702
731
753
743
782
783
729
739
747
732
749
741
750
752
754
747
780
718
710
720
714
708
756
716
764
734
730
780
729
701
715
733
726
707
737
767
788
737
743
726
695
709
715
726
702
716
705
701
696
708
693
742
697
681
701
704
706
703
709
765
690
669
684
705
678
704
692
690
691
769
769
659
684
685
694
684
683
716
690
689
745
715
690
715
691
727
705
686
712
713
677
717
704
679
684
695
716
720
693
714
725
731
721
711
710
695
701
688
718
699
701
709
698
724
690
698
700
707
730
733
694
715
708
714
735
707
735
742
716
725
712
703
707
736
729
705
720
718
715
703
706
719
726
724
717
726
703
716
726
728
707
699
709
709
712
726
740
697
726
744
708
731
708
708
744
725
748
712
701
725
713
745
713
721
756
718
745
757
703
732
700
755
709
717
740
725
730
727
724
731
747
765
714
725
707
748
705
742
750
730
727
724
733
721
724
712
714
727
734
745
744
764
717
731
710
724
715
716
733
722
711
731
748
708
710
714
726
699
700
697
701
714
698
696
724
728
698
725
699
725
710
735
737
708
725
690
714
771
701
705
713
693
697
707
729
697
700
713
721
684
694
700
704
736
762
715
725
722
705
707
702
704
716
725
727
711
737
746
733
707
724
721
733
727
739
714
731
752
707
721
707
755
714
738
727
729
711
730
718
744
712
726
720
734
718
781
701
738
721
739
723
714
711
722
768
717
746
778
747
725
731
720
718
733
746
720
725
746
744
739
740
740
737
733
730
737
719
766
743
735
735
717
739
732
717
740
769
729
714
732
724
725
724
725
718
738
739
764
745
739
739
722
733
738
722
732
744
718
726
748
752
719
733
724
749
727
722
732
723
722
718
722
757
767
718
731
773
718
720
730
718
718
744
720
746
710
723
734
771
716
744
756
747
741
726
718
725
748
770
721
723
731
740
750
735
741
728
768
725
732
745
734
737
753
746
748
752
724
736
723
733
745
739
728
746
746
750
725
725
761
759
707
776
702
719
725
738
710
696
704
695
705
737
776
720
728
703
709
701
709
722
687
721
733
687
745
761
699
730
766
701
730
705
718
716
727
720
732
726
719
736
712
719
727
681
703
725
704
719
707
731
744
738
704
730
708
732
758
708
730
708
722
734
710
731
725
734
722
734
723
748
715
768
767
701
699
670
680
714
772
713
693
690
734
684
704
715
723
730
749
704
723
757
709
696
706
716
723
767
737
715
716
716
728
742
710
709
747
740
732
732
676
704
721
706
695
709
692
693
748
693
692
727
699
733
759
703
728
684
730
706
707
737
722
722
724
717
719
705
721
733
721
732
710
730
721
745
723
723
713
717
659
687
663
670
675
697
693
638
676
673
695
669
681
689
694
699
706
700
686
687
701
674
704
712
702
703
708
696
714
749
691
714
733
693
701
730
749
712
695
684
721
712
690
717
711
725
723
724
716
726
709
693
698
709
707
702
722
737
726
693
708
694
694
706
694
