669
669
670
670
670
671
671
671
671
671
671
671
671
671
671
671
671
671
671
671
671
671
671
671
660
667
670
671
669
672
671
670
671
671
671
671
671
671
663
662
669
667
670
671
671
670
666
660
669
669
667
670
668
669
667
666
668
667
667
667
667
669
669
669
670
670
671
670
670
670
670
670
670
671
670
710
684
670
670
668
672
680
684
689
693
700
691
684
686
678
680
700
692
699
688
677
667
699
737
718
693
693
738
732
702
679
677
671
667
689
680
675
676
671
669
716
697
681
700
758
777
772
745
710
702
736
708
683
680
741
752
721
699
734
782
782
751
753
760
781
815
814
799
800
814
829
828
809
790
799
798
801
777
733
728
708
683
672
672
657
648
644
646
644
640
638
639
640
639
638
645
644
650
667
665
664
668
671
669
667
674
674
669
658
652
653
656
653
652
643
638
694
687
664
647
687
702
692
695
693
696
698
674
654
656
658
653
692
711
702
665
675
658
665
656
666
685
686
680
685
734
740
723
730
744
723
675
647
696
693
677
734
747
735
715
743
747
707
712
712
707
702
704
714
722
720
705
692
697
703
710
712
698
686
685
691
697
701
697
684
670
673
680
687
698
702
693
663
654
692
719
712
705
703
700
693
671
660
661
662
663
664
665
671
755
743
701
688
682
679
677
675
769
757
732
658
659
659
659
659
657
658
665
670
674
673
654
652
659
677
682
676
675
681
690
701
723
732
714
680
658
725
712
688
670
739
758
758
758
770
766
745
702
681
703
692
681
661
620
696
689
672
720
745
719
669
638
639
643
683
761
739
728
763
786
787
765
739
702
719
651
663
626
635
669
726
717
611
667
654
650
740
727
712
693
681
650
702
671
689
686
683
665
666
667
668
669
664
660
658
658
659
663
666
762
744
718
692
655
687
714
719
717
717
702
742
738
726
706
700
714
708
710
719
731
727
720
714
681
668
699
733
718
679
755
749
740
710
679
652
657
660
659
727
733
701
680
663
656
735
742
743
644
693
711
713
689
640
651
652
650
661
724
724
676
659
659
658
659
737
749
736
693
680
658
692
728
723
731
732
726
712
691
673
647
646
645
644
646
647
648
647
647
646
646
647
664
681
683
675
692
700
719
698
666
647
647
662
708
746
754
727
693
678
642
647
654
651
650
645
646
648
648
648
654
650
649
723
670
653
656
658
692
680
679
661
663
667
675
699
699
672
684
689
672
662
687
699
720
693
676
650
647
652
649
701
692
677
701
721
728
682
638
652
683
728
741
745
755
776
768
761
726
732
744
707
654
652
651
643
641
641
642
644
648
650
654
652
655
655
656
657
732
730
714
671
665
703
697
673
672
651
643
639
639
721
721
726
720
724
692
685
737
711
670
641
640
644
705
687
672
654
640
704
730
701
674
680
647
693
676
729
712
705
677
641
704
681
679
739
728
692
665
663
684
706
702
700
707
701
690
694
690
662
658
661
667
675
680
683
683
683
683
686
686
686
683
679
677
685
714
732
725
696
684
695
764
750
712
659
665
675
671
658
657
656
655
658
661
662
659
656
648
643
637
639
666
704
753
765
736
709
683
669
704
695
670
667
648
669
727
747
730
714
705
729
742
741
731
682
716
745
764
767
742
719
755
756
735
666
632
696
704
685
727
753
729
680
651
646
650
653
735
736
742
736
729
742
742
710
685
659
656
656
658
665
709
723
734
742
750
788
782
767
735
724
725
741
738
729
711
743
745
714
698
695
736
748
740
710
668
642
651
682
743
744
700
684
661
650
652
676
731
785
790
764
724
693
766
777
746
707
700
683
682
691
699
701
705
726
751
764
767
738
700
668
664
662
730
721
725
707
676
660
707
755
778
752
703
668
663
660
692
746
722
697
664
662
657
657
658
689
749
726
685
651
656
743
754
734
736
737
735
709
674
660
657
654
726
722
675
650
659
658
651
691
696
695
685
677
667
670
656
648
648
726
708
673
674
674
670
669
671
688
631
698
739
743
720
711
711
709
758
750
704
670
638
643
684
688
690
691
677
681
725
744
724
694
671
656
654
654
703
720
720
713
692
651
678
721
710
694
682
658
647
697
746
747
715
695
665
669
667
658
651
651
649
649
649
649
650
650
650
651
652
652
655
657
658
659
651
659
663
675
683
683
686
698
716
746
730
696
669
663
661
653
682
703
727
715
705
682
690
725
716
656
717
701
687
680
724
734
729
703
721
728
757
749
744
744
721
675
657
668
642
653
667
679
702
718
705
690
680
725
733
707
689
670
668
669
672
681
722
722
689
687
688
684
674
666
668
672
668
693
715
735
755
743
692
739
721
686
693
688
657
650
648
662
662
659
654
725
727
724
713
703
705
699
696
661
669
678
661
661
660
660
676
695
694
679
676
681
674
655
652
684
758
747
727
695
730
691
676
663
661
658
656
655
656
659
710
733
702
698
695
722
724
697
667
654
655
657
756
764
757
723
675
694
735
723
677
644
648
707
775
767
693
678
694
705
683
664
666
647
643
642
647
688
710
701
693
747
749
730
712
736
737
733
683
662
658
657
687
726
751
738
706
674
710
711
689
694
709
718
708
688
669
674
642
684
675
689
729
744
719
705
690
685
685
687
698
710
728
736
736
728
712
707
760
744
703
656
642
650
660
663
665
669
671
703
724
731
732
729
752
749
724
701
677
663
654
653
651
670
688
683
681
676
662
659
674
722
690
683
676
735
741
747
736
705
742
732
687
669
675
668
686
730
736
721
693
670
670
671
675
704
742
728
699
668
667
701
729
743
732
695
681
721
771
781
757
709
696
699
694
690
691
691
682
734
738
711
687
673
670
678
694
708
759
761
759
754
751
761
781
784
775
742
702
676
674
692
725
746
739
722
698
760
772
770
757
737
718
739
752
749
749
743
735
738
750
751
741
742
745
737
724
722
737
744
739
732
727
732
730
725
726
776
776
751
694
674
676
681
678
684
681
680
700
719
709
698
698
679
686
695
706
760
770
774
770
763
765
783
782
760
718
689
757
775
770
737
720
716
710
710
697
725
709
684
690
716
730
744
749
774
771
710
637
648
648
642
647
711
750
740
698
668
645
642
640
705
760
745
678
688
681
693
729
774
768
746
775
768
753
719
753
740
680
646
727
773
761
695
679
724
766
755
703
685
679
695
716
800
807
761
700
705
733
725
710
695
736
751
746
751
756
746
695
690
665
650
651
651
654
650
649
648
649
650
651
660
727
753
765
767
780
780
762
740
715
688
670
666
665
664
664
666
667
715
747
732
688
664
666
667
667
666
666
665
733
752
724
662
638
667
699
675
684
692
687
696
730
730
717
701
671
648
722
724
703
674
661
664
681
686
680
712
696
726
707
687
683
685
691
697
754
721
698
661
637
705
737
714
683
637
637
601
693
718
751
755
729
697
665
648
652
755
758
714
650
593
619
659
668
660
653
665
699
706
700
701
708
711
710
715
722
731
730
730
732
736
743
746
746
745
746
746
740
735
724
716
708
707
709
697
684
682
675
673
674
683
700
706
707
705
704
704
703
692
679
659
652
680
704
711
680
661
673
727
736
716
677
661
645
648
673
691
684
681
675
675
668
664
690
697
691
685
676
704
727
724
689
650
643
666
657
692
704
730
738
723
691
673
641
639
645
685
719
763
784
776
755
735
729
734
805
792
780
747
702
683
714
727
720
714
712
724
700
690
693
712
750
739
721
682
679
640
646
716
713
704
694
689
701
699
698
699
724
719
699
693
693
700
690
689
679
691
680
697
736
740
727
692
685
743
759
753
725
710
701
689
671
655
629
631
682
681
668
678
711
718
700
662
643
671
701
738
730
691
690
702
727
743
755
750
737
729
751
731
737
734
710
757
750
715
660
676
707
760
767
750
726
738
746
780
772
727
710
689
719
733
717
696
695
697
697
696
697
699
701
702
700
700
702
702
702
702
700
702
709
716
719
721
718
721
724
729
731
732
737
740
740
738
734
730
729
730
729
725
719
718
720
721
722
721
720
711
705
700
687
662
632
630
630
631
633
634
656
692
657
730
729
704
662
642
644
669
710
728
744
766
757
748
734
750
757
713
647
637
632
637
637
637
643
651
655
667
670
749
739
686
672
669
652
661
643
692
685
679
711
725
720
672
644
641
645
676
695
711
687
670
682
717
684
689
729
781
763
701
691
690
711
703
688
697
718
742
760
755
728
722
729
695
678
747
743
719
687
678
657
648
684
726
664
671
660
720
712
686
671
674
675
712
764
783
762
721
693
693
733
752
747
733
713
710
713
747
751
728
700
718
718
670
680
712
720
706
702
716
723
739
733
728
738
739
736
720
708
745
740
735
727
737
737
749
759
763
747
710
766
734
747
737
742
755
769
749
691
654
671
716
748
770
770
765
746
733
720
728
728
721
718
715
709
700
692
690
698
707
715
718
719
724
729
731
731
731
734
742
745
745
738
739
742
744
746
741
737
737
738
735
728
719
719
726
731
730
730
731
729
729
732
738
740
733
733
735
735
734
733
734
732
721
717
717
697
663
649
677
707
714
723
733
724
677
634
633
633
745
744
722
733
767
778
770
750
728
773
786
761
733
706
724
744
745
734
732
734
734
743
754
751
749
746
746
745
738
735
737
743
745
740
735
731
731
736
737
737
737
762
769
766
753
740
728
728
733
743
736
740
746
750
745
744
738
728
718
763
770
774
770
753
739
729
777
780
763
745
747
749
759
730
727
730
731
736
734
735
736
731
723
712
727
747
735
733
724
752
754
740
714
679
661
689
773
725
691
736
744
714
694
726
760
776
770
758
767
771
745
733
731
707
698
709
713
762
763
743
719
641
693
704
677
661
660
749
755
714
679
651
652
671
697
709
712
738
759
747
729
687
642
645
744
719
696
706
650
699
723
745
770
751
736
712
701
672
662
804
799
785
733
708
679
682
692
704
776
800
772
693
668
682
705
742
768
777
777
751
718
713
714
706
708
760
773
762
735
714
749
755
715
699
667
666
664
689
688
699
685
674
668
699
740
750
749
762
769
786
784
765
738
729
731
779
806
790
751
688
638
647
652
653
653
658
661
673
701
711
704
697
698
697
696
695
701
707
704
685
683
685
696
701
706
716
723
726
726
766
770
730
669
640
640
641
641
646
724
739
691
673
641
651
647
642
684
739
730
698
692
657
653
704
748
762
711
680
692
775
808
803
757
704
708
723
726
718
703
670
649
700
708
651
662
669
701
719
713
663
637
643
649
647
646
691
692
679
666
631
680
730
734
696
683
599
633
655
639
647
760
765
703
656
665
766
760
745
703
661
699
730
738
726
761
773
747
704
660
650
707
732
716
709
692
702
738
757
737
744
747
717
703
695
687
681
669
663
664
663
655
643
644
644
643
643
663
680
812
797
771
701
616
613
628
638
659
742
746
693
663
639
643
643
647
672
691
719
744
746
698
704
714
720
720
707
700
702
711
718
713
710
707
706
707
712
716
718
712
710
713
716
717
716
713
672
714
732
736
726
724
720
717
732
749
732
705
696
697
729
763
772
738
712
681
756
772
765
761
784
790
777
733
726
732
735
738
737
738
734
736
742
741
736
740
744
743
737
737
738
740
737
732
735
736
739
744
740
720
697
682
676
653
649
623
685
662
654
653
738
737
698
661
662
660
660
669
674
657
673
675
664
672
679
707
734
758
765
762
751
750
788
804
804
784
769
775
776
765
749
750
762
774
765
756
756
749
720
711
712
721
745
767
748
703
683
657
673
689
688
741
758
758
763
797
801
772
712
667
698
701
689
712
739
722
698
687
664
662
660
661
666
723
757
775
791
782
754
732
703
664
668
663
670
668
666
766
752
731
693
667
664
664
665
660
702
768
757
719
659
643
644
683
705
694
677
676
734
767
736
699
668
697
747
727
726
704
674
678
681
677
703
736
741
718
695
676
701
704
685
655
658
656
731
748
749
722
701
721
731
725
743
745
733
702
683
717
756
768
749
720
771
747
714
664
661
635
695
678
708
760
784
798
800
799
791
763
721
738
726
709
724
711
681
665
658
661
664
667
666
664
664
665
665
664
673
719
749
733
704
692
672
653
736
739
717
707
697
715
733
767
785
768
729
714
721
797
807
783
729
691
700
740
750
736
717
708
715
724
725
721
715
702
694
703
718
731
732
727
730
735
747
747
744
745
750
754
757
754
750
746
732
719
717
720
719
711
708
704
754
757
727
676
643
657
673
702
720
782
787
720
651
652
648
765
767
762
773
770
739
698
663
672
734
718
687
667
655
671
672
669
662
688
703
703
682
663
732
726
725
691
664
759
722
675
637
669
724
753
723
708
737
728
677
653
668
652
675
699
693
697
703
704
696
691
693
696
710
721
716
716
722
737
751
753
752
758
762
761
758
755
750
754
753
741
733
728
727
723
697
658
656
656
715
696
675
722
773
748
732
696
667
669
667
664
662
697
679
701
765
752
734
700
745
775
771
713
681
646
639
735
789
772
702
675
732
758
737
751
752
732
721
727
734
726
773
745
745
763
784
780
733
694
676
648
658
668
668
664
682
709
768
777
761
731
721
703
760
787
766
702
666
671
696
708
696
678
675
673
676
678
679
678
675
673
673
671
672
673
675
663
659
774
771
727
681
665
659
659
657
656
680
755
744
713
700
693
734
746
757
750
729
703
745
758
759
691
684
712
723
702
688
698
712
728
731
722
721
724
723
727
736
730
761
747
745
742
734
731
725
723
724
728
762
769
769
757
749
742
739
735
733
719
749
727
692
686
706
763
759
723
698
656
671
611
746
744
745
731
764
779
795
794
777
735
679
638
659
681
699
682
685
683
700
714
724
696
658
648
716
732
707
698
729
753
733
682
652
664
690
711
748
765
755
750
737
789
750
675
643
650
648
650
652
715
718
692
664
704
737
747
731
696
691
658
660
661
681
688
723
733
754
760
764
761
755
741
798
792
768
743
729
712
710
695
672
667
659
666
670
700
741
761
777
780
756
706
701
725
732
702
685
744
753
697
658
658
692
697
715
725
755
779
774
740
705
677
717
759
807
805
798
783
766
731
681
679
684
725
756
739
723
704
702
679
683
684
686
694
769
801
751
686
684
683
686
751
790
763
715
710
689
676
693
754
776
776
738
680
647
644
650
649
650
652
687
690
695
677
663
643
647
752
753
725
663
660
653
654
758
735
726
695
682
698
741
803
818
807
769
725
672
694
719
727
724
736
759
784
763
710
680
664
664
692
769
766
762
737
691
660
723
740
714
671
656
662
661
659
660
659
661
739
733
701
665
649
654
697
780
782
702
649
646
694
692
696
711
706
680
653
650
660
681
773
749
720
693
700
671
653
658
668
687
695
688
684
690
701
705
708
709
723
736
760
759
745
730
727
738
749
755
751
740
733
729
720
720
722
727
730
732
734
731
721
722
792
782
767
732
686
690
695
696
699
702
720
775
791
760
723
711
724
793
786
774
762
795
775
752
714
686
678
669
686
750
763
757
755
759
759
732
700
718
733
714
700
681
665
666
668
713
749
743
737
739
780
764
699
652
654
652
657
728
764
756
730
710
695
680
714
742
751
756
754
759
764
745
716
708
685
682
681
680
681
682
682
681
679
681
685
687
686
682
696
748
752
761
770
782
793
781
762
739
723
702
684
679
767
768
763
728
684
641
661
714
723
709
698
744
770
762
740
711
715
712
763
761
744
733
720
730
734
734
728
711
707
727
721
690
716
749
766
772
786
784
778
778
803
812
789
763
747
750
736
711
661
659
662
696
769
792
746
678
657
660
662
714
741
734
730
747
755
767
760
747
721
697
705
722
727
711
712
744
746
725
707
676
676
687
706
717
730
722
705
693
692
701
711
717
710
706
705
707
707
707
712
716
714
750
753
740
726
717
720
722
746
759
767
770
765
774
799
802
776
730
685
704
733
746
735
721
710
713
732
747
747
741
736
729
721
714
703
697
698
708
729
743
745
746
749
759
747
761
777
783
806
808
792
748
728
698
700
777
761
760
744
707
693
691
770
809
778
714
695
707
821
829
784
706
708
738
778
778
740
702
691
693
684
692
716
713
705
732
755
776
763
744
736
781
804
783
755
748
733
706
658
655
659
695
718
717
712
727
786
796
764
698
680
668
660
705
767
741
699
700
739
741
725
701
707
684
723
750
766
772
767
764
766
764
764
755
756
765
770
757
767
776
786
791
790
785
781
789
788
778
759
755
760
767
767
758
737
712
699
702
718
732
727
732
730
738
748
746
735
744
748
808
806
770
733
715
718
741
746
741
731
732
739
720
688
662
663
665
667
690
758
787
772
736
728
736
756
772
774
770
781
790
774
749
721
724
744
759
736
705
710
707
726
743
764
786
782
784
755
705
680
658
669
676
675
679
699
721
727
723
720
721
722
725
728
726
719
768
756
750
751
750
746
745
812
812
791
775
756
741
757
756
756
759
757
751
741
745
756
762
762
763
763
766
769
769
763
760
762
765
764
761
761
762
765
770
773
774
773
771
767
770
773
772
770
770
772
773
773
774
775
776
776
776
776
775
775
774
775
779
779
778
778
775
778
779
779
779
781
782
783
783
783
782
781
780
781
780
780
780
779
779
780
780
778
777
777
777
778
778
779
779
778
778
778
777
777
777
775
775
776
776
774
773
772
773
773
774
774
774
775
776
776
776
776
776
774
765
761
764
765
786
796
787
764
757
744
731
730
759
792
770
720
707
719
700
678
682
712
735
736
725
752
752
749
753
755
740
739
744
750
750
745
742
741
742
744
745
750
749
752
754
757
754
753
752
751
752
753
753
742
742
744
736
719
704
703
721
763
754
748
748
757
751
745
742
814
807
796
779
761
736
678
682
679
667
657
657
663
683
679
656
656
662
696
745
783
805
776
722
688
708
724
730
701
687
666
700
763
716
658
658
659
659
658
658
656
654
716
734
749
752
784
781
782
772
746
781
793
772
699
675
656
654
656
657
709
738
748
758
766
757
732
701
693
668
664
663
664
669
688
739
752
716
665
717
712
692
695
696
716
732
740
759
778
773
756
728
718
749
761
774
782
789
788
785
780
779
781
780
779
778
779
780
781
786
788
783
781
785
800
793
778
761
760
820
820
813
782
748
750
756
760
759
754
710
686
692
726
774
813
806
771
738
707
678
711
724
682
718
756
733
696
688
663
658
712
801
822
779
688
678
679
678
676
676
757
788
787
721
677
693
752
781
790
793
830
803
777
774
782
777
778
773
771
777
799
788
749
738
738
737
741
759
787
786
746
689
670
671
673
671
666
693
719
736
758
761
742
729
744
756
769
768
768
758
761
765
777
815
813
796
784
768
719
719
723
741
745
736
735
747
766
779
779
772
770
772
776
777
776
776
780
785
792
793
793
793
797
798
799
799
798
797
799
801
803
803
803
803
801
799
794
794
799
803
800
786
753
737
763
802
826
809
756
722
714
715
730
746
759
759
761
750
753
781
790
779
768
747
752
750
793
815
814
788
734
725
744
776
807
802
765
737
713
713
715
715
715
715
712
709
712
713
713
710
708
707
736
791
811
779
740
720
711
741
794
818
823
809
786
772
750
742
751
756
759
764
767
773
780
778
755
708
700
700
700
699
702
702
703
702
702
715
730
736
731
718
702
694
732
731
698
694
693
687
685
682
715
763
747
705
694
670
651
654
664
720
747
757
741
730
742
748
753
757
755
743
718
699
682
674
670
669
669
664
677
694
689
686
690
694
694
682
673
677
689
693
685
679
683
696
714
727
759
773
780
778
765
727
706
697
717
723
723
720
714
716
719
729
744
741
730
721
728
740
742
734
689
692
693
693
688
687
681
695
721
692
680
692
692
694
756
746
720
698
695
686
686
685
685
680
701
741
703
692
689
691
691
781
804
798
773
731
718
728
757
754
744
743
756
766
772
769
756
745
748
756
745
777
784
753
706
701
683
678
676
677
675
689
729
710
678
668
661
667
747
758
729
681
667
670
670
678
689
687
681
677
676
674
674
674
675
676
731
739
694
672
678
681
681
684
684
681
677
689
740
719
692
702
687
670
674
682
691
696
700
703
702
701
699
699
701
700
700
729
729
750
753
743
733
732
797
810
803
781
756
750
760
760
745
744
757
761
753
751
759
764
752
721
698
695
710
728
735
745
764
766
750
742
743
738
724
757
741
745
792
801
740
672
670
668
717
764
775
758
730
730
725
726
731
738
751
767
767
767
768
721
674
670
669
677
770
772
762
730
709
717
713
713
718
725
722
744
791
786
714
692
677
679
681
683
682
682
683
688
684
684
681
711
709
718
746
777
789
771
751
765
794
801
784
735
704
698
715
734
749
776
796
780
756
744
768
783
789
772
755
816
815
788
741
723
704
691
666
686
758
778
721
672
670
673
711
710
722
728
736
732
711
702
678
685
688
721
770
719
701
695
695
723
762
753
724
718
696
757
780
762
708
674
674
670
693
711
727
770
780
784
770
763
791
823
818
795
783
761
740
696
754
765
730
697
701
669
670
716
790
775
712
705
671
672
679
713
694
715
751
815
799
775
724
690
671
698
693
674
674
712
731
724
705
710
745
772
776
768
764
772
783
789
789
787
788
792
795
794
794
793
799
797
783
759
722
720
738
761
785
798
780
731
716
693
690
691
691
774
776
708
690
690
686
684
683
684
684
683
703
720
724
729
735
751
753
751
756
767
774
782
780
779
786
786
788
796
801
793
801
800
789
753
722
712
719
730
738
783
793
785
770
763
757
743
743
745
749
757
759
759
762
768
769
769
768
768
766
765
763
765
766
766
767
773
776
774
779
774
768
765
768
773
775
766
753
748
763
772
778
768
746
732
744
758
771
775
766
751
736
738
754
758
759
760
762
764
765
773
773
772
772
778
780
781
776
769
763
763
767
766
769
793
800
803
793
777
752
749
748
745
740
735
733
753
685
709
695
680
746
786
768
715
690
665
671
678
709
727
766
768
718
679
680
683
681
677
770
797
774
696
678
673
713
738
753
737
725
729
737
742
741
741
745
757
759
757
757
764
774
778
778
773
773
779
781
779
776
778
780
780
773
773
805
808
797
788
788
792
790
781
778
790
814
793
748
706
707
739
740
711
703
702
682
690
708
751
741
719
717
736
761
752
727
718
759
790
795
791
782
762
799
811
793
767
751
756
728
697
697
731
733
717
717
706
702
700
701
702
701
699
697
703
702
703
710
717
716
715
717
714
707
697
697
698
700
701
703
703
702
724
772
772
735
705
704
702
700
699
702
808
812
719
701
703
704
705
704
698
741
777
767
723
706
701
693
753
734
728
733
733
737
728
717
749
771
789
782
775
765
769
772
774
775
774
772
803
815
810
790
750
711
722
739
738
725
710
713
772
802
756
693
699
719
716
727
714
677
677
676
676
759
734
718
711
786
787
773
747
785
799
786
762
726
715
721
734
737
740
752
770
768
747
737
735
741
758
773
791
797
784
751
731
706
734
757
768
756
744
732
722
722
731
768
770
792
790
784
808
812
800
782
758
758
764
753
782
762
720
685
669
674
675
663
705
714
713
701
713
739
742
713
681
676
675
686
681
691
685
721
758
754
735
695
778
770
766
751
732
732
750
757
756
766
773
765
763
769
774
781
775
765
756
745
710
691
690
705
738
765
767
746
720
728
739
744
740
736
736
737
738
739
739
741
746
748
748
752
780
784
769
751
721
696
696
709
758
747
729
724
737
734
742
743
745
739
736
744
746
747
748
752
755
760
759
757
757
760
760
760
760
761
762
763
762
759
812
808
798
781
750
720
721
720
721
723
723
724
735
744
740
739
741
743
739
732
732
739
737
759
769
786
783
772
766
747
740
737
723
721
721
720
720
720
721
721
721
719
771
794
789
738
738
758
776
786
788
791
804
805
787
756
736
755
793
791
769
737
719
767
772
789
780
779
767
761
