699
699
699
699
699
699
699
699
699
699
699
699
698
695
695
698
698
698
697
698
698
697
697
698
698
699
698
698
698
698
698
698
698
698
698
698
698
698
698
698
699
698
698
698
699
698
698
698
698
698
698
699
698
698
698
699
699
699
699
699
699
699
699
700
700
700
701
701
701
701
701
701
702
701
701
701
701
701
701
701
701
702
702
701
701
701
702
701
702
702
702
702
702
702
702
701
701
702
702
702
702
702
701
702
702
702
702
701
702
701
702
705
707
708
709
710
710
711
712
711
709
708
708
707
707
705
704
703
704
705
704
703
703
703
703
706
715
716
711
708
709
710
711
711
714
713
711
710
709
709
710
711
712
711
711
711
711
712
713
714
716
716
715
715
715
714
713
713
712
710
709
710
710
709
709
709
709
709
709
710
710
709
708
705
704
704
704
704
717
747
745
728
710
701
768
786
783
776
773
760
722
703
771
809
771
750
767
715
690
797
817
786
724
703
687
722
715
740
788
790
757
758
777
759
690
689
759
794
796
784
788
789
779
770
764
743
774
790
773
727
758
759
746
749
785
814
828
823
815
802
778
731
757
736
704
745
819
806
767
730
733
770
758
753
731
698
688
687
687
686
685
708
722
702
685
696
740
755
726
693
687
719
797
800
746
703
676
682
689
690
691
691
690
690
691
691
691
691
692
691
691
691
692
693
694
753
730
691
691
692
774
788
755
697
735
738
713
736
826
833
831
824
795
755
746
714
736
733
712
703
695
690
750
769
747
732
790
798
798
788
814
823
807
760
717
693
689
688
687
687
686
688
688
689
695
716
711
704
698
682
677
705
732
708
682
678
665
681
685
684
681
679
702
721
716
700
682
695
700
705
703
701
700
700
700
701
701
697
706
713
725
710
683
679
738
771
761
754
800
799
746
692
707
739
744
755
784
763
712
684
686
686
762
791
770
749
769
750
684
691
687
783
795
771
713
699
743
760
758
743
697
752
776
761
759
791
796
756
773
766
696
703
668
680
738
758
729
693
672
678
686
688
790
809
746
689
656
710
742
749
745
732
707
701
708
734
777
771
750
722
717
688
688
689
688
695
688
690
689
689
689
688
690
690
690
705
738
728
777
773
712
669
686
687
710
746
753
742
734
754
752
691
697
692
692
698
697
693
684
699
728
753
750
759
741
754
762
751
754
738
721
712
706
693
701
731
745
735
710
692
696
720
751
746
704
755
789
786
780
831
836
819
801
789
799
760
687
686
709
773
785
769
741
783
777
760
779
740
768
775
764
747
765
723
679
694
720
733
719
720
776
782
770
747
744
737
726
724
719
699
688
684
687
689
691
690
700
700
745
726
693
696
700
736
740
703
688
703
702
700
730
728
707
710
765
769
645
710
763
765
750
746
761
764
798
796
784
749
737
794
814
807
804
798
816
785
678
668
695
698
698
639
703
707
711
713
713
738
736
721
705
705
713
730
740
727
731
758
797
784
722
672
650
676
699
729
741
756
777
766
732
783
796
790
771
782
774
683
735
759
743
716
779
796
801
811
812
812
819
844
841
826
775
756
806
817
811
766
683
685
680
693
677
688
689
690
689
693
678
681
682
689
709
700
791
800
725
680
686
714
780
791
730
695
678
682
683
731
769
764
720
682
768
770
726
692
730
771
706
723
773
773
756
741
720
699
736
741
751
799
805
804
788
779
796
791
752
698
708
782
794
784
757
804
825
823
810
787
768
760
786
789
781
778
771
762
771
781
782
802
804
734
677
687
671
677
677
683
760
777
763
737
731
726
700
679
645
681
710
739
729
716
734
701
693
692
690
690
690
690
691
690
731
734
721
697
708
712
736
730
703
687
690
734
789
789
765
751
735
709
682
681
792
807
792
770
816
803
721
675
679
687
681
678
687
690
696
698
700
704
705
704
705
704
708
711
709
713
715
715
717
719
711
699
696
707
743
742
727
715
706
697
698
697
697
717
732
752
757
760
765
767
745
705
692
729
804
816
805
763
810
806
741
667
678
684
676
677
679
683
689
693
694
709
714
716
720
720
719
717
738
745
742
736
722
755
783
777
737
707
698
700
714
767
777
772
777
774
753
728
698
741
780
764
785
808
797
763
790
774
744
776
781
750
739
762
729
680
680
693
682
678
680
680
682
682
782
789
766
755
771
771
785
783
776
812
809
801
776
761
702
694
663
679
734
751
748
760
767
767
761
759
744
793
798
775
751
812
824
791
763
753
747
744
766
773
756
743
749
764
782
770
762
740
775
778
727
661
677
677
684
800
817
805
777
795
807
786
723
682
686
672
718
797
763
769
811
816
800
784
770
749
752
777
776
763
810
818
789
773
804
749
671
644
666
762
770
771
805
792
762
757
802
813
812
819
823
805
765
685
689
693
746
745
781
778
777
773
786
793
806
810
796
821
773
679
676
680
685
683
701
737
766
788
801
787
741
713
668
685
688
715
762
767
750
721
690
715
713
726
716
747
779
749
684
678
671
664
682
704
725
740
755
773
768
773
802
814
807
799
812
795
751
675
676
680
683
681
676
677
683
685
686
686
685
688
689
689
689
689
690
691
691
690
690
690
693
695
695
691
691
692
693
693
691
689
687
688
687
686
689
692
694
696
697
700
702
703
704
705
706
708
708
707
706
705
705
705
705
704
705
705
704
704
703
702
701
701
699
698
699
699
699
700
701
702
701
701
701
702
702
702
702
702
702
702
702
702
703
704
704
705
707
708
708
709
709
709
708
707
707
705
704
704
701
701
701
700
700
701
702
702
702
702
704
704
704
704
704
705
706
706
706
707
707
707
707
708
707
707
708
709
709
708
708
711
712
714
716
716
716
721
722
724
724
717
703
703
702
701
700
748
775
765
738
716
735
793
805
783
753
738
735
721
710
778
763
823
833
816
776
728
713
708
716
707
728
769
780
789
810
805
768
783
810
790
690
681
672
769
763
723
711
778
810
794
773
800
806
799
797
832
832
817
780
819
807
718
695
697
801
811
776
737
702
758
768
747
691
672
683
684
687
691
759
795
797
775
745
707
742
752
746
759
744
727
702
698
790
817
807
799
798
731
689
726
753
786
796
785
752
720
716
739
746
718
706
707
733
758
739
708
693
786
808
758
743
716
697
694
754
736
689
688
687
706
720
736
746
750
743
727
762
782
729
682
685
683
675
681
736
741
724
702
686
789
802
746
735
724
704
700
696
700
702
725
707
703
701
697
694
735
750
733
709
655
736
786
800
785
738
812
813
759
679
681
684
691
694
697
697
699
702
712
715
702
695
692
723
729
743
739
756
757
751
745
792
809
796
725
700
682
708
728
768
744
734
799
800
796
794
820
828
811
798
773
771
771
760
727
713
715
748
796
792
771
769
782
743
692
680
682
691
817
832
818
795
793
819
783
754
742
716
699
744
770
776
782
781
766
769
793
805
784
796
794
769
732
693
799
803
724
674
671
669
683
688
690
688
685
691
694
696
697
693
689
689
692
693
696
699
700
701
699
697
698
702
702
702
704
705
711
714
711
713
717
718
717
713
711
709
699
689
687
691
691
723
778
784
749
726
750
754
725
693
682
789
766
747
723
712
697
679
749
772
744
719
721
789
778
720
765
770
756
727
736
765
804
809
788
755
705
756
771
766
737
753
746
719
704
798
813
796
774
746
800
749
680
674
678
711
780
778
757
739
701
673
722
734
744
746
793
810
809
809
825
839
837
836
826
815
812
778
701
693
698
702
702
702
702
702
705
716
715
709
700
699
751
756
732
773
784
777
749
738
771
764
747
729
701
739
750
712
692
691
681
692
716
759
771
745
733
765
778
770
739
814
825
800
750
770
765
757
784
790
793
810
839
836
826
785
755
703
690
705
695
723
754
784
788
775
749
722
700
684
691
689
688
688
689
690
689
690
689
689
725
743
724
697
703
718
729
729
703
689
687
693
760
779
781
782
771
753
731
702
768
789
776
805
825
813
744
773
776
740
691
700
693
737
784
783
785
792
805
805
801
770
721
801
782
695
689
688
677
683
684
686
684
684
684
685
728
715
700
699
717
716
704
679
667
652
646
649
651
652
658
664
662
707
687
663
664
738
740
683
682
671
665
663
661
661
660
659
661
677
672
662
661
668
679
695
708
715
716
716
703
716
725
723
701
672
640
749
731
687
657
662
711
792
788
740
760
789
742
653
652
649
673
698
687
659
645
649
656
687
777
782
762
736
776
795
751
686
682
660
656
654
662
665
664
665
673
680
681
678
679
679
677
677
675
662
660
659
761
788
752
682
650
648
654
663
663
689
776
784
753
712
690
672
768
776
741
692
655
663
700
792
783
761
779
790
726
666
700
749
748
770
762
726
696
651
665
764
792
787
774
764
751
727
708
689
672
679
677
676
674
674
676
677
677
677
676
683
737
707
683
681
694
720
686
679
679
677
676
674
701
728
723
700
693
685
778
805
804
780
744
726
700
723
775
786
774
755
701
832
833
769
655
655
657
670
678
687
690
685
683
690
691
707
755
772
758
721
792
815
803
776
765
816
816
783
762
774
758
751
750
746
727
747
752
784
783
762
718
669
706
792
804
789
783
770
717
776
771
734
668
664
720
726
708
699
717
764
784
786
783
777
798
799
776
750
775
768
704
676
656
664
776
802
767
713
697
761
796
775
734
692
696
728
717
697
757
778
736
676
637
658
664
671
705
786
772
739
696
659
768
802
789
760
768
808
813
810
804
821
809
762
821
817
757
671
735
768
775
805
770
720
738
788
773
799
799
773
749
685
626
628
626
608
745
750
710
676
718
719
728
747
754
742
783
806
793
719
752
759
689
651
628
734
761
733
718
747
741
707
778
777
684
636
677
709
715
692
726
760
747
721
751
712
635
638
632
652
720
709
651
669
710
653
707
677
667
669
678
672
763
785
767
737
801
808
768
718
726
692
652
640
644
759
778
750
735
671
661
656
664
679
687
666
652
658
660
662
660
659
660
661
661
661
661
661
661
661
661
661
662
661
661
661
661
662
662
661
662
720
731
709
692
693
690
691
680
674
661
663
670
673
675
675
670
670
673
676
674
667
663
665
727
707
661
646
707
792
792
755
737
692
647
781
817
786
712
796
813
765
634
652
629
645
654
657
660
660
662
667
669
676
675
671
674
682
693
693
697
703
699
685
682
687
690
686
671
672
691
675
656
651
649
650
651
675
712
683
665
659
748
768
762
736
744
745
729
740
780
766
708
722
781
760
657
730
734
738
756
766
754
749
788
775
714
677
657
659
705
774
777
755
722
769
744
654
704
761
759
725
704
720
785
695
739
754
816
815
801
788
804
813
784
721
731
752
719
682
679
745
759
725
718
750
769
758
722
710
735
780
764
791
802
816
815
811
818
833
848
844
820
805
771
678
667
663
665
666
667
667
749
728
702
670
663
664
666
664
669
668
668
667
693
717
687
683
708
740
759
736
712
722
737
776
763
724
695
692
713
708
672
675
675
676
673
672
673
673
696
703
704
688
661
659
665
690
734
717
693
673
668
666
673
680
688
710
727
728
767
764
740
686
700
771
795
790
767
718
739
760
749
715
703
757
770
735
671
671
745
769
760
764
749
718
691
652
785
790
743
757
749
704
677
649
682
707
715
769
794
775
691
681
717
732
714
729
757
746
708
690
684
702
743
763
755
744
735
769
765
728
697
766
780
753
724
726
754
747
767
759
725
728
764
773
772
779
788
786
737
658
659
640
657
668
667
659
656
659
663
665
713
725
712
699
716
773
775
732
759
743
747
732
764
764
735
700
696
679
676
674
673
673
674
674
674
674
674
675
675
676
676
679
680
681
681
681
682
682
682
682
682
682
682
681
710
724
696
681
674
681
696
721
717
704
703
699
687
689
710
738
732
726
725
713
695
690
701
701
694
697
696
686
727
777
783
779
750
780
807
794
737
659
672
669
684
693
694
713
732
741
730
709
693
701
710
712
696
717
724
717
697
712
756
751
731
731
736
722
757
692
689
683
770
786
764
784
777
754
720
725
702
738
791
784
756
778
775
748
792
804
768
716
759
756
787
787
750
679
666
644
665
672
675
673
707
729
717
688
668
689
754
765
736
748
748
732
795
789
770
742
769
771
711
643
697
750
771
768
754
782
768
708
704
758
773
770
789
832
829
785
716
661
657
623
661
663
667
669
671
673
667
669
670
679
705
775
780
738
733
732
717
688
669
784
789
682
720
723
708
687
681
666
771
789
785
763
722
803
811
756
678
675
671
659
682
732
767
762
695
696
767
781
752
707
656
668
709
787
792
771
786
799
794
773
721
685
682
768
793
801
782
763
765
768
787
786
733
676
671
669
684
661
667
669
674
675
677
675
674
675
717
725
727
751
762
777
771
756
705
694
683
682
710
754
754
717
690
694
710
726
718
721
704
691
688
676
688
709
740
753
745
717
772
788
785
778
781
787
735
677
675
677
678
673
670
671
676
678
679
676
675
677
679
679
678
678
633
678
683
725
762
770
762
729
718
791
797
774
747
732
748
746
687
681
681
680
677
698
756
772
764
746
696
710
777
784
777
745
719
702
710
751
765
760
758
762
768
745
806
813
769
678
677
678
675
703
713
732
744
739
712
665
677
678
685
778
798
748
709
772
792
786
752
802
833
830
824
823
811
768
788
808
791
716
681
683
687
693
697
697
686
682
736
779
780
782
775
760
748
773
751
752
807
810
782
809
832
810
748
685
665
665
676
680
676
674
782
801
738
708
681
676
674
730
808
797
781
757
717
672
673
701
726
734
701
699
707
686
685
687
811
814
822
818
772
728
789
777
748
742
762
791
777
760
802
803
769
754
740
712
696
689
686
683
742
762
747
764
803
792
790
813
801
745
668
667
646
662
673
679
679
695
751
764
707
686
687
683
680
780
802
786
765
741
773
778
733
686
693
723
742
733
712
697
734
713
677
690
743
767
752
804
813
677
740
739
710
748
778
766
730
712
745
802
774
721
721
733
693
678
663
662
669
770
791
748
685
674
695
806
814
801
782
762
795
782
745
694
689
709
741
742
730
719
781
789
754
683
708
804
777
695
728
733
723
700
775
769
720
734
805
814
807
837
836
810
796
793
750
681
684
683
744
791
745
646
675
681
682
797
806
734
677
663
767
786
726
694
761
775
759
740
769
740
702
690
690
731
791
728
689
689
685
701
767
773
744
704
744
724
663
662
658
713
787
746
670
671
770
792
770
752
784
753
641
658
665
664
665
672
735
786
767
721
742
735
685
670
772
734
667
665
670
673
671
682
761
744
704
692
656
664
671
674
675
718
783
765
704
680
675
674
672
749
792
779
752
747
801
803
738
671
677
690
687
687
684
680
688
694
693
684
686
690
685
686
686
684
683
683
682
714
782
781
725
702
692
762
754
691
672
677
741
721
700
704
728
740
740
731
720
697
665
676
675
675
679
697
714
709
703
698
698
692
685
682
680
680
720
712
729
732
735
734
715
721
693
737
753
804
805
768
685
660
687
771
771
734
683
692
713
749
755
770
776
779
774
757
786
773
756
762
760
799
802
791
720
672
687
727
725
737
768
763
773
791
806
791
748
783
797
755
661
661
637
662
672
802
808
773
697
758
764
733
685
689
813
793
706
679
722
817
808
757
750
732
719
777
775
755
744
776
776
733
680
676
666
683
681
698
730
737
742
777
714
760
786
779
766
810
811
780
697
683
676
685
689
689
808
804
759
688
737
742
731
763
766
736
762
758
723
702
686
683
781
807
788
766
833
834
809
807
812
772
704
710
733
711
691
789
804
800
781
797
800
761
711
692
750
784
758
706
681
700
773
805
806
773
815
817
775
682
709
777
787
756
702
674
757
781
756
715
758
787
791
775
723
684
751
762
756
745
717
687
690
690
693
678
679
684
688
691
694
692
692
691
691
693
696
699
703
709
714
723
728
729
724
721
717
716
718
722
723
715
697
688
691
741
743
771
758
753
757
742
737
783
798
755
702
659
684
688
695
759
804
770
731
736
716
677
689
746
797
777
723
770
777
728
707
692
694
753
788
786
769
779
783
768
773
796
780
728
675
674
679
736
737
794
801
783
713
710
683
771
797
787
765
778
785
797
812
783
756
716
702
684
692
712
713
682
688
679
686
687
682
682
684
686
686
685
683
684
684
691
698
703
728
753
764
771
774
743
712
703
776
799
783
734
771
781
682
744
807
797
730
746
780
786
779
799
787
748
736
784
782
735
680
678
683
718
732
724
689
685
689
721
746
745
748
771
781
776
777
767
736
733
751
739
719
761
796
800
782
801
799
728
682
681
666
682
769
746
701
764
763
729
695
669
789
809
789
759
763
745
720
773
791
759
690
683
645
667
673
684
688
686
684
684
688
773
798
789
778
754
703
768
780
754
722
711
709
711
690
687
696
686
693
701
691
686
689
726
799
809
802
771
783
798
783
715
692
664
688
693
698
700
698
696
695
696
700
702
699
695
691
691
698
708
709
706
705
702
703
711
732
765
752
776
777
739
692
703
711
740
753
739
718
765
792
793
821
826
823
798
760
736
789
803
800
789
769
740
725
688
715
767
725
677
672
667
683
686
761
764
721
682
772
778
765
746
747
749
790
794
785
763
745
716
702
690
699
699
694
693
694
698
699
699
699
699
698
699
700
699
699
699
699
699
700
700
699
699
699
700
699
700
700
699
699
699
700
699
699
699
699
699
700
700
700
699
699
699
699
700
699
699
699
700
699
700
699
699
699
699
699
700
700
699
699
699
699
700
700
700
650
699
699
701
704
705
705
705
704
704
704
705
705
704
704
703
703
703
703
704
703
703
703
705
704
708
709
712
713
714
715
714
713
713
712
709
708
706
704
705
707
708
708
708
708
710
713
714
713
713
714
714
714
715
714
714
714
714
715
715
716
716
716
715
716
716
716
715
716
716
716
716
716
716
716
716
717
717
717
717
717
716
716
716
716
715
715
715
716
717
717
716
715
714
714
713
713
714
715
715
717
718
