700
697
698
698
702
705
707
707
708
713
703
714
720
719
713
711
707
710
719
730
735
729
720
721
728
742
740
740
742
737
730
729
738
741
741
742
731
720
711
700
699
700
700
700
699
701
703
704
704
703
703
703
728
736
739
720
712
706
706
713
711
708
707
710
710
712
709
704
700
701
702
701
700
700
701
702
702
699
696
696
697
697
713
741
739
714
701
691
688
687
688
688
689
688
688
687
688
719
752
748
729
701
686
690
713
696
685
707
711
717
749
750
722
702
705
730
719
694
682
670
695
710
737
733
709
701
686
685
689
681
703
710
727
732
731
728
729
723
721
722
723
724
724
730
730
735
734
730
724
722
719
719
725
727
736
740
733
713
685
684
682
682
682
682
683
683
684
684
684
685
685
685
713
722
716
695
705
712
717
722
721
710
697
691
716
717
706
698
728
736
742
740
736
736
743
743
741
636
699
693
720
724
710
693
716
738
742
748
758
755
747
714
705
689
675
684
685
686
688
701
675
692
724
726
746
739
707
685
694
697
705
728
732
709
711
718
732
732
707
728
715
706
715
712
757
762
762
748
723
691
681
686
692
699
692
701
703
705
704
710
720
713
718
716
719
722
748
757
726
699
676
680
693
703
699
715
725
726
749
745
749
744
745
735
715
697
675
679
684
687
688
692
701
702
705
704
703
706
705
706
709
709
705
707
710
714
718
722
725
716
707
713
713
717
723
712
626
694
715
710
705
713
715
717
709
702
701
703
699
691
689
689
692
690
687
687
686
687
687
688
688
625
688
689
690
690
690
691
691
691
691
691
691
691
691
691
691
691
691
734
723
745
743
721
702
687
687
689
689
716
723
739
749
742
728
723
711
712
713
710
710
710
711
712
717
716
722
728
740
740
740
742
744
749
755
754
751
748
747
742
743
743
736
733
733
733
737
741
739
737
738
740
739
739
740
740
740
737
734
729
730
730
737
736
733
749
745
734
727
715
746
751
748
743
732
737
750
753
754
740
714
694
695
697
697
714
724
726
750
757
750
747
735
729
716
712
703
698
699
703
707
715
716
719
718
721
727
730
727
729
730
732
734
734
732
720
726
728
725
723
723
717
718
723
730
736
734
743
738
725
710
710
706
703
706
747
749
731
714
682
687
690
722
747
736
710
715
727
767
764
738
704
687
688
688
688
716
743
727
709
703
694
695
697
701
710
721
724
730
727
727
724
717
712
709
710
717
723
724
726
729
729
716
706
708
710
739
746
745
735
719
710
728
727
725
713
701
694
700
716
729
717
711
702
702
695
718
724
728
720
729
723
734
734
725
722
706
724
732
740
744
746
746
750
740
722
719
710
705
701
697
693
697
704
713
716
730
739
740
747
748
741
719
707
726
710
713
716
717
737
743
732
711
701
690
695
706
715
717
735
739
738
732
737
725
720
711
701
709
703
716
719
711
724
725
731
730
717
708
697
748
754
735
704
708
716
725
728
727
741
742
740
744
748
757
668
752
747
734
741
746
748
742
723
699
681
684
686
685
684
685
685
686
685
685
686
687
687
687
687
633
700
701
700
698
703
709
709
697
695
699
708
709
707
704
700
703
704
707
708
709
711
707
708
709
646
708
708
705
704
704
703
701
700
702
702
703
705
708
724
730
722
713
705
704
720
730
730
719
716
637
716
720
713
721
723
716
718
725
726
725
720
717
703
704
701
696
696
697
698
699
698
698
698
693
694
698
716
725
750
758
745
713
694
690
689
690
686
692
689
690
705
704
703
711
722
727
719
708
700
699
715
720
708
699
693
685
699
726
724
703
696
699
733
736
750
750
750
752
745
719
703
689
689
690
692
684
698
710
710
711
708
711
721
726
725
727
730
731
731
730
729
729
728
728
728
726
725
726
724
727
728
727
725
726
727
727
720
710
703
696
692
692
693
695
703
715
723
731
732
721
703
711
727
745
751
740
717
712
717
722
723
707
721
749
757
752
726
715
708
700
699
706
706
705
704
705
704
703
702
705
722
737
743
739
720
691
691
694
697
700
706
700
717
720
704
698
697
708
714
707
721
717
727
725
723
724
725
722
722
723
722
724
726
731
733
735
736
735
735
735
736
735
736
739
743
744
744
743
742
741
737
730
724
722
719
716
730
731
732
730
715
706
734
736
736
717
695
717
720
748
731
716
693
696
694
721
748
755
738
713
707
712
708
707
707
741
752
748
725
703
690
692
702
714
726
736
736
718
708
687
689
690
689
706
706
712
722
724
719
710
685
690
692
636
760
759
740
714
692
692
696
715
734
740
739
718
694
698
703
706
702
712
704
730
738
734
724
710
628
692
691
736
747
744
740
722
711
710
718
727
734
730
709
711
752
756
753
746
725
711
709
706
706
710
729
729
731
735
736
737
727
716
698
694
692
693
690
691
692
693
693
692
690
688
689
689
691
690
689
691
714
727
728
728
727
705
691
691
690
679
696
698
692
703
717
718
699
667
673
678
732
754
753
738
718
714
686
693
710
740
734
746
739
742
737
725
744
752
753
743
724
697
684
689
695
697
701
706
706
708
708
707
711
728
729
732
735
734
737
725
726
733
752
756
747
728
733
726
744
741
733
719
701
697
721
730
754
760
759
752
744
733
744
754
753
732
723
705
710
693
692
695
690
689
693
695
717
736
726
711
699
708
702
698
696
699
719
756
761
753
725
709
697
694
694
732
740
742
727
709
695
697
695
691
692
714
719
718
714
722
723
724
728
737
744
741
728
709
703
710
709
706
706
705
702
702
702
702
697
695
694
696
696
695
695
695
694
717
726
733
734
716
708
701
725
747
740
684
688
683
710
718
714
711
718
726
740
738
728
706
708
692
691
694
696
703
705
703
721
700
718
723
731
731
747
736
734
729
728
729
733
731
728
727
727
727
729
728
725
725
727
729
728
726
724
723
720
721
720
718
720
720
723
729
731
729
727
726
727
730
732
735
732
727
720
721
717
714
716
718
731
732
754
757
753
735
720
737
746
731
717
699
687
691
723
728
735
730
734
730
731
727
713
731
730
744
745
734
710
691
687
695
692
689
686
690
693
700
714
722
725
725
734
739
741
740
733
722
685
743
740
735
740
740
748
745
731
723
696
691
697
690
690
693
696
694
682
693
694
691
688
688
689
638
691
691
690
689
691
693
695
695
696
700
703
705
704
704
704
705
701
697
697
699
702
716
718
732
734
732
728
735
731
728
734
736
742
745
747
745
737
732
725
730
744
752
742
716
683
687
687
687
686
687
687
687
687
687
687
716
726
742
747
748
744
727
729
707
706
707
707
708
708
709
712
714
714
712
711
699
710
712
713
712
714
719
720
730
742
755
756
752
730
712
719
721
719
710
705
705
705
696
713
713
728
722
701
694
692
699
703
716
719
725
730
730
743
755
756
743
720
717
680
699
695
687
702
702
728
733
727
705
679
719
754
755
744
720
706
712
733
727
723
717
708
699
700
704
715
707
699
702
726
715
709
711
721
737
744
744
731
725
723
716
718
704
711
715
734
746
749
746
746
721
699
682
683
686
698
699
693
688
687
681
684
684
685
698
705
718
728
714
720
716
723
704
694
685
697
721
744
749
738
726
732
742
742
725
708
697
702
720
714
706
706
702
711
719
715
736
740
739
739
737
731
727
736
744
749
751
751
748
744
726
740
747
748
747
739
724
721
698
693
689
692
696
703
721
714
708
705
699
696
693
689
695
712
722
722
722
721
715
710
691
688
688
689
712
735
733
720
717
703
709
728
720
706
697
695
684
690
692
718
748
747
733
708
682
686
688
688
720
747
721
713
686
689
689
699
704
694
697
695
694
688
691
703
698
701
706
708
707
716
716
712
760
751
756
760
754
733
734
714
713
709
706
715
715
715
712
711
713
697
703
704
701
700
700
700
702
703
705
704
705
705
705
705
707
707
721
742
742
742
736
716
704
703
701
699
699
700
735
743
746
721
707
706
706
709
755
755
752
733
719
701
703
705
725
733
741
740
733
724
709
703
701
728
750
757
757
753
734
733
710
710
710
709
710
727
722
720
729
741
742
750
753
736
714
686
715
732
725
706
697
717
726
730
723
722
724
726
719
708
700
692
691
691
693
693
692
693
693
694
695
695
701
720
738
735
723
707
712
698
694
731
713
739
742
725
712
692
694
693
694
695
696
695
695
695
698
702
708
717
738
742
729
708
690
692
695
736
746
737
718
736
738
739
747
748
746
731
716
698
696
698
700
678
715
708
706
706
711
701
706
724
730
731
728
714
707
706
707
707
698
728
744
723
707
703
717
723
709
720
713
713
720
731
725
706
691
690
711
735
735
724
740
756
756
750
724
688
692
716
716
705
729
749
738
708
701
693
688
706
704
734
735
722
709
688
695
689
690
689
702
686
687
705
730
744
747
730
726
716
720
723
732
727
750
753
749
725
742
726
750
741
720
691
683
694
690
704
736
726
708
687
680
684
714
728
734
724
717
716
729
744
749
731
711
686
702
705
697
696
694
691
694
694
693
694
693
691
717
746
744
729
717
727
701
727
729
726
710
691
689
703
724
742
734
707
691
691
691
714
743
750
727
714
695
706
717
737
739
723
710
691
687
712
728
744
754
769
770
764
759
734
720
709
690
706
714
727
718
707
700
705
724
709
702
700
702
703
707
701
695
690
715
740
726
708
717
727
715
716
707
706
688
686
703
721
734
737
715
697
685
686
721
757
753
736
641
717
711
704
702
695
692
690
687
687
688
690
691
692
691
691
689
703
722
707
695
675
681
687
689
717
721
719
716
721
714
718
718
714
706
705
703
713
716
730
731
730
725
707
703
711
717
743
751
732
708
702
689
720
705
700
702
699
730
733
748
753
747
731
742
749
751
742
724
714
697
720
734
736
737
738
736
732
725
713
712
696
687
686
689
690
689
688
691
694
694
693
692
692
693
726
728
718
716
712
714
701
701
699
703
708
720
716
712
714
729
739
754
747
719
695
677
686
692
694
689
688
688
690
693
692
698
707
715
722
724
729
731
731
730
731
732
735
735
735
733
731
729
724
725
725
724
725
727
741
750
749
748
742
731
728
729
729
730
731
741
749
753
757
760
761
758
747
742
741
741
742
744
757
763
765
757
750
741
743
741
741
742
741
758
765
759
748
743
731
728
728
723
722
724
723
721
721
725
727
725
726
724
721
722
723
725
728
729
730
733
734
735
737
738
741
747
749
750
751
752
753
753
752
749
743
738
734
732
732
727
719
722
726
717
716
715
715
722
731
728
723
711
703
698
694
697
724
755
753
735
732
734
735
733
717
701
732
741
742
742
738
751
767
756
735
722
721
735
739
726
714
695
716
740
740
726
745
726
736
734
723
716
692
671
687
699
711
707
708
706
705
703
699
700
718
734
752
752
735
730
727
732
744
753
741
723
729
714
718
716
734
743
747
747
746
737
746
750
743
730
711
700
691
687
687
691
694
695
697
691
709
708
705
699
697
729
723
732
740
742
730
718
708
716
723
744
755
756
746
727
722
720
717
710
706
706
708
709
707
705
715
699
712
731
732
716
701
693
695
692
691
696
715
718
717
714
716
714
708
705
702
700
697
633
719
712
702
702
701
695
696
697
698
703
702
708
716
720
723
721
719
719
721
721
719
716
714
716
718
718
715
714
714
711
711
717
728
745
756
757
735
732
733
723
731
730
723
707
699
698
713
719
743
732
712
696
688
700
724
720
706
728
723
752
759
769
768
764
764
761
743
726
704
686
696
702
704
703
703
703
711
714
719
721
721
720
721
722
723
725
730
733
729
746
739
732
720
698
684
687
722
727
734
724
716
714
707
709
720
714
702
702
699
710
730
737
744
750
753
764
760
754
737
728
708
727
747
748
734
719
727
730
721
736
745
747
745
748
739
736
732
719
705
687
687
693
673
690
704
707
703
697
698
708
719
716
731
739
734
722
702
697
723
739
736
720
702
674
707
723
695
688
686
721
757
762
738
713
686
691
719
743
735
709
697
689
687
690
694
709
735
733
718
703
694
694
692
690
729
745
737
709
687
691
700
688
699
713
728
751
759
742
706
681
686
696
727
752
754
728
686
689
690
732
746
731
708
691
696
724
729
745
727
716
691
689
691
698
694
703
711
709
703
690
697
734
753
760
751
731
722
727
726
732
733
731
715
702
695
683
684
699
715
722
730
727
735
735
726
705
686
716
699
709
707
703
711
724
726
724
718
702
697
689
689
691
693
714
729
732
736
731
716
718
687
691
685
691
695
714
715
733
721
707
687
690
689
708
747
761
767
778
772
761
760
730
642
681
680
681
682
683
683
683
684
684
690
691
690
691
692
697
697
695
691
689
689
693
698
721
720
655
725
726
730
730
728
726
727
726
727
727
727
727
732
736
734
731
724
724
724
722
717
713
711
734
669
761
749
732
730
709
705
699
699
702
695
694
691
694
692
707
716
712
736
740
728
731
732
743
718
698
700
735
759
755
733
719
726
737
744
746
734
722
722
711
726
726
717
697
684
697
701
701
681
691
702
708
722
722
723
724
726
729
732
732
731
733
734
734
735
735
734
731
731
731
730
728
721
717
706
700
699
705
722
720
710
701
715
724
738
729
717
702
705
692
696
752
762
754
725
706
691
689
669
682
692
696
711
695
697
699
718
727
726
748
754
752
738
714
680
686
726
757
758
752
728
715
711
700
707
710
716
710
704
703
707
705
708
703
696
698
700
698
692
693
695
695
697
696
696
728
745
746
738
725
705
688
684
686
706
748
756
741
718
690
697
720
732
730
724
715
706
690
725
734
753
755
756
741
719
704
704
702
705
710
713
715
716
720
723
728
730
740
741
742
742
741
743
740
741
739
741
742
734
726
723
715
715
722
731
752
751
735
743
738
752
760
752
727
714
718
723
732
737
727
711
689
691
690
695
726
749
754
752
740
718
735
733
737
725
710
709
717
737
760
761
733
715
710
688
699
694
687
697
709
725
736
740
743
740
734
735
745
750
739
716
701
735
721
748
760
739
712
686
682
689
687
698
712
726
719
705
697
723
730
740
741
726
707
693
694
687
699
698
695
694
697
696
696
699
701
703
705
711
712
712
712
712
712
711
708
700
716
722
729
722
720
700
726
745
735
716
700
701
707
719
712
695
680
684
689
691
728
729
745
741
770
764
761
739
716
719
690
697
708
700
692
687
689
687
685
709
742
739
728
725
721
735
743
729
703
695
721
728
711
696
721
735
745
738
727
710
697
690
688
691
697
699
711
718
723
727
729
731
736
738
735
733
735
733
721
718
719
722
723
708
695
694
697
704
719
729
720
718
732
716
724
718
707
695
690
690
706
706
738
743
743
742
759
758
744
712
717
701
687
700
708
713
726
711
727
728
721
706
689
729
740
732
720
706
697
695
716
724
730
729
723
711
726
750
758
756
728
694
695
697
699
734
753
754
746
733
648
709
683
697
701
702
698
695
694
726
729
741
742
733
726
738
731
732
756
756
744
719
711
693
720
730
746
740
723
710
668
685
691
689
687
691
683
686
692
700
702
705
707
712
713
713
712
709
710
711
715
718
721
726
727
728
729
732
741
741
754
750
738
721
722
728
765
767
750
727
708
712
732
733
729
704
713
720
721
715
716
715
716
718
718
717
716
715
716
717
719
719
723
730
732
731
730
730
730
733
737
741
743
741
734
730
728
729
729
737
751
754
758
764
759
755
752
741
737
734
731
729
727
726
726
726
727
760
770
758
742
727
730
731
749
749
739
732
718
711
708
707
726
748
747
746
745
740
739
729
728
715
724
730
728
751
752
746
736
715
685
684
687
689
729
744
755
759
740
718
723
729
732
731
727
716
710
695
698
700
699
704
704
712
725
749
737
728
723
722
730
731
723
725
735
748
746
739
727
715
736
736
742
747
737
724
722
713
710
709
706
706
707
709
718
722
725
726
727
726
649
712
709
705
703
705
708
710
712
717
720
723
723
721
717
724
729
730
731
733
734
736
734
735
733
732
733
729
725
721
719
747
765
765
750
728
719
710
720
731
732
753
756
748
727
723
743
745
709
700
710
685
705
696
700
702
707
714
733
735
720
727
721
727
731
728
714
731
736
750
749
715
692
689
690
689
689
698
705
699
697
696
700
715
710
724
742
731
717
694
704
705
719
721
716
717
720
717
714
724
739
736
724
719
713
707
735
757
764
764
744
718
700
704
730
740
742
721
714
706
705
704
703
704
737
743
738
729
729
741
742
734
753
757
745
730
721
733
721
731
722
713
716
738
737
727
712
709
707
716
708
698
691
693
692
688
685
684
693
730
743
745
736
733
736
749
748
754
736
750
732
732
734
730
720
709
702
691
698
706
713
709
719
720
715
729
735
734
742
739
657
720
710
696
687
685
714
698
697
698
700
704
698
711
713
719
723
739
736
731
719
711
730
756
753
740
745
738
732
711
692
690
697
721
735
731
718
734
742
750
757
756
739
721
714
698
697
704
704
706
715
723
723
724
739
723
709
700
701
710
703
703
703
704
705
707
709
717
733
739
732
723
710
710
711
722
730
715
712
718
702
692
686
687
690
698
697
696
699
701
701
702
703
704
705
706
705
707
709
712
716
713
711
711
713
715
715
715
716
719
723
726
719
727
730
726
722
724
728
744
755
762
766
763
759
750
753
753
749
732
720
693
683
689
693
701
701
698
695
695
694
695
698
708
710
710
733
730
725
709
701
699
705
706
706
712
730
728
730
730
739
747
748
749
748
748
746
740
737
737
750
749
745
740
741
731
724
711
700
730
752
741
729
745
722
726
726
717
716
747
745
746
734
714
689
689
692
693
713
738
745
745
731
725
725
730
728
719
708
713
707
700
705
702
723
730
736
729
737
739
730
726
716
701
687
689
691
692
691
691
694
699
691
696
699
694
688
685
688
691
692
734
752
756
757
752
733
739
738
742
743
724
705
683
688
723
742
751
760
761
744
731
731
717
720
731
672
720
705
683
715
755
756
743
724
708
711
707
694
699
702
702
709
707
699
712
719
723
723
721
706
689
691
691
690
691
706
740
742
726
705
692
700
716
722
739
736
719
712
696
687
708
708
697
697
704
733
724
713
713
722
726
725
721
711
710
720
728
736
733
718
713
696
701
691
685
686
691
692
687
684
682
690
694
700
700
697
698
697
696
697
694
692
691
692
692
692
692
692
705
721
723
734
743
741
754
754
745
723
695
686
689
689
691
719
735
736
738
732
747
748
742
719
704
691
705
743
736
717
702
692
710
728
730
716
699
683
686
690
690
705
711
726
719
718
727
756
753
730
708
693
690
691
692
693
698
706
709
710
714
718
728
729
730
731
733
738
742
742
741
743
744
744
742
741
742
740
739
744
744
744
743
743
743
743
743
742
740
742
743
743
743
743
742
740
742
742
741
742
742
742
740
737
737
735
736
734
732
720
718
725
726
726
732
737
737
737
737
736
736
733
723
721
721
722
722
722
726
730
738
746
750
749
749
745
743
743
745
747
748
749
741
736
732
726
721
726
721
720
722
727
730
742
749
750
741
720
722
714
713
712
717
754
761
766
786
786
777
774
767
734
722
716
717
727
748
769
766
741
718
708
744
749
746
749
754
756
753
743
732
724
712
707
715
718
709
711
708
703
709
720
740
725
713
706
698
704
721
747
743
729
708
710
749
747
741
734
744
759
758
752
760
767
763
759
740
714
697
693
710
702
711
709
716
730
733
727
725
711
725
729
720
701
721
747
736
737
744
754
754
756
746
726
713
718
701
692
688
686
687
683
691
690
687
686
686
686
687
720
727
740
742
735
716
735
733
724
736
727
717
715
732
729
707
702
697
704
711
718
724
716
722
697
682
682
685
695
681
682
682
685
689
711
730
756
765
763
749
731
749
761
756
737
723
710
688
688
711
737
735
732
722
708
690
685
722
721
734
744
746
730
712
711
696
686
693
704
703
705
714
721
728
740
740
735
724
726
714
703
698
711
727
745
731
726
732
751
758
758
747
723
717
695
686
697
700
695
696
691
692
689
688
692
698
699
698
700
701
701
702
704
721
732
725
701
688
690
692
693
727
630
749
734
724
720
722
730
742
748
750
737
714
745
746
734
716
705
696
705
705
734
733
742
735
714
707
706
709
715
713
713
713
713
714
722
730
726
725
727
728
728
729
728
728
728
728
727
725
725
725
723
723
724
727
728
728
729
731
732
732
731
729
728
727
725
724
724
727
728
726
731
731
733
733
725
732
741
739
733
731
731
733
741
737
750
753
742
730
720
708
739
757
751
738
723
714
701
696
719
750
748
736
733
729
723
732
739
733
711
705
690
695
692
731
756
757
744
731
722
700
698
714
710
702
706
704
707
716
716
708
700
701
703
703
703
703
700
696
695
693
695
712
729
723
678
686
692
693
735
757
755
734
726
723
748
747
742
730
743
756
746
721
709
698
702
703
748
737
727
723
709
705
707
713
716
701
702
709
716
718
723
720
721
726
729
734
734
733
732
732
733
736
737
736
736
738
739
736
736
735
734
729
728
720
716
710
700
697
737
729
743
737
717
719
737
706
722
731
738
748
755
754
751
727
698
692
694
694
705
714
717
731
753
755
762
764
765
772
767
766
753
729
737
751
757
745
726
722
685
686
686
685
685
685
685
689
714
713
712
712
716
720
724
725
726
725
724
725
726
726
726
724
725
726
728
728
728
728
727
720
710
711
712
713
713
713
712
713
749
748
741
726
714
706
714
727
732
718
711
712
728
734
736
738
735
730
735
741
752
762
759
747
727
728
730
731
730
731
731
732
732
731
731
727
718
703
695
693
693
692
692
692
730
751
750
711
691
693
716
743
751
752
760
772
774
757
734
707
686
690
667
703
701
692
688
680
676
715
722
715
693
692
686
752
771
765
721
695
687
691
694
701
707
730
730
708
696
702
737
731
707
684
715
755
755
739
709
682
687
727
764
765
737
711
697
690
700
716
720
743
752
746
734
730
716
719
720
723
731
730
732
738
739
738
739
739
736
737
719
741
741
738
726
719
704
700
701
697
695
693
693
709
728
634
720
732
747
747
731
713
704
695
695
695
695
696
698
720
733
741
740
735
753
754
742
745
745
734
644
692
693
698
700
701
701
707
711
728
734
732
726
717
733
718
733
739
731
712
705
698
710
711
699
673
690
712
713
713
725
744
751
730
702
687
687
692
696
751
757
740
722
711
699
736
747
744
732
718
726
728
720
716
705
707
707
708
709
728
730
753
755
739
715
703
688
694
704
699
697
702
700
700
695
724
742
755
755
738
731
706
709
710
724
734
747
752
747
734
724
711
711
714
715
718
719
721
724
727
740
736
724
703
705
708
710
710
710
710
709
717
714
713
712
712
716
748
766
769
735
702
704
707
705
703
725
722
733
745
733
717
698
703
705
708
707
707
711
714
719
721
726
722
721
723
731
733
735
734
736
737
738
739
737
735
733
734
735
734
734
734
734
736
737
736
735
734
734
735
735
735
736
736
739
743
748
747
750
749
751
752
752
752
752
753
754
753
754
751
750
749
749
749
750
748
745
742
742
742
740
739
740
743
745
746
746
747
748
750
745
739
737
731
732
732
733
696
732
727
724
721
719
719
718
723
762
771
767
751
735
726
727
753
756
754
751
753
766
762
726
706
714
714
715
716
712
736
728
726
728
727
727
738
735
739
737
718
719
709
705
701
701
720
736
737
731
717
698
697
702
712
721
740
732
718
706
713
700
704
706
710
708
714
715
715
716
691
720
720
718
709
696
693
689
689
692
714
719
731
732
760
760
746
719
729
742
730
729
740
750
722
692
694
730
750
750
721
713
717
726
734
727
709
722
728
746
739
721
701
669
707
703
691
683
683
689
736
739
731
730
722
745
757
731
725
695
716
717
733
736
730
706
695
688
693
712
717
719
710
707
718
728
726
738
742
735
712
706
690
684
689
697
688
696
700
702
705
716
718
723
711
738
730
712
696
700
706
728
726
710
700
690
691
694
717
736
759
762
763
766
764
745
738
711
695
686
694
699
694
689
689
702
706
715
728
729
728
730
724
716
722
724
713
728
728
749
749
744
721
713
689
718
708
734
727
710
692
701
716
747
754
748
730
717
688
689
700
702
699
697
698
707
705
703
699
701
703
703
703
703
704
704
704
702
723
731
734
724
713
716
700
695
692
691
692
695
695
696
697
701
724
732
722
714
701
701
699
701
702
703
704
706
709
712
713
714
721
724
728
735
739
739
737
744
750
750
748
742
734
737
741
743
748
742
754
759
756
743
736
725
724
721
718
713
710
704
707
713
713
713
710
711
712
716
715
713
712
711
710
711
711
711
712
712
713
716
720
719
717
715
729
728
720
714
714
718
726
733
726
726
725
726
731
733
732
718
725
732
739
739
738
738
738
739
740
741
742
739
734
734
734
735
735
739
738
736
736
741
737
752
754
739
717
708
719
730
735
731
746
727
751
754
753
736
720
701
729
718
731
741
734
720
697
720
719
715
718
745
738
742
746
746
747
746
744
745
744
745
748
750
751
750
749
750
750
749
747
750
750
751
753
755
754
755
754
753
753
752
746
741
729
747
750
738
725
752
736
745
753
736
745
736
733
730
726
720
717
714
726
729
728
738
742
738
743
742
735
754
761
758
736
729
710
708
708
696
693
721
741
755
752
737
719
708
745
670
738
711
681
691
724
749
755
749
729
729
721
746
743
733
723
713
722
706
702
701
702
699
720
715
704
733
732
743
743
728
706
688
689
690
697
703
721
728
735
739
737
731
722
709
691
690
689
691
691
690
690
691
691
691
691
692
691
691
692
692
701
752
749
729
710
707
693
693
736
749
709
698
721
744
736
729
725
718
706
731
732
731
726
722
722
719
729
729
722
723
727
728
724
721
721
724
726
727
725
730
730
727
722
720
722
726
729
731
732
733
733
730
727
724
723
719
706
692
692
726
726
741
743
732
711
726
727
726
734
728
727
695
719
726
722
724
732
716
745
760
754
733
713
682
688
694
697
691
696
706
702
700
688
689
694
701
704
721
724
723
725
727
728
729
726
723
721
717
711
711
710
709
709
704
704
705
704
701
701
701
729
743
748
731
708
678
689
752
764
750
719
713
707
715
705
712
718
710
702
696
700
703
716
707
699
696
694
728
711
714
707
701
688
695
698
704
704
728
675
729
730
723
727
729
724
711
713
709
707
701
700
712
727
713
749
757
746
727
710
696
702
723
706
711
718
724
731
721
724
727
726
728
729
729
729
728
726
726
725
727
728
724
723
724
729
732
733
735
737
739
738
735
733
731
730
731
735
740
750
750
755
750
740
730
718
706
702
708
723
754
749
735
728
733
746
756
754
736
729
719
719
727
730
729
722
708
694
687
696
697
694
692
692
700
702
702
699
699
695
693
689
700
721
725
741
735
705
701
715
721
718
716
728
740
757
755
741
715
698
681
688
688
685
683
683
684
686
717
727
740
750
753
748
734
720
701
699
698
697
698
698
699
699
703
700
701
706
720
718
716
716
709
710
707
705
707
711
713
719
728
736
737
751
747
733
714
714
735
766
761
724
704
697
686
686
687
685
707
696
722
719
704
718
730
739
756
775
781
773
766
745
731
705
676
678
682
707
719
734
737
734
731
753
742
730
719
707
699
694
708
703
697
697
688
683
689
692
694
690
683
682
733
755
750
726
701
720
722
726
719
705
705
705
704
710
726
730
724
732
743
736
733
720
702
670
679
688
690
689
686
685
688
689
690
689
688
688
690
691
690
690
690
690
690
691
691
691
691
690
689
690
690
690
690
690
690
690
690
689
689
689
689
685
685
687
