729
717
712
709
749
738
739
732
725
724
716
705
706
703
742
780
791
793
777
743
714
697
707
701
700
701
702
719
756
753
743
732
722
715
717
701
702
702
698
761
774
762
725
706
714
706
729
737
731
708
703
707
707
707
709
710
709
710
710
710
712
712
712
712
713
713
713
713
713
712
712
712
711
710
721
729
731
731
729
726
716
709
708
708
709
710
711
711
712
712
711
713
712
711
711
712
715
717
717
717
716
716
716
715
713
712
712
712
713
713
713
712
731
763
772
764
754
805
802
793
780
754
734
736
733
745
743
737
723
716
719
720
719
744
736
726
722
717
710
715
715
716
708
708
703
759
756
752
738
722
716
710
711
712
709
709
711
700
722
731
727
708
707
700
743
747
744
738
733
732
765
755
702
703
701
752
775
757
719
708
701
769
749
731
711
717
727
733
712
713
676
703
736
752
757
754
749
782
784
772
739
713
710
715
718
716
728
742
761
753
787
789
787
762
793
782
787
779
781
762
747
704
704
806
783
755
701
697
695
708
737
736
728
721
714
704
735
760
758
709
704
706
711
763
767
764
760
772
760
725
705
709
737
770
767
749
727
712
717
719
720
719
750
743
731
757
764
747
715
706
767
764
753
724
710
717
775
770
753
721
718
707
707
709
710
709
708
708
709
708
707
764
760
757
735
717
713
724
760
780
785
793
798
795
777
735
707
711
708
709
757
726
705
723
726
772
780
779
748
714
700
693
700
702
701
714
764
773
750
718
703
708
766
753
719
708
710
703
708
709
710
707
721
723
716
711
701
700
738
758
746
739
774
764
742
705
702
710
734
712
703
704
706
709
711
710
701
742
751
734
712
710
740
779
781
756
725
707
709
706
708
709
708
708
708
708
718
710
710
711
713
713
713
714
714
715
714
713
712
765
768
758
747
747
768
761
738
719
713
727
765
804
796
774
786
768
755
719
715
713
711
707
707
707
702
769
740
734
716
696
702
700
750
746
735
733
707
702
707
712
725
702
696
702
697
702
702
701
699
700
701
701
700
701
701
702
703
703
703
703
710
720
732
739
733
730
727
722
707
707
707
706
707
706
706
706
706
706
706
706
706
706
706
706
761
770
762
707
705
706
709
711
761
764
737
730
719
717
712
711
708
704
708
708
709
709
708
708
760
762
764
751
729
719
707
706
708
708
709
711
710
713
712
711
712
721
724
733
738
741
739
739
742
742
743
744
744
742
742
741
740
739
739
739
738
740
740
740
742
744
744
745
748
748
748
749
749
749
748
747
747
747
748
749
749
748
749
749
748
747
740
730
747
754
758
756
750
755
765
773
770
764
758
752
739
728
726
721
722
723
726
730
728
726
731
734
734
735
735
733
729
728
757
758
721
714
710
710
710
708
707
707
707
706
707
707
740
783
807
814
806
775
709
710
705
702
702
704
705
706
706
705
706
706
706
706
705
705
705
706
708
708
708
707
707
707
706
705
703
704
704
704
705
711
715
717
720
720
720
722
742
739
730
724
723
722
712
721
728
745
753
734
737
739
739
738
740
741
739
737
738
739
739
739
739
736
730
727
727
725
737
749
787
804
797
735
727
707
710
708
745
753
737
719
715
714
712
708
709
711
711
711
710
710
711
713
713
714
717
718
712
709
712
711
710
711
737
758
747
709
709
711
711
715
747
758
743
734
737
720
704
706
712
737
740
745
761
770
766
747
716
707
708
708
710
711
713
713
715
715
716
719
721
721
720
715
720
739
728
741
765
760
760
755
743
726
715
707
726
727
742
732
715
703
705
737
774
757
730
720
716
721
724
730
743
767
772
762
726
705
705
702
707
707
710
713
715
719
724
730
732
729
727
726
728
730
729
725
733
735
739
742
742
740
739
740
738
736
729
720
707
707
703
703
707
770
764
743
708
706
691
702
730
759
744
722
719
714
715
706
703
703
728
742
747
748
748
727
706
703
704
712
716
712
708
708
747
769
786
781
761
739
740
705
709
706
702
702
703
744
775
733
711
706
704
706
706
706
775
775
766
746
799
796
782
762
740
715
702
704
705
705
705
705
706
743
758
739
715
714
703
704
703
702
702
703
703
704
706
726
774
785
780
762
726
702
691
700
701
698
698
698
700
709
730
746
722
787
798
789
765
717
723
746
756
729
704
711
697
698
700
702
703
703
704
707
708
707
707
707
734
763
769
756
739
731
716
713
707
704
708
710
711
711
705
705
745
758
759
745
725
714
714
712
717
714
766
780
777
763
732
705
709
711
708
709
709
709
709
708
707
740
737
722
707
707
706
706
723
721
712
711
716
713
713
713
712
711
719
756
727
730
721
745
748
746
735
737
717
716
719
745
758
756
728
723
706
705
705
708
725
749
763
762
754
740
786
782
770
748
715
699
697
703
703
703
702
703
702
704
708
713
717
724
730
734
735
732
726
713
709
702
703
703
704
703
703
703
704
704
704
705
705
706
706
706
706
706
707
709
710
711
711
711
711
711
709
708
708
708
708
708
708
708
709
732
749
763
755
744
722
714
716
715
712
712
711
719
721
750
765
765
747
724
716
724
737
750
755
741
760
735
712
713
741
757
755
726
733
778
764
753
724
726
732
720
720
720
720
720
720
719
718
713
709
710
716
729
712
713
710
707
707
707
707
707
705
707
707
707
708
708
708
765
770
749
714
708
702
707
710
709
708
708
708
709
709
709
709
709
707
731
729
719
718
711
709
746
751
733
716
711
701
710
710
710
777
758
742
711
707
705
743
758
744
725
727
766
767
748
723
711
708
727
724
716
721
711
719
731
734
726
712
708
703
708
710
712
711
709
716
782
781
772
753
716
717
716
717
716
716
716
715
716
716
718
722
721
719
719
719
719
718
718
718
716
713
710
709
708
708
709
710
711
712
716
757
759
745
712
698
706
707
707
706
705
701
705
704
706
758
783
759
738
722
724
715
709
708
709
709
772
785
786
760
759
772
779
780
778
768
745
724
756
756
743
759
769
761
734
718
711
707
708
709
710
710
711
711
711
713
713
715
715
715
715
715
715
715
716
716
715
715
716
715
715
715
715
716
715
715
716
715
715
715
715
715
715
715
714
714
714
714
714
715
714
788
797
776
731
726
710
706
704
704
705
740
757
743
713
707
707
753
759
748
714
711
775
733
711
708
699
736
727
706
710
709
739
744
731
721
710
712
710
717
772
779
769
742
707
707
708
710
710
714
747
773
751
745
714
706
713
714
716
716
747
747
730
721
717
753
749
731
710
712
750
780
768
742
715
801
797
768
719
705
704
705
746
778
786
774
720
715
707
707
723
743
739
723
713
716
709
712
711
708
708
708
708
708
707
708
709
719
746
752
730
714
710
712
714
713
736
751
763
781
792
760
753
766
761
730
717
738
729
728
723
712
709
712
712
712
712
711
712
712
712
712
711
711
711
711
737
732
734
728
720
718
709
708
708
717
734
749
741
725
716
708
710
713
714
717
738
745
752
736
727
734
725
723
748
753
748
725
715
705
710
711
714
720
745
768
773
761
741
726
709
705
688
709
713
725
767
770
754
731
712
709
714
713
708
709
710
719
739
749
744
735
726
718
710
710
710
711
712
712
712
713
713
713
714
713
714
707
761
763
757
744
735
724
713
715
713
714
713
715
714
714
713
751
752
737
718
711
710
715
750
781
783
755
718
715
717
718
749
759
751
734
741
751
755
755
766
781
781
769
742
715
708
710
710
711
711
791
778
768
743
727
707
699
726
753
738
707
704
704
702
708
707
706
706
745
742
748
749
745
738
749
753
757
757
756
770
775
769
767
768
771
773
774
767
763
759
755
752
750
744
744
740
734
733
729
718
718
724
730
735
741
741
739
744
753
756
752
743
736
735
736
735
725
719
710
705
704
708
710
710
710
710
710
710
710
711
718
717
717
717
718
719
722
762
781
766
720
719
716
719
752
758
751
739
723
719
712
713
741
752
756
740
724
716
716
712
723
725
736
734
712
711
712
711
710
711
712
711
711
710
709
709
710
710
710
710
710
710
710
711
711
711
711
711
711
711
711
713
748
763
749
721
759
785
799
782
745
704
716
763
759
741
716
735
754
747
747
737
723
728
722
750
744
727
715
719
710
713
712
714
749
753
726
714
713
713
713
712
713
713
712
713
712
712
712
713
712
713
718
770
758
722
711
711
706
708
710
711
712
715
712
712
711
711
712
712
712
712
711
711
711
710
709
710
709
708
734
762
788
810
813
814
818
821
820
815
804
745
725
712
712
711
712
713
712
715
714
717
746
761
748
713
712
732
743
738
722
714
708
715
772
730
713
711
712
713
714
717
719
727
725
718
707
712
714
713
735
748
735
730
723
722
717
712
709
711
724
730
760
781
779
749
728
713
712
712
712
713
714
716
716
716
716
715
715
715
716
716
717
724
725
725
725
724
725
725
726
726
725
724
728
720
733
714
715
711
711
713
712
709
722
744
729
723
710
712
713
721
744
735
723
721
714
711
711
725
777
778
756
733
723
717
724
717
746
743
717
718
728
751
754
743
730
733
781
810
815
799
757
714
706
735
725
719
716
714
713
714
713
708
705
783
787
793
779
755
716
708
709
710
716
719
719
717
717
717
717
718
720
719
720
722
721
718
716
713
712
711
714
712
711
711
713
727
751
760
753
754
741
730
725
769
772
755
752
748
714
714
709
713
714
753
769
777
765
749
730
707
708
725
741
773
778
783
785
769
734
715
722
709
708
707
721
735
750
774
793
801
785
758
750
726
726
721
721
715
712
712
713
712
709
713
707
705
704
705
706
739
751
717
714
720
711
711
711
722
738
730
721
720
715
715
715
720
721
718
717
716
714
716
714
712
737
765
778
780
759
752
760
763
761
761
757
756
751
739
733
714
713
715
717
725
728
728
735
739
739
741
739
735
731
726
727
730
734
734
734
736
737
738
737
732
730
730
731
731
732
735
738
742
747
756
764
767
771
771
770
767
767
768
768
766
764
766
766
768
770
770
773
779
776
780
782
783
779
773
770
767
765
765
765
765
765
767
783
773
785
783
781
782
785
787
784
778
774
772
771
771
770
772
780
782
779
783
779
783
788
791
788
789
789
789
788
787
787
787
786
787
786
787
787
787
789
793
799
804
801
792
778
760
740
741
742
742
742
742
743
747
776
789
793
791
781
758
738
726
720
722
722
724
723
723
722
720
720
721
721
722
721
723
726
726
728
733
736
740
740
740
740
740
740
741
744
746
746
747
746
749
751
752
753
751
754
754
755
754
754
754
753
753
753
754
754
753
753
753
754
754
753
754
755
754
752
752
754
754
754
752
749
747
742
741
738
736
735
730
730
729
726
727
727
728
728
730
731
732
732
732
731
730
730
724
723
723
723
723
721
719
719
718
718
719
720
720
719
719
754
764
716
712
716
814
801
767
711
707
710
713
714
738
752
739
724
717
705
795
771
753
716
708
711
710
707
717
747
774
752
720
709
710
708
709
712
718
759
764
748
721
711
709
712
711
709
715
751
735
720
770
765
735
719
713
711
713
712
712
712
712
712
712
713
711
713
728
740
736
715
713
708
710
721
759
728
700
702
704
707
707
707
718
735
751
770
769
743
707
710
758
755
717
716
707
712
712
728
713
713
719
707
745
768
758
728
717
718
721
723
719
716
713
712
717
720
720
731
720
714
711
713
713
720
744
750
729
710
713
710
711
712
712
714
713
718
719
754
757
759
741
717
710
706
712
712
712
712
727
730
720
714
712
734
741
719
712
713
728
773
761
732
706
732
757
725
718
714
714
714
717
719
720
719
719
718
717
718
715
716
735
750
744
716
717
715
713
770
781
767
758
774
762
724
732
757
758
753
731
718
735
733
718
717
733
753
744
736
726
718
711
713
719
738
749
735
716
717
716
717
715
714
713
721
716
733
729
720
737
721
732
736
740
725
713
715
712
725
747
736
721
718
746
770
766
735
708
711
714
733
758
749
730
719
721
730
722
723
722
724
724
724
724
724
724
724
725
724
724
724
726
726
728
729
729
730
730
730
730
730
730
731
728
726
718
716
718
721
720
717
710
710
709
708
709
709
709
709
712
714
714
713
713
714
752
766
774
773
763
746
725
721
714
715
713
713
751
748
723
721
719
718
727
737
751
747
728
719
712
710
713
715
716
715
740
760
779
788
787
783
765
742
713
710
712
714
714
718
720
722
773
776
766
769
789
804
801
782
754
726
708
709
710
710
710
715
718
722
720
724
730
727
714
720
723
724
724
720
720
722
741
742
765
775
779
774
765
776
781
774
764
743
722
716
749
766
773
757
727
723
718
721
769
782
781
774
762
750
771
789
772
740
707
703
705
741
752
737
728
717
713
712
716
713
712
773
794
794
768
716
711
710
722
785
781
763
715
706
709
703
707
707
718
759
753
736
711
712
708
709
722
752
768
770
767
746
730
755
770
770
752
741
766
771
772
765
772
781
785
756
716
710
720
747
730
716
751
779
784
749
715
713
705
722
754
752
729
709
707
712
738
738
738
729
719
719
720
719
706
705
704
706
706
708
708
708
709
709
709
710
712
712
720
723
727
738
748
752
761
761
756
743
734
732
735
734
746
754
740
716
716
718
714
753
764
749
728
716
715
710
712
713
714
720
751
755
743
718
712
715
718
727
722
702
707
710
713
719
728
727
723
722
714
716
714
714
770
762
739
719
726
756
762
761
773
786
789
785
768
747
714
746
773
774
767
760
739
767
785
774
763
730
707
708
713
707
708
712
720
743
744
720
719
723
720
723
723
722
721
716
712
713
713
713
713
724
736
727
720
712
711
710
709
707
738
739
730
725
720
708
707
710
712
713
724
754
744
714
713
708
698
776
778
765
745
715
716
714
714
713
714
715
717
718
717
717
716
716
714
728
744
735
719
712
712
711
712
713
715
715
715
715
714
715
715
716
716
716
717
717
717
717
717
711
712
711
713
717
714
714
735
747
745
740
738
738
754
768
755
749
741
714
706
706
707
708
711
753
757
757
750
740
729
717
702
706
707
710
711
711
711
710
710
712
711
707
710
713
747
772
758
724
715
708
759
774
765
727
718
719
724
721
721
721
747
762
756
734
718
721
721
722
720
738
720
715
713
713
713
713
714
714
714
714
714
715
714
765
768
749
701
704
708
709
707
749
764
749
726
728
739
727
714
704
708
710
711
712
712
711
711
712
727
768
775
764
720
711
709
711
710
710
706
705
708
761
776
765
726
717
707
711
710
709
713
720
726
727
727
729
730
731
731
731
732
733
733
731
730
727
726
726
752
757
750
724
721
721
720
719
719
728
737
732
715
717
715
723
733
738
737
734
730
724
748
765
765
723
716
711
713
714
715
714
715
725
737
748
750
746
739
729
720
728
758
778
777
765
734
707
727
761
765
747
707
709
712
714
734
750
761
764
764
753
741
769
775
764
730
746
768
771
767
760
794
784
758
715
735
771
752
699
704
796
777
743
709
726
747
731
717
715
713
712
722
738
734
725
759
765
735
711
709
711
725
762
780
755
737
727
736
715
710
709
710
713
716
717
731
761
761
719
719
719
720
720
720
720
720
720
760
762
762
735
716
717
716
716
717
725
725
727
718
718
712
713
714
713
736
735
732
725
721
711
713
715
717
714
715
715
716
716
716
715
715
715
713
713
713
713
722
748
729
787
799
805
813
817
821
821
831
826
825
823
822
819
819
819
817
816
813
815
815
816
820
826
824
821
816
816
816
817
816
813
811
812
812
812
812
813
802
811
819
823
820
816
815
815
815
814
814
813
814
814
814
814
815
814
814
814
814
814
815
815
814
814
815
815
814
814
814
813
814
817
819
819
819
824
832
828
823
819
818
820
821
821
819
818
818
817
815
816
815
815
815
816
817
818
818
818
818
818
818
818
818
818
818
818
817
813
809
799
775
739
721
726
733
729
735
738
737
734
726
713
723
710
703
710
711
713
719
724
746
723
735
736
737
739
738
733
728
725
724
723
724
724
739
742
758
735
754
761
769
760
751
749
749
747
747
748
749
748
753
754
744
789
780
764
755
755
753
748
740
740
741
742
742
744
744
743
738
736
741
740
740
741
739
738
740
753
755
754
751
752
752
757
761
761
762
765
766
766
767
769
768
768
769
769
770
771
771
768
764
758
753
752
750
745
736
731
730
731
732
733
734
737
737
737
737
737
737
734
724
724
722
721
714
724
765
801
805
807
814
820
826
832
832
830
821
813
801
785
745
708
709
713
712
713
712
714
716
720
721
721
720
720
720
720
760
769
750
721
723
721
721
723
723
723
723
736
732
725
722
716
716
715
655
715
714
714
715
730
731
730
726
711
709
712
714
716
717
718
707
713
714
716
713
711
713
714
716
717
733
725
722
721
711
709
721
769
790
778
726
704
718
717
720
716
744
740
717
713
716
716
716
734
748
725
720
732
724
741
746
750
750
742
735
751
760
757
742
718
716
705
707
710
711
712
712
738
741
739
730
715
711
715
714
712
712
712
712
712
711
710
706
707
726
733
737
746
750
740
733
724
722
707
702
752
783
795
792
772
738
717
719
698
699
703
706
707
707
711
711
711
728
734
714
706
702
766
774
759
716
731
727
729
733
724
709
718
740
749
750
750
773
764
760
732
712
710
738
733
770
779
774
750
724
722
711
713
712
709
710
711
710
711
712
713
715
715
716
715
714
714
715
716
714
714
715
774
781
781
779
784
776
758
746
724
715
713
714
714
713
750
753
742
722
708
704
705
706
707
715
711
711
710
797
794
792
771
748
705
712
703
711
733
732
725
726
748
765
773
762
771
762
757
739
741
775
787
775
735
726
747
746
746
724
708
714
706
707
728
743
714
712
716
711
714
715
715
716
710
770
783
780
757
715
714
757
764
760
727
706
709
712
709
713
712
712
706
731
790
803
763
736
738
744
751
743
719
714
744
782
784
767
741
724
719
716
718
719
720
721
718
717
718
712
711
712
711
710
709
709
709
709
713
733
737
733
714
711
713
708
707
707
723
718
711
704
706
708
708
708
709
709
710
711
709
746
743
733
719
716
710
715
714
713
712
712
712
714
713
714
720
740
765
768
741
704
710
710
710
709
712
716
719
719
718
745
752
751
744
726
720
720
719
731
760
742
744
738
718
720
719
721
721
721
721
721
721
718
725
747
735
730
747
748
741
714
711
713
718
719
719
716
763
746
716
718
708
715
718
760
766
753
748
733
724
721
723
721
722
720
721
721
728
734
735
740
742
741
740
740
741
739
737
740
741
740
741
743
745
746
745
745
745
747
749
748
749
749
745
741
742
742
733
746
741
738
741
744
746
751
758
763
757
758
765
763
758
758
750
753
758
764
760
760
759
750
764
762
756
741
737
739
739
737
734
730
731
726
721
721
722
719
720
724
732
731
732
735
736
736
744
749
747
743
729
716
721
726
736
743
748
741
730
737
756
760
726
717
709
713
716
735
794
786
767
727
716
722
752
736
717
714
714
748
733
758
767
754
737
725
717
689
719
720
722
720
732
723
718
720
719
717
715
713
712
712
758
783
767
736
715
716
711
709
706
722
752
743
737
725
714
705
712
713
713
713
713
712
712
712
714
713
711
743
758
789
771
733
710
713
712
713
715
716
716
715
714
714
714
716
717
721
779
774
764
746
713
708
708
713
711
710
709
711
709
712
712
712
712
713
713
755
763
756
737
709
711
718
718
718
738
750
744
730
718
706
716
716
749
725
731
726
727
726
747
754
725
717
716
716
715
713
711
712
723
773
766
736
729
728
731
720
715
716
719
721
721
721
720
718
725
732
739
747
749
746
744
744
746
746
747
737
724
715
713
712
713
713
714
714
714
714
715
716
715
764
775
769
748
718
719
713
715
715
716
716
716
715
713
714
715
715
733
724
725
724
742
729
734
746
759
742
741
741
747
753
760
764
767
767
770
773
774
776
776
776
776
777
777
776
777
778
778
778
779
779
778
779
778
777
775
774
774
775
774
775
775
776
776
776
774
772
771
771
769
767
759
755
754
751
741
740
736
737
733
722
733
740
735
740
740
755
756
753
741
739
745
743
736
736
734
729
729
731
738
739
753
768
737
720
718
722
722
720
718
720
721
737
728
763
772
766
766
772
766
768
788
778
764
750
727
728
724
722
710
714
715
738
764
756
734
734
716
715
717
719
719
720
720
720
720
720
781
768
769
749
732
724
719
753
743
720
713
714
725
727
732
728
731
729
725
723
724
722
718
719
723
770
787
794
780
739
728
719
719
722
723
722
732
724
724
723
722
725
724
724
725
725
726
726
722
721
720
720
720
722
733
755
754
740
730
722
712
714
756
756
745
734
723
716
719
721
743
758
771
773
776
765
772
777
760
746
755
786
777
760
751
722
719
720
721
722
722
723
722
722
723
721
721
732
742
749
750
731
712
712
713
714
720
735
740
782
790
779
811
814
806
789
750
719
709
714
717
714
795
790
766
727
721
723
718
722
722
719
725
781
793
787
776
746
719
719
719
719
723
721
716
713
714
715
715
718
716
718
720
722
723
724
725
729
733
728
727
724
726
736
733
713
710
738
738
730
718
751
772
733
711
712
710
753
783
781
763
735
737
748
782
804
805
794
786
790
778
777
774
768
763
756
740
726
718
719
719
719
721
721
722
723
723
722
721
721
723
723
718
716
715
715
715
715
752
770
751
713
706
714
745
757
754
747
769
795
808
800
772
744
728
744
737
743
741
737
735
740
745
737
726
770
773
785
765
753
754
743
766
794
798
746
718
715
709
712
712
712
712
712
713
712
746
770
787
785
761
713
699
703
705
705
706
708
711
711
711
711
712
712
713
713
718
720
721
722
724
723
723
723
722
720
718
720
732
740
727
714
717
742
746
727
714
711
707
711
743
744
740
731
720
713
728
764
777
769
757
730
721
716
705
704
736
751
756
762
755
739
720
708
716
716
717
717
717
718
719
720
720
720
721
723
725
725
729
729
729
728
726
725
726
712
717
718
717
719
719
720
721
729
730
731
733
735
740
745
748
751
756
747
749
750
746
740
734
725
724
750
729
743
731
736
735
744
753
755
755
753
747
741
734
725
725
725
725
726
726
725
725
725
731
739
752
762
763
762
768
759
736
720
723
723
720
720
788
780
738
716
723
720
739
756
763
750
729
718
715
716
716
716
711
706
711
714
716
752
745
732
722
716
712
719
787
817
820
792
735
714
712
729
751
774
786
781
764
735
737
708
715
719
710
703
704
705
707
707
708
709
713
712
713
715
717
717
716
716
715
713
713
713
712
712
727
729
707
713
764
763
750
725
708
717
791
787
764
713
732
742
737
710
708
712
731
770
779
774
760
745
732
724
721
720
719
720
719
724
720
720
721
757
742
744
731
712
713
715
713
712
712
711
777
755
742
734
739
764
768
753
741
735
757
804
811
810
797
770
715
751
777
786
772
740
717
720
712
717
715
717
726
726
745
741
724
720
709
708
709
707
729
734
730
719
721
721
735
717
714
715
714
750
778
773
738
718
715
723
728
712
735
773
777
766
734
712
708
704
707
708
711
714
714
715
715
715
715
715
715
725
721
717
716
715
715
728
743
729
714
710
702
710
709
747
731
718
719
715
710
714
714
711
713
714
714
714
714
745
730
718
714
711
713
713
709
708
708
712
712
712
711
734
748
749
742
715
707
710
711
712
712
712
712
712
712
712
712
712
713
712
713
713
713
713
713
713
713
713
713
714
714
719
720
715
716
717
717
717
716
716
716
716
716
716
716
716
716
716
717
719
721
722
721
720
720
720
719
719
761
790
772
733
717
720
726
711
714
717
720
720
720
720
720
720
721
721
722
722
722
722
723
723
712
729
746
736
727
725
726
725
722
721
720
717
718
717
716
768
775
751
737
724
720
757
747
769
785
776
756
714
717
730
743
796
777
738
722
723
722
723
720
721
720
736
755
768
757
735
714
715
716
715
716
746
759
752
726
713
710
715
718
732
790
798
789
760
737
722
717
708
712
712
711
711
712
712
713
710
750
764
740
717
715
726
741
734
726
722
716
715
715
717
717
718
716
720
722
770
770
764
776
784
785
772
746
718
723
719
759
761
745
716
716
716
718
732
746
742
739
733
739
789
770
759
719
719
734
758
758
765
757
771
742
728
770
759
740
731
734
733
727
726
720
715
714
716
716
716
716
715
716
717
717
716
716
717
716
717
717
717
717
716
717
717
717
717
717
717
717
717
718
