629
629
630
630
630
629
629
630
630
631
630
630
630
630
630
630
630
630
630
630
630
630
630
630
630
631
630
630
630
630
630
630
630
630
630
630
630
630
631
631
631
630
630
630
630
630
630
630
631
630
630
631
631
631
630
629
621
613
624
631
645
668
679
670
622
582
566
563
593
593
596
604
615
616
613
610
605
606
606
605
605
606
606
607
607
607
608
614
624
623
618
632
654
661
638
605
602
629
649
662
655
641
652
669
683
651
620
599
599
660
693
689
653
631
602
608
620
604
606
599
601
607
604
608
608
606
604
605
650
688
675
639
653
643
629
615
614
643
678
677
647
637
608
614
611
610
613
629
642
659
669
664
650
635
652
645
626
618
611
616
646
667
674
663
643
669
668
659
644
644
620
626
625
621
620
620
622
628
631
629
619
621
621
621
621
621
621
621
621
621
622
622
606
623
621
622
622
622
622
622
621
626
627
626
624
622
622
622
622
639
664
675
702
696
713
702
693
663
651
644
621
624
624
620
620
620
630
623
620
620
621
623
622
619
617
618
624
629
630
630
625
622
622
622
622
622
631
632
632
633
633
637
640
644
647
649
646
639
636
635
635
635
636
638
641
646
639
642
644
646
645
638
626
660
659
630
621
672
701
687
653
644
615
621
638
664
661
644
670
675
683
658
642
646
707
718
712
705
719
721
716
702
674
669
655
624
631
631
636
671
665
648
653
705
703
699
703
715
712
722
717
717
715
709
718
702
679
650
639
644
632
630
657
683
691
683
645
627
652
669
673
659
650
642
635
624
624
634
638
637
632
627
623
626
627
629
628
677
687
666
647
627
621
626
629
631
630
628
628
666
696
677
654
699
701
671
649
640
626
628
664
697
686
663
661
681
717
702
663
651
675
626
620
620
628
655
670
659
653
651
651
647
644
641
635
631
631
631
631
631
666
686
674
653
644
676
711
683
651
644
713
713
686
665
655
673
677
689
694
691
673
654
711
707
688
672
660
630
660
655
647
633
631
623
626
634
637
636
635
632
633
634
635
647
654
656
656
656
650
645
624
631
635
672
708
693
662
637
632
643
698
713
706
696
721
731
731
712
690
661
638
634
638
638
638
663
690
686
661
666
639
642
642
642
639
636
641
642
641
638
639
640
641
641
613
671
675
668
682
674
693
684
684
679
677
659
650
650
638
637
637
637
638
638
638
637
637
673
708
642
664
639
618
626
636
684
696
709
721
700
674
663
639
660
673
699
706
707
726
737
734
713
696
638
637
639
641
640
640
638
638
639
640
644
657
648
634
637
637
632
639
653
693
689
669
692
662
657
640
639
649
661
654
641
631
628
631
644
698
712
684
662
632
627
633
639
647
637
666
663
667
662
675
677
681
682
672
665
679
669
655
645
642
636
660
688
681
644
640
646
697
708
686
687
694
690
679
684
706
691
661
656
645
680
696
693
681
681
660
671
653
639
635
639
638
636
634
639
640
640
639
639
676
696
688
678
689
695
705
694
679
661
686
670
648
650
637
635
673
679
658
652
645
637
664
701
703
680
667
708
705
689
665
663
631
630
639
644
645
638
632
634
639
648
674
691
679
657
639
677
701
718
707
694
696
697
700
702
699
688
668
647
642
643
642
641
640
673
704
674
657
650
640
641
682
707
704
680
655
626
649
660
666
652
660
654
643
633
633
638
658
660
672
668
656
645
636
639
643
642
640
639
639
666
660
664
650
717
724
703
661
636
638
640
663
731
725
671
644
639
639
641
665
688
708
680
666
642
656
645
643
648
642
651
661
665
663
656
642
642
642
643
644
642
641
641
641
676
720
701
679
669
645
654
662
666
700
705
701
688
666
638
641
672
688
653
667
653
694
710
714
710
700
675
666
651
671
696
708
705
695
667
663
646
633
684
690
680
637
633
601
634
640
639
636
636
636
653
655
653
655
675
670
664
660
661
666
680
689
691
685
669
664
664
659
661
669
681
683
686
672
664
639
643
642
706
722
701
694
683
695
689
691
729
738
721
684
666
638
645
648
659
695
692
666
649
677
662
682
674
681
654
635
637
641
645
645
640
636
635
689
706
676
663
651
698
709
695
670
653
668
699
695
672
663
696
715
712
683
671
672
650
651
646
644
642
645
644
641
640
671
701
694
665
666
698
710
698
715
725
715
688
669
658
673
681
709
712
691
663
648
669
669
656
645
641
625
639
643
645
640
640
640
643
645
649
654
657
664
669
672
677
677
679
681
681
673
670
667
659
653
647
645
645
644
644
644
645
670
679
664
644
660
665
666
705
725
721
736
739
718
710
692
709
721
722
704
689
662
694
681
697
692
704
712
700
663
631
645
653
662
676
667
657
652
647
638
640
696
717
708
689
683
686
669
637
642
653
669
662
661
657
654
654
655
676
675
689
686
684
673
662
659
655
655
653
650
649
649
648
648
683
717
712
710
721
710
676
665
684
679
696
698
706
705
711
710
683
667
647
648
649
690
714
712
697
686
665
652
676
660
652
649
650
671
684
674
660
687
682
680
694
684
674
649
655
660
702
682
716
707
698
673
644
647
645
648
647
646
645
645
646
647
647
663
653
640
641
659
637
636
639
643
647
647
645
642
642
644
645
646
644
644
645
645
645
645
645
662
664
665
661
663
665
667
667
667
667
667
671
674
672
669
666
662
660
660
658
656
657
657
655
654
655
655
656
660
666
680
679
679
683
686
685
683
680
682
685
688
688
690
692
698
697
694
681
667
664
660
656
678
696
700
689
692
711
698
710
729
724
717
697
679
668
689
669
661
650
645
647
663
674
689
718
718
690
679
646
649
646
646
675
705
684
667
644
675
670
662
646
645
645
649
646
642
643
643
684
703
705
708
696
679
665
673
696
714
710
687
668
688
679
655
657
683
688
695
683
693
684
698
693
681
653
654
656
656
646
647
648
676
678
700
701
689
667
664
648
699
737
733
722
709
730
737
730
707
695
684
661
654
661
658
654
647
641
646
644
642
652
657
668
659
655
649
686
673
688
679
670
669
672
674
671
661
662
650
682
725
722
713
705
691
670
650
644
646
642
690
689
676
643
642
646
638
639
642
643
643
677
702
709
696
671
666
647
690
697
671
646
676
714
712
685
664
638
641
647
667
693
689
671
659
658
657
678
684
682
666
659
643
640
647
646
641
641
641
665
685
674
680
689
704
702
698
692
678
662
657
686
715
720
711
694
676
669
647
648
649
643
646
653
655
652
650
642
646
647
656
658
654
650
646
646
645
647
662
660
678
683
683
682
683
691
694
696
703
699
682
668
671
646
647
645
645
646
682
710
704
674
669
661
652
656
659
652
644
640
641
649
658
666
679
678
699
703
686
673
649
649
699
723
714
700
698
694
687
671
656
648
656
668
667
681
694
727
730
725
717
724
718
713
687
668
684
684
671
649
645
647
651
639
639
655
618
698
702
687
673
662
642
639
642
644
646
644
688
690
712
719
714
713
709
718
716
706
696
678
667
613
645
644
645
645
644
696
739
741
700
666
644
646
648
645
644
644
644
645
645
645
644
654
671
666
665
657
666
674
672
663
673
667
670
664
660
656
652
713
726
700
672
712
718
681
657
660
658
681
705
700
716
739
731
721
673
647
645
646
646
709
698
668
639
636
639
679
720
702
655
685
725
673
660
679
679
649
645
654
640
639
657
662
669
675
671
700
702
684
671
669
659
658
708
714
689
660
681
698
707
695
685
670
669
650
646
683
702
685
663
648
658
663
710
699
671
626
641
733
717
673
646
687
683
656
649
643
648
680
727
711
676
652
648
662
678
698
691
655
632
644
649
649
642
643
645
648
648
647
645
646
646
647
639
665
683
664
639
646
663
671
668
669
669
682
681
689
686
678
660
647
643
644
644
644
643
643
679
718
703
674
657
645
692
709
688
671
718
706
665
631
644
649
670
727
704
658
641
644
648
688
711
694
665
701
713
713
690
678
653
650
647
645
645
639
692
707
688
633
623
629
631
627
624
628
651
656
667
670
669
662
653
650
646
640
636
640
711
694
693
708
706
696
683
673
662
654
644
643
643
642
643
643
643
642
642
669
708
707
682
676
641
676
707
701
673
672
649
646
642
641
730
730
729
718
705
726
746
748
728
687
672
643
681
686
665
646
625
636
642
644
644
643
641
643
658
666
661
662
665
665
665
663
676
676
661
630
613
625
647
644
692
688
684
672
692
695
682
669
658
641
640
668
688
663
656
646
641
637
729
738
716
653
673
678
663
646
643
648
641
636
636
639
641
645
645
658
658
653
660
657
650
671
668
670
652
652
649
650
646
640
638
640
643
645
645
644
642
643
644
664
660
659
661
665
671
676
678
675
667
662
661
659
656
654
649
649
648
648
647
657
667
678
699
699
709
709
697
681
686
690
674
665
649
661
669
668
658
637
630
636
643
646
646
642
638
669
661
659
653
662
679
693
675
659
641
640
643
645
645
646
683
713
685
657
641
640
643
645
645
644
643
680
681
663
652
677
704
708
688
660
633
629
636
643
648
648
689
698
679
677
661
672
672
669
666
677
680
682
683
683
681
672
668
666
664
661
657
654
642
656
663
647
637
636
636
639
640
639
641
644
662
662
657
659
663
678
676
674
672
673
674
674
667
659
657
655
648
676
691
688
665
637
681
720
695
656
648
644
644
656
666
657
676
680
682
670
672
680
661
675
682
689
675
660
654
646
644
644
642
642
643
643
672
698
694
678
669
653
610
640
644
663
669
695
691
670
661
657
645
645
642
641
642
642
642
644
653
665
674
686
702
704
702
714
724
724
716
713
699
687
661
658
654
654
656
701
705
673
660
646
642
669
712
708
673
649
659
699
714
691
670
640
644
656
675
669
645
640
640
638
646
644
639
636
640
678
727
700
676
687
716
744
743
744
743
738
750
751
741
721
715
703
691
678
669
670
666
649
643
643
630
643
645
667
670
666
668
667
666
666
665
692
713
710
689
671
666
659
660
683
689
687
706
721
724
710
680
652
654
655
659
663
661
699
696
685
663
672
656
653
653
655
654
651
649
647
643
651
668
679
673
663
637
644
645
644
643
641
677
703
705
699
702
714
714
706
699
693
679
659
649
646
646
690
732
706
671
644
686
694
694
690
721
734
749
747
750
740
723
709
685
679
651
650
647
645
645
647
648
646
646
647
658
666
666
660
671
668
683
663
659
655
649
651
654
654
657
655
655
655
656
658
659
659
666
668
668
666
664
662
661
660
661
661
663
663
664
666
686
683
679
675
674
672
671
670
670
670
670
669
671
672
673
673
673
674
675
676
675
671
666
666
669
670
671
671
670
670
671
708
707
682
655
680
701
710
675
659
656
682
693
693
675
667
668
666
667
666
666
665
665
666
666
665
667
666
667
667
671
694
683
677
678
677
670
667
664
659
656
653
706
722
691
652
657
706
728
732
731
751
749
735
720
672
651
645
647
649
650
649
648
648
648
649
650
651
637
639
636
653
658
663
670
662
660
652
648
650
660
661
659
658
675
683
697
699
686
671
674
647
651
655
664
692
732
730
730
748
750
733
721
715
667
633
637
643
671
686
673
678
662
681
692
696
697
722
737
738
725
710
695
680
664
647
643
644
656
666
680
654
650
664
649
641
639
644
645
645
654
656
673
669
661
653
641
678
697
659
638
635
642
649
648
645
661
673
680
686
711
726
714
682
670
649
655
687
732
716
686
648
672
695
712
748
742
719
704
681
651
650
649
648
649
667
686
676
656
624
638
646
649
648
644
738
702
674
651
684
676
662
636
637
630
640
645
647
643
641
640
641
642
643
642
641
641
650
677
688
670
680
676
669
667
664
660
653
653
652
652
651
650
714
731
721
695
672
651
643
644
645
664
687
731
743
741
758
785
763
749
728
683
648
645
646
646
643
700
744
750
712
668
645
645
646
644
622
644
638
680
688
674
645
642
642
644
640
639
702
719
681
659
666
694
696
677
671
644
638
687
699
658
622
667
713
717
699
675
701
676
651
654
689
708
695
668
654
631
669
678
651
646
631
640
647
642
663
697
689
683
728
733
726
706
677
678
645
643
730
745
722
700
669
679
666
648
641
631
697
716
707
710
725
722
740
732
734
718
704
673
674
651
644
642
694
730
721
683
696
724
691
659
666
653
660
645
651
647
645
658
649
640
643
671
689
670
660
670
680
711
703
684
666
661
645
653
716
726
705
676
695
694
652
647
643
636
642
647
650
649
743
734
690
672
722
749
739
730
703
694
657
654
644
650
647
643
644
675
694
697
677
623
643
623
627
630
634
640
649
664
676
665
668
666
669
669
664
663
659
659
658
657
674
681
706
707
693
672
662
645
643
643
643
644
643
692
715
723
708
693
684
681
672
695
704
698
685
661
646
645
646
697
726
730
724
712
692
670
641
646
649
648
639
640
711
693
669
700
696
712
715
708
708
723
710
710
702
680
668
645
654
663
656
656
652
650
649
644
648
648
646
644
645
676
722
705
676
689
696
682
708
727
717
703
701
692
697
729
706
670
663
689
674
654
647
645
644
651
651
678
717
707
682
658
693
724
698
657
646
645
676
731
700
677
652
678
699
691
663
685
721
721
688
653
652
672
683
665
648
652
653
645
639
638
681
683
665
657
648
694
661
653
653
644
644
644
675
694
718
705
675
670
666
667
674
665
649
641
642
645
714
751
743
733
732
659
759
761
736
700
668
652
645
645
646
646
648
646
645
645
646
647
646
663
663
654
644
672
660
649
639
644
648
646
642
642
643
645
662
693
678
656
654
650
723
734
721
687
676
677
685
652
651
722
732
702
664
639
643
655
686
676
649
644
635
634
637
666
681
675
675
671
656
652
647
645
643
644
648
657
661
656
686
667
688
682
668
697
681
667
649
679
737
720
691
653
654
667
654
645
637
666
730
730
720
696
670
665
649
672
708
693
664
689
720
723
713
694
668
734
735
707
671
647
649
648
731
737
695
663
671
677
669
652
646
646
649
649
644
643
699
697
679
681
678
661
652
648
647
649
650
651
650
649
649
650
650
651
650
650
650
671
713
712
690
655
650
649
649
646
646
648
649
650
649
698
738
747
727
686
719
740
724
680
672
652
692
698
682
650
652
651
651
650
650
651
652
652
652
651
707
717
667
637
648
648
648
646
644
647
649
649
649
648
649
649
650
696
701
673
618
628
643
646
649
655
664
658
656
655
653
667
693
686
669
661
658
679
714
710
694
681
671
650
676
666
651
642
645
650
652
651
650
673
714
690
657
662
639
637
670
705
713
708
702
691
678
730
729
729
720
697
664
641
639
639
675
709
711
697
678
658
640
641
640
638
636
638
639
638
638
645
667
674
637
638
649
658
658
664
656
645
636
634
635
637
657
670
714
722
723
716
724
718
725
738
723
706
669
654
637
641
729
734
715
690
668
715
713
700
667
647
680
682
672
641
659
677
702
708
697
679
658
644
666
701
689
673
664
725
734
693
625
635
638
637
675
726
698
675
644
642
641
639
641
642
642
641
640
641
641
641
641
687
702
686
656
623
635
640
642
642
640
638
644
684
664
657
651
647
701
707
680
678
658
653
656
663
668
665
660
669
688
683
665
663
664
661
663
663
666
665
663
662
662
667
691
679
672
665
663
662
665
727
737
729
717
726
735
730
730
723
718
731
723
715
688
663
661
648
647
658
687
715
707
681
663
708
700
718
688
669
662
675
703
703
683
655
644
639
645
646
643
673
710
722
719
698
717
715
671
659
661
662
666
663
650
642
673
704
710
691
674
740
740
734
739
752
752
751
743
734
705
687
670
643
638
644
664
707
699
673
659
651
646
642
642
645
646
644
642
642
644
644
644
645
645
645
645
644
644
680
718
731
718
687
687
663
669
671
671
672
675
676
676
676
685
698
680
674
671
674
675
671
700
714
709
704
698
693
689
685
693
704
733
730
721
705
697
677
676
672
672
699
727
712
685
674
655
649
675
703
713
685
664
657
679
730
723
667
641
646
650
649
646
645
644
645
646
646
646
645
648
653
653
654
653
658
662
665
663
665
694
692
670
669
657
665
668
673
673
670
668
666
666
663
658
654
646
680
703
671
650
640
637
658
667
668
658
654
654
642
637
639
680
682
698
676
664
699
735
739
713
687
697
699
681
662
651
628
600
637
646
655
653
639
640
641
645
649
648
645
643
655
697
706
689
659
658
647
650
682
722
723
676
693
719
713
701
663
643
647
722
729
698
674
658
669
655
652
652
646
644
639
639
685
714
707
679
667
695
719
727
716
690
662
699
684
659
638
668
679
699
687
669
667
684
667
652
653
650
643
675
693
723
720
702
673
716
719
697
671
653
666
705
701
683
687
654
644
670
693
684
667
660
669
677
713
711
684
663
646
629
666
674
654
647
641
636
637
643
683
711
711
693
674
662
651
647
653
698
678
651
642
640
688
729
722
680
651
650
697
696
670
641
649
645
641
630
678
681
688
675
709
687
677
697
706
707
690
669
659
649
645
644
641
641
643
645
644
644
653
683
697
680
639
642
638
653
664
675
675
677
674
676
675
675
680
679
683
680
674
672
671
671
672
674
673
672
673
672
672
687
711
697
687
675
677
688
723
720
710
688
680
676
676
678
679
678
711
729
707
690
665
672
679
679
677
674
673
663
679
678
653
645
651
647
641
638
639
641
644
643
642
651
669
661
660
675
685
685
680
675
670
672
671
669
666
691
708
728
735
723
701
682
702
728
718
725
719
740
746
746
730
674
673
673
660
654
657
655
658
702
702
674
662
651
643
644
647
649
650
650
649
655
663
675
679
676
672
672
676
677
677
698
710
708
684
681
677
676
677
678
678
678
705
749
753
718
702
704
680
677
677
678
679
680
680
680
680
680
678
689
677
678
664
655
638
648
650
647
644
643
645
649
669
688
671
659
657
662
665
667
667
666
682
699
707
692
681
670
656
659
659
661
720
738
732
738
731
715
698
676
672
673
674
672
726
737
716
698
707
730
720
705
689
716
723
703
675
692
681
687
680
690
696
699
680
674
649
672
687
705
707
705
692
664
644
653
712
718
713
714
730
732
739
722
711
698
673
670
690
724
721
714
710
706
710
743
731
718
693
654
646
639
660
688
695
679
645
651
657
654
651
650
651
649
646
646
646
698
707
683
666
655
654
643
645
647
648
647
647
646
646
647
648
716
706
697
662
661
649
682
712
706
698
698
719
720
722
727
734
728
712
694
716
748
736
705
680
683
662
653
647
637
641
650
691
695
715
722
716
698
676
706
735
743
719
682
648
646
648
649
694
704
678
665
647
644
673
705
688
659
653
644
646
649
652
652
651
650
650
650
652
652
664
668
675
652
653
662
669
668
659
656
656
663
663
665
661
661
661
661
660
659
658
683
698
716
724
735
676
743
753
751
757
746
749
740
730
711
689
677
653
652
710
731
722
692
668
649
645
648
650
650
647
655
646
668
648
648
646
651
652
645
643
644
647
650
649
649
647
648
648
648
648
677
708
661
642
644
645
649
650
733
731
700
676
708
727
722
701
678
655
644
646
654
682
687
666
643
661
643
638
652
665
668
675
675
671
667
681
685
687
686
687
691
691
692
686
683
681
680
683
688
685
642
680
676
671
666
659
652
649
700
697
669
656
694
735
731
692
666
658
696
719
716
703
694
685
732
737
721
703
677
671
651
651
647
645
646
648
650
650
649
649
649
649
649
650
650
650
650
650
650
651
650
650
650
650
650
651
682
684
663
647
651
675
672
710
689
671
652
650
647
647
650
653
653
658
695
706
687
669
644
646
650
652
653
651
652
653
653
680
714
720
708
694
679
730
744
707
679
656
656
697
711
715
696
679
665
662
659
660
663
663
661
659
659
662
669
669
669
665
663
664
663
663
664
664
657
680
695
680
652
657
655
647
642
678
699
718
706
686
652
645
646
705
736
686
707
731
716
677
675
672
718
717
699
675
662
691
732
724
680
667
635
645
646
654
672
692
694
681
675
675
673
670
669
667
672
680
689
690
689
688
682
676
667
662
658
675
721
718
678
667
668
628
707
715
686
667
655
646
666
692
701
715
713
702
689
676
683
675
679
691
690
690
680
674
673
655
647
645
648
651
652
652
650
689
689
677
659
652
669
682
702
690
663
628
645
651
652
652
688
709
723
743
748
742
731
700
682
668
671
700
711
721
692
672
659
663
664
661
656
652
653
654
655
654
654
656
660
661
667
689
708
697
659
662
640
643
650
653
655
658
664
674
680
681
687
682
673
666
660
657
655
694
733
740
719
716
720
686
667
675
703
700
713
716
743
749
747
743
735
746
760
747
729
694
684
652
650
651
650
619
673
692
667
655
656
653
646
644
647
685
694
709
697
674
648
650
651
653
686
733
724
684
681
654
654
655
656
659
676
693
680
668
658
648
654
684
716
704
711
717
705
659
641
650
654
652
739
757
712
685
648
649
649
648
682
729
725
681
675
654
651
648
662
699
720
702
655
645
650
692
729
732
704
681
675
651
668
698
713
717
701
689
677
668
665
651
650
650
699
730
726
683
667
643
648
650
649
649
649
649
649
650
650
649
649
649
650
664
687
694
679
655
629
706
726
700
663
640
645
670
674
651
649
677
678
685
687
690
678
668
666
670
673
666
632
688
704
705
668
652
649
647
647
645
732
744
715
680
654
721
743
745
718
683
682
651
648
669
651
646
652
630
646
652
653
651
648
649
691
754
742
722
693
673
662
659
652
652
652
652
652
652
651
652
651
653
652
652
652
652
652
683
714
713
697
675
660
652
650
649
659
674
675
667
645
642
646
651
653
651
648
646
647
649
650
649
648
657
656
654
650
649
649
688
681
721
722
697
679
653
663
689
709
718
713
686
665
658
651
651
645
691
704
671
649
651
644
647
649
649
657
662
669
680
687
686
693
694
695
696
694
693
690
685
684
684
685
685
684
738
752
736
705
719
730
717
711
726
751
735
717
701
677
669
669
681
715
705
689
671
660
670
674
674
694
728
726
705
691
703
707
708
678
669
672
676
675
669
663
664
662
660
661
680
667
662
644
647
685
706
707
705
687
669
703
698
680
684
683
681
672
655
651
646
678
733
743
725
700
714
721
696
666
660
648
690
720
697
664
643
692
725
732
697
667
635
645
650
651
649
648
664
711
702
666
666
657
653
648
648
650
652
653
652
650
650
689
706
722
716
689
664
650
654
654
652
650
651
652
652
652
652
651
633
660
670
659
674
655
643
641
647
652
653
649
681
709
732
707
728
734
753
753
760
757
739
723
689
670
648
646
647
659
641
689
697
686
670
721
732
689
666
646
648
660
677
669
649
644
644
649
647
690
698
699
675
660
683
671
658
645
642
645
660
723
739
743
743
753
756
745
736
698
676
626
644
649
650
650
648
647
647
649
649
647
648
656
658
659
719
704
709
671
674
675
662
654
655
658
661
663
666
679
695
696
686
678
672
668
663
662
659
654
668
695
689
672
661
647
678
696
693
698
701
716
712
691
672
649
648
649
651
697
714
703
666
652
653
651
692
719
722
694
671
649
666
644
653
653
657
661
653
641
708
718
686
671
705
730
726
693
662
711
722
720
695
700
719
697
668
657
665
701
686
663
643
645
647
648
650
651
651
651
649
665
683
677
670
669
670
669
665
690
715
699
668
661
660
697
708
737
743
762
758
747
713
696
687
672
651
647
647
648
688
708
698
677
660
656
649
654
652
674
732
743
684
664
649
646
708
698
678
643
651
677
680
675
678
684
684
668
657
650
651
652
653
651
650
650
682
723
708
686
665
651
650
649
677
695
665
644
655
656
680
721
697
662
615
646
652
657
653
650
694
698
677
663
658
674
675
656
655
658
652
648
646
649
652
690
698
674
661
653
679
734
725
693
678
626
652
666
705
683
663
650
653
652
699
722
706
677
664
651
681
693
691
680
667
666
667
681
670
651
651
648
650
707
717
716
696
712
730
718
702
690
674
684
704
692
677
665
708
703
710
690
659
683
698
689
666
648
647
648
632
647
681
736
727
689
671
669
714
722
689
654
636
645
649
652
652
649
646
647
649
675
654
655
643
652
657
655
647
641
642
647
652
651
649
648
649
651
651
651
649
662
685
679
655
634
635
644
651
653
685
691
678
656
632
649
655
653
673
701
702
695
683
697
694
664
679
689
688
665
658
697
734
722
680
679
668
667
648
650
654
647
646
645
647
657
664
673
654
695
724
673
655
640
640
644
671
728
726
684
713
732
709
673
647
649
669
692
674
664
647
644
644
646
650
648
646
645
652
658
659
659
658
660
662
662
664
666
667
663
662
663
662
662
662
661
660
660
659
661
660
655
650
648
687
697
675
662
664
653
647
642
643
647
649
649
652
651
652
654
691
711
709
683
661
645
644
649
651
624
683
702
689
662
651
665
670
672
670
668
661
654
655
657
655
647
648
650
653
658
659
657
669
675
687
690
694
691
683
676
673
673
675
676
704
699
703
719
755
752
750
724
705
683
674
670
726
727
694
669
661
666
666
663
656
746
728
681
668
682
694
689
655
642
653
657
659
683
697
678
673
674
702
696
687
683
676
678
678
704
747
737
692
685
667
656
651
649
683
684
666
655
693
720
729
731
761
764
751
743
699
668
626
692
723
717
711
724
720
