763
763
763
763
763
764
763
763
763
763
763
763
764
764
764
764
765
765
762
733
636
638
639
638
637
634
631
633
637
643
639
642
641
651
651
651
652
661
658
657
658
662
665
666
664
672
678
689
690
674
674
664
663
660
661
663
665
666
665
666
668
670
676
684
682
683
683
681
678
677
677
677
675
680
690
717
717
708
699
720
720
712
701
683
675
667
668
670
667
709
712
686
687
686
676
671
669
670
670
673
677
675
676
675
676
678
679
679
676
674
726
740
720
690
682
688
676
672
698
719
713
699
680
696
703
694
675
672
672
691
706
717
720
720
711
695
704
701
713
713
698
687
720
731
716
703
727
732
719
697
704
708
732
720
690
677
702
730
736
725
719
689
680
680
680
673
679
683
686
691
695
697
740
747
722
699
691
682
686
689
686
702
719
728
720
703
695
717
737
735
718
718
751
751
715
693
686
686
704
750
751
721
703
695
686
684
692
682
681
682
684
685
716
711
691
745
750
727
699
684
682
730
737
733
718
698
686
685
741
752
735
712
687
663
686
688
684
683
682
685
708
714
717
705
692
691
691
692
693
694
692
745
757
746
718
733
739
724
715
701
700
749
758
750
731
703
722
745
733
722
705
696
689
687
686
687
673
679
687
687
688
691
689
685
684
685
686
705
699
690
720
732
722
699
714
731
715
732
763
731
694
682
684
686
684
683
683
684
684
684
684
684
684
684
684
688
690
689
686
684
686
690
688
687
688
688
689
690
690
690
689
690
690
690
690
690
700
712
715
705
697
688
690
692
695
697
697
693
692
691
691
690
733
746
747
761
754
728
698
685
686
685
724
749
744
766
767
731
704
684
683
684
697
695
684
678
676
676
682
682
680
679
679
680
682
684
686
686
686
687
689
703
723
726
699
695
696
693
677
752
761
724
693
720
742
723
717
746
751
738
697
685
683
689
703
732
732
695
696
696
689
685
683
676
685
702
714
731
742
730
701
701
694
699
696
693
704
738
720
701
700
692
639
688
718
736
722
705
708
731
736
724
715
703
685
687
690
691
691
713
751
747
723
703
688
688
688
709
757
751
732
697
691
695
688
690
686
686
690
691
692
693
736
749
741
721
726
732
728
713
693
692
690
692
693
693
693
693
696
697
698
698
697
698
698
699
699
699
700
699
700
700
700
699
700
700
701
700
701
700
700
700
700
700
700
700
701
702
702
702
702
702
702
700
693
706
701
693
692
693
693
692
691
692
692
693
693
692
692
692
693
693
693
693
693
693
693
693
693
694
704
725
721
703
706
698
695
694
694
692
696
698
696
694
696
721
730
724
723
749
743
731
717
705
724
720
712
705
703
697
701
701
701
699
699
699
733
744
731
708
695
691
693
697
699
699
698
697
697
698
699
699
727
742
738
724
713
723
751
739
719
732
736
723
711
701
747
754
741
721
707
709
695
693
695
696
697
699
695
693
703
718
729
723
716
712
701
716
744
739
724
709
732
713
702
699
699
698
700
729
696
703
726
742
743
735
734
735
752
754
732
711
696
697
695
694
694
701
713
703
698
697
697
697
697
647
697
697
697
697
698
697
697
697
698
698
697
698
697
698
698
694
696
704
700
693
698
697
694
703
684
726
759
763
729
708
698
699
734
746
744
726
712
698
698
743
754
732
706
730
725
714
701
699
697
698
691
693
702
705
704
703
699
699
700
701
701
700
700
706
728
723
710
746
750
730
710
697
699
717
662
755
735
711
694
695
698
699
719
739
736
722
708
675
705
705
693
694
697
703
703
700
698
699
699
700
700
726
760
760
733
712
701
698
700
700
715
721
740
742
730
716
709
702
702
712
726
724
761
760
718
700
694
696
697
697
696
695
695
696
728
754
735
707
707
699
696
696
694
689
696
700
700
698
702
708
714
720
720
736
730
713
704
704
753
767
753
738
727
748
763
768
754
723
704
698
699
706
729
738
742
734
716
700
685
704
713
703
695
690
689
696
697
698
696
736
745
738
720
700
700
703
703
729
762
743
723
710
699
740
751
737
720
710
705
734
748
749
749
741
726
715
701
698
692
693
698
693
693
696
698
698
698
699
703
703
702
700
701
701
702
702
701
701
701
700
700
701
700
700
707
710
708
705
739
745
736
712
711
720
746
744
736
729
738
752
753
743
727
700
697
723
741
730
718
716
702
704
704
703
701
701
702
702
703
702
705
708
710
709
707
705
704
705
705
705
711
718
728
723
715
708
702
703
715
723
712
708
702
703
726
772
766
751
722
726
690
705
706
701
687
695
699
702
703
701
700
701
707
707
710
707
705
706
708
709
710
712
713
715
715
715
716
716
712
711
710
710
712
715
717
717
713
709
708
708
707
708
709
716
729
720
711
708
702
699
702
704
706
705
706
760
731
704
696
715
750
742
724
713
704
700
700
703
717
740
723
708
695
736
753
747
722
752
766
745
731
739
728
719
752
753
739
731
707
726
717
706
696
697
707
702
698
698
700
702
703
708
708
709
710
711
710
709
709
710
710
710
709
709
709
709
708
704
704
705
705
746
754
756
754
728
706
706
705
716
738
738
731
733
756
759
741
713
702
703
703
704
761
775
750
722
702
700
703
708
698
696
697
700
702
704
712
742
736
734
747
758
748
739
736
728
713
711
715
734
761
753
732
716
719
698
695
702
703
699
699
700
703
706
715
723
741
753
743
760
758
736
713
705
703
703
720
742
743
741
741
760
763
725
707
704
706
738
761
750
733
702
696
697
699
703
708
705
701
701
702
723
754
753
729
703
702
703
704
721
744
747
741
739
723
711
705
704
703
704
715
742
752
772
771
733
716
699
719
712
708
700
721
747
748
737
721
713
704
704
705
724
769
771
741
719
700
703
718
747
748
741
728
718
712
708
717
707
703
701
707
700
701
704
708
726
724
735
723
741
734
729
720
713
714
729
741
729
711
707
704
707
707
705
703
759
768
740
740
714
698
700
702
710
735
761
756
752
738
716
705
707
707
728
740
736
743
737
716
704
708
704
708
727
716
707
703
706
704
702
724
741
734
713
722
748
763
762
737
713
696
702
705
715
700
690
692
699
700
701
728
748
751
737
723
709
707
704
733
767
768
737
738
723
715
703
703
702
703
701
699
740
752
742
720
705
703
702
708
756
768
749
738
724
713
709
728
735
741
729
719
704
704
704
704
704
705
704
704
704
704
704
705
704
704
727
737
727
728
725
708
703
705
706
705
739
760
747
718
709
700
702
704
702
704
704
706
707
709
720
728
729
731
725
720
718
717
716
716
716
717
718
718
719
717
732
751
754
744
731
723
723
723
742
774
774
744
734
716
717
719
719
719
719
719
719
719
719
720
720
720
720
720
720
720
720
721
721
722
722
722
721
722
722
722
722
722
722
722
722
721
719
719
730
728
745
749
737
724
711
709
736
741
731
729
729
716
685
701
701
701
702
703
704
703
703
703
714
715
714
711
711
710
710
709
708
709
710
710
713
712
712
713
713
714
714
714
714
714
714
715
715
715
716
717
717
718
718
717
717
715
712
711
712
711
740
760
760
738
740
750
733
710
703
720
741
751
754
754
767
768
748
719
710
711
713
713
723
746
740
722
713
764
769
750
761
754
746
720
704
695
697
701
703
701
703
703
705
708
711
713
713
713
712
712
712
711
710
710
709
709
709
709
709
709
766
767
752
723
726
758
755
742
725
732
755
749
723
714
709
711
756
744
722
769
782
764
742
721
731
724
715
712
707
709
711
712
712
712
712
711
712
712
712
712
712
712
712
736
752
744
733
728
713
713
713
712
712
713
713
713
713
713
713
714
714
714
714
714
714
714
714
714
714
714
714
714
714
746
759
752
731
688
703
699
702
706
706
704
709
711
710
709
712
719
720
716
715
716
715
713
728
745
743
736
724
717
708
729
767
769
749
758
765
751
725
720
714
714
748
739
719
712
712
715
715
744
753
739
775
763
743
726
713
698
675
691
703
705
704
708
708
708
707
708
708
709
716
736
736
743
738
757
752
741
727
723
713
710
709
710
711
745
770
737
716
710
736
774
796
790
775
733
711
713
715
739
767
752
755
756
728
715
705
706
709
712
713
713
712
712
713
713
713
713
713
714
715
715
723
730
729
724
720
716
715
715
715
715
715
716
715
715
716
716
716
659
720
720
721
722
722
723
721
720
721
721
722
722
722
720
719
719
727
732
736
717
719
712
711
705
699
719
711
708
713
709
708
709
711
705
732
727
724
758
761
740
726
710
726
752
752
726
710
712
712
746
774
777
751
734
737
720
711
715
711
709
739
736
705
705
701
705
707
707
733
748
748
754
753
738
719
706
717
732
740
746
763
760
738
715
708
709
723
721
713
697
703
706
699
706
709
713
715
717
714
716
717
717
716
714
713
713
761
768
743
740
748
740
732
724
722
730
737
731
736
751
762
750
720
716
720
712
705
705
708
709
708
735
752
751
744
763
772
757
721
714
708
728
744
744
748
772
783
760
738
708
709
712
720
758
757
738
719
760
768
766
774
755
743
725
721
710
704
701
703
705
706
693
704
709
711
710
708
708
711
717
718
718
719
719
721
723
724
723
720
718
719
720
719
719
719
720
720
720
719
717
712
713
716
715
713
713
713
713
713
713
713
713
770
768
764
782
765
743
719
708
718
762
757
753
788
766
740
722
714
708
709
712
698
707
714
714
700
707
711
713
733
742
734
736
756
763
763
758
753
738
723
724
717
736
732
725
720
715
713
715
718
719
719
717
717
718
718
715
720
718
717
715
703
707
714
717
719
718
717
717
718
719
718
717
717
718
720
719
719
719
720
720
719
719
720
720
720
721
721
722
723
722
722
722
722
723
722
720
720
719
716
718
719
719
718
717
716
716
716
717
716
739
749
761
762
765
748
731
724
721
768
772
753
725
714
716
718
717
716
715
715
747
756
759
775
778
764
727
706
710
740
767
759
727
723
711
711
712
720
716
712
710
709
726
720
709
705
707
711
714
714
714
712
713
714
714
714
718
733
728
732
754
764
761
741
720
748
737
732
778
761
726
715
731
771
782
754
756
770
760
737
721
731
729
751
747
726
716
711
713
747
763
764
733
723
710
712
712
718
726
733
737
753
765
753
731
722
722
717
746
777
770
731
702
709
710
735
777
760
734
715
716
716
740
772
756
719
713
715
716
717
742
753
758
762
755
756
728
719
716
713
712
714
727
734
729
711
708
704
713
739
771
767
752
740
730
716
714
714
714
737
768
777
764
747
729
715
715
715
715
715
715
715
733
764
779
773
745
730
716
717
737
773
776
760
755
729
723
714
712
714
714
718
719
721
724
732
737
741
737
753
754
748
736
726
721
760
773
775
759
735
735
743
751
746
735
747
750
760
753
754
741
729
730
740
760
760
753
734
725
720
714
711
708
713
717
707
716
719
720
720
718
718
718
720
722
719
719
719
718
718
718
718
718
719
718
717
718
718
718
718
718
718
727
749
746
747
780
780
754
736
756
782
781
758
724
723
713
711
713
713
706
710
720
717
715
745
765
763
747
729
757
758
745
731
721
740
746
741
733
723
719
718
718
718
718
719
719
719
720
722
725
725
724
723
723
724
759
763
750
745
767
776
769
754
758
774
768
738
721
720
715
713
723
711
704
712
714
715
714
715
713
715
716
716
716
718
722
722
723
722
723
723
725
726
729
730
731
731
731
731
731
732
733
734
669
735
734
733
727
723
719
719
718
717
724
728
735
729
723
744
774
756
739
728
723
759
777
763
732
664
716
715
725
698
703
704
711
717
750
758
754
743
727
713
715
716
717
717
716
716
716
771
772
746
738
740
739
730
722
712
716
719
712
686
705
714
716
715
712
718
718
718
718
718
721
727
726
724
724
723
722
721
722
722
723
723
722
722
721
721
721
721
721
720
719
722
724
723
723
723
723
721
721
722
722
750
756
750
745
749
752
770
774
771
756
733
730
722
720
720
720
720
719
719
719
720
720
719
719
719
721
721
723
725
725
725
724
724
722
723
730
740
755
751
735
724
720
723
725
721
719
719
720
735
756
763
771
787
791
789
780
756
756
727
716
717
718
718
719
718
718
718
718
718
719
781
789
773
751
734
726
689
704
708
706
712
714
714
714
718
717
716
717
722
734
735
735
732
732
733
735
736
738
738
735
727
720
719
719
719
720
720
719
720
719
720
749
760
745
737
727
716
711
713
716
716
716
716
716
716
717
716
716
747
775
769
749
719
716
716
717
730
762
760
754
698
719
715
709
713
714
717
715
713
714
715
717
717
717
716
716
718
728
723
720
717
718
718
718
719
725
726
724
719
718
719
719
719
727
729
737
729
719
720
733
746
748
740
734
731
728
726
724
720
720
719
718
719
719
719
719
719
719
719
738
741
735
727
725
727
720
719
718
718
719
719
720
719
719
719
719
721
723
723
723
722
721
721
721
730
761
775
751
733
727
692
712
714
712
712
709
714
713
715
716
717
719
722
721
730
731
729
727
725
724
726
730
731
730
730
731
732
732
733
732
732
728
723
721
720
747
772
770
746
761
760
748
733
728
720
760
777
761
786
783
749
722
721
716
717
718
703
711
716
758
766
748
750
769
762
747
733
724
722
774
782
761
734
738
739
735
727
732
746
749
756
749
648
737
729
717
709
713
714
707
712
716
718
718
717
716
727
730
725
726
724
723
723
722
722
720
719
719
719
718
719
719
719
735
752
748
746
764
763
724
720
712
714
732
745
733
728
775
786
769
731
713
716
715
715
760
786
766
728
729
732
730
718
716
713
717
718
717
724
734
730
721
719
748
783
787
757
723
748
749
731
718
721
715
714
715
717
718
718
716
716
716
717
718
718
718
717
717
719
742
783
780
758
725
722
706
711
708
714
714
711
709
713
717
718
717
715
715
716
717
718
719
722
724
724
724
723
724
726
725
724
723
723
724
726
726
726
724
724
724
724
720
721
720
720
719
720
720
740
737
722
748
761
749
745
753
754
746
738
726
747
780
778
752
731
722
718
721
719
716
711
717
717
719
719
719
640
717
717
718
719
737
772
774
769
766
764
742
729
723
717
715
731
744
746
737
727
729
720
721
717
717
719
720
720
720
734
769
771
743
722
716
715
735
768
763
732
708
703
711
713
717
714
714
718
648
774
774
745
725
715
726
775
772
753
726
718
716
744
777
781
753
733
721
720
714
712
714
715
716
671
717
715
715
716
717
718
719
721
721
721
720
720
721
723
724
724
724
723
724
724
724
723
723
720
720
719
719
719
719
719
720
719
729
738
736
729
731
723
719
719
757
765
745
740
740
752
746
733
708
716
720
722
721
751
758
755
749
739
744
769
771
755
734
722
718
718
718
719
719
718
718
737
740
729
726
721
718
728
759
753
735
723
719
721
739
754
740
730
726
727
736
752
753
735
732
725
730
760
764
753
744
734
723
722
722
722
722
722
769
770
750
739
735
729
748
745
752
742
730
770
787
780
785
790
779
749
724
719
718
718
741
785
786
762
726
717
718
720
734
763
773
740
714
712
716
719
718
714
715
717
722
723
721
723
724
724
722
721
720
720
720
720
719
720
720
720
720
720
720
720
719
720
720
720
720
720
721
746
773
767
745
735
733
737
733
719
719
719
718
718
735
749
753
774
791
788
758
741
730
718
767
782
774
763
762
774
762
743
727
719
715
718
720
720
720
719
719
719
719
719
719
719
718
722
718
713
715
718
720
716
716
716
718
720
721
720
719
719
720
723
725
724
723
723
722
722
722
722
723
723
724
725
726
726
727
727
727
728
728
729
730
731
731
731
731
730
730
729
728
728
727
727
725
722
721
721
721
721
721
722
721
721
721
721
722
722
722
722
722
725
766
675
748
772
771
749
729
729
723
775
785
768
740
745
758
748
729
718
719
737
762
751
728
725
720
728
714
710
713
719
717
719
718
719
720
721
722
723
723
721
721
721
730
741
731
722
719
718
720
720
719
644
719
770
783
759
735
730
753
757
748
728
714
719
722
722
721
721
720
721
720
755
753
738
728
720
723
723
773
781
772
789
789
769
752
757
753
736
726
722
767
773
762
752
714
720
708
714
716
715
718
719
718
718
718
718
719
719
723
722
719
717
719
721
722
722
721
720
721
721
721
721
721
722
723
723
723
723
723
720
720
720
720
720
720
720
720
720
720
735
755
746
779
782
769
736
723
719
754
767
761
753
743
743
734
726
717
719
719
721
740
772
767
750
736
727
723
717
718
726
723
717
722
723
755
756
739
729
742
760
774
768
748
735
719
721
724
774
773
763
750
760
768
765
782
754
731
725
712
714
715
717
708
717
721
739
748
743
732
727
746
735
731
723
721
713
734
764
765
749
734
776
780
771
754
739
721
721
721
722
722
722
722
721
722
722
722
722
722
722
722
723
723
722
722
722
722
723
722
722
722
722
733
740
735
726
708
716
723
720
730
725
721
719
718
711
720
724
725
726
756
758
743
726
718
719
719
721
738
773
769
758
763
765
755
731
718
719
766
773
775
749
724
716
716
720
721
738
772
763
741
741
751
763
757
745
734
736
736
723
749
764
765
747
735
718
715
716
718
744
742
728
719
719
719
719
718
718
718
731
745
737
723
709
714
719
729
745
735
723
723
722
721
721
731
739
726
724
718
718
719
718
719
719
719
719
719
719
719
719
719
719
719
718
718
718
718
718
718
720
735
732
725
742
778
782
760
731
736
728
704
706
711
712
711
712
714
716
717
725
727
722
721
720
719
743
742
764
765
750
771
771
751
729
727
720
720
720
728
729
717
719
719
720
719
719
719
719
720
719
720
743
765
769
758
737
738
747
732
728
717
749
773
772
750
729
740
725
713
714
713
711
718
719
719
717
716
717
718
719
735
754
764
750
744
760
761
743
729
716
717
727
759
760
746
735
729
719
722
725
726
724
722
722
722
724
725
724
723
724
724
725
724
724
723
722
722
722
723
722
722
722
722
723
723
722
721
721
746
747
729
720
721
721
745
755
755
772
779
757
728
721
721
730
777
785
752
746
733
721
721
719
709
713
716
719
719
719
719
718
718
738
744
728
726
758
766
760
747
730
717
722
755
742
732
722
719
721
722
736
724
713
711
715
716
715
715
716
717
719
728
726
724
723
746
771
783
783
782
767
769
777
766
747
754
763
754
739
724
722
715
731
752
750
739
735
725
721
720
721
725
747
752
748
748
738
728
722
721
721
722
723
723
722
722
723
723
723
723
723
723
723
723
723
723
723
723
723
723
723
723
724
725
725
725
725
724
725
725
730
739
737
748
749
744
738
731
730
722
722
722
722
723
723
723
723
723
723
723
723
723
724
723
723
723
724
724
724
724
776
772
757
736
726
721
720
720
720
716
707
712
716
716
716
722
721
720
718
720
722
725
727
726
724
722
723
722
722
722
744
752
734
729
724
724
739
758
742
728
723
726
734
766
757
737
732
729
732
725
725
724
724
725
726
726
726
725
725
726
737
752
751
735
725
719
721
731
753
752
733
721
725
726
726
726
786
786
728
720
721
720
723
687
704
716
720
716
745
748
741
727
723
728
728
724
721
786
791
782
746
732
729
732
730
727
725
725
729
728
728
730
736
741
745
751
768
773
778
773
755
749
735
731
744
750
774
776
748
723
718
717
717
719
720
719
719
718
718
719
719
733
746
726
722
730
759
796
803
796
732
722
722
744
777
773
739
725
723
723
724
725
725
722
723
722
722
723
723
723
744
739
725
723
726
752
761
770
782
785
771
733
721
735
779
798
794
765
739
724
724
745
767
774
769
751
775
781
783
772
741
722
724
721
721
722
708
715
717
719
720
719
721
720
760
777
765
747
730
719
720
722
723
779
773
749
731
733
772
781
794
793
772
753
731
723
771
781
764
749
727
726
721
723
718
717
716
715
718
718
720
721
721
721
724
726
728
726
738
771
779
760
741
733
777
773
755
737
728
720
723
723
760
774
757
736
730
777
788
781
755
731
735
721
715
716
717
721
723
724
722
721
721
721
722
723
723
723
722
648
786
781
750
728
723
724
745
786
774
752
765
769
752
735
719
721
738
756
754
738
729
720
722
745
731
714
740
773
784
761
735
721
720
745
786
789
764
732
718
719
740
756
755
744
727
714
745
772
755
651
705
718
719
722
721
718
719
718
718
720
744
762
766
739
719
716
721
730
779
785
764
750
759
782
764
735
727
721
720
719
721
721
721
720
720
720
720
721
720
720
720
720
720
721
721
721
720
722
723
723
723
724
724
724
724
724
724
724
724
724
724
723
723
724
724
725
725
727
732
735
739
731
729
723
722
733
751
745
736
735
735
735
735
732
729
728
727
726
727
727
754
758
755
746
744
745
739
736
735
735
733
729
726
725
725
743
758
749
732
725
722
722
723
725
725
725
724
724
724
725
724
725
724
724
725
725
725
725
724
725
725
725
725
742
757
753
745
745
781
786
775
742
732
710
720
710
715
717
729
723
722
721
720
721
722
723
723
722
723
722
726
725
725
725
725
724
730
732
732
732
732
732
731
732
732
732
731
730
730
731
733
734
734
735
734
735
735
735
735
735
736
747
762
765
756
746
733
731
729
724
724
725
724
741
779
784
777
774
776
773
792
790
783
753
736
722
724
724
743
769
766
749
735
727
722
723
718
739
728
717
717
717
737
774
776
749
735
740
740
739
730
765
785
748
773
778
753
743
731
733
746
766
757
750
733
784
784
758
732
720
719
721
702
715
723
723
721
721
723
723
721
719
719
741
730
727
725
723
723
724
727
730
732
734
734
735
737
739
739
739
779
780
762
740
725
723
723
723
778
798
794
788
802
802
788
766
739
725
718
719
738
766
756
741
734
724
722
716
717
715
718
720
707
717
721
723
724
722
722
721
733
740
740
738
738
739
741
742
744
743
742
741
742
743
744
745
746
745
746
745
745
743
741
741
741
741
741
741
741
740
741
738
737
740
661
781
762
739
725
762
762
765
784
790
781
741
721
719
724
778
789
773
740
722
720
722
749
784
783
728
712
714
723
741
758
750
730
721
724
731
764
790
789
759
737
730
727
723
731
743
749
738
767
777
757
742
751
778
767
753
737
735
718
732
723
715
719
716
713
707
715
718
719
718
716
716
751
778
777
780
766
749
739
724
723
721
719
719
720
720
720
719
719
719
741
758
749
737
739
740
745
765
768
753
736
729
715
720
720
719
719
720
720
725
741
758
755
757
752
741
735
701
715
712
715
717
718
720
721
718
717
718
719
775
788
779
747
735
724
722
719
719
719
719
719
719
719
719
719
719
719
719
719
720
720
740
752
737
732
759
786
764
743
727
728
742
760
771
765
760
793
794
776
745
744
753
752
743
735
744
769
770
758
732
724
720
721
723
730
720
718
715
718
719
729
725
722
720
720
721
722
725
732
738
742
742
742
742
743
743
742
741
741
742
742
742
742
743
743
745
745
744
743
742
743
744
745
743
741
740
755
770
767
744
727
723
723
724
723
782
789
793
799
793
780
741
725
717
717
712
732
715
703
709
713
714
715
722
720
719
718
718
719
720
720
721
723
724
726
727
727
726
727
727
728
657
727
728
727
727
727
728
728
730
731
732
733
734
735
735
735
736
735
735
734
734
733
734
735
735
736
746
755
750
741
726
724
723
723
723
724
726
728
730
787
791
765
742
725
722
722
733
765
774
765
744
757
756
737
754
775
783
781
764
736
735
719
714
720
720
722
719
713
718
720
721
719
719
719
720
650
720
720
720
720
720
720
720
720
720
720
720
741
753
741
737
769
778
761
737
727
733
706
719
720
709
718
719
721
722
774
769
757
739
727
730
731
744
766
773
795
798
772
750
733
720
722
721
732
734
726
722
721
722
723
769
777
764
719
712
708
713
715
725
718
717
717
719
720
721
720
719
721
724
724
725
726
727
731
736
737
736
736
734
733
732
732
731
729
729
729
728
726
726
724
722
723
723
743
754
739
723
723
718
717
734
757
758
750
731
741
748
754
743
730
718
704
716
719
721
702
719
722
722
746
783
788
774
747
739
763
753
731
723
721
720
718
719
720
720
720
719
719
719
720
776
780
740
709
717
717
735
795
788
755
767
773
760
739
727
720
718
718
714
710
717
718
717
725
718
717
718
719
720
720
719
725
760
748
733
752
770
772
756
735
732
717
721
720
717
717
703
715
723
722
724
726
726
724
723
723
722
723
737
759
752
743
778
784
765
739
734
723
731
764
774
773
752
738
726
726
746
770
770
752
730
730
743
737
721
719
720
714
721
724
733
745
735
739
766
776
755
735
753
770
757
770
789
784
762
734
723
719
718
736
740
734
724
721
721
721
721
721
721
721
721
721
721
721
721
725
733
739
740
736
728
723
721
723
732
755
741
732
730
724
727
731
758
736
732
723
723
723
729
731
731
731
731
728
728
727
727
727
727
731
733
731
729
727
727
726
727
727
756
756
746
730
730
727
727
726
729
753
745
784
787
779
737
717
718
718
769
789
777
743
731
717
715
715
719
721
721
720
720
720
722
728
733
735
733
731
731
730
729
729
729
727
724
734
747
744
731
727
730
751
754
745
735
748
782
776
754
736
726
724
746
769
765
739
726
723
721
756
790
789
755
734
745
723
712
719
718
719
716
718
719
722
723
723
722
721
721
723
723
722
722
722
724
726
726
726
726
727
725
724
725
725
725
725
726
727
726
724
724
724
724
724
723
724
724
724
724
724
724
725
726
732
735
734
729
726
771
779
765
752
735
763
764
746
730
721
724
723
722
721
722
723
723
723
723
723
724
724
724
722
723
725
724
724
723
724
724
724
725
724
724
724
725
724
724
724
724
725
724
725
724
725
725
725
724
734
744
742
732
724
723
721
721
722
723
723
723
723
723
737
747
735
728
728
740
744
739
734
729
727
740
756
746
741
736
731
729
727
726
726
725
725
724
725
742
748
742
742
743
663
744
744
745
745
746
744
740
737
732
725
725
763
779
775
747
767
774
758
738
726
722
770
796
782
765
724
724
721
723
727
713
700
711
719
718
725
723
720
722
740
742
733
729
748
774
777
766
734
725
723
722
723
743
763
762
745
738
723
721
721
721
721
722
721
721
734
751
745
729
726
726
738
759
755
735
727
727
729
742
753
749
736
734
738
731
727
727
729
731
732
731
731
732
733
733
732
732
731
732
735
742
743
739
744
758
757
748
762
792
777
749
729
723
737
769
779
760
741
731
732
724
723
723
723
722
722
722
723
738
744
746
736
729
729
726
727
729
739
757
772
774
754
743
732
734
739
735
729
721
721
721
770
781
771
743
753
775
765
734
724
723
729
752
766
774
773
774
748
737
728
731
725
723
725
715
747
734
721
723
726
717
721
725
725
723
746
744
731
721
721
753
748
745
732
720
720
721
721
721
720
735
751
742
734
728
723
740
775
760
733
729
726
726
736
754
737
726
726
727
733
736
752
736
733
727
727
740
759
749
731
727
726
728
738
751
736
727
725
727
741
754
752
734
733
726
727
734
753
741
737
735
736
728
727
727
728
730
754
763
754
738
734
728
729
728
728
729
728
729
743
756
750
741
735
727
725
727
728
727
727
726
726
727
735
734
734
735
733
729
728
746
752
750
754
786
776
758
729
727
721
728
730
727
727
723
721
725
720
721
722
722
722
723
726
730
750
762
766
757
737
727
732
760
749
734
726
739
763
762
751
775
781
771
753
741
730
722
724
726
727
717
726
719
720
722
719
727
729
729
726
724
726
730
728
727
726
726
726
725
732
732
735
737
728
779
786
779
758
741
738
763
770
753
722
720
730
762
767
757
755
763
753
735
729
717
721
724
726
725
724
723
723
743
707
715
717
718
719
723
726
730
735
734
731
729
727
726
727
729
732
733
733
731
727
724
724
724
724
724
724
768
763
762
766
760
763
748
737
776
800
796
752
699
721
722
714
719
719
722
717
717
718
720
721
727
732
732
732
732
732
733
734
733
732
732
733
729
726
722
722
722
767
779
787
795
775
744
737
756
745
733
726
720
710
730
726
727
723
719
720
734
766
760
746
733
726
721
721
738
753
750
754
773
773
758
744
752
752
745
734
726
774
782
770
748
725
719
715
719
719
719
720
722
728
727
724
727
730
733
733
731
726
729
757
762
759
748
750
774
761
739
736
730
728
723
722
721
737
773
778
759
755
767
766
748
732
730
722
728
728
716
715
718
720
715
722
725
725
723
722
722
723
725
724
725
725
727
735
734
733
728
728
738
768
775
765
749
735
733
733
748
783
780
772
748
725
721
737
755
751
741
732
740
768
758
741
734
722
720
720
722
736
735
728
723
704
717
723
729
747
742
736
774
790
773
732
722
718
719
721
719
750
783
788
778
737
716
718
751
793
784
753
736
718
720
761
780
767
759
750
744
731
722
724
706
709
715
718
719
711
759
779
772
752
721
718
721
728
740
759
766
753
743
736
730
724
726
733
737
