722
722
722
722
723
723
723
723
723
723
723
723
723
724
723
723
723
723
723
723
724
723
723
723
723
723
724
709
699
640
607
607
608
610
616
641
647
646
658
658
661
698
706
698
683
644
606
577
591
636
641
648
650
651
645
644
642
643
639
637
638
656
668
672
674
676
677
676
679
683
684
682
680
679
674
674
680
683
685
686
685
684
682
681
680
681
684
687
684
701
705
700
702
697
699
694
681
657
658
663
691
696
682
669
683
693
694
693
679
678
674
667
667
666
666
666
692
727
731
703
686
661
661
667
675
691
694
696
701
694
690
686
686
687
686
699
704
712
712
697
686
683
701
685
670
665
690
716
713
705
689
652
655
663
658
649
655
658
657
657
679
679
703
708
703
712
693
675
656
653
656
656
686
705
706
686
702
714
702
704
700
682
677
690
718
735
743
745
703
665
689
685
644
647
640
649
652
651
656
669
673
663
658
572
716
715
702
683
656
657
659
661
661
687
701
712
706
719
715
693
662
664
663
704
739
748
758
729
689
664
664
664
664
664
665
665
662
689
688
673
667
701
715
700
673
666
673
676
674
672
672
676
717
664
691
675
680
680
684
690
689
689
688
721
716
694
688
687
678
672
669
671
671
717
740
771
770
751
604
657
673
673
675
656
678
681
689
707
701
698
704
708
706
705
705
706
706
704
703
698
698
696
694
602
685
687
687
679
670
671
734
708
706
726
731
732
758
748
735
725
722
705
689
661
658
692
693
748
641
738
694
678
691
675
657
658
639
657
665
668
664
663
661
672
694
714
715
693
663
665
666
692
693
588
666
669
668
668
667
667
668
696
699
719
712
690
723
717
700
684
666
690
708
722
706
680
706
740
742
726
686
659
659
665
661
668
663
703
712
700
667
668
666
666
668
671
673
676
676
677
675
675
707
696
729
725
719
705
697
668
669
698
715
704
722
736
727
703
681
671
671
672
672
673
672
673
673
673
673
689
715
697
660
668
671
671
672
671
693
717
732
721
738
737
711
684
673
673
675
691
690
683
674
675
674
675
674
673
727
744
749
734
699
674
678
678
677
678
678
678
680
681
682
681
680
681
683
720
715
710
715
730
750
755
740
708
684
676
670
668
679
685
681
679
682
684
691
689
685
688
701
698
701
702
703
703
706
701
694
694
694
707
699
693
689
697
702
703
721
725
709
685
672
671
671
668
711
609
738
706
716
721
719
695
672
712
744
737
720
705
686
692
702
719
729
724
709
668
678
671
651
660
688
693
690
696
711
711
716
725
737
729
720
700
681
658
664
668
698
724
717
696
689
672
668
668
668
713
733
724
736
724
680
706
707
742
747
742
771
751
721
692
612
656
669
682
650
659
698
722
718
700
717
702
721
727
729
717
716
693
679
694
715
730
718
690
664
617
655
664
663
667
659
659
664
667
695
702
705
694
697
714
719
715
704
682
665
662
614
667
670
655
664
664
707
723
722
700
683
686
696
679
668
699
703
717
717
705
706
706
728
740
739
750
769
758
723
701
662
655
659
663
665
665
663
667
669
671
696
707
714
719
733
724
724
716
719
720
683
684
659
664
713
707
693
676
650
660
668
667
690
713
713
730
735
714
689
653
671
671
678
656
657
659
664
680
711
710
693
740
755
756
753
761
758
758
757
739
764
776
774
747
693
728
726
722
699
706
697
682
683
660
664
677
678
724
747
764
739
712
698
674
683
703
765
762
743
684
677
703
726
729
718
716
682
697
677
670
641
660
667
670
668
738
733
720
709
710
703
695
713
713
689
669
678
696
709
720
722
735
753
754
756
752
750
750
753
753
744
710
673
662
686
669
666
643
610
659
663
682
712
724
727
731
739
763
772
757
724
691
707
725
765
752
730
683
681
671
674
672
669
706
704
716
743
741
728
731
694
666
671
669
664
706
727
731
709
687
664
666
665
691
735
742
731
729
722
714
693
666
703
734
713
703
673
671
670
670
671
672
682
683
674
674
680
679
679
680
691
700
704
704
686
684
687
693
694
697
700
705
709
711
713
713
712
715
711
711
694
699
701
704
707
707
704
705
700
717
733
739
724
704
667
670
676
676
706
722
712
694
672
666
666
669
671
671
671
738
734
707
682
715
729
697
675
658
661
611
649
625
636
642
642
641
644
644
645
645
647
648
648
708
711
690
662
663
664
670
675
676
673
667
698
705
710
720
730
735
741
751
748
752
750
748
745
727
727
724
709
701
681
650
661
693
709
700
683
680
664
715
737
732
716
693
702
706
706
676
686
660
618
664
656
659
662
666
674
683
687
618
696
700
700
702
704
704
698
693
691
689
682
702
721
724
699
669
665
678
674
668
670
668
666
706
709
715
715
711
718
761
765
762
735
701
696
657
642
648
654
672
668
666
667
681
674
672
693
707
695
676
725
728
737
742
732
723
697
689
674
716
741
745
719
699
715
696
687
676
686
669
669
679
705
722
654
709
701
673
674
675
674
700
716
715
701
682
685
685
685
711
715
717
723
744
740
712
693
679
687
649
744
739
707
696
652
665
666
667
680
674
738
759
756
730
730
730
728
728
723
736
725
700
682
675
600
681
682
681
681
703
716
716
695
722
733
736
726
712
688
685
685
679
686
718
722
734
747
744
752
760
757
748
708
697
699
721
736
739
735
729
710
702
701
669
662
658
695
697
694
690
677
714
723
719
715
704
685
696
690
694
730
727
706
713
711
722
726
724
719
722
732
711
683
674
675
674
677
676
676
680
724
722
720
705
705
713
725
717
709
700
696
691
691
689
688
706
715
707
701
709
760
762
747
730
687
666
673
676
674
675
674
675
675
676
680
681
682
680
691
675
678
674
673
702
725
747
741
740
716
709
702
670
673
676
675
675
674
676
678
678
677
704
729
718
692
668
678
680
680
681
680
682
749
741
724
705
688
714
723
710
687
696
701
701
702
717
725
727
724
720
696
692
689
683
685
671
683
695
716
728
718
699
695
691
670
658
697
710
695
690
725
747
735
700
636
684
669
626
611
650
674
686
680
681
687
698
712
706
704
609
721
750
761
751
715
711
701
726
713
689
676
658
667
678
708
729
732
704
685
676
672
671
672
672
673
672
709
737
748
736
709
699
727
707
680
675
676
704
703
713
722
722
750
752
732
712
707
679
675
683
674
669
671
672
675
676
675
675
675
698
709
731
739
730
709
680
678
676
742
758
765
744
737
717
709
717
710
686
674
671
673
673
672
727
758
753
732
713
698
690
650
669
665
658
715
734
740
718
733
724
713
688
663
671
676
683
681
708
709
736
751
767
759
725
699
684
696
722
737
718
714
731
743
735
711
690
681
734
743
721
682
677
692
668
655
654
661
673
676
676
675
674
675
676
614
676
676
677
709
730
719
694
706
707
726
729
723
707
693
691
699
682
684
688
687
687
686
686
687
687
687
687
686
686
688
726
727
714
688
690
718
723
721
699
671
696
732
743
736
719
716
689
704
680
673
719
730
719
663
676
692
700
716
726
719
719
684
697
676
677
671
669
672
675
681
677
675
674
675
705
714
674
674
717
727
739
734
744
751
742
746
758
746
741
717
699
690
687
687
688
687
690
691
691
691
691
692
692
720
730
719
706
690
690
714
731
720
708
694
689
691
694
695
694
696
696
717
730
732
717
693
696
696
697
698
698
698
698
699
699
701
700
700
701
701
718
725
742
739
754
759
750
728
719
695
693
697
702
701
702
702
702
703
703
703
705
706
707
723
721
720
714
727
730
718
714
703
706
707
706
706
707
710
711
711
711
712
713
714
713
705
696
692
693
691
731
753
743
723
719
698
700
705
717
725
750
764
763
754
747
746
752
757
747
727
717
699
698
693
691
735
739
717
683
745
752
727
715
675
679
616
677
618
686
696
696
697
706
711
712
708
713
718
724
727
723
719
719
719
719
715
711
703
722
721
699
684
624
685
686
728
733
715
706
709
717
726
731
728
723
734
721
711
689
707
721
746
731
710
673
680
686
717
743
749
754
755
781
785
783
752
719
674
689
689
701
689
717
730
730
715
706
692
694
702
688
689
692
694
719
730
723
735
732
721
706
693
686
685
687
686
706
762
756
743
717
698
686
687
733
749
729
711
702
690
684
682
692
695
697
693
699
694
695
701
695
701
706
708
704
737
726
695
693
691
690
691
691
690
691
692
726
725
716
718
727
727
727
717
681
708
723
722
714
736
748
747
744
738
711
691
695
666
686
694
697
702
728
757
751
730
742
733
729
707
679
686
726
725
729
728
728
736
737
738
741
711
718
683
651
680
690
722
749
756
743
741
737
715
704
697
689
686
688
711
736
774
767
729
723
701
738
746
741
725
715
709
741
748
747
721
683
673
675
688
677
681
687
690
690
689
688
688
689
691
692
692
693
693
693
693
694
695
694
694
694
695
697
696
696
695
697
699
696
732
730
709
744
755
745
710
686
697
693
688
670
677
686
689
690
690
689
689
689
689
768
754
723
736
745
754
751
733
748
751
764
772
773
658
731
688
644
669
643
641
663
653
646
650
658
665
661
659
666
667
704
724
700
683
665
672
682
722
649
737
736
752
746
740
736
734
732
735
733
735
730
714
725
717
684
684
694
662
675
679
681
681
681
685
701
714
723
737
736
728
717
728
732
719
700
684
714
742
751
735
706
723
727
724
730
746
767
765
746
724
702
659
654
678
696
713
729
732
716
702
717
720
707
696
682
680
719
725
747
768
765
763
739
709
680
687
742
741
718
714
715
695
734
754
756
744
723
686
664
704
698
686
665
679
688
691
690
688
694
708
710
709
706
697
709
718
727
731
731
738
732
725
694
689
687
687
687
688
688
689
689
688
689
689
723
732
726
713
691
737
729
683
669
690
694
728
730
704
695
732
745
744
722
716
693
691
691
691
691
692
693
732
746
746
727
723
696
694
693
694
711
725
723
706
684
688
692
693
693
747
757
732
688
705
660
644
616
650
707
715
719
716
703
669
674
672
673
678
730
740
730
740
735
720
696
674
677
712
743
716
711
678
675
651
663
644
653
669
673
672
670
670
709
738
735
710
706
685
704
704
723
716
688
688
705
710
713
703
688
709
727
725
726
716
701
685
680
687
669
695
719
747
755
739
735
732
704
686
680
662
676
686
693
693
693
700
695
689
720
742
750
740
713
741
746
737
714
685
686
657
716
742
707
689
708
656
647
668
677
702
718
698
675
686
694
701
741
745
745
714
696
677
669
710
737
727
735
728
722
719
689
645
674
686
649
621
621
627
637
641
642
641
640
668
666
674
689
696
696
694
671
649
654
694
736
727
720
697
725
725
673
666
650
643
655
657
702
730
731
731
750
762
759
705
697
664
665
714
710
702
696
683
675
688
667
670
669
667
668
665
694
748
745
737
703
678
665
666
666
619
745
748
735
723
727
694
720
726
718
702
680
667
668
669
669
743
748
718
672
677
685
684
673
662
624
668
688
727
734
712
694
731
741
728
707
673
689
671
664
635
652
667
672
672
671
670
669
671
703
722
688
664
713
727
719
687
669
672
697
695
682
669
668
675
727
740
732
696
675
676
715
723
735
733
700
736
758
747
702
696
684
658
648
659
671
674
677
679
678
683
681
679
678
681
682
688
687
695
709
673
748
742
718
695
667
690
733
732
706
664
674
680
733
758
755
718
720
704
729
718
700
683
679
746
745
708
710
677
667
671
677
684
683
681
682
681
682
683
683
683
682
701
731
736
716
731
733
710
696
633
683
707
715
731
719
699
728
729
733
739
739
758
768
754
709
668
712
729
714
691
683
684
684
683
683
682
661
695
694
685
711
757
757
734
716
720
712
756
746
737
696
688
694
684
682
689
658
686
692
690
687
688
690
691
689
689
689
690
689
688
688
652
692
717
719
738
727
699
686
719
725
710
706
721
762
759
714
675
682
661
656
682
689
704
716
718
746
741
724
717
712
724
713
707
693
687
680
682
743
744
756
753
724
709
691
694
694
752
763
733
696
680
662
681
675
673
676
729
768
756
738
712
697
687
748
712
681
690
686
723
747
747
724
721
707
680
644
645
641
652
664
664
677
675
678
680
702
718
710
699
692
696
694
727
754
763
761
760
740
730
690
672
673
682
686
684
758
763
757
764
777
781
777
784
774
756
748
710
707
687
650
653
663
616
667
667
670
696
721
725
713
720
732
730
732
772
757
702
694
678
685
684
720
752
767
765
752
741
743
746
719
725
698
662
671
683
693
703
713
733
741
723
711
685
687
686
687
686
687
687
723
730
723
705
690
752
757
743
715
690
689
691
691
691
691
732
734
703
690
686
698
745
742
719
705
677
705
720
695
690
698
687
688
693
692
712
714
709
684
685
689
695
696
698
697
730
747
763
764
770
769
777
781
755
749
743
720
706
691
696
726
740
740
725
708
696
689
755
759
769
756
741
709
736
750
734
681
660
685
678
692
697
691
689
687
689
692
699
704
716
716
712
714
716
715
710
706
704
694
735
734
703
687
735
759
761
749
751
756
757
745
722
703
692
690
688
687
688
687
699
725
732
733
726
706
708
694
694
703
705
702
701
713
713
712
710
707
712
740
724
732
718
624
709
715
734
729
711
704
685
682
733
753
742
727
720
670
669
706
704
695
694
695
701
706
706
703
629
717
722
726
728
730
731
732
733
734
730
725
726
725
721
715
708
706
705
701
723
714
702
691
689
691
686
684
703
709
714
721
708
687
688
684
685
687
690
691
692
693
695
697
700
723
738
745
737
720
742
696
656
721
757
753
712
703
705
673
677
694
692
687
698
695
694
691
693
695
698
698
696
694
693
692
693
696
702
719
726
736
738
731
736
716
701
703
693
690
689
719
730
726
733
751
746
732
689
691
697
741
740
737
744
714
708
705
703
723
721
716
708
729
756
756
731
712
706
708
712
713
713
716
716
718
693
736
728
724
717
718
718
719
720
722
726
743
740
725
721
720
715
710
714
729
743
726
697
688
712
729
741
738
716
698
735
755
756
728
685
702
674
684
707
698
705
705
707
705
708
715
704
697
738
752
749
750
742
733
715
696
727
748
750
750
753
744
724
723
672
695
696
704
705
700
697
696
698
699
701
739
753
753
740
751
738
730
717
700
702
737
759
745
731
701
702
733
743
732
730
732
758
755
730
723
713
704
698
694
700
698
697
701
702
701
727
724
715
724
715
709
680
713
725
740
734
707
691
689
716
730
754
736
718
710
689
705
691
688
681
691
696
692
692
697
703
726
740
735
725
722
711
694
694
690
690
761
731
685
731
715
708
706
722
720
712
713
712
712
709
697
697
697
697
699
707
738
743
745
739
739
746
734
723
716
695
696
695
701
700
701
700
699
698
714
730
744
759
759
738
725
695
696
697
696
696
697
697
697
698
699
701
712
720
726
721
735
732
734
731
740
732
760
750
729
708
710
710
723
767
774
780
790
780
760
738
727
730
750
746
738
748
746
738
772
773
753
734
727
728
729
728
728
756
761
753
735
728
729
731
730
788
787
783
768
739
735
713
719
730
713
725
717
718
720
730
736
730
739
743
744
735
731
716
737
749
758
766
761
777
780
768
739
708
710
715
715
714
754
766
764
742
709
731
726
748
747
724
734
734
760
772
786
781
766
755
753
758
754
735
714
719
725
737
747
768
764
745
735
719
740
752
772
768
748
746
755
760
754
749
777
789
784
770
755
770
767
757
729
723
723
723
698
708
716
719
722
718
726
721
725
725
726
725
728
737
745
752
744
737
723
721
721
720
719
719
720
721
722
726
728
746
753
745
740
729
733
743
747
743
739
731
728
729
729
729
731
732
731
729
730
730
730
730
730
731
730
730
731
731
730
730
730
730
730
730
730
729
729
729
729
729
728
728
730
731
732
734
733
733
735
736
736
734
732
732
732
733
733
733
734
736
737
737
737
737
737
737
736
731
727
730
710
723
723
703
709
741
748
742
737
750
752
736
731
719
716
716
735
776
765
746
633
724
724
748
744
770
757
743
710
711
721
719
724
733
733
749
769
780
791
803
801
796
769
748
748
744
748
738
708
718
740
744
745
736
724
729
682
699
712
733
752
772
789
784
773
745
719
726
747
765
768
759
741
730
749
783
781
771
751
727
712
723
723
725
711
714
718
753
754
741
733
725
725
721
751
654
734
755
773
776
761
741
740
690
734
719
727
710
712
714
717
719
719
717
718
718
720
730
735
746
655
760
740
739
727
720
718
740
770
784
763
768
768
776
789
782
740
735
725
723
723
723
758
770
767
662
754
727
719
715
726
706
716
736
747
758
751
737
712
717
719
721
721
722
721
737
745
770
782
773
610
722
785
778
756
736
719
720
735
754
766
774
764
782
791
786
768
733
689
672
687
675
697
718
751
742
716
692
699
703
720
718
777
772
767
749
726
727
726
748
759
780
778
766
751
729
715
711
707
712
712
720
723
723
724
724
725
748
764
742
737
723
723
722
714
670
688
696
707
713
706
704
705
708
708
710
724
744
769
769
757
738
720
757
766
745
724
725
769
781
783
790
800
794
789
792
801
714
765
693
719
700
702
713
715
713
710
724
770
774
765
738
739
718
718
718
771
785
782
766
764
733
720
720
720
720
721
721
735
743
755
758
757
746
732
759
776
760
742
726
763
773
764
740
715
719
723
790
781
755
717
719
717
722
785
786
770
754
750
714
711
716
724
714
715
718
767
767
747
742
718
719
741
734
763
764
755
762
754
772
768
739
716
719
718
719
719
773
769
760
754
741
751
773
776
774
750
713
697
709
706
715
749
763
768
755
738
719
720
721
761
777
782
756
726
706
761
778
766
759
738
710
700
701
691
706
710
708
705
710
709
710
707
708
707
709
708
734
761
758
745
732
719
724
733
741
737
736
721
689
708
716
716
727
741
753
767
760
750
742
718
692
688
708
720
733
732
709
706
684
717
686
684
710
666
687
695
699
698
699
698
703
705
707
709
712
715
717
717
736
768
770
755
744
750
754
761
763
762
784
789
773
735
718
722
726
728
740
744
751
745
743
737
742
744
747
730
730
714
708
705
742
749
734
720
707
709
711
710
710
751
757
746
737
725
721
710
712
715
722
719
716
715
711
713
727
719
728
724
728
739
750
740
734
733
727
723
736
749
734
729
728
735
762
757
757
771
766
743
719
712
709
696
701
692
708
711
698
698
708
741
747
736
725
714
705
705
708
740
765
748
725
715
719
738
752
747
739
730
713
716
692
666
695
700
702
663
695
701
705
705
704
761
771
759
733
716
774
761
735
702
700
766
751
724
713
709
754
785
779
747
736
716
741
744
741
735
728
716
720
721
716
730
749
771
766
746
716
715
714
712
714
716
716
716
715
714
716
717
741
729
724
725
718
716
717
719
721
750
752
733
707
717
723
723
722
722
722
723
723
723
723
723
723
723
723
723
753
749
741
716
720
766
764
743
719
718
689
719
707
725
709
706
724
725
729
729
726
726
725
723
717
737
773
782
767
750
735
714
716
717
715
746
761
770
773
763
745
734
720
707
725
740
750
750
729
772
772
773
759
734
703
716
707
711
701
705
715
745
780
769
742
731
745
759
752
742
732
730
714
746
776
778
779
783
767
725
716
701
698
691
712
710
707
708
751
746
741
732
730
728
739
734
727
754
751
755
735
714
713
711
714
740
769
766
738
719
740
769
773
745
730
717
700
710
721
721
713
719
741
768
776
765
745
762
754
739
710
750
777
775
760
742
781
779
776
772
760
735
713
734
707
733
737
742
744
746
747
751
749
744
741
740
740
740
739
742
747
751
753
753
747
746
743
740
739
740
740
740
747
751
754
758
757
755
752
745
737
739
739
739
745
746
748
748
749
750
751
751
750
750
750
748
747
747
746
747
747
748
748
749
749
749
749
749
751
750
750
751
752
751
751
751
751
752
753
753
753
754
755
756
756
756
757
757
759
760
760
760
761
760
627
760
760
760
761
761
761
761
761
761
761
761
760
761
761
761
761
761
761
760
760
760
760
759
759
758
758
759
758
759
759
758
756
753
752
754
753
751
750
750
749
746
745
744
741
740
740
740
739
736
736
737
738
739
740
743
743
743
744
745
747
748
749
749
749
749
752
753
753
752
752
752
753
754
754
754
755
756
755
755
755
755
754
755
756
756
755
755
755
755
755
756
755
755
756
756
756
755
755
755
755
754
752
750
748
747
745
745
745
745
744
741
736
735
735
733
734
733
732
732
732
733
733
733
772
758
729
728
723
721
755
778
783
775
759
746
724
747
753
765
758
734
735
722
722
720
721
722
750
761
759
743
733
778
789
790
786
749
739
716
704
736
698
712
724
730
734
735
737
737
739
739
740
743
745
743
743
744
745
747
748
748
748
749
747
748
744
738
730
727
725
720
723
721
724
762
761
757
739
722
744
747
733
713
733
740
755
755
737
726
721
719
721
720
765
657
770
754
737
722
723
719
717
719
714
748
748
744
752
774
767
748
739
715
716
716
717
726
750
763
740
740
763
773
780
777
770
768
763
744
738
729
728
721
726
721
714
712
713
716
757
744
717
714
710
712
715
715
714
715
714
714
748
747
750
728
716
717
746
744
750
737
740
770
772
773
783
753
739
727
713
714
722
763
752
748
717
651
705
716
722
724
712
710
718
720
716
715
714
747
745
767
766
746
740
715
717
772
776
734
739
736
726
721
720
723
742
753
757
756
739
737
732
713
726
722
719
756
764
762
743
716
722
724
725
725
760
759
758
765
769
763
749
736
744
743
743
729
696
778
786
775
748
737
713
717
717
736
736
739
747
756
758
748
735
748
769
764
743
717
720
720
771
777
757
741
717
723
756
768
761
747
731
724
722
723
708
720
731
731
733
735
735
728
722
721
722
722
722
722
722
743
767
772
767
760
784
773
745
734
722
746
753
755
743
727
711
709
712
719
721
763
774
740
732
684
698
707
717
690
704
707
712
712
711
711
711
712
714
715
715
717
719
719
723
724
727
732
743
766
767
753
742
723
732
737
