789
778
770
748
767
794
808
811
807
801
815
826
822
813
811
803
794
786
788
793
799
811
820
824
826
837
838
836
832
829
822
813
791
779
772
772
793
816
817
813
813
808
804
805
793
794
786
781
780
801
818
824
826
826
825
833
838
833
824
814
811
814
811
806
799
794
787
780
780
806
798
790
787
701
767
763
806
814
813
811
810
808
801
781
774
775
775
775
768
764
802
799
781
774
777
801
812
790
781
774
768
771
797
802
780
768
743
744
766
780
808
812
809
806
800
806
812
815
813
802
777
757
752
749
750
748
768
784
778
768
764
756
758
749
749
744
744
741
766
808
806
806
797
789
785
764
755
752
754
756
758
759
787
805
811
812
809
807
797
774
754
752
752
754
754
754
755
756
753
745
745
744
745
745
745
781
795
784
770
767
798
799
786
778
769
764
752
752
754
796
807
808
805
800
809
810
795
782
773
752
760
763
786
811
817
819
817
812
796
782
791
787
768
762
761
758
757
758
778
802
796
787
779
777
800
811
806
797
802
798
800
797
787
774
760
770
801
807
803
794
804
802
792
781
785
791
810
801
800
803
800
780
781
786
771
766
763
761
762
775
805
811
798
795
792
770
747
750
746
746
739
740
743
745
793
800
787
771
785
793
798
786
779
772
764
749
749
745
742
743
746
745
744
745
750
756
760
765
768
769
775
784
788
789
780
763
756
758
752
749
769
782
773
769
765
759
767
784
803
797
781
766
758
748
748
752
752
752
755
759
781
789
798
808
810
807
778
779
765
765
770
799
817
824
825
824
831
833
826
821
808
803
797
783
781
770
769
766
760
755
754
751
800
811
804
796
806
819
815
804
798
816
822
807
789
776
768
742
748
773
801
797
799
798
808
803
792
787
785
781
777
769
764
737
749
749
751
754
755
780
775
775
781
787
791
806
801
802
800
727
794
791
822
815
799
779
778
771
751
753
745
729
715
720
750
754
775
785
789
791
788
769
757
787
681
802
808
810
810
812
807
797
782
769
761
765
765
762
762
761
757
749
748
758
768
768
757
752
752
756
759
764
764
763
762
788
807
800
793
785
775
758
769
772
771
771
774
794
802
810
812
815
807
794
792
776
766
766
767
766
767
766
766
766
766
761
751
745
770
772
790
797
799
799
813
820
825
824
822
817
805
796
786
763
765
765
764
765
762
760
777
766
753
754
759
800
799
790
776
775
770
769
791
807
803
800
795
787
764
748
765
803
809
808
806
800
793
791
776
769
767
764
763
816
822
809
809
819
818
806
792
802
815
817
817
817
823
829
817
805
794
779
767
768
770
770
771
771
769
798
790
805
807
797
791
784
777
793
791
790
795
784
781
776
765
745
742
744
750
753
795
813
810
805
801
781
775
772
766
780
784
780
769
764
754
750
747
752
755
754
753
752
751
752
752
752
751
752
760
757
755
779
805
810
807
798
791
784
773
774
762
754
762
757
757
759
760
755
750
739
764
767
761
759
761
767
768
774
777
769
769
767
762
762
765
766
765
759
756
808
812
799
786
782
777
785
791
791
785
778
769
760
749
791
785
779
774
767
760
752
748
743
793
817
818
821
823
825
837
830
830
820
814
798
784
799
794
785
773
756
757
754
750
753
754
750
767
762
781
779
777
770
771
768
791
814
821
825
825
831
828
830
828
823
818
817
819
820
825
810
809
806
798
784
767
749
755
765
765
766
769
769
768
768
767
764
752
750
779
782
780
773
769
781
763
811
812
810
808
808
814
809
792
782
809
815
817
812
811
807
790
783
772
770
770
769
790
807
805
806
810
819
815
809
820
818
816
812
804
791
800
810
807
796
777
756
747
751
759
762
814
813
807
805
809
807
795
791
774
772
773
773
775
774
771
796
813
818
811
807
801
788
788
777
776
813
818
816
807
789
789
810
827
821
818
809
791
797
788
779
784
765
763
765
775
770
774
782
785
772
777
768
791
802
800
794
792
798
791
785
781
773
774
783
778
781
778
775
771
807
816
810
806
803
800
812
818
819
814
814
809
825
828
826
826
825
817
816
818
819
818
819
818
811
787
772
764
761
756
755
798
821
820
815
826
829
826
823
825
823
818
815
799
773
770
809
820
809
806
801
804
793
790
793
780
755
750
759
752
734
735
745
753
780
797
806
804
803
802
796
804
799
798
794
788
781
782
818
824
806
780
770
746
748
749
748
747
748
747
747
747
747
747
747
747
747
773
770
755
746
746
748
749
632
747
746
747
748
748
749
748
749
750
752
753
751
755
766
767
779
771
762
749
752
762
760
774
783
780
771
769
744
767
757
753
752
755
758
757
770
779
776
769
770
776
819
818
812
798
787
804
802
793
777
781
785
766
775
788
793
794
793
789
783
774
765
736
748
753
751
749
748
747
748
785
810
811
802
793
789
798
796
784
792
805
796
782
787
785
782
772
763
786
808
806
803
796
786
765
773
756
751
750
769
760
758
746
744
751
757
752
751
758
762
765
759
752
751
753
751
750
747
748
753
752
754
787
794
787
780
770
769
800
799
804
812
815
817
815
808
788
791
790
795
787
779
776
786
787
783
776
778
778
774
807
810
806
779
770
763
736
747
751
739
736
736
744
759
770
767
766
770
764
804
811
795
785
784
809
816
803
794
798
811
793
787
784
783
792
812
811
812
808
798
780
783
761
757
757
757
755
754
758
772
786
787
790
788
782
780
791
779
769
780
781
781
784
781
774
766
761
758
760
776
775
779
785
784
775
765
735
779
810
815
814
818
816
811
786
768
756
770
776
780
761
765
765
763
752
757
769
788
792
792
791
790
807
812
813
803
813
815
818
819
818
815
816
827
816
815
817
818
813
801
798
792
782
771
792
798
797
791
785
791
815
814
814
803
799
800
799
792
782
777
751
755
776
798
808
802
799
795
786
776
783
767
763
762
760
757
756
780
814
819
821
827
825
820
816
811
802
796
813
804
807
815
816
810
802
795
792
800
798
791
789
787
782
772
764
783
805
805
797
795
793
780
767
745
767
754
771
766
762
760
757
755
753
752
750
753
748
776
798
798
795
784
767
752
771
808
810
800
789
774
768
747
750
752
776
797
795
789
788
783
775
774
763
758
759
757
760
781
775
777
776
781
782
783
777
790
796
819
821
809
817
816
811
798
787
768
708
763
758
756
758
761
761
767
775
772
769
769
787
789
793
802
800
802
803
800
792
803
819
815
811
806
809
815
822
811
802
787
777
768
762
752
748
763
764
771
787
778
768
762
761
759
754
763
763
761
771
779
778
782
777
763
768
781
787
787
784
777
769
796
811
819
819
819
814
812
801
784
739
768
763
761
759
762
754
758
756
760
755
747
756
760
780
792
789
781
780
778
772
746
750
756
773
819
820
822
820
822
839
835
828
818
807
788
765
760
763
766
766
796
807
816
816
813
806
798
778
753
752
750
746
747
748
749
764
771
776
796
792
789
786
798
812
812
805
800
802
804
799
798
790
785
783
783
784
783
782
780
777
774
762
760
766
773
774
773
771
770
770
768
768
766
767
767
766
766
764
760
759
740
750
753
754
752
749
766
768
791
814
811
806
800
795
792
788
777
794
817
808
803
797
785
753
786
802
809
811
809
806
814
825
818
808
806
805
832
834
824
825
823
816
799
780
771
770
767
767
766
757
797
817
815
809
799
807
814
804
790
785
796
809
813
804
806
820
819
817
813
794
749
735
747
756
759
758
756
790
811
820
817
817
815
828
831
829
820
814
805
781
795
784
768
771
756
751
767
780
787
792
786
784
773
758
761
758
756
754
756
758
760
766
744
745
748
746
762
768
758
749
749
749
750
751
755
759
759
762
774
800
817
825
826
824
822
813
808
825
828
825
824
823
817
799
806
808
810
808
804
796
792
815
812
805
801
802
801
795
801
792
795
792
750
799
795
788
777
765
744
753
756
773
793
796
792
815
820
821
813
817
820
812
788
787
769
775
776
696
776
776
784
805
794
789
788
782
764
767
769
767
766
796
811
813
814
811
805
790
777
792
806
814
822
830
830
827
831
825
815
813
808
811
802
790
773
764
760
722
714
746
754
746
735
742
765
781
803
812
810
808
810
810
806
808
811
813
812
808
805
805
796
787
788
778
778
795
795
794
805
805
802
798
792
789
784
765
788
811
816
812
818
823
828
814
810
808
781
723
713
722
745
754
752
741
718
688
691
692
702
707
705
701
702
705
707
710
713
719
751
771
766
762
755
737
709
713
712
714
751
774
772
770
768
767
766
762
760
748
753
758
760
766
771
773
773
780
784
775
787
792
788
782
783
788
784
785
781
776
765
752
740
735
713
724
722
720
732
733
741
744
728
730
738
736
733
730
734
735
736
736
736
770
799
798
798
801
800
813
798
766
764
762
774
774
800
801
802
800
790
768
752
759
734
733
733
734
735
736
736
737
738
779
785
784
788
791
784
768
779
802
802
803
804
804
798
783
765
744
745
747
750
751
751
749
754
799
805
788
777
766
753
737
741
741
803
807
789
766
664
747
743
740
740
740
740
758
775
765
761
762
755
749
742
734
782
791
785
772
768
767
756
742
731
640
736
760
786
796
790
777
753
751
734
732
731
730
730
730
786
802
800
786
760
746
737
735
735
804
809
797
786
787
774
767
754
753
756
757
759
782
805
817
816
815
815
811
799
769
754
789
799
798
800
821
822
814
799
791
767
758
745
740
737
738
779
778
759
757
753
748
745
743
745
748
754
755
756
754
754
756
756
754
753
752
751
743
731
733
731
730
744
756
746
738
736
738
762
768
779
775
765
752
744
733
728
732
746
769
769
767
762
758
750
767
753
766
779
777
771
763
760
752
754
739
743
743
742
751
753
753
765
801
807
800
793
785
770
755
756
758
757
763
787
790
799
801
794
785
775
757
762
765
765
763
755
749
749
748
745
745
779
796
786
776
768
790
804
802
801
803
797
803
799
800
800
799
787
735
754
741
737
736
725
710
697
698
711
714
714
713
715
713
715
719
724
728
735
746
746
749
749
747
774
785
787
804
815
815
810
801
784
792
791
792
788
776
779
788
787
782
770
770
769
763
761
754
740
764
807
809
809
800
785
792
803
799
800
800
803
802
785
768
759
753
745
744
749
754
778
775
805
810
806
798
791
793
797
800
803
798
795
812
816
806
800
792
784
774
761
761
754
749
745
745
746
747
746
746
746
746
748
755
758
763
762
761
754
759
760
759
768
775
788
787
781
779
777
773
771
762
760
759
763
765
765
765
763
764
767
770
768
768
769
790
804
803
802
799
796
798
799
800
800
798
796
795
795
795
795
795
797
797
794
792
792
790
789
789
789
789
789
789
788
788
788
788
786
786
785
777
739
754
749
750
751
751
750
748
749
750
751
750
751
750
751
751
749
748
750
752
755
756
758
758
759
762
763
765
766
766
763
697
707
697
690
690
723
750
773
775
780
779
767
764
785
769
766
746
728
730
721
722
732
743
738
742
742
742
739
733
726
732
787
797
792
786
785
773
775
790
792
790
791
795
792
790
777
761
746
747
745
749
749
644
759
795
802
795
781
758
780
794
793
789
791
798
813
815
792
772
754
734
725
726
728
742
747
759
751
747
746
738
764
780
780
777
776
769
758
742
739
743
733
714
706
704
701
727
743
731
723
756
759
750
743
735
725
715
708
740
764
767
764
765
762
762
753
741
737
725
708
729
735
729
722
721
727
733
735
725
727
735
740
740
739
741
743
747
746
743
741
740
743
745
746
743
738
730
727
724
724
729
734
735
737
742
742
780
800
802
798
799
795
780
762
749
776
780
771
766
758
748
772
804
802
778
757
749
727
725
727
763
769
744
745
731
728
729
732
730
731
730
730
730
730
731
730
730
761
788
774
754
744
744
730
787
801
794
784
779
779
781
784
784
783
774
765
751
748
745
772
785
788
782
784
779
766
767
733
723
718
716
724
723
727
729
727
740
768
766
775
787
808
817
818
813
770
788
786
790
785
782
784
786
783
784
773
771
773
768
770
781
796
800
793
785
779
757
752
749
743
743
729
737
728
701
706
761
777
788
774
774
771
767
785
784
761
758
755
753
749
730
738
769
796
800
804
805
804
798
784
774
795
810
810
812
812
811
809
800
788
774
771
755
757
710
761
754
749
745
745
743
745
747
738
748
752
754
762
764
752
753
752
751
750
748
746
747
745
742
730
720
646
720
721
721
727
771
768
755
743
745
756
761
755
757
764
761
757
761
784
774
762
753
746
741
727
728
727
731
732
732
732
732
733
733
732
728
729
728
786
779
770
765
760
743
742
743
743
744
787
785
776
762
745
737
720
764
768
764
756
749
745
743
740
743
755
762
767
764
765
765
780
802
790
786
779
774
778
776
797
800
797
798
797
805
810
803
779
759
757
735
731
759
793
799
804
806
812
796
783
772
774
774
774
774
766
762
785
794
787
787
791
810
813
804
787
780
771
773
807
765
798
800
802
806
803
799
793
781
772
775
769
768
771
759
751
719
724
725
726
735
739
738
745
755
756
756
755
757
759
760
760
759
761
763
765
767
771
770
766
772
772
774
771
766
783
787
785
782
780
796
811
816
811
806
804
801
809
810
809
807
804
793
783
773
754
755
753
775
774
763
716
787
793
794
791
795
802
807
803
801
794
775
748
701
706
691
720
730
727
720
712
691
691
693
704
703
726
790
797
786
779
787
802
781
749
753
731
724
754
780
789
783
777
776
788
784
774
773
777
780
764
741
746
740
739
738
736
734
736
735
733
713
721
729
747
772
760
756
749
738
722
724
729
809
812
798
794
799
801
806
795
787
781
778
773
797
802
798
794
796
803
804
790
781
776
772
779
783
771
769
761
763
763
786
791
782
782
800
803
793
790
792
804
784
779
765
755
740
791
800
797
792
792
783
756
749
745
747
747
744
751
752
786
812
813
814
809
804
797
811
812
805
790
769
760
754
744
746
744
746
767
778
759
759
757
760
764
761
766
753
750
760
779
776
777
781
763
765
774
778
780
784
803
806
809
809
813
800
794
782
765
746
737
762
799
807
808
808
810
789
760
744
749
748
747
747
784
793
791
794
793
799
786
791
790
792
787
775
774
771
767
766
765
753
755
758
759
757
750
750
751
752
753
751
751
752
786
801
795
791
787
785
787
803
784
779
770
770
774
769
768
750
743
742
740
739
744
748
750
743
746
767
770
775
785
791
791
789
779
766
787
796
795
782
765
759
748
761
780
770
771
779
780
776
758
753
742
812
820
802
792
798
800
790
772
763
770
777
788
765
783
770
767
761
756
760
767
760
756
821
823
812
772
770
757
768
756
750
750
760
778
781
778
767
723
788
806
815
817
818
819
820
820
826
819
823
827
825
816
815
820
811
813
815
814
804
807
802
783
772
767
770
759
756
755
753
761
759
756
785
812
812
808
806
798
777
791
801
807
808
807
807
805
794
795
790
785
791
785
784
783
780
772
751
736
748
732
729
731
732
732
734
728
730
733
734
734
732
733
734
734
734
733
733
734
734
734
734
733
734
734
734
733
732
731
732
732
732
732
732
732
731
732
732
732
732
732
732
732
732
732
732
732
732
732
732
733
732
732
732
732
732
732
732
733
732
731
731
731
731
731
731
731
731
731
731
731
731
731
731
731
731
731
731
732
731
731
731
731
731
731
731
731
731
731
731
731
732
732
731
731
732
731
731
732
731
732
731
732
732
731
732
732
732
731
732
732
732
732
732
732
732
732
732
732
732
732
732
732
732
731
732
732
732
732
732
732
732
732
732
732
732
732
732
731
732
732
732
732
732
732
732
731
731
732
732
732
731
732
732
732
738
732
735
730
732
732
732
734
734
733
735
733
735
735
735
736
735
736
736
736
736
736
736
737
738
738
738
738
738
738
738
738
738
738
738
738
738
738
738
738
738
739
738
738
738
739
739
739
739
739
738
739
738
739
739
739
739
739
739
739
739
739
739
739
739
739
739
739
739
739
739
739
738
738
738
739
739
739
737
739
739
738
738
738
739
739
738
739
739
739
739
739
739
739
739
738
739
740
740
740
740
740
630
740
740
740
741
741
741
741
742
742
743
746
747
747
747
748
748
748
748
748
748
748
748
748
748
748
748
748
748
748
748
748
748
748
748
748
749
748
748
749
749
749
749
749
749
749
749
749
748
749
749
749
748
748
748
748
748
748
748
748
747
748
748
748
748
747
747
747
747
748
748
748
748
748
748
748
748
748
748
748
749
749
749
749
749
749
749
748
749
749
749
749
749
749
749
749
749
749
749
749
749
749
749
749
749
749
749
749
749
749
749
749
749
749
749
749
749
749
749
749
749
749
749
749
749
749
749
749
749
749
749
749
749
749
749
749
749
749
749
749
749
749
750
749
749
749
749
749
750
749
749
749
749
749
749
749
749
749
750
750
749
750
750
749
749
750
749
749
750
749
749
750
750
750
750
750
749
750
750
750
749
750
749
750
749
750
750
749
749
750
750
750
749
750
750
749
749
750
750
750
750
750
750
750
750
750
750
750
750
750
750
750
750
750
750
750
750
750
750
750
750
750
750
750
750
750
750
750
750
750
750
751
750
750
750
751
751
750
750
751
750
751
750
750
750
750
751
751
750
751
750
750
750
750
751
750
751
751
750
751
750
750
750
750
750
750
750
750
750
750
749
749
749
749
749
749
749
749
748
748
749
749
749
748
748
748
748
748
748
748
748
748
749
748
748
748
748
749
748
749
748
748
748
749
748
749
749
748
749
749
749
749
749
749
749
749
749
749
749
749
748
749
749
748
749
749
749
749
749
748
749
749
749
749
749
748
748
748
749
749
748
749
749
749
749
749
749
749
749
749
749
749
749
749
749
749
749
749
749
749
749
749
749
749
749
749
749
749
749
748
748
748
748
748
748
748
748
748
747
747
745
744
741
743
742
743
743
743
743
742
743
743
743
743
743
743
743
743
743
743
743
743
743
743
743
743
743
743
743
743
743
743
743
743
743
743
743
744
743
743
743
743
743
743
743
744
743
744
744
744
632
743
743
744
744
744
744
743
743
744
744
744
744
744
744
744
744
744
744
744
744
744
744
744
744
632
744
744
744
744
744
744
744
744
744
744
744
744
744
744
744
744
744
744
744
744
744
744
744
744
744
744
744
744
744
744
744
744
745
744
744
745
745
744
744
744
744
744
744
744
744
744
744
744
744
744
744
744
744
744
744
744
744
744
745
745
744
745
744
744
745
745
745
744
744
744
744
745
744
744
745
744
744
745
744
744
745
744
744
744
744
745
744
744
744
745
744
745
744
745
744
744
744
744
745
745
745
745
745
744
745
745
744
745
745
745
745
744
745
745
744
745
745
745
745
744
745
745
745
744
745
745
745
745
745
745
744
745
745
745
744
745
745
744
745
745
745
745
745
747
749
744
745
744
748
743
747
747
745
747
746
748
748
746
748
745
747
746
748
746
746
745
746
747
747
747
746
747
747
747
747
747
748
747
747
747
748
748
748
747
748
748
748
748
747
748
748
748
748
748
748
747
748
748
748
748
748
748
748
748
748
748
748
748
748
748
748
748
748
748
748
748
748
748
748
748
748
748
748
748
748
748
748
747
748
748
748
748
748
748
748
748
748
748
748
748
747
748
748
748
747
748
747
747
748
748
748
748
748
748
748
748
748
748
748
748
748
748
748
748
748
748
748
748
748
748
748
748
748
749
749
748
748
749
749
749
749
748
749
749
749
749
749
749
749
749
749
749
749
749
749
749
749
749
749
749
749
749
749
749
749
749
749
749
749
749
749
749
749
749
749
749
749
750
749
749
749
749
750
749
749
750
749
749
750
749
750
750
749
749
749
749
750
749
749
749
750
749
749
749
749
750
750
750
749
749
750
750
750
749
750
749
750
750
750
750
749
750
750
750
750
750
750
750
750
750
750
750
750
750
750
750
750
750
750
750
750
750
750
750
750
750
750
750
750
750
750
750
750
750
750
750
750
750
750
750
750
749
750
750
750
749
750
750
749
750
750
750
750
749
749
750
750
750
750
750
749
750
750
750
750
750
750
750
750
750
750
750
750
750
750
750
750
750
750
750
750
750
750
750
750
750
750
750
750
637
750
750
750
750
750
750
750
750
750
750
750
750
750
750
750
750
750
750
750
750
750
750
750
750
750
750
750
750
750
750
750
750
750
750
750
750
750
750
750
750
750
750
750
750
750
750
750
750
750
750
750
750
750
750
750
750
750
748
750
750
750
750
750
750
750
750
750
750
750
750
750
750
750
750
750
750
750
750
750
750
750
750
750
750
750
750
750
750
750
750
750
750
750
750
750
750
750
750
750
750
750
750
750
750
750
750
750
750
750
750
750
750
750
750
750
750
750
750
750
750
750
750
750
750
750
750
750
750
750
750
750
750
750
750
750
750
750
750
750
750
750
750
750
750
750
750
750
750
750
750
750
750
750
750
750
750
750
750
750
750
750
750
750
750
750
750
750
750
750
750
750
750
750
750
750
750
750
750
750
750
750
750
750
750
750
750
750
750
750
750
750
750
750
750
750
750
750
750
750
750
750
750
750
750
750
750
750
750
750
750
750
750
750
750
750
750
750
750
750
750
750
750
750
750
750
750
750
751
750
750
750
750
751
750
750
750
750
750
750
750
750
750
750
750
750
750
751
751
750
751
750
750
750
751
750
750
751
750
750
751
751
750
750
751
750
751
751
750
750
751
750
751
750
751
750
751
750
751
751
750
751
751
751
750
751
751
751
751
750
751
751
751
750
751
750
751
751
751
751
751
751
751
751
751
751
751
751
751
751
750
751
751
750
751
751
751
751
751
751
751
751
751
751
751
751
751
751
751
751
751
751
751
751
751
751
751
751
751
751
751
751
751
751
751
751
751
751
751
751
751
751
751
751
751
751
751
751
751
751
751
751
751
751
751
751
751
751
751
751
751
751
751
751
751
751
751
751
751
751
751
751
751
751
751
751
751
751
751
751
751
751
751
751
751
751
751
751
751
751
751
751
751
751
751
751
751
751
751
751
751
751
750
751
751
751
751
751
751
751
751
751
751
751
751
751
751
751
751
751
751
751
751
751
751
751
751
751
751
751
751
751
751
751
751
751
751
751
751
751
751
751
751
751
751
751
751
751
751
751
751
751
751
751
751
751
751
751
751
751
750
751
750
751
751
751
751
751
751
751
751
751
751
751
751
751
751
751
751
751
751
751
751
751
751
751
751
751
751
751
751
751
751
751
751
751
751
751
751
751
751
751
751
751
751
751
751
751
751
751
751
751
751
751
751
751
751
751
751
751
751
751
751
751
751
751
751
751
751
751
751
751
751
751
751
751
751
751
751
751
751
751
751
751
751
751
751
751
751
751
751
751
751
751
751
751
751
751
751
751
751
751
751
751
751
751
751
751
751
751
751
751
751
751
751
751
751
751
751
751
751
751
751
751
751
751
751
751
751
751
751
751
751
751
751
751
751
751
751
751
751
751
751
751
751
751
751
751
751
751
751
751
751
751
751
751
751
751
751
751
751
751
751
751
751
751
751
