38.3327622377627
12.0867622377627
38.4207622377627
78.8327622377624
32.8887622377627
99.4247622377624
112.518762237762
56.0647622377624
63.0667622377624
70.7527622377624
86.0267622377624
58.8287622377624
99.9107622377624
42.7847622377623
13.5727622377623
13.7507622377623
-12.9712377622378
53.6167622377624
126.136762237762
109.788762237762
25.2567622377622
104.800762237762
80.0447622377624
80.8327622377624
42.614762237762
18.780762237762
6.19476223776196
22.7987622377621
91.9027622377624
101.710762237762
49.7447622377623
-16.6652377622377
-36.3492377622377
41.5927622377622
67.2547622377624
19.9787622377621
36.1867622377621
18.7827622377621
-1.25123776223793
58.3387622377624
-42.5532377622379
66.8447622377624
18.6127622377621
15.1107622377622
25.9127622377622
48.3407622377621
-11.4872377622379
35.9707622377622
-4.09123776223784
25.0607622377622
-9.81523776223774
25.8287622377624
50.9047622377624
48.9407622377625
7.40076223776256
2.94676223776266
-33.9312377622375
29.5607622377625
29.2667622377624
58.5227622377624
0.288762237762761
13.9067622377627
-60.5872377622371
35.9107622377628
3.64876223776277
16.4807622377628
-64.8952377622372
-70.7712377622372
-84.7572377622371
-5.17323776223704
39.3827622377627
24.9827622377627
39.4707622377626
61.4147622377624
-4.13723776223794
5.64476223776217
-35.5472377622378
13.4507622377622
20.8267622377622
-52.2692377622378
8.00876223776216
-17.3732377622377
21.6547622377622
64.5627622377624
-12.6352377622378
13.1847622377623
-11.1172377622378
45.5147622377622
-58.6372377622377
4.81276223776216
-47.1672377622377
-27.6472377622377
7.80076223776226
47.6487622377621
6.67676223776196
61.0527622377624
15.8267622377623
18.3667622377622
-7.71323776223794
10.2547622377621
41.424762237762
11.864762237762
46.214762237762
2.74876223776197
-0.445237762238136
25.0607622377619
62.3367622377614
48.7447622377619
10.740762237762
3.32676223776196
-3.60123776223804
-59.8912377622381
-71.477237762238
-18.007237762238
35.846762237762
-3.39723776223804
12.5447622377619
31.888762237762
47.7567622377619
45.9347622377619
-23.3932377622381
-25.4712377622381
30.1107622377619
3.93876223776176
-2.18723776223813
-2.18723776223813
0.314762237761862
73.4387622377624
44.2647622377621
25.910762237762
49.3227622377621
20.6067622377622
6.79276223776206
31.878762237762
-53.3212377622381
-21.4092377622378
-37.1592377622378
6.40676223776246
-11.7052377622376
-29.3212377622375
24.9767622377625
36.6227622377626
27.3707622377626
-41.8252377622374
11.3487622377626
5.24876223776266
-37.1552377622373
37.6527622377627
36.3107622377626
34.1307622377626
7.53476223776266
-2.74923776223753
-83.0172377622375
-18.3252377622374
13.2027622377626
33.5907622377627
18.9227622377627
42.2727622377628
-8.90523776223733
15.672762237763
-20.813237762237
-37.1112377622369
-2.42923776223694
-82.977237762237
-21.221237762237
-26.447237762237
24.318762237763
39.548762237763
53.4527622377624
14.4627622377629
55.0307622377624
34.2747622377629
67.2147622377634
73.8687622377634
24.056762237763
42.7707622377631
36.524762237763
54.4767622377634
82.5927622377624
57.1887622377624
-23.5252377622371
-25.6852377622371
-9.76923776223713
10.804762237763
8.11476223776297
-40.7172377622371
9.48276223776286
5.83476223776287
14.5867622377629
30.0127622377628
28.4107622377628
-57.5092377622372
25.7847622377629
43.0927622377627
16.4227622377627
21.1527622377627
17.2827622377627
25.6967622377627
-18.0692377622375
-4.08123776223754
-21.9712377622376
10.5307622377624
5.39076223776237
20.0407622377623
12.9127622377622
25.1707622377624
49.0887622377623
11.7187622377624
23.4747622377622
-61.1332377622377
23.9827622377623
2.30876223776227
-31.3752377622378
23.6467622377623
49.9947622377622
-57.8452377622377
-3.65923776223784
38.0647622377623
47.2687622377623
59.7867622377624
1.18476223776236
64.6607622377624
6.92276223776226
49.4947622377623
31.0307622377623
-19.3352377622377
-37.6112377622378
15.5687622377622
-24.6152377622378
11.7187622377621
49.9587622377622
28.064762237762
5.27276223776197
-49.8172377622381
-38.8792377622381
0.0727622377619639
-7.21523776223813
-52.9312377622381
-23.6212377622379
36.132762237762
-34.2892377622378
-2.13523776223784
-20.6812377622378
-8.27323776223783
0.388762237762066
-26.8352377622378
-50.0052377622378
28.8067622377623
19.0587622377624
35.0047622377623
-0.415237762237439
78.8807622377624
-21.5032377622374
6.59276223776256
48.1287622377627
45.6487622377625
21.5027622377626
56.0407622377624
-17.6292377622374
-9.80123776223743
-5.41123776223733
-4.49723776223723
73.9607622377624
33.7047622377628
71.5307622377624
94.0227622377624
-2.43723776223693
-21.573237762237
57.5307622377634
57.6627622377634
52.2907622377634
-11.103237762237
38.448762237763
38.8747622377631
29.1847622377631
33.6627622377629
83.2047622377624
15.2567622377628
70.9927622377624
-24.7112377622371
-18.6632377622371
15.7207622377629
40.0707622377629
10.6147622377628
13.5607622377627
36.1647622377626
-18.5692377622373
-74.0472377622373
-25.4292377622371
13.1687622377629
37.4807622377628
-70.7332377622372
44.2287622377628
-10.8192377622372
-32.1192377622373
13.9947622377628
38.5487622377628
74.3667622377624
84.3067622377624
-22.1372377622373
-24.7592377622374
-26.9292377622373
27.2827622377627
56.6907622377624
53.7207622377624
11.8907622377629
48.0667622377629
25.1387622377629
53.5887622377634
-38.4412377622372
-3.21323776223714
9.56676223776287
-25.8412377622371
-2.03523776223724
19.8967622377628
-7.68723776223714
38.6147622377628
17.7447622377628
1.01476223776277
41.0287622377629
5.35276223776266
48.9367622377627
4.64676223776247
54.3047622377624
17.1127622377625
-42.7412377622376
31.0907622377624
2.46676223776247
50.0027622377625
-23.9812377622374
-20.2432377622374
-89.7472377622375
-80.4212377622375
-45.4872377622376
0.194762237762362
-16.6352377622376
30.3187622377622
66.8927622377624
0.848762237762266
44.796762237762
5.73676223776206
30.7767622377619
8.49276223776187
-24.1972377622381
-33.1552377622381
37.5507622377619
23.224762237762
-11.039237762238
33.056762237762
74.3987622377624
-39.1992377622382
27.0867622377617
54.3727622377624
42.112762237762
43.3267622377619
5.43876223776176
33.6347622377619
-42.9232377622382
41.3047622377619
-6.81323776223814
16.6147622377619
39.3187622377619
-37.3912377622381
-67.2372377622382
27.7927622377618
-12.8832377622379
35.806762237762
22.196762237762
-19.9432377622381
6.36876223776186
29.102762237762
28.002762237762
-62.0272377622378
-29.2012377622379
25.7687622377621
-21.6752377622379
1.24676223776216
41.8867622377621
50.1407622377622
17.0567622377622
-62.7372377622378
-69.6772377622378
-57.1232377622379
-59.4992377622377
-11.0292377622376
-21.6392377622377
22.9587622377625
15.3207622377626
16.8527622377626
22.4507622377622
11.4347622377622
-47.1352377622378
-46.1912377622376
42.1767622377625
41.2787622377623
50.5847622377625
39.7307622377624
35.8447622377623
-31.8372377622376
38.0747622377625
-80.7112377622376
19.9147622377624
11.0767622377624
-6.13723776223753
-48.2492377622377
28.9527622377623
-6.08123776223773
-9.43523776223763
4.86276223776236
-18.0292377622376
43.9327622377624
-52.3752377622377
-9.98923776223764
-2.08923776223754
38.9087622377624
37.6867622377624
35.3527622377624
-58.3592377622376
-21.6372377622375
-9.50923776223764
-71.5172377622374
-19.8512377622373
-9.70323776223724
-56.4832377622373
32.9447622377627
42.3547622377628
31.0567622377623
14.8107622377624
-25.3272377622376
-37.3712377622374
44.6187622377631
24.8387622377632
36.3787622377631
48.5187622377631
48.5187622377631
6.03476223776316
3.58676223776306
50.3427622377631
51.904762237763
46.0167622377631
50.876762237763
9.34076223776307
7.50676223776306
-0.755237762236938
18.9207622377631
5.03276223776297
5.03276223776297
47.4587622377627
42.2187622377631
-8.48923776223714
-28.5692377622372
-8.00123776223734
40.1827622377627
4.66676223776256
32.7007622377625
-28.7392377622376
41.1307622377625
-4.27323776223754
40.1207622377626
44.1167622377626
24.8487622377626
-9.35123776223734
-51.6672377622376
-21.9172377622376
-40.8172377622377
14.0947622377625
-41.5472377622376
21.5747622377625
22.8827622377625
17.4887622377625
-23.2552377622376
-18.0352377622375
-1.79923776223754
-3.69723776223763
-6.64923776223763
-25.1292377622375
30.6347622377624
41.0167622377624
18.2587622377624
36.8207622377625
16.4007622377625
10.2607622377624
35.5767622377625
41.6687622377626
3.78876223776246
15.4507622377625
-6.53123776223754
22.6287622377625
-29.7692377622376
-52.0592377622373
2.55276223776266
-60.5112377622372
7.25676223776266
-38.6272377622374
-71.7992377622372
-54.7132377622376
5.85276223776246
11.6767622377625
43.2167622377625
36.9247622377625
-80.2592377622375
-27.9592377622375
49.9687622377625
50.7027622377625
-64.7292377622375
-1.01123776223763
-48.485237762238
21.2727622377621
26.8127622377621
39.9167622377621
51.5227622377622
39.3567622377622
70.8047622377624
31.0387622377623
73.1987622377624
69.0427622377624
-3.94523776223753
64.3167622377624
-16.4512377622376
-37.0612377622377
-15.6872377622377
9.06276223776226
0.764762237762262
-19.8312377622377
43.3927622377622
0.940762237762165
7.74076223776226
12.0047622377623
-29.1012377622377
-16.6992377622376
37.6767622377623
-1.31523776223774
17.6887622377624
43.5327622377623
36.9187622377623
9.33276223776227
34.4787622377624
41.9987622377623
29.4827622377624
35.4547622377624
-23.0732377622377
-34.0532377622376
36.3007622377624
50.2207622377624
-19.1292377622376
41.5287622377625
-3.12123776223753
15.0987622377625
8.93676223776237
33.3967622377625
9.65276223776247
24.4807622377624
39.9567622377623
4.64476223776227
-54.0732377622378
-37.7832377622378
38.8247622377623
7.02876223776217
35.8007622377621
79.1627622377624
15.2027622377623
8.64876223776226
35.6487622377623
4.11076223776247
59.6927622377624
49.7707622377627
72.4427622377624
9.39276223776277
-5.28523776223724
35.7827622377628
0.0067622377627643
27.4087622377629
29.2307622377629
-35.2612377622371
-35.4732377622372
-58.3532377622372
-94.2432377622372
-70.0852377622369
10.988762237763
23.3967622377629
12.680762237763
0.0147622377629659
-31.7652377622369
-41.6112377622369
-51.0252377622371
1.16476223776287
3.81476223776276
7.09476223776286
-70.827237762237
-77.2752377622371
6.91076223776276
-20.0552377622371
-79.8792377622371
-50.5792377622371
-14.7732377622371
49.2187622377629
-4.74723776223703
-16.5672377622369
48.642762237763
23.6987622377628
46.8067622377629
20.884762237763
42.480762237763
50.5487622377628
-3.52123776223723
-31.8212377622374
-22.9112377622374
-33.4872377622374
-15.6252377622375
-11.0052377622374
-18.3012377622375
31.2767622377627
-20.0132377622373
22.2787622377627
70.0267622377624
70.0267622377624
61.3987622377624
40.5507622377625
-13.6272377622375
26.2307622377625
-43.6052377622376
29.7587622377624
46.5387622377623
24.3287622377624
-28.2292377622377
14.0707622377625
33.6867622377626
44.344762237762
49.8967622377619
76.8587622377624
29.048762237762
15.336762237762
30.0967622377621
-4.10123776223794
-60.577237762238
16.992762237762
-27.253237762238
35.1707622377616
26.7767622377615
11.5067622377614
-50.7012377622386
-18.0432377622386
-19.6032377622384
-6.38123776223843
13.2387622377616
22.3467622377614
19.2327622377614
-23.4292377622387
-55.6192377622388
-49.5632377622387
-71.1632377622386
-27.9172377622385
1.63876223776156
4.52076223776157
-38.6752377622384
-54.3872377622383
-62.4552377622383
-51.7532377622383
-4.13123776223784
28.3667622377622
53.3027622377624
14.8647622377622
-32.9592377622379
-7.67523776223793
-23.4532377622379
6.01076223776217
1.74476223776207
15.8127622377621
43.2347622377624
-25.0152377622376
-3.61123776223744
45.4687622377624
45.4687622377624
20.4707622377624
14.1547622377624
37.9427622377623
5.69076223776236
35.5967622377623
-16.3632377622377
20.4727622377624
-4.29923776223754
-3.10323776223753
3.11476223776236
22.9527622377624
-14.1272377622373
-34.0392377622374
-32.3792377622374
-14.0032377622374
-17.9352377622374
1.46476223776246
26.5727622377622
-32.3632377622377
6.53076223776237
12.6467622377624
8.55676223776226
31.2127622377623
-28.8372377622378
-50.6272377622378
-67.2372377622376
15.5587622377624
24.9547622377624
-40.5832377622378
-8.47923776223774
16.1067622377623
-19.1152377622377
31.8907622377623
31.7167622377624
-44.6272377622377
-38.2052377622375
4.06876223776236
41.1307622377624
16.2807622377624
-9.67923776223773
-23.6652377622376
7.61276223776226
33.3807622377623
53.5427622377624
20.1027622377623
-22.7092377622377
27.8707622377623
61.2907622377624
56.2187622377624
-13.031237762238
20.0627622377621
-20.6852377622379
51.8387622377621
41.286762237762
15.2647622377621
5.75676223776196
-22.5772377622379
36.6647622377622
36.6647622377622
4.33476223776206
19.578762237762
-2.95723776223794
-53.769237762238
-62.625237762238
0.304762237761963
1.06476223776206
18.3967622377619
30.3127622377619
51.8887622377619
-17.683237762238
-8.53323776223804
-14.801237762238
9.80476223776196
37.5687622377621
-41.6932377622379
-81.0592377622379
26.2367622377623
-25.7732377622377
-22.9812377622377
-52.3252377622376
-23.4212377622376
22.8327622377623
43.6787622377622
27.5107622377621
-66.4172377622381
-38.281237762238
-5.61523776223773
9.28876223776236
42.8687622377625
37.8227622377625
3.47676223776237
22.8607622377625
-60.1752377622375
-54.0312377622374
-45.0612377622375
11.5987622377625
-13.8952377622374
-24.9892377622375
58.5827622377624
-27.5032377622375
-92.9112377622375
-34.1152377622376
36.6447622377624
44.3847622377624
33.7287622377626
-29.3752377622373
-0.845237762237339
-26.4672377622372
-30.5252377622373
9.85076223776247
-17.4972377622376
43.1207622377624
18.7187622377625
-29.2812377622375
28.7287622377625
5.64676223776247
-2.47523776223753
48.4687622377625
-91.3732377622375
-47.4392377622376
-40.7952377622378
-59.5332377622377
-72.3832377622378
-3.71523776223793
-34.0572377622377
25.4647622377622
-74.8492377622378
-10.3352377622378
0.512762237762061
24.6007622377621
23.8027622377621
-1.81723776223794
4.96476223776207
-2.63123776223794
9.72676223776217
15.3667622377622
-42.229237762238
28.7887622377622
35.4807622377621
43.5967622377621
43.5967622377621
39.268762237762
63.7687622377624
21.824762237762
-33.439237762238
-7.25923776223784
-32.2072377622377
-0.603237762237733
16.4527622377624
34.4467622377624
29.9547622377622
-37.1992377622379
55.5227622377624
55.5227622377624
2.62276223776227
45.6727622377623
31.7247622377621
-44.5432377622379
-6.16123776223794
27.9387622377621
-49.3832377622379
27.3227622377621
18.9127622377619
17.7967622377619
-32.0112377622381
14.9007622377619
49.1867622377619
-45.9812377622382
12.6327622377619
20.3947622377618
2.96076223776206
50.304762237762
1.93276223776216
-37.0732377622379
12.684762237762
-10.9592377622381
22.8507622377619
-14.5872377622384
-26.5692377622383
-9.35923776223834
-47.6752377622382
46.580762237762
