63.7400000000003
84.1440000000003
62.4400000000003
110.526
89.2740000000005
116.24
111.708
62.1779999999996
90.5399999999992
89.4419999999993
115.825999999999
66.0839999999993
66.0839999999993
65.8759999999994
95.2679999999995
106.975999999999
39.8239999999994
17.7559999999994
64.6619999999994
21.0879999999993
58.1219999999993
23.5219999999994
48.0439999999994
14.1459999999993
11.8959999999993
36.7219999999994
75.1619999999995
52.2859999999996
37.2519999999996
9.70599999999973
51.6319999999997
28.3679999999998
74.9399999999997
13.4419999999997
45.0539999999997
40.2499999999998
99.5699999999998
10.5939999999999
51.342
48.752
22.6519999999999
54.834
0.20799999999997
68.6020000000001
34.8020000000001
62.3360000000001
86.8440000000001
14.2740000000001
25.4680000000001
38.8740000000001
65.4260000000001
60.5240000000001
5.22000000000008
70.5100000000002
76.3220000000002
102.28
58.8280000000002
45.2720000000002
-1.44399999999985
88.9000000000002
74.5000000000002
30.0040000000001
44.9400000000001
30.6440000000001
100.552
65.9899999999998
81.2679999999999
95.5899999999997
57.2879999999999
64.692
16.2019999999999
19.1419999999998
67.8519999999997
95.7239999999998
75.7199999999996
93.9559999999997
69.1979999999996
65.0559999999995
79.3979999999996
85.6959999999995
39.0399999999995
68.0579999999998
-22.1580000000003
-13.2060000000002
43.0419999999997
48.7339999999997
52.2739999999997
29.6399999999997
56.2819999999997
53.5419999999997
37.0379999999997
61.1319999999998
-34.4340000000002
34.4419999999998
6.20999999999981
-9.62400000000025
55.4499999999997
14.1419999999997
62.9319999999997
58.2859999999997
65.7919999999997
31.6899999999996
18.6279999999997
22.1839999999996
29.9299999999995
41.8439999999994
-0.320000000000448
43.2839999999995
31.2159999999996
27.1859999999996
42.3199999999997
42.3119999999996
45.8599999999996
42.6679999999996
35.6479999999995
13.7379999999995
38.0279999999995
24.3139999999996
17.0779999999996
38.5919999999995
58.0159999999995
52.5639999999995
22.1959999999995
4.56799999999959
14.6439999999996
22.3599999999997
27.3339999999998
27.3379999999998
37.7599999999998
34.5099999999999
32.9179999999998
25.116
32.7620000000001
36.4640000000001
17.5580000000002
37.8940000000003
80.5780000000003
48.9280000000003
24.3380000000004
41.9660000000003
15.7240000000003
66.5060000000003
48.8720000000004
24.9640000000003
54.0020000000004
3.15200000000016
69.1380000000002
45.5360000000002
53.8380000000002
48.2280000000001
62.6360000000001
75.1960000000001
26.7240000000002
47.788
59.568
40.7020000000001
58.5340000000001
64.7560000000001
33.5300000000001
49.1720000000001
38.768
10.1560000000001
18.8240000000001
14.5839999999999
39.7900000000001
35.112
62.398
55.092
15.8579999999999
19.308
27.8319999999999
43.5199999999998
58.1639999999996
46.2619999999998
42.1779999999999
14.288
11.582
61.1139999999999
20.5799999999999
37.414
30.6579999999999
75.3019999999999
14.0979999999998
61.494
11.3960000000001
49.7120000000001
62.6500000000003
46.6400000000003
39.1940000000004
64.9540000000004
44.4440000000003
63.2560000000003
-18.5659999999996
4.0160000000003
0.964000000000283
5.68400000000031
13.9100000000003
1.71200000000033
59.4840000000003
-5.41799999999967
57.7940000000002
59.6100000000002
77.8940000000002
37.9600000000004
22.3480000000003
68.7920000000003
41.5700000000004
56.9940000000004
48.5940000000004
10.2700000000004
50.7480000000004
36.5960000000003
57.3040000000003
39.6780000000006
43.9180000000007
48.4340000000007
62.1940000000006
53.4780000000003
60.7960000000003
69.3460000000002
40.2640000000001
52.8460000000002
24.1620000000003
-2.58399999999961
67.0660000000003
39.9720000000003
-40.8279999999996
44.6740000000004
23.5980000000004
69.0520000000004
-2.08799999999951
35.4020000000004
53.8700000000003
44.8620000000002
48.6500000000002
46.0340000000001
-3.95399999999984
46.1440000000001
35.9040000000001
54.3940000000001
18.5140000000001
-0.0339999999998781
-27.7599999999998
69.2500000000002
79.4580000000002
55.0780000000002
62.4580000000002
20.2360000000001
34.4960000000001
14.4000000000001
53.5960000000001
32.9580000000001
44.0520000000001
55.7500000000001
46.7960000000002
18.048
13.4780000000001
54.6600000000001
24.1100000000002
57.4600000000002
26.7640000000004
26.8940000000003
52.5940000000004
68.6460000000004
41.1020000000004
67.0540000000004
52.4920000000003
59.8020000000002
11.8000000000003
14.4680000000004
59.3840000000005
65.8460000000003
52.0220000000002
11.9980000000002
56.4780000000002
-7.09599999999989
36.6160000000001
49.4040000000001
22.534
37.5500000000001
33.474
26.9160000000001
48.412
64.4700000000001
24.2700000000002
38.8380000000001
63.3880000000001
1.61600000000021
17.7480000000002
52.4820000000002
-0.491999999999962
61.1460000000002
65.3300000000002
18.8440000000001
31.2400000000001
56.6080000000001
50.316
38.49
83.816
-4.4380000000001
7.38199999999983
10.1999999999999
21.8859999999999
36.7339999999998
32.7959999999996
41.6659999999996
17.3799999999997
-3.80200000000036
48.5899999999996
53.0559999999997
-4.85600000000022
-0.12800000000027
18.5419999999997
25.3239999999997
66.9239999999998
5.41600000000028
50.1460000000002
53.4440000000002
66.0700000000002
41.7180000000002
23.4260000000003
-4.80399999999986
4.42000000000007
25.0480000000001
40.3540000000002
76.0380000000001
15.696
-64.304
-4.42200000000014
36.6239999999999
65.5639999999999
37.088
68.7959999999999
43.984
68.4539999999998
44.596
69.48
82.002
80.792
77.5939999999999
72.1459999999998
83.1659999999998
69.6319999999997
44.4059999999999
80.706
56.2359999999999
12.938
17.1419999999999
49.346
56.6199999999999
43.8719999999997
19.8559999999997
53.8959999999997
55.7499999999998
57.4039999999998
55.7539999999997
39.6199999999997
56.0359999999997
77.5559999999997
14.2159999999998
62.4959999999999
69.1919999999999
53.7919999999998
21.7899999999999
3.42599999999982
57.7479999999998
53.8419999999998
30.458
23.6879999999998
46.4019999999998
54.0979999999998
-20.2180000000003
30.7899999999996
57.2519999999997
59.9959999999998
73.4019999999997
38.502
38.8
67.0359999999999
28.5300000000001
22.164
42.2659999999997
58.2019999999998
62.8879999999997
45.1619999999997
60.9559999999997
42.3119999999998
27.3999999999998
31.5179999999998
32.1139999999998
67.9839999999997
37.8959999999997
30.2219999999998
63.2879999999998
80.1759999999997
42.3099999999998
26.3399999999998
32.0799999999998
52.8959999999998
47.2619999999997
7.2919999999998
29.1259999999997
33.1259999999997
71.2139999999997
-4.24200000000042
26.2839999999999
57.6019999999999
71.8139999999999
64.0699999999999
43.0039999999999
41.942
27.908
43.4499999999999
51.4279999999999
50.5959999999999
38.646
66.0219999999999
-0.822000000000116
58.3279999999999
69.2519999999998
38.9839999999999
6.09399999999994
31.078
61.6739999999999
9.85199999999986
1.98199999999986
15.9659999999998
11.3779999999998
32.8139999999997
19.3199999999998
1.15799999999979
20.3999999999999
58.1179999999996
73.7599999999997
11.1639999999996
16.9239999999998
-16.3180000000003
-13.7060000000002
-11.9420000000003
36.8099999999996
14.4659999999996
20.5179999999997
17.5239999999998
47.3399999999998
43.8639999999998
71.6019999999999
14.2979999999999
19.9919999999998
52.3719999999998
50.4279999999997
9.58399999999995
26.1579999999999
46.948
35.0139999999999
70.074
12.1159999999999
29.2579999999999
37.0719999999999
65.6719999999999
61.252
62.5899999999999
20.146
14.54
34.308
86.528
67.2660000000002
62.9060000000002
-29.8239999999997
11.8240000000003
49.9820000000004
23.6720000000003
41.3440000000002
44.7140000000001
21.2139999999999
46.84
61.6740000000001
56.6159999999998
23.3339999999997
14.3959999999997
47.0899999999998
71.8779999999998
40.7919999999998
31.4539999999996
61.1699999999997
32.3259999999999
30.008
22.374
9.56399999999996
46.254
17.236
21.4399999999999
11.4899999999999
48.3139999999999
34.5519999999998
16.3259999999997
29.4359999999997
40.7539999999998
67.2899999999999
6.62999999999988
27.2779999999998
30.516
60.5539999999999
46.4659999999999
51.9059999999999
24.3480000000001
56.4520000000001
33.1120000000002
37.3200000000001
41.9640000000001
27.5840000000001
53.5540000000001
40.0240000000001
57.9660000000001
62.7240000000002
22.7740000000002
21.6500000000002
41.6240000000001
49.3720000000002
57.4220000000003
32.1539999999997
37.7919999999997
50.9979999999997
-6.92200000000037
55.9119999999996
30.9799999999997
57.7979999999997
67.5939999999997
59.4179999999998
9.03399999999988
29.7739999999999
65.6439999999999
42.4399999999999
12.338
16.4379999999999
22.2999999999997
56.6599999999997
47.8179999999998
42.8839999999997
41.5439999999998
17.8139999999996
-0.206000000000358
39.4899999999997
42.5439999999996
42.3419999999996
30.674
25.7839999999999
34.4159999999998
43.9079999999997
19.2799999999996
46.2319999999996
51.7619999999996
40.592
61.63
32.134
44.16
41.75
26.4519999999999
-20.86
27.586
9.23599999999999
44.7059999999999
13.6779999999999
28.1519999999999
58.7979999999999
74.3059999999999
60.3119999999998
32.9759999999998
25.1239999999999
4.48199999999997
49.5639999999999
38.508
42.394
56.3279999999999
25.1219999999998
47.4019999999998
18.1979999999999
-7.38800000000003
29.588
-6.678
38.7780000000001
6.53000000000009
26.7320000000001
36.2580000000002
61.0580000000001
8.71000000000004
22.1300000000001
18.766
-32.224
25.7719999999999
29.366
43.612
53.0700000000001
29.744
-0.535999999999831
29.6940000000002
-5.01599999999974
41.4840000000004
53.9860000000003
43.6920000000003
65.9820000000003
31.2640000000002
11.8360000000002
33.4040000000002
63.9060000000002
43.3280000000002
57.3100000000002
35.3740000000001
46.4780000000003
61.2660000000002
63.8600000000001
32.3679999999998
40.4259999999999
51.2959999999999
25.832
37.696
-9.87400000000002
54.7860000000001
43.744
65.67
35.492
19.766
23.022
42.186
63.3380000000001
58.7740000000001
54.676
32.6200000000001
50.0480000000001
41.4620000000001
30.8800000000002
59.388
43.138
-0.875999999999976
-13.672
23.7299999999999
47.6099999999998
27.7339999999998
21.9959999999998
43.5719999999998
33.034
9.90999999999997
34.91
-35.6880000000001
13.1719999999999
22.5619999999998
22.5619999999998
7.07199999999978
-25.7660000000002
-8.40400000000022
21.1499999999998
57.0919999999998
44.6599999999999
44.0119999999997
33.5279999999998
14.3079999999998
30.0299999999997
37.9299999999997
51.8439999999997
44.8319999999998
27.6999999999996
27.6999999999996
27.6999999999996
27.6999999999996
52.7499999999997
31.7719999999993
40.5659999999992
18.4259999999992
65.7079999999992
44.5019999999992
61.8659999999992
53.2819999999991
4.64599999999916
7.50399999999922
52.7279999999992
61.4239999999992
29.6859999999992
11.9099999999994
41.9599999999994
16.1119999999995
61.4159999999995
39.4539999999994
5.11999999999932
20.5359999999994
47.9999999999993
-0.656000000000631
48.7759999999994
47.6379999999994
61.0519999999993
31.0999999999993
17.5159999999994
34.1159999999993
41.1619999999994
50.3419999999993
68.8919999999994
60.2419999999994
54.0659999999995
58.1919999999994
19.0759999999995
48.3319999999994
67.6099999999994
57.7459999999995
77.1919999999996
46.2419999999997
7.8979999999998
56.7979999999998
50.8439999999998
41.7579999999998
38.5859999999999
43.298
70.138
8.37200000000007
63.3100000000002
35.1900000000003
40.1680000000002
19.1080000000001
42.4100000000001
59.176
70.1079999999999
35.3119999999999
64.074
17.7919999999997
30.7579999999997
25.1399999999999
68.1039999999998
49.9899999999998
43.6899999999997
50.5099999999997
35.3079999999999
60.544
42.9899999999998
35.8439999999998
36.8979999999998
44.1759999999999
55.9539999999998
59.7279999999998
48.8019999999999
42.5519999999999
37.3599999999999
59.9559999999999
60.2119999999999
50.4619999999999
39.4399999999998
54.8439999999998
45.9259999999998
35.9239999999999
64.5959999999999
63.1619999999998
59.0399999999997
19.0839999999997
50.3459999999998
59.9699999999998
43.4439999999997
66.3779999999998
46.4099999999996
36.4179999999994
36.4179999999994
40.4359999999995
54.4139999999994
67.9319999999998
67.9319999999998
67.9319999999998
-3.52800000000025
38.5219999999998
67.0059999999997
46.4179999999998
57.9839999999998
35.8079999999999
50.4899999999997
69.4619999999996
28.4359999999997
49.9119999999998
48.8599999999998
47.4559999999997
4.50799999999958
35.5599999999997
59.1959999999997
49.9399999999997
-3.11200000000019
17.2699999999999
33.4919999999998
31.5679999999999
27.7219999999999
60.4959999999999
12.5999999999998
47.6339999999998
