-24.4616090534968
-7.93960905349677
11.9263909465032
-23.0756090534967
69.732390946503
-61.185609053497
67.122390946503
3.87039094650282
-116.645609053497
34.940390946503
-27.0276090534977
-4.27160905349767
-8.46760905349787
-18.7056090534979
8.39039094650182
25.816390946502
-67.4856090534982
-76.4516090534982
-30.8616090534982
-14.1936090534982
40.320390946502
62.310390946502
121.002390946502
-1.27360905349828
-70.7216090534982
-28.3776090534982
-5.41560905349817
-62.0776090534982
-55.9076090534983
-65.1356090534983
-61.8736090534983
-58.8756090534983
-68.0156090534982
19.982390946502
8.94439094650203
89.266390946502
67.686390946502
80.140390946502
0.520390946502232
-46.6756090534978
-22.5796090534979
-0.257609053497774
12.8983909465023
7.69239094650233
-28.3976090534977
68.774390946502
19.630390946502
-93.2036090534976
-9.96760905349767
29.526390946502
-29.7316090534977
-84.9376090534977
21.514390946502
-45.3416090534977
10.1283909465022
-29.4656090534978
-40.5476090534977
15.546390946502
-26.5976090534978
15.722390946502
-13.3076090534977
-50.2036090534977
-4.43760905349767
-16.8136090534977
-54.8596090534977
82.890390946502
110.544390946502
-25.3196090534976
11.1743909465025
37.366390946502
37.366390946502
-85.4256090534978
-87.7076090534977
-75.1296090534979
-76.8396090534979
-88.8176090534979
-92.1736090534979
-73.5736090534979
-86.1056090534979
-73.363609053498
-65.6636090534978
-30.5096090534978
-28.0676090534978
-13.9636090534978
-41.1716090534978
57.958390946502
11.0563909465022
76.924390946502
-47.6576090534978
11.4883909465022
13.4263909465022
-30.7836090534977
-69.0856090534976
18.342390946502
11.9503909465024
15.022390946502
24.698390946502
86.048390946502
-17.1356090534975
6.82639094650253
-26.0236090534976
-57.8396090534977
-45.7816090534977
-25.3556090534979
-8.91360905349798
-35.8676090534976
83.166390946502
-14.6596090534976
16.696390946502
-64.8456090534977
-2.35160905349787
111.986390946502
0.69239094650213
-33.2076090534979
-6.42960905349787
152.156390946502
-8.86960905349787
-31.127609053498
-65.465609053498
-33.6596090534979
27.502390946502
-26.561609053498
-35.3616090534981
-13.8516090534981
-8.55160905349807
-5.30760905349807
-2.18160905349818
-28.5776090534981
4.56039094650193
-28.5856090534982
-69.9736090534979
55.216390946502
-56.9656090534979
-39.5756090534979
1.52839094650203
17.356390946502
21.540390946502
15.138390946502
-4.02160905349797
5.62839094650212
-5.52760905349807
-51.8816090534981
-11.3476090534982
-22.2076090534982
-77.4316090534982
-31.3916090534982
73.070390946502
5.64239094650183
-67.4916090534982
-65.1416090534982
-14.6016090534982
-61.7536090534982
0.478390946501833
-82.5536090534982
-34.9876090534982
-13.0316090534982
7.19439094650193
-29.7736090534981
32.382390946502
-56.0076090534984
-4.97160905349837
33.472390946502
-46.3076090534984
29.658390946502
37.676390946501
-25.9496090534985
-32.1656090534985
23.596390946501
-77.4116090534986
-43.1336090534986
-77.2756090534987
3.03839094650152
63.786390946502
-36.1296090534983
2.72239094650173
-35.4476090534982
25.806390946502
11.2683909465018
108.368390946502
-63.8176090534983
6.76639094650173
27.178390946502
31.874390946502
14.5963909465017
88.058390946502
70.016390946502
-70.8636090534983
11.7683909465017
-3.74560905349827
67.832390946502
100.994390946502
-9.03760905349817
46.514390946502
-2.68360905349807
71.416390946502
10.7543909465019
9.26439094650193
114.696390946502
8.95439094650173
16.626390946502
14.1543909465017
-37.3756090534983
9.40039094650183
18.498390946502
-11.6176090534982
12.8483909465018
-12.0256090534982
-34.3496090534983
-4.92560905349828
-42.2596090534984
56.462390946502
-14.1216090534983
3.53639094650173
-30.7136090534983
-42.8916090534983
-13.8016090534983
-37.5456090534983
23.124390946502
-60.4276090534983
9.11639094650172
71.992390946502
25.920390946502
7.83439094650173
-62.6936090534983
17.738390946502
-10.8736090534982
-4.60360905349818
-42.7996090534982
-46.8476090534983
-47.9996090534983
-64.9916090534981
-7.30160905349787
-36.4076090534979
11.4183909465021
8.46639094650213
-36.9976090534979
-6.55960905349798
80.920390946502
19.246390946502
-29.9056090534981
-43.1836090534982
-57.8856090534982
-52.0636090534981
-27.211609053498
22.436390946502
3.22639094650202
-9.28960905349787
0.190390946502134
3.47239094650203
-7.13160905349787
-38.3276090534979
31.252390946502
-5.30560905349797
-41.553609053498
15.918390946502
-8.83560905349788
-79.8716090534978
-3.47760905349787
9.79639094650213
14.0803909465021
0.180390946502129
-65.5616090534982
-30.2056090534983
-75.0056090534983
-87.0796090534982
66.030390946502
62.926390946502
136.390390946502
1.96439094650192
-74.0176090534978
37.538390946502
-147.961609053498
15.814390946502
-125.181609053498
-56.7936090534977
131.384390946502
-21.5236090534977
-115.725609053498
-47.1456090534977
-63.1456090534978
-8.75160905349767
-19.1396090534977
-27.7176090534977
124.604390946502
81.090390946502
-3.47960905349767
-57.4816090534977
3.86439094650233
-10.3296090534977
-61.2116090534978
-42.7016090534978
38.736390946502
5.76439094650203
-16.3156090534981
-87.4316090534979
-4.30760905349767
9.01439094650233
160.830390946502
38.450390946502
22.142390946502
112.020390946502
-46.1536090534982
-24.2236090534983
85.696390946501
-77.3776090534986
2.60639094650132
8.04039094650123
96.384390946501
-59.6736090534986
90.364390946501
56.616390946501
-7.95360905349837
31.812390946502
22.372390946501
-48.4036090534986
-53.3556090534986
-29.1676090534986
-40.7716090534986
37.618390946501
37.826390946501
13.3283909465015
5.52839094650153
35.084390946502
29.602390946501
13.3103909465016
1.44839094650153
71.044390946502
-34.3956090534984
34.822390946502
-56.3856090534985
6.82439094650162
-21.8476090534982
-2.76560905349827
-5.09760905349818
146.568390946502
-16.0676090534982
-44.6456090534982
22.034390946502
-78.3956090534982
31.804390946502
-78.5336090534985
-75.6796090534985
3.84639094650193
44.322390946502
-15.5736090534979
-12.6296090534979
-7.37760905349798
-65.8776090534979
-77.0916090534979
35.038390946502
-3.82960905349788
53.598390946502
16.036390946502
89.842390946502
79.518390946502
-65.1956090534978
74.248390946502
-26.5016090534978
39.430390946502
14.924390946502
-60.2856090534977
-71.3276090534978
57.428390946502
8.99839094650233
54.842390946502
0.454390946502329
-78.8636090534976
35.614390946502
71.562390946502
9.88839094650233
-92.8096090534978
-1.27360905349788
66.956390946502
75.916390946502
61.184390946502
-27.2196090534975
27.346390946502
70.500390946502
110.042390946502
-71.0536090534978
-23.0976090534978
-43.4936090534977
-49.7816090534977
-43.3996090534977
-15.6656090534977
-19.4316090534977
-50.0176090534977
-98.2756090534977
-43.8876090534977
-66.6676090534976
-10.2136090534977
46.102390946502
-88.4616090534979
13.0303909465021
-15.3776090534979
-9.03560905349778
-44.2836090534979
35.732390946502
-4.52560905349767
5.82639094650243
76.896390946502
30.720390946502
-7.43960905349768
0.412390946502327
2.74039094650233
26.992390946502
-49.3756090534977
66.750390946502
-22.0896090534979
34.624390946502
60.374390946502
-9.20560905349777
68.286390946502
-85.0416090534978
3.70839094650233
-67.2096090534977
18.216390946502
-39.4456090534978
44.644390946502
-43.0036090534978
-53.1276090534978
-3.20960905349777
-66.3956090534979
15.718390946502
15.106390946502
-38.3216090534978
-49.6276090534978
63.274390946502
133.496390946502
-25.0396090534979
-41.6276090534978
77.606390946502
-7.06760905349788
97.038390946502
-27.8676090534979
93.504390946502
-41.0396090534981
-23.7336090534981
19.754390946502
65.740390946502
-38.6716090534981
40.258390946502
39.302390946502
-10.4676090534983
7.53639094650163
-21.7816090534984
60.184390946502
94.162390946502
6.12639094650163
-29.6956090534985
-5.37760905349818
7.68839094650183
-18.1896090534977
39.102390946502
-4.87560905349757
26.486390946502
33.696390946502
74.190390946502
13.1343909465024
-19.6116090534976
-42.8896090534977
46.656390946502
-78.8296090534975
5.97639094650253
-73.4756090534974
-45.1616090534974
-72.0776090534974
-42.9416090534976
42.664390946502
167.430390946502
-27.9776090534979
-107.081609053498
-64.855609053498
-11.8896090534979
103.390390946502
49.336390946502
10.6983909465021
-75.4536090534978
-12.5296090534979
-19.2996090534979
44.356390946502
158.062390946502
53.724390946502
82.104390946502
-49.105609053498
54.620390946502
68.520390946502
63.570390946502
-65.665609053498
34.818390946502
-12.4656090534981
32.972390946502
-51.3196090534983
-102.149609053498
-15.2696090534984
-20.8696090534984
22.828390946502
59.920390946502
48.464390946502
78.744390946502
-81.8216090534983
-73.8196090534985
14.0543909465014
29.440390946501
-14.2496090534987
-53.9456090534986
24.942390946502
1.11239094650152
2.45639094650153
-1.85160905349838
-42.4256090534983
29.988390946502
20.388390946502
-0.971609053498071
45.440390946502
62.026390946502
63.998390946502
58.114390946502
-3.87160905349798
14.806390946502
-50.6996090534982
-13.9756090534982
-113.499609053498
-15.9896090534982
-83.5596090534981
9.20039094650183
-30.9596090534981
-84.0576090534983
-9.65760905349828
-81.3756090534982
-65.7036090534984
-8.48560905349838
38.998390946502
44.652390946502
2.42839094650172
2.06439094650183
26.164390946502
41.910390946502
37.976390946502
19.864390946502
7.99439094650172
-64.3136090534983
-48.0976090534983
36.624390946502
11.1563909465017
13.8303909465018
56.574390946502
70.934390946502
-33.5556090534981
-64.1596090534981
-84.315609053498
43.156390946502
7.10439094650182
-48.9576090534982
64.318390946502
153.678390946502
31.418390946502
-47.2296090534981
18.142390946502
58.080390946502
108.288390946502
-13.489609053498
30.734390946502
56.386390946502
141.342390946502
68.760390946502
7.86639094650202
-28.213609053498
29.520390946502
-1.68360905349788
29.450390946502
35.170390946502
-15.539609053498
2.79639094650203
67.162390946502
156.472390946502
-78.3296090534978
-25.283609053498
-122.875609053498
6.43639094650213
-4.06960905349797
34.808390946502
-108.433609053498
-38.5116090534978
-115.591609053498
-148.109609053498
-201.527609053498
-95.2696090534978
74.472390946502
15.746390946502
-39.9916090534977
1.60639094650223
-25.1996090534978
138.590390946502
42.972390946502
108.968390946502
-60.1676090534978
33.512390946502
-82.0336090534978
8.07239094650232
2.80639094650223
100.472390946502
40.086390946502
49.618390946502
169.536390946502
39.754390946502
-4.52560905349758
-21.0436090534977
-95.8376090534977
-54.9376090534976
-29.7176090534978
125.282390946502
-67.1336090534979
-30.5796090534979
77.452390946502
47.000390946502
188.236390946502
-5.41560905349787
-135.225609053498
-142.163609053498
-26.2576090534979
-29.2436090534979
-115.901609053498
-98.423609053498
-89.2556090534979
96.322390946502
-39.8736090534981
-32.819609053498
-1.47760905349787
22.766390946502
128.302390946502
-57.5376090534979
-91.2896090534982
-74.3016090534982
-46.7656090534982
-57.9416090534981
-0.297609053497766
9.37039094650223
4.31039094650212
55.492390946502
114.392390946502
84.874390946502
-72.2816090534978
-52.4616090534977
-12.0156090534979
-96.4016090534979
-69.1576090534979
99.672390946502
-35.853609053498
107.860390946503
-40.3436090534971
-2.34560905349707
-10.1036090534972
-5.17360905349737
0.552390946502527
28.218390946502
44.594390946502
-48.8716090534975
-18.6736090534974
109.650390946502
-51.3976090534975
-34.4236090534975
27.922390946502
95.356390946502
116.174390946502
119.214390946502
24.738390946502
113.086390946502
23.938390946502
33.670390946502
9.58439094650203
22.808390946502
14.4643909465024
13.0343909465024
12.7643909465024
7.91239094650253
48.182390946503
78.518390946503
83.272390946503
-37.6896090534974
27.380390946503
64.338390946502
64.338390946502
42.552390946502
98.320390946502
-133.115609053498
23.840390946502
-91.7416090534979
-41.2096090534978
-39.5556090534978
-107.265609053498
-80.1836090534979
-131.281609053498
-81.9776090534978
-22.8876090534978
-63.0836090534979
-108.495609053498
16.342390946502
-89.1276090534978
-36.0256090534978
-12.2456090534978
-62.4256090534978
-62.4256090534978
-92.3096090534978
-146.055609053498
-157.915609053498
-43.4156090534977
-75.3356090534978
-12.7496090534979
-16.2056090534979
-8.95160905349798
20.634390946502
40.166390946502
143.016390946502
113.884390946502
60.934390946502
25.888390946502
34.430390946502
38.428390946502
-8.28760905349787
-5.65160905349798
-6.03160905349797
-91.4196090534979
-72.0536090534979
121.552390946502
93.786390946502
-26.1136090534977
51.468390946502
-45.9936090534977
2.44439094650242
27.472390946502
106.422390946502
6.21039094650233
-37.3616090534975
-29.8836090534976
108.794390946502
-32.7176090534979
20.762390946502
-92.307609053498
-51.303609053498
-73.663609053498
126.162390946502
-16.0076090534981
-15.5096090534981
-94.0196090534981
-35.661609053498
42.000390946502
35.374390946502
-2.54960905349797
26.274390946502
143.148390946502
44.108390946502
-63.685609053498
1.67239094650203
-109.969609053498
-53.211609053498
20.850390946502
-19.011609053498
-11.2116090534979
52.576390946502
32.632390946502
158.278390946502
152.010390946502
-42.0756090534982
37.716390946502
-101.191609053498
26.314390946502
72.390390946502
180.292390946502
168.380390946502
146.508390946502
-11.1496090534983
-10.5996090534982
80.760390946502
-16.2596090534984
-26.8136090534982
-38.1396090534979
-70.6896090534979
-58.9836090534979
-21.2756090534979
107.278390946502
-88.4556090534979
-21.7116090534979
-17.3256090534979
-20.8696090534979
18.700390946502
129.192390946502
-19.9016090534979
11.926390946502
90.820390946502
-2.60360905349798
67.104390946502
4.41439094650202
154.748390946502
12.738390946502
18.316390946502
-9.55360905349788
25.766390946502
-80.7796090534978
46.870390946502
