12.8740089613047
-20.1519910386958
73.2380089613046
-0.0299910386958544
86.4520089613046
157.962008961305
72.7640089613047
-75.6259910386958
109.142008961305
61.7920089613046
130.428008961305
7.16400896130435
74.2460089613047
56.8080089613046
85.6660089613046
97.7860089613046
15.0800089613046
31.5020089613047
12.6240089613047
74.3480089613047
64.8200089613046
65.2400089613047
54.5920089613047
16.0740089613047
77.1340089613036
135.562008961304
50.4940089613036
10.7900089613038
58.7140089613036
72.5060089613037
-65.6659910386961
0.456008961303851
56.4180089613037
-1.08399103869625
5.66000896130375
9.29400896130385
67.9660089613037
10.6560089613039
88.6500089613037
-49.8199910386963
56.7740089613037
52.8200089613036
-11.2019910386963
57.2740089613037
-7.65399103869655
-40.4039910386965
-206.731991038696
32.4320089613037
-46.2159910386965
-47.2799910386965
21.5800089613036
-18.9939910386965
51.7500089613036
-76.7879910386963
77.3660089613037
-31.0099910386963
-87.0019910386965
26.3880089613037
-121.971991038697
-61.285991038696
-18.9359910386959
-23.1639910386959
-0.387991038695844
-60.7759910386959
-31.5939910386958
-35.1959910386959
72.6120089613046
-43.1539910386958
36.7520089613047
4.46000896130425
68.3840089613047
17.6820089613046
28.8000089613047
24.8860089613047
87.7460089613047
36.4300089613037
112.730008961304
41.5180089613046
-44.7099910386957
46.6860089613047
-44.7679910386956
-48.4139910386957
-118.607991038696
43.0420089613046
18.1960089613036
48.5060089613037
24.2300089613037
-17.859991038696
-14.8059910386959
122.318008961304
38.2180089613046
52.7820089613047
-70.9439910386957
57.4380089613047
-42.3619910386959
3.38400896130395
-88.3099910386961
-74.403991038696
8.48000896130395
-117.651991038696
-22.427991038696
48.1800089613037
15.2700089613036
-22.3819910386961
-4.99999103869615
-32.7839910386961
-36.6799910386961
102.012008961304
13.0520089613037
11.386008961304
-48.171991038696
-77.191991038696
-42.1899910386961
-22.929991038696
51.2880089613037
-3.90399103869605
-128.885991038696
-96.4759910386963
4.26000896130385
-51.9319910386963
-25.5039910386963
103.434008961304
2.88200896130355
-78.1219910386965
62.0460089613036
181.216008961304
57.5980089613037
-41.3339910386961
15.9300089613037
40.9960089613037
12.8740089613036
64.8600089613037
-30.6859910386963
149.942008961304
49.2520089613037
11.7900089613037
-25.6519910386963
31.7000089613037
183.420008961304
59.4600089613037
51.6840089613036
77.8980089613036
-53.7079910386963
17.6040089613036
36.5620089613036
152.980008961304
155.132008961304
40.5480089613037
-41.1739910386964
-8.18399103869625
-64.5339910386963
5.59400896130354
-27.9399910386964
1.14600896130365
26.9780089613036
24.2300089613037
-18.3199910386962
5.53200896130365
3.55000896130375
-49.0559910386961
-129.853991038696
-80.7259910386962
-11.3639910386962
-59.1919910386963
-55.3999910386963
36.1540089613036
22.4760089613036
35.0840089613037
-174.457991038696
-174.457991038696
-17.6619910386964
-12.0279910386964
-166.311991038696
-52.4419910386963
-90.1119910386963
-89.5339910386962
-48.0179910386964
-48.1879910386962
3.47800896130406
-45.903991038696
23.3200089613036
36.8700089613037
74.5920089613037
34.5580089613047
-17.3919910386958
-29.9219910386959
-41.3499910386958
-34.7579910386957
47.0340089613046
53.5520089613046
-24.0799910386959
-12.3879910386959
-17.9959910386959
159.734008961304
49.2220089613037
49.2220089613037
41.8920089613046
23.6560089613047
27.8480089613046
51.8120089613047
20.6800089613047
38.4320089613046
-1.79999103869595
6.41000896130404
14.6860089613037
-56.375991038696
37.0120089613037
5.71000896130396
-0.141991038696148
25.7680089613037
27.2400089613036
-67.5739910386963
101.398008961304
62.2280089613037
-11.6859910386964
31.9700089613036
45.8440089613036
-20.7459910386965
41.6780089613036
-35.2279910386966
114.512008961304
111.258008961304
-96.4759910386964
55.6560089613037
55.6560089613037
-69.5679910386969
-47.699991038697
-73.781991038697
26.2240089613026
11.2980089613028
11.2980089613028
-34.2999910386973
-1.31399103869725
-66.9239910386973
-40.6319910386973
-11.1719910386973
29.9200089613027
-37.2339910386972
-44.8159910386972
-14.0519910386972
59.6700089613026
-29.2299910386972
45.2740089613027
-42.3699910386972
24.9760089613027
-49.3759910386971
-26.5439910386972
58.2080089613027
178.748008961303
173.110008961303
27.0360089613027
-18.619991038697
71.6720089613027
-10.9719910386968
36.2220089613036
-13.7379910386967
17.1120089613036
49.5740089613037
64.5660089613037
-34.9859910386967
44.8620089613036
-26.8879910386964
-24.3179910386965
10.8820089613036
43.4540089613037
82.6680089613037
48.0940089613036
33.6180089613036
-16.8299910386965
37.1580089613037
-33.6199910386964
55.5540089613037
28.0360089613037
-8.53799103869645
-17.6139910386965
81.3020089613036
-7.13399103869655
89.8580089613037
-1.87999103869664
-51.2139910386963
-31.5579910386963
-79.6799910386964
-27.4519910386965
-13.9819910386965
32.4480089613036
55.4760089613036
-83.8619910386964
-68.1459910386965
-90.5979910386964
-87.2879910386964
-105.983991038696
-68.6179910386962
11.6900089613036
17.5800089613036
-34.9539910386967
31.3080089613037
15.8560089613036
-31.5479910386967
-48.3239910386965
-30.9579910386965
18.8080089613037
4.25800896130345
77.7640089613037
0.436008961303443
-47.0499910386967
49.9240089613037
39.7560089613037
10.0900089613034
-5.80999103869675
25.0540089613037
19.4600089613036
107.124008961304
39.5640089613036
47.6460089613036
-82.5499910386968
5.62000896130314
-10.3079910386968
24.1000089613036
-37.4899910386969
-80.1339910386968
6.84400896130344
108.876008961304
48.8580089613037
28.4400089613036
-10.9379910386966
-40.7099910386965
-84.8359910386965
-36.7679910386966
-20.3679910386965
30.2860089613037
-38.6099910386965
19.7060089613037
-58.7539910386966
-80.2539910386965
-53.4359910386966
-34.4479910386966
7.85800896130336
-22.9699910386966
-17.6999910386967
-41.8179910386965
34.8180089613036
-101.119991038696
-13.7899910386965
-46.9319910386966
30.3560089613036
0.264008961303048
-18.4999910386969
-83.1279910386969
-24.3399910386969
6.41600896130305
39.7000089613026
-47.8959910386968
-32.271991038697
53.8720089613037
-18.6019910386969
-17.2019910386969
-0.985991038696952
-20.5039910386969
-21.8599910386969
8.02200896130324
-18.2959910386967
-17.2659910386966
-31.0839910386967
-2.82599103869666
74.0100089613036
36.6820089613037
-10.1779910386965
10.0320089613032
-27.3539910386966
-17.4339910386966
-48.7739910386966
24.1940089613037
92.0520089613036
-49.2959910386966
31.0000089613036
-41.8699910386967
61.5760089613036
89.0700089613036
44.5100089613036
10.1280089613033
54.5860089613037
-2.65799103869685
-27.9659910386967
-74.5299910386967
-108.861991038697
2.63000896130364
-56.8599910386963
-51.9759910386964
19.5720089613037
-27.3739910386963
-22.4239910386965
47.5920089613037
-47.4999910386965
88.3260089613036
-41.2519910386965
59.6920089613037
-62.0699910386964
24.5700089613036
23.1020089613037
-50.229991038696
9.75000896130395
-22.1539910386961
146.748008961304
-1.81199103869635
33.1920089613036
-19.7679910386963
-79.8539910386962
-9.60999103869605
-27.3319910386962
29.9620089613037
26.6420089613036
106.842008961304
2.68800896130375
-68.0399910386963
31.1020089613037
25.2800089613037
10.7260089613039
2.56000896130405
-12.6059910386958
-57.559991038696
-52.7259910386961
-60.9319910386961
14.0200089613036
-87.4519910386963
-96.1039910386962
-57.0339910386963
-112.673991038696
-24.6779910386962
-106.725991038696
30.1200089613037
-18.4079910386964
-37.8539910386963
33.5820089613036
-24.8519910386963
-80.3559910386963
-44.7779910386963
-44.4439910386965
9.45400896130364
-12.5259910386963
-22.7919910386964
34.6100089613036
2.29000896130356
-9.41999103869645
57.1180089613036
-21.1799910386965
16.7500089613036
35.1240089613036
-15.0519910386966
-95.9179910386966
63.6620089613037
7.41600896130315
-31.0699910386968
-4.37599103869685
-37.1579910386968
39.2840089613026
56.2160089613027
53.2100089613027
-102.765991038697
18.8260089613036
-66.2999910386968
18.8760089613037
0.0300089613031531
-13.4659910386969
86.3120089613037
39.6300089613036
-3.36399103869685
-14.3939910386969
-10.9219910386967
-77.8299910386967
15.1860089613037
-58.0879910386967
28.7200089613036
-112.173991038696
-53.6879910386963
-73.7239910386963
15.7780089613037
37.3660089613036
11.5020089613036
-24.0519910386962
25.8460089613037
-16.2639910386962
-16.9419910386962
-25.0879910386964
23.9120089613037
73.3940089613037
28.2180089613037
-5.22999103869616
6.01400896130374
-54.2799910386963
17.2820089613036
22.7580089613036
-18.6719910386964
24.7520089613036
12.8060089613036
-76.4919910386965
-52.3399910386965
40.5720089613037
-10.5459910386964
25.5240089613037
29.4580089613036
-66.7999910386962
-69.8139910386963
-108.311991038696
-29.5559910386963
-77.3739910386962
-77.7459910386962
-17.1699910386963
-77.5359910386963
21.2500089613036
8.48800896130375
-24.0679910386962
-95.2379910386964
-11.7819910386962
-69.8679910386969
7.80400896130305
-6.96199103869695
-3.22599103869685
59.0460089613036
45.9720089613037
38.7620089613037
-8.90999103869684
30.6380089613026
-48.1339910386973
36.2200089613027
-2.21599103869725
5.55600896130275
-78.5279910386972
-14.7939910386973
26.4520089613027
82.5500089613026
51.2000089613026
5.68200896130286
33.8060089613027
-23.7539910386973
45.4060089613027
37.7160089613026
31.7060089613026
-21.4339910386971
18.0220089613026
-20.6479910386972
1.15000896130285
-48.8799910386971
132.710008961303
-16.2599910386969
76.9700089613036
55.7600089613026
44.6840089613027
-12.2039910386968
30.4080089613037
30.8040089613037
28.5360089613037
24.0900089613037
1.14200896130325
-26.8979910386968
-0.621991038696748
-35.8959910386967
24.9820089613036
39.0080089613036
-19.9919910386968
-64.2699910386966
-45.8279910386968
-16.2799910386967
7.83600896130335
-44.9999910386965
93.7220089613037
38.2660089613037
26.1600089613036
-30.0359910386966
-56.0499910386966
18.6820089613037
-20.1119910386964
31.1720089613036
98.7140089613036
-13.2419910386968
-21.2179910386968
-23.6039910386966
9.60000896130335
-6.05799103869666
-72.3399910386968
-57.7539910386968
-33.9719910386968
-32.3839910386967
4.04600896130344
-31.9639910386966
9.28400896130334
10.0060089613034
-29.2939910386967
9.36200896130335
-49.0959910386966
16.6900089613036
46.5740089613037
-40.0879910386967
12.4780089613036
-59.4239910386967
-35.6039910386966
-88.8039910386967
14.2120089613037
24.4080089613037
-18.6419910386966
-43.0839910386967
-47.4139910386967
30.1220089613036
-8.67599103869685
30.0000089613036
43.6080089613037
10.4260089613035
16.7600089613037
-4.93599103869646
17.3820089613037
13.0920089613036
42.2980089613037
-34.1279910386963
-22.0559910386961
-49.2699910386964
-45.4639910386963
-41.6299910386964
-6.86799103869645
-13.2539910386964
21.9260089613037
25.5480089613037
-37.0839910386962
-31.0899910386962
24.7940089613036
24.7380089613036
-48.0719910386963
24.2060089613037
52.7060089613036
15.9160089613036
-38.8879910386962
-39.5359910386963
-106.975991038696
79.5840089613037
27.8120089613036
48.0120089613037
15.6640089613037
-38.865991038696
-20.9899910386959
1.45400896130405
-58.8899910386962
68.7060089613036
-3.50399103869616
30.3640089613037
-49.3099910386963
13.2760089613036
87.9120089613037
65.4720089613037
-22.8039910386959
-49.9879910386959
-19.181991038696
-76.1459910386959
-10.1559910386958
-23.017991038696
-58.239991038696
-53.7479910386959
-82.4839910386958
-32.061991038696
-72.1959910386959
-24.3859910386958
-52.7459910386958
-19.117991038696
-65.9599910386962
-9.62599103869626
-111.625991038696
-13.9359910386965
-2.14799103869665
-62.0099910386965
-55.1139910386964
-0.579991038696349
61.2400089613037
53.5660089613037
-4.57599103869624
-46.7779910386963
46.6940089613036
-62.1579910386964
-39.0879910386965
91.4500089613036
7.15800896130355
-58.4139910386965
43.0940089613036
76.1040089613037
-28.0799910386963
-46.2379910386965
-6.52399103869635
-35.0279910386963
-48.8119910386963
-9.86999103869626
103.148008961304
25.0520089613037
80.9360089613037
-48.3619910386958
12.8260089613036
45.0980089613037
-154.535991038696
-50.053991038696
23.5340089613037
-255.323991038696
-255.323991038696
-255.323991038696
-255.323991038696
-255.323991038696
-60.6419910386964
-41.4139910386964
-89.6419910386963
-113.723991038696
-94.5819910386963
-82.3099910386963
-82.3759910386963
-25.6499910386963
-39.5799910386965
-45.2759910386966
13.7880089613036
-77.7159910386964
-101.213991038696
-54.5399910386964
-78.6779910386965
-86.6659910386966
-88.1699910386965
-1.45999103869676
-64.6519910386967
3.37800896130325
9.03600896130335
39.1000089613036
48.7160089613037
18.8700089613037
-29.9739910386963
57.3760089613037
-69.5699910386963
5.14200896130374
9.58000896130365
-95.8559910386965
-3.89999103869646
-36.7619910386965
26.1820089613037
4.35600896130335
-37.3039910386967
-46.7499910386966
27.9340089613036
-43.0899910386964
-80.5479910386962
-45.0019910386962
-16.2599910386963
-101.991991038696
-86.8619910386961
-5.20999103869615
68.2500089613036
-27.2919910386961
3.67200896130404
118.698008961304
-27.759991038696
-35.367991038696
39.1060089613036
111.862008961304
-65.1459910386961
-6.81199103869615
16.7160089613036
41.9780089613037
44.2820089613037
-30.3059910386963
38.8320089613036
-64.8439910386965
-20.0279910386966
22.2100089613036
41.5300089613037
113.912008961304
150.366008961304
19.9660089613036
20.3400089613037
11.9680089613037
-10.5739910386965
5.25600896130335
-48.4159910386967
-91.1999910386966
-2.98799103869665
-48.2499910386968
-70.0039910386968
-14.6419910386967
-40.0379910386969
-29.2739910386967
