42.2915807291658
-18.8684192708341
-18.1324192708341
-10.2124192708342
54.4695807291658
22.6455807291658
59.4355807291658
39.1315807291658
36.4035807291658
25.0675807291658
0.833580729165902
44.4955807291658
47.5455807291658
-32.288419270834
49.0575807291658
18.0175807291659
38.1935807291658
30.6615807291658
81.3595807291658
12.9315807291657
21.5015807291656
-12.1864192708345
24.8435807291658
-26.0044192708346
43.0955807291658
36.4955807291658
-6.11841927083439
57.3835807291658
-44.1424192708343
48.3055807291658
-6.74241927083429
44.5435807291658
32.4155807291658
64.2175807291658
19.9975807291661
12.5455807291662
18.5935807291662
-17.3964192708339
-61.6904192708339
37.4415807291658
0.231580729166311
36.2655807291668
-1.6184192708337
-4.38841927083389
-38.6404192708339
-27.5124192708339
-46.2204192708339
15.0315807291661
16.8415807291661
36.7155807291658
-6.33041927083379
-10.1744192708337
-16.1564192708337
27.5935807291668
39.6635807291658
15.9435807291663
-22.0224192708337
-37.7344192708337
1.1675807291663
-12.1504192708335
37.6775807291668
38.3155807291668
-24.8984192708334
87.8915807291668
137.589580729167
8.17158072916651
-9.63041927083358
24.6475807291668
25.4755807291668
65.3135807291668
84.2955807291668
119.937580729167
20.8095807291667
107.401580729167
104.473580729167
3.05758072916701
-20.0544192708331
-97.202419270833
7.66358072916701
-3.12241927083299
10.4695807291669
99.1735807291668
145.231580729167
109.691580729167
73.0675807291668
82.0095807291668
20.0835807291669
39.4355807291668
46.4735807291668
100.819580729167
-28.1624192708335
17.3755807291663
-16.9644192708337
-141.464419270834
-52.3904192708338
-115.390419270834
-43.1344192708338
-157.364419270834
-79.2224192708334
-75.8544192708335
-102.006419270834
-56.9264192708337
-92.5684192708337
-2.4484192708335
51.6235807291668
-71.3884192708335
-77.5904192708336
-99.6444192708335
78.3435807291668
92.0915807291668
-46.0024192708336
-77.4144192708337
-52.0344192708338
-133.556419270834
-61.2544192708337
59.5855807291668
-95.0604192708336
42.1575807291668
98.7415807291668
36.5475807291668
-66.6684192708337
15.1175807291665
-129.254419270834
-70.7404192708336
-42.6324192708334
-28.9704192708333
-17.1504192708329
19.7775807291671
-49.5404192708329
-27.650419270833
-33.860419270833
24.7655807291668
-36.750419270833
87.6175807291668
152.515580729167
73.4995807291668
12.7475807291668
75.6595807291668
97.1715807291668
63.6115807291668
85.8995807291668
87.1935807291668
131.051580729167
51.2195807291668
68.6155807291668
29.0575807291668
89.3415807291668
89.3415807291668
-60.7944192708331
-69.1604192708331
14.9755807291669
76.3835807291668
86.7695807291668
58.3775807291668
51.1095807291668
20.6715807291669
-99.5864192708329
-234.822419270833
-60.5684192708329
-79.6144192708328
25.6575807291678
98.8655807291678
-54.4124192708326
-95.6444192708326
-188.734419270832
-43.9464192708327
-8.86641927083259
97.5155807291668
116.067580729167
106.853580729167
-104.774419270833
-128.834419270833
-7.1944192708326
16.7795807291674
92.3415807291678
-169.164419270833
-152.464419270833
-2.32241927083349
43.4855807291668
-94.9544192708335
53.9935807291668
116.887580729167
110.573580729167
111.145580729167
-97.4824192708333
-107.768419270833
47.2695807291668
-80.2864192708331
-71.4084192708331
-25.7864192708331
59.3715807291668
116.239580729167
3.01558072916671
-4.25241927083329
17.6335807291669
35.0115807291668
62.2475807291668
-16.0864192708331
-41.4104192708331
110.647580729167
110.947580729167
-56.984419270833
88.2055807291668
88.2055807291668
-106.520419270833
-82.508419270833
-63.976419270833
-75.9724192708328
-54.8504192708329
10.3715807291671
-62.254419270833
96.6515807291668
115.455580729167
129.523580729167
78.0895807291668
-33.5384192708328
-111.288419270833
-60.5084192708329
-28.5004192708329
46.5995807291668
-72.1724192708329
-31.6084192708329
15.4455807291669
15.4455807291669
55.6155807291668
-66.9304192708332
-28.4504192708333
-31.6384192708333
-123.942419270833
-119.262419270833
54.6015807291668
-109.224419270833
61.9095807291668
62.0015807291668
-41.4784192708334
12.9915807291667
29.7735807291668
-27.5444192708333
66.2835807291668
-10.5844192708334
27.4855807291668
10.2755807291666
165.971580729167
37.6575807291668
-3.09641927083349
46.2475807291668
-41.6724192708336
38.7255807291668
-58.9844192708334
-24.9884192708333
-3.53041927083319
159.379580729167
148.745580729167
74.3135807291668
-37.096419270833
-5.26841927083299
5.74358072916691
135.783580729167
184.273580729167
194.989580729167
75.0295807291668
54.5815807291668
45.7335807291668
55.4855807291668
148.775580729167
-96.0264192708328
-2.44641927083279
-9.61241927083329
-8.21841927083329
-22.7184192708333
118.317580729167
-42.0084192708333
-91.3264192708334
-9.22241927083319
-49.2604192708333
77.0915807291668
89.0975807291668
-30.8684192708333
-20.2524192708334
123.421580729167
-5.9664192708335
43.9415807291668
23.4855807291668
24.1755807291668
76.8655807291668
119.505580729167
55.4775807291668
113.177580729167
169.175580729167
209.351580729167
5.5575807291667
8.39358072916662
-58.6304192708335
16.4415807291665
16.4415807291665
-22.2704192708334
-0.0724192708332936
-70.1664192708333
26.2215807291668
-47.9964192708333
-48.0204192708333
116.277580729167
-54.4124192708331
53.7915807291668
6.95758072916691
98.0855807291668
122.089580729167
-80.6764192708333
-55.1184192708332
29.3515807291668
-23.8464192708331
68.9475807291668
173.685580729167
-17.2404192708331
15.9095807291668
8.3795807291668
24.7255807291668
95.0435807291668
2.42358072916682
35.2515807291668
23.8075807291668
83.1595807291668
99.3675807291668
33.7255807291668
25.0935807291668
-18.1044192708332
39.5495807291668
3.5075807291668
34.7775807291668
0.0275807291667149
61.4315807291668
-30.7124192708332
127.789580729167
163.185580729167
-57.7504192708332
-76.3224192708332
18.9775807291666
38.5195807291668
1.71758072916671
-87.2644192708333
26.2195807291668
-8.0524192708332
-14.0424192708333
-51.6004192708333
-20.1484192708333
42.1155807291668
2.8195807291667
37.6335807291668
58.5455807291668
-53.0604192708333
-57.0664192708333
32.4075807291668
0.66358072916681
-73.9724192708333
46.4675807291668
71.2695807291668
29.3635807291668
-7.81041927083319
-31.5784192708332
-3.87241927083319
44.6495807291668
56.4595807291668
16.019580729167
152.287580729167
177.791580729167
75.0215807291668
-45.9884192708329
92.0415807291668
-7.17441927083298
53.5255807291668
21.9975807291668
4.40758072916661
-13.9964192708333
36.3335807291668
-10.2324192708333
-6.21441927083329
-10.3624192708333
-20.5144192708332
22.9535807291668
12.5195807291668
16.0575807291668
44.1775807291668
39.0635807291668
-4.09641927083329
-18.8124192708334
79.8215807291668
-56.2824192708333
-42.9944192708332
-27.2944192708333
-3.90441927083319
-13.0104192708333
16.0935807291668
1.74958072916681
24.7395807291668
-40.9724192708329
-17.8424192708329
-136.490419270833
-67.0204192708326
55.2855807291678
-6.89441927083269
-15.0244192708327
-12.7144192708327
4.4215807291673
20.8515807291673
86.9075807291668
173.287580729167
-26.3344192708327
9.21558072916731
-13.2504192708327
-4.9084192708327
27.5735807291668
18.7835807291673
-17.7684192708327
28.2535807291668
44.0275807291668
118.645580729167
226.419580729167
184.175580729167
2.2095807291668
96.6255807291668
-24.8384192708333
55.9655807291668
-32.1924192708333
46.2475807291668
142.783580729167
65.8835807291668
-34.1764192708336
-32.2904192708334
38.4115807291668
-60.5104192708334
19.1995807291665
50.9075807291668
68.0035807291668
109.455580729167
227.509580729167
32.7975807291668
-100.004419270833
-72.0884192708334
192.717580729167
156.483580729167
138.381580729167
83.5435807291668
68.7975807291668
-68.7884192708331
-47.1504192708331
-46.990419270833
20.931580729167
30.8655807291668
-41.2204192708331
-63.6324192708331
29.8935807291668
-29.2064192708331
-54.8664192708333
78.9755807291668
-60.4944192708334
-3.9784192708336
-37.3244192708336
9.47558072916641
-62.6864192708336
21.3775807291664
28.4155807291668
112.305580729167
116.551580729167
25.8815807291668
-8.7784192708335
-9.45641927083359
158.055580729167
12.8055807291665
128.709580729167
185.637580729167
126.839580729167
79.9255807291668
68.2915807291668
-62.0364192708332
18.5375807291668
-6.70041927083319
-24.9244192708333
56.3715807291668
-15.9084192708331
13.7775807291668
-14.5824192708331
25.0635807291668
41.3435807291668
-25.1104192708328
87.5975807291668
174.613580729167
11.6875807291671
66.7355807291668
-18.182419270833
-43.8784192708329
112.707580729167
-32.4804192708331
81.9335807291668
-74.6064192708331
-83.9104192708331
43.3155807291668
124.461580729167
172.237580729167
1.64358072916681
-13.7404192708331
-72.900419270833
160.069580729167
166.829580729167
87.5135807291668
-16.6364192708329
-25.7744192708329
91.4695807291668
118.889580729167
149.085580729167
197.143580729167
59.6675807291668
-64.3404192708333
111.281580729167
79.5735807291668
-20.4624192708331
41.9535807291668
-5.73441927083319
-45.0784192708332
46.8075807291668
104.175580729167
-20.6284192708332
25.5335807291668
82.3015807291668
78.7075807291668
66.0435807291668
-18.0684192708331
26.5815807291668
-73.450419270833
53.4455807291668
55.2075807291668
54.4395807291668
35.7395807291668
3.26558072916731
10.9735807291672
-102.164419270833
-53.4624192708329
-83.7624192708329
44.5195807291668
96.9335807291668
-7.97841927083299
-97.5604192708329
-99.054419270833
19.855580729167
-5.97641927083299
-71.5644192708331
7.30958072916671
-55.9224192708335
25.1655807291668
-33.9744192708338
37.0295807291658
98.6795807291658
23.2215807291658
1.12958072916631
74.8095807291658
-57.3604192708338
8.47158072916621
34.0755807291658
-35.2304192708338
51.5855807291658
64.6615807291658
176.951580729166
-45.0484192708336
-16.6284192708336
-5.45841927083349
13.9955807291665
63.5155807291668
82.7175807291658
32.1955807291658
6.83558072916611
-10.5324192708338
131.973580729166
143.419580729166
2.31758072916601
-30.896419270834
-101.894419270834
-10.5604192708336
-9.81041927083339
-92.8824192708332
-16.2764192708332
24.5455807291668
37.2775807291668
107.585580729167
107.585580729167
-32.402419270833
35.2615807291668
52.7375807291668
-98.1004192708331
-21.9184192708333
3.61558072916661
116.097580729167
27.0375807291668
64.8275807291668
-8.83441927083329
-34.1924192708333
-38.8624192708333
116.715580729167
106.379580729167
25.4495807291668
-58.7444192708333
-33.3984192708334
-34.8964192708334
48.3555807291668
-5.5104192708333
-24.4384192708333
12.0675807291668
72.5315807291668
-43.8684192708329
-5.55041927083299
-81.884419270833
-5.91641927083319
-90.0004192708335
-7.8444192708335
-2.78241927083369
13.4335807291663
77.0375807291668
-4.17241927083369
-44.9784192708337
12.8195807291664
73.2335807291668
6.3015807291663
6.5395807291663
-44.6504192708337
-62.4744192708337
7.8435807291664
-13.5984192708336
-32.0464192708335
155.811580729167
157.667580729167
53.8175807291668
98.6055807291668
21.6435807291663
79.5295807291658
61.0975807291658
-11.8104192708336
64.9115807291668
64.9115807291668
73.3235807291658
-74.950419270833
-121.074419270833
-122.378419270833
-131.454419270833
-127.154419270833
-63.0384192708327
-31.0544192708326
-52.8604192708328
-26.8304192708327
-79.9924192708327
-23.7324192708326
17.6855807291675
-21.6164192708324
6.18158072916761
64.1455807291678
29.2295807291678
-72.1164192708325
-25.1364192708326
31.0635807291678
-37.3004192708326
-28.3124192708328
-37.8604192708329
80.3675807291668
-29.7524192708328
35.5555807291668
37.1855807291668
16.5115807291672
60.8715807291668
85.3455807291668
26.3495807291668
58.8895807291668
-39.092419270833
72.2815807291668
44.2495807291668
95.1135807291668
122.873580729167
64.8555807291668
-26.5324192708334
110.267580729167
117.767580729167
-45.5924192708333
-67.0464192708334
-34.4424192708335
29.8475807291668
-39.3124192708334
-44.9324192708334
-41.8804192708335
5.76558072916671
-14.4004192708334
15.1015807291665
113.015580729167
157.461580729167
186.261580729167
99.9235807291668
-135.422419270833
-163.902419270833
-107.486419270833
-84.062419270833
-109.752419270833
-93.1964192708331
-64.572419270833
-59.372419270833
-6.15241927083299
-99.690419270833
-23.194419270833
-23.562419270833
54.2095807291668
28.2795807291668
99.3055807291668
165.601580729167
100.751580729167
127.927580729167
116.875580729167
111.079580729167
54.5975807291668
30.9655807291668
-53.5204192708337
-18.3904192708337
-57.8644192708337
-137.594419270834
-101.904419270834
-75.3304192708335
-44.0724192708335
18.0915807291666
91.1155807291668
30.7995807291668
65.0315807291668
-76.1744192708338
-194.236419270833
-3.09241927083369
-71.3624192708338
-166.402419270834
-225.088419270833
-205.408419270833
-214.210419270833
-200.576419270834
-199.954419270834
-193.688419270833
-190.770419270833
25.6615807291668
97.6415807291668
-6.97441927083329
83.2355807291668
-22.0324192708333
-91.9924192708334
48.0895807291668
98.5475807291668
134.829580729167
19.4415807291667
21.2735807291667
53.2575807291668
138.809580729167
163.041580729167
69.7835807291668
138.455580729167
127.555580729167
69.9695807291668
39.8315807291668
77.0375807291668
-38.5024192708331
60.0915807291668
44.8795807291668
-66.3104192708331
179.037580729167
185.235580729167
26.7275807291668
-0.58641927083319
-99.8744192708332
-148.072419270833
24.1795807291668
-120.004419270833
-17.6744192708331
-49.0164192708331
-6.126419270833
60.3495807291668
131.195580729167
-70.632419270833
19.407580729167
27.0855807291668
27.0855807291668
5.3375807291669
5.68558072916692
2.54358072916691
1.25958072916691
-100.800419270833
-11.6764192708333
27.7955807291668
27.3075807291668
-37.6704192708334
-10.3184192708334
