106.871508296943
123.153508296943
63.4955082969433
80.8035082969433
26.3295082969443
92.3575082969443
56.8335082969443
-39.960491703056
-19.7524917030561
-14.8664917030561
89.5235082969443
49.2615082969443
-52.124491703056
-51.852491703056
30.0115082969443
19.4575082969443
65.5755082969443
-30.9904917030558
82.9175082969443
4.27750829694442
48.2595082969443
13.0135082969443
11.0255082969447
3.92550829694473
23.4135082969453
-26.6304917030551
0.509508296944531
83.9475082969443
-36.8684917030559
4.83550829694383
26.4755082969433
-65.5724917030564
-1.14049170305627
38.5815082969433
154.455508296943
-21.5364917030562
-6.58049170305607
-34.264491703056
-14.0364917030562
-66.1944917030563
16.5215082969443
-77.5824917030561
40.4215082969443
-47.4924917030562
8.54950829694393
-26.7124917030559
49.8715082969443
-97.4444917030559
-18.8704917030559
-9.43249170305587
-1.86249170305588
-63.5804917030559
-11.078491703056
-26.156491703056
-43.062491703056
125.331508296944
20.7515082969443
-67.9844917030559
21.9335082969443
-8.95649170305587
-24.8924917030559
-82.7504917030558
28.1875082969443
-8.06249170305617
6.52550829694383
56.7635082969443
-38.3484917030559
29.2755082969443
75.3135082969443
-53.6224917030562
-32.8244917030563
-0.536491703056271
20.4455082969443
91.2575082969443
-21.2704917030561
6.34550829694392
-59.2304917030561
17.6115082969443
-82.8004917030562
34.8215082969433
-27.8504917030561
66.1215082969443
27.8455082969433
6.89550829694353
9.05550829694323
-22.7564917030568
65.5295082969433
-34.6484917030568
-15.2084917030565
54.1955082969433
-86.4824917030564
11.3075082969435
-41.9644917030564
22.0035082969433
62.7615082969433
-7.47849170305658
-16.6964917030566
54.5455082969433
-34.0124917030566
-37.6384917030566
53.1815082969433
-64.4824917030565
-60.8764917030566
-45.4284917030566
5.25350829694342
28.6235082969433
13.7215082969433
38.9455082969433
36.0335082969433
22.5715082969433
-17.7724917030564
4.97750829694363
0.0235082969438309
-46.8984917030561
-5.77249170305628
38.9095082969433
138.893508296943
26.6135082969433
-29.408491703056
8.61750829694402
3.56550829694403
-28.9264917030559
13.5195082969443
-11.3844917030559
83.8795082969443
-53.8464917030567
-53.1484917030567
-78.4764917030566
-68.9164917030566
-20.2664917030567
1.40750829694342
-8.22049170305658
-54.3944917030566
57.9115082969433
129.185508296943
-8.85249170305667
54.0815082969433
-0.874491703056677
-39.4984917030566
-16.8444917030566
-3.25049170305657
6.97550829694323
-11.4264917030567
-54.7204917030568
-45.9304917030566
27.6055082969433
-34.4924917030569
-2.78449170305687
-56.5264917030571
-32.4584917030571
-13.6344917030572
-38.6644917030572
17.3075082969433
-51.0844917030572
69.9155082969433
157.679508296943
-47.2364917030571
-44.7404917030573
-61.540491703057
-51.9984917030571
0.343508296942929
-88.7864917030571
-11.4904917030569
48.6615082969433
-41.4984917030569
8.28350829694323
-11.0044917030568
-71.5824917030568
-30.9244917030568
-81.9744917030567
24.2115082969433
45.3255082969433
137.819508296943
-68.0844917030568
26.9435082969433
-73.1824917030566
-43.6784917030567
-5.61649170305668
-13.6044917030568
-49.930491703057
43.6895082969433
-8.55249170305707
44.9755082969433
15.2615082969433
52.4795082969433
76.9855082969433
0.295508296943126
24.4755082969433
36.0295082969433
29.5015082969433
8.72350829694302
-56.172491703057
16.2335082969433
66.7275082969433
-27.1344917030569
52.1075082969433
113.325508296943
-31.868491703057
56.4655082969433
53.1695082969433
123.515508296943
156.703508296943
64.0675082969423
34.7095082969423
-66.8204917030572
-12.4604917030572
0.0315082969429312
107.191508296943
5.75550829694312
13.8095082969433
19.0275082969433
-19.1284917030571
130.333508296943
142.353508296943
-110.800491703057
-75.1364917030572
-11.5704917030571
-55.6704917030569
-159.700491703057
-110.638491703057
-94.708491703057
-165.818491703057
-65.1924917030569
-116.332491703057
-140.216491703057
-103.564491703057
-110.478491703057
-148.764491703057
-106.914491703057
-126.794491703057
-72.4944917030572
-25.1704917030572
67.4795082969433
-49.1764917030571
-84.9364917030571
-94.7204917030571
-142.418491703057
-103.314491703057
11.5175082969428
73.4055082969433
-11.5944917030569
95.3635082969433
90.7855082969433
-113.730491703057
-22.6884917030569
81.8075082969433
-96.9804917030568
-118.002491703057
-24.2064917030566
14.3015082969433
57.4075082969433
-35.1684917030565
-28.9384917030566
-6.40449170305658
118.357508296943
170.891508296943
110.943508296943
-80.7864917030566
9.76350829694373
-65.7444917030564
171.619508296943
208.693508296943
217.969508296943
207.251508296944
144.833508296944
92.4715082969443
166.677508296944
174.149508296944
104.703508296944
-176.422491703056
-1.97049170305597
-107.062491703056
-206.630491703056
-192.390491703056
63.1115082969443
56.8895082969443
-159.030491703056
-142.910491703056
65.3155082969443
91.6115082969443
-29.7224917030561
45.5215082969443
21.2535082969443
41.0375082969443
-35.4784917030562
37.0435082969433
-48.3104917030565
-64.1104917030566
-1.06649170305657
-14.5364917030568
21.9935082969433
19.2695082969433
-69.676491703057
-70.1384917030568
-23.0864917030568
-83.0804917030566
-38.0824917030568
85.2375082969433
-94.0944917030566
-148.390491703057
-1.97449170305667
-136.904491703057
15.3415082969433
152.421508296943
114.161508296943
13.5035082969433
61.2635082969433
151.923508296943
187.949508296943
114.877508296943
45.1355082969423
100.071508296942
-27.4644917030573
-110.760491703057
24.2855082969433
21.1755082969423
-65.6384917030573
-43.1704917030574
72.6115082969423
116.757508296942
-23.7544917030574
-58.2984917030574
-73.7744917030573
-64.8784917030574
-21.5724917030574
15.7395082969423
22.6155082969423
65.8295082969423
126.969508296942
11.6555082969427
-156.008491703057
-29.2244917030573
35.2635082969433
114.181508296943
150.989508296943
155.495508296943
140.381508296943
-163.694491703057
-23.3084917030571
134.325508296943
29.3795082969423
-20.1484917030573
18.1675082969423
-103.514491703057
-41.0824917030573
48.9055082969433
88.6155082969433
75.9515082969433
43.1375082969433
56.2135082969423
102.343508296942
-11.6964917030574
71.6275082969423
1.99150829694283
-103.568491703057
-174.238491703057
-53.8204917030572
45.2755082969423
-52.1064917030573
-20.3704917030573
-45.0984917030572
-6.43649170305717
-82.6944917030574
104.049508296942
228.735508296942
195.163508296942
69.9435082969423
-91.7124917030574
-12.9364917030575
20.6035082969423
113.451508296942
71.7575082969423
9.46350829694252
149.069508296942
35.6255082969423
97.9515082969423
124.381508296943
168.979508296943
186.071508296943
179.957508296943
33.8395082969433
-86.592491703057
-147.186491703057
131.995508296943
156.903508296943
76.3495082969433
28.8095082969433
44.5735082969433
75.1715082969433
126.977508296943
41.4715082969433
25.1915082969433
36.1815082969433
30.0815082969423
1.35950829694292
75.3455082969433
23.0115082969423
19.3715082969423
5.65150829694282
-104.390491703057
-130.770491703057
-149.648491703057
-267.362491703057
-118.116491703057
-109.384491703057
-118.128491703057
-235.298491703057
-164.828491703057
-254.784491703057
-187.712491703057
-29.622491703057
51.2935082969433
-117.812491703057
-44.3944917030568
-56.3384917030569
15.2215082969433
-54.3504917030568
-115.172491703057
-85.4084917030567
-126.518491703057
17.4375082969433
-67.1524917030567
-43.7164917030568
69.3275082969433
-19.7504917030566
-19.7504917030566
-61.8484917030566
22.2355082969433
58.5015082969433
157.325508296943
-133.010491703056
-43.5704917030565
-48.7204917030565
116.257508296943
187.191508296943
108.367508296943
-41.0104917030565
73.6315082969433
124.513508296943
190.737508296943
70.4835082969433
-6.86849170305658
61.3995082969433
184.239508296943
-47.0484917030564
41.9755082969433
24.7595082969433
-163.940491703056
218.603508296943
116.181508296943
-35.3924917030565
-142.358491703056
-33.7804917030566
36.0595082969433
94.5795082969433
184.339508296943
9.88550829694283
24.4215082969423
144.477508296942
102.437508296942
-56.5384917030573
-63.6424917030571
-19.4064917030572
-103.168491703057
-97.9484917030574
11.4815082969431
-90.7444917030568
-88.1964917030568
8.90950829694323
-6.72449170305677
173.939508296943
64.4875082969433
-18.7224917030568
-36.9804917030568
45.3915082969433
14.4855082969433
50.3975082969433
35.3675082969433
22.4395082969433
131.635508296943
-25.0944917030566
44.0395082969433
171.061508296943
97.5995082969433
107.023508296943
-114.622491703057
-24.9764917030569
-0.920491703056868
-87.7604917030568
-17.2424917030569
-58.316491703057
-45.7424917030569
124.219508296943
177.959508296943
0.153508296943031
8.45550829694292
128.671508296943
-42.250491703057
-84.0764917030568
105.313508296943
-11.5904917030568
130.565508296943
24.7995082969433
229.865508296943
-11.7004917030568
-37.8924917030567
-138.746491703057
-40.2624917030567
31.4875082969433
-40.6844917030568
131.155508296943
138.777508296943
37.0555082969433
-62.6144917030568
55.9115082969433
-67.346491703057
4.02350829694373
43.3755082969433
-60.4524917030562
111.311508296943
-23.6564917030563
50.3275082969443
73.0535082969443
114.959508296944
63.9975082969443
19.3315082969443
140.365508296944
183.021508296944
202.053508296944
18.1255082969443
103.959508296944
-101.472491703055
2.51350829694442
-102.294491703056
117.053508296944
177.155508296944
60.1775082969443
-9.82849170305558
-13.8624917030556
-17.7644917030557
-21.9784917030558
34.4275082969443
-86.4764917030561
-32.1284917030563
27.8655082969433
-30.4904917030564
73.5275082969433
99.9055082969433
49.8075082969433
113.321508296943
128.075508296943
-45.4864917030567
-72.4624917030568
-30.2684917030567
-46.8004917030568
46.6335082969433
102.411508296943
116.667508296943
150.747508296943
1.70550829694332
-14.8364917030567
-9.52249170305667
50.5735082969433
133.443508296943
64.9135082969433
-25.1684917030567
93.6095082969433
149.351508296943
-97.7484917030566
-121.778491703057
59.9975082969433
65.9095082969433
29.6875082969433
64.7515082969423
134.443508296942
-66.4224917030581
15.0135082969423
16.4435082969423
-28.0004917030582
177.061508296941
177.823508296941
95.1595082969413
-1.25449170305818
-23.8404917030583
38.2395082969423
117.763508296942
165.059508296942
15.4355082969423
123.149508296942
21.8515082969423
5.21350829694192
-57.8724917030581
43.5155082969423
31.9515082969423
-59.3344917030579
-20.482491703058
66.7855082969423
-8.00849170305807
66.8215082969423
-84.588491703058
-102.538491703058
86.1555082969423
149.391508296942
-42.6684917030577
11.6535082969428
85.6615082969433
-121.518491703057
-104.238491703056
-147.808491703057
-20.7424917030569
28.4735082969433
-157.976491703057
-137.464491703057
111.463508296943
121.913508296943
32.9835082969423
-85.9004917030572
-3.63649170305708
62.0115082969423
-32.5024917030572
-40.0084917030572
-66.4824917030571
-54.1284917030571
-145.578491703057
-73.7704917030571
-62.0164917030572
-44.8844917030572
76.8995082969433
75.0535082969433
112.143508296943
65.4875082969433
-105.332491703057
60.5295082969433
181.061508296943
100.591508296943
120.541508296943
175.407508296943
-35.6884917030566
62.8695082969433
106.161508296943
-62.7344917030567
-131.182491703057
-1.24649170305668
-21.8004917030566
34.0575082969433
17.7395082969433
-58.0984917030566
-88.2444917030566
-7.97849170305658
-35.1424917030566
-51.0264917030566
-37.9724917030567
-113.464491703057
-91.2804917030565
-112.758491703056
-99.2664917030563
11.2955082969437
-27.3984917030564
0.775508296943528
-17.7504917030565
91.7035082969433
96.7915082969433
-101.428491703056
-41.4284917030566
100.239508296943
-215.884491703057
-102.090491703056
-132.928491703056
-112.116491703057
-59.3104917030565
32.2135082969433
68.3195082969433
-50.1944917030564
-29.8704917030565
96.1315082969433
-13.6204917030565
53.0715082969433
36.8855082969433
131.155508296943
138.147508296943
57.7135082969433
122.795508296943
-44.0524917030567
-69.1484917030567
-80.4164917030566
-12.9144917030566
32.1475082969433
27.8675082969433
65.2515082969433
80.4295082969433
-22.2224917030566
28.9735082969433
105.085508296943
153.049508296943
9.34150829694353
11.2015082969434
-103.810491703057
154.477508296943
162.145508296943
49.7175082969433
27.8635082969433
70.5055082969433
122.293508296943
-24.628491703057
74.5295082969433
-160.542491703057
-75.936491703057
45.3475082969433
-127.442491703057
-48.5844917030569
-118.826491703057
-96.3084917030567
-45.1564917030568
-26.5804917030567
-38.5684917030567
26.1715082969433
127.855508296943
-107.814491703057
-53.8084917030567
-66.4524917030567
152.895508296943
146.031508296943
148.823508296943
76.3895082969433
51.4635082969433
-70.3444917030567
-27.4044917030567
98.7875082969433
-141.926491703056
-58.7924917030559
-58.7924917030559
-58.7924917030559
-58.7924917030559
-58.7924917030559
-57.734491703056
24.7395082969443
9.30750829694402
-55.7144917030561
75.2275082969443
64.5515082969443
-55.346491703056
79.0235082969443
-80.292491703056
-6.08849170305608
105.307508296944
-3.02649170305628
-68.7504917030564
-72.4464917030564
-32.2484917030564
