3.66974320987826
24.1737432098782
16.6197432098781
16.6197432098781
-76.0282567901221
-7.15625679012214
-19.9822567901223
6.67174320987756
-20.2802567901227
-29.0502567901229
25.489743209877
-37.6282567901233
-10.5522567901232
10.1097432098769
1.75774320987676
-5.65025679012324
26.9577432098768
2.72774320987686
2.72774320987686
-31.4322567901232
-6.36025679012324
-16.4322567901232
-2.56825679012324
11.8517432098768
-25.3682567901233
27.4237432098767
-58.8602567901234
-9.00625679012344
9.55374320987647
21.8817432098765
7.47774320987656
-38.8162567901236
-6.91825679012373
-6.91825679012373
14.4377432098762
-0.738256790123735
-7.56625679012323
-28.5502567901232
2.10174320987687
6.27774320987697
15.1757432098769
-2.23025679012324
5.19174320987666
-17.8902567901233
-2.14025679012364
23.5957432098762
10.1697432098762
11.7337432098761
3.18974320987626
-44.488256790124
-13.5382567901239
-28.0082567901239
-21.6382567901238
-22.5302567901237
3.08974320987636
-4.78025679012394
9.86374320987626
26.8357432098762
26.8357432098762
-29.3062567901238
10.2557432098762
8.10174320987616
40.7437432098761
40.5717432098762
10.5357432098763
-16.6802567901238
-26.0122567901239
-0.250256790123935
0.533743209876064
-31.8782567901239
28.0817432098761
-21.160256790124
34.581743209876
3.76974320987596
6.20774320987596
13.0717432098759
-49.3382567901241
11.3197432098759
-20.4422567901242
-1.03625679012433
-11.3982567901243
-6.75425679012434
-30.5102567901241
15.5617432098759
15.5617432098759
1.74974320987597
10.739743209876
16.105743209876
10.7097432098765
3.60974320987646
-34.9702567901236
-2.30025679012353
23.4377432098766
-10.3562567901235
20.9137432098767
-22.4982567901234
-8.03425679012344
4.76574320987646
-20.4182567901232
-20.5222567901233
-25.9162567901233
-3.36825679012313
-27.9022567901231
-17.3482567901232
26.4997432098768
8.83174320987676
-19.3282567901232
-8.78425679012324
18.2917432098768
-20.4262567901231
-36.6602567901231
-25.494256790123
10.343743209877
8.66774320987697
-34.1602567901231
-17.586256790123
-5.81625679012303
-23.198256790123
1.27174320987697
-38.126256790123
-1.01025679012294
7.65574320987707
-42.8782567901228
-30.8942567901228
-16.4422567901229
-38.5782567901228
-14.5962567901228
-15.2882567901228
15.9997432098772
19.7797432098772
-53.9922567901229
-46.1562567901229
-44.2102567901229
-38.264256790123
-40.4702567901229
-44.6922567901229
-11.488256790123
-14.0082567901229
-13.3762567901228
-30.6022567901228
17.0317432098772
27.831743209877
-12.796256790123
0.193743209877262
19.6777432098774
4.16974320987736
37.7057432098774
-10.1842567901225
-40.2382567901226
14.5517432098774
-23.6622567901226
-5.97825679012264
23.3237432098774
25.9377432098776
-28.9322567901224
2.43974320987746
-29.3042567901226
-15.5362567901226
-24.6962567901226
-7.86225679012254
-17.1462567901225
2.01774320987747
1.98174320987727
2.50774320987716
-60.6622567901228
-60.6622567901228
-2.18025679012283
5.49374320987696
6.91574320987696
-24.5422567901228
-38.6942567901227
2.40174320987737
-5.14225679012264
3.00374320987746
2.77174320987746
12.099743209877
0.723743209876666
20.2657432098768
-20.7042567901233
-23.6662567901233
-23.9442567901233
-2.92225679012324
-7.88025679012323
-25.2682567901232
11.9937432098767
-10.3322567901233
2.34974320987666
20.3917432098767
-9.53625679012334
-1.25025679012334
24.5717432098768
24.5717432098768
-16.3022567901232
10.0857432098769
8.89774320987686
29.8877432098768
19.2137432098767
-12.2822567901231
-22.4122567901231
-0.070256790123139
34.5057432098771
5.72174320987627
-14.8382567901237
12.6457432098763
3.77174320987636
15.2337432098766
-48.6702567901235
-28.5862567901234
-20.2462567901234
-19.1282567901235
26.1637432098766
-12.4622567901234
25.7217432098765
-3.36025679012344
-55.2002567901235
12.7057432098766
8.68974320987646
8.68974320987646
18.4917432098765
-1.59225679012344
-17.7082567901235
-15.9142567901234
-21.5822567901234
-12.0102567901234
-12.5462567901235
-8.94425679012354
8.84174320987646
-9.42425679012344
-30.3282567901234
-35.8762567901234
-38.5982567901234
8.77574320987657
8.63774320987656
-42.6282567901235
-43.1282567901234
-13.2062567901235
-22.2702567901235
-9.97625679012344
24.6597432098766
1.26974320987606
14.3457432098762
-59.6622567901236
-63.2562567901234
28.0117432098767
-18.6642567901232
-24.9462567901231
-7.13625679012323
-7.13625679012323
18.3397432098767
-10.2502567901234
-25.5342567901233
14.9777432098766
3.44174320987656
-24.7042567901234
40.5757432098767
16.6857432098766
-14.8222567901234
-12.7542567901235
31.5377432098766
-0.902256790123438
-16.5982567901235
14.0617432098765
-28.4202567901236
13.5237432098763
2.41974320987637
-11.6302567901238
-8.33825679012364
0.541743209876365
24.2877432098761
2.55374320987606
-21.8762567901238
-7.47825679012384
19.9137432098763
-26.8202567901236
-35.8942567901236
-11.1942567901235
-1.98225679012354
-1.98225679012354
-17.7142567901234
-23.4562567901232
8.28374320987676
-30.7482567901233
-12.5382567901232
-13.6022567901232
-23.3982567901232
10.7097432098767
11.8157432098767
-24.8962567901233
-12.5422567901232
-31.8762567901233
-7.24425679012324
-25.8922567901233
-19.2322567901233
2.07174320987686
-10.2442567901231
-7.44825679012324
-1.40625679012324
-31.6782567901231
-43.4322567901231
-14.3982567901231
14.869743209877
3.22974320987696
-33.1062567901231
31.7357432098769
32.4037432098769
-37.894256790123
-52.4742567901231
-60.4182567901229
-6.34625679012294
-10.1162567901232
-21.3402567901232
-5.62025679012324
-0.0742567901233357
-7.95225679012334
2.63974320987656
3.77574320987657
15.2777432098766
-12.7682567901234
-10.7422567901234
1.57774320987667
-43.5502567901234
-9.64025679012344
-4.99225679012343
-36.0402567901234
-1.92825679012343
-0.168256790123436
-13.5082567901235
-19.5762567901235
-19.8542567901234
8.29174320987656
28.1577432098765
4.45774320987656
-8.72425679012343
-9.82425679012344
-4.29225679012354
-35.9582567901234
-16.9542567901234
-25.0802567901234
24.3557432098766
22.6177432098766
-4.89825679012354
-3.95025679012354
-29.4342567901233
6.62174320987656
4.35974320987646
16.3577432098763
-29.4442567901237
-35.8342567901237
4.74774320987596
10.773743209876
4.05574320987606
-34.0502567901237
-38.1882567901237
-4.17825679012373
-17.9442567901235
6.46974320987646
-4.95625679012333
-19.5302567901233
-7.91625679012333
-31.2202567901231
-15.6342567901231
6.21974320987686
-25.7102567901231
2.96974320987686
-0.444256790123134
-74.2402567901231
6.58374320987686
-13.1742567901231
-13.1742567901231
-4.47025679012314
-23.9682567901232
-30.5642567901233
-33.6362567901233
-19.4822567901233
7.04774320987676
7.52974320987676
-28.4882567901233
-2.95225679012344
-20.7562567901234
-12.0482567901234
10.9177432098766
10.5717432098765
-22.9082567901237
-10.2422567901237
-40.4322567901237
-26.0422567901236
-30.1942567901235
-6.07025679012344
-10.2662567901232
-10.6402567901231
-9.93225679012313
3.51974320987686
-6.75425679012314
26.0237432098768
26.0237432098768
21.0637432098768
-46.4322567901233
2.29974320987667
-7.05825679012324
-68.2302567901232
36.0657432098768
-4.21825679012333
-13.4222567901232
18.2657432098769
2.95974320987686
-36.584256790123
15.919743209877
1.86374320987706
-2.11825679012303
-3.07825679012304
-7.99625679012303
-28.030256790123
-72.8722567901231
-17.926256790123
-17.926256790123
-16.6022567901231
-12.700256790123
-0.924256790123039
-55.4722567901231
-71.924256790123
-61.9002567901231
-57.860256790123
-52.4762567901231
-16.1702567901229
-23.0502567901229
8.73174320987686
0.799743209876965
-25.9182567901229
6.15174320987706
-2.74825679012294
-3.22425679012294
31.2537432098769
6.27174320987697
6.15774320987696
8.03574320987696
31.2317432098771
21.2217432098772
9.26574320987707
-11.9462567901228
11.1197432098771
-8.81625679012294
5.20574320987686
24.9737432098771
-6.12425679012284
13.219743209877
9.14174320987716
28.7297432098772
26.5537432098773
26.5537432098773
16.7057432098771
16.6397432098771
5.58574320987707
-12.1142567901229
5.58374320987706
-20.8422567901229
-12.0062567901228
9.04774320987706
-26.4882567901229
-15.596256790123
-4.41225679012294
17.955743209877
1.60574320987686
-31.2742567901233
4.84374320987656
-24.9642567901234
-24.9482567901234
-13.2382567901234
-28.4442567901233
6.61174320987656
-2.84425679012344
-24.8502567901233
10.5017432098767
16.9477432098767
7.49974320987676
-28.6922567901232
-30.9022567901231
6.90374320987667
-33.8162567901234
-22.0542567901233
-9.87225679012334
-15.9782567901234
10.1417432098768
5.16574320987677
-13.000256790123
-25.196256790123
3.42574320987686
-8.58425679012304
-24.734256790123
0.439743209876966
1.94774320987686
-27.634256790123
-3.07025679012314
-5.60425679012314
-11.3042567901233
-2.68025679012334
-20.8882567901232
5.99374320987676
-2.12225679012324
-19.2162567901232
-21.3122567901232
-27.3502567901231
-23.6062567901231
-2.08825679012324
15.4057432098767
-30.4362567901232
-12.6082567901233
-16.6002567901232
-8.65225679012334
-11.7262567901233
-0.154256790123334
-20.5942567901233
16.1237432098768
-3.88025679012323
5.49374320987676
18.0617432098769
-21.6642567901232
15.7677432098768
9.65974320987677
-5.55625679012324
-1.02025679012323
10.8937432098768
-32.1522567901233
-12.5182567901234
7.01774320987656
-31.8802567901233
-2.83025679012324
6.66174320987656
-33.4422567901234
-12.2502567901234
7.41774320987656
-9.22025679012364
-26.3902567901235
-31.7462567901238
-22.2322567901237
-25.5202567901236
8.27374320987627
15.5597432098763
13.4597432098763
-36.8982567901237
-10.9202567901236
-8.04025679012354
1.89374320987646
-20.3202567901235
-1.43825679012344
-10.7842567901233
5.83574320987666
-11.6462567901234
0.575743209876563
-20.4442567901234
15.7297432098766
-22.6782567901234
-11.8222567901234
-10.6262567901234
-32.9742567901235
-2.15225679012354
15.3457432098765
21.8737432098766
7.69774320987676
5.94574320987677
-19.2842567901231
-10.4962567901231
-10.4962567901231
1.50174320987696
8.54974320987697
8.54974320987697
28.6817432098768
14.3757432098767
-8.50825679012313
-6.42025679012323
-18.5482567901231
-24.5842567901232
-38.7822567901232
-16.5922567901233
4.49174320987656
-28.8862567901233
3.86974320987667
3.14774320987647
1.31974320987617
-18.4062567901238
-36.9122567901238
-9.01225679012384
-2.48425679012384
-17.3322567901238
-6.78025679012374
-4.33025679012363
-16.6942567901236
-9.10025679012364
-14.7542567901235
24.5677432098765
-21.5762567901236
-4.00025679012354
-13.2882567901237
-41.5402567901238
-67.3242567901237
-36.2762567901238
23.1117432098764
36.0737432098765
-13.4302567901235
-5.88625679012374
9.05174320987636
1.90774320987637
-32.7742567901237
4.00374320987636
-12.6902567901237
13.9617432098763
-21.8382567901235
3.88374320987656
-14.3782567901233
-26.5882567901232
-56.3962567901232
-1.64425679012314
6.64774320987677
23.6117432098768
-18.3662567901232
-11.9222567901231
10.5557432098767
-10.0922567901232
9.01174320987676
16.1837432098768
4.47174320987676
-31.0702567901231
-29.6482567901232
-0.110256790123138
-55.6982567901233
-25.7842567901232
-40.9082567901233
0.19574320987666
-5.40425679012323
-2.48425679012323
-3.76425679012333
-22.9042567901234
22.7697432098765
-1.91425679012354
11.9397432098765
6.79774320987647
0.451743209876661
-3.26225679012334
9.27374320987656
-6.79025679012334
17.5917432098767
4.33374320987657
6.26174320987646
-26.4982567901236
-18.7642567901236
14.8517432098764
14.1337432098764
23.6797432098764
-2.43425679012363
-1.63425679012374
-29.1082567901236
-25.3962567901236
-20.6362567901236
0.22974320987646
-13.9902567901234
-34.9502567901235
-49.8382567901236
-36.6082567901235
11.7837432098766
-11.5102567901234
-52.1042567901234
-15.0222567901235
6.41974320987647
3.85574320987637
-49.0722567901236
3.47174320987637
-34.8702567901234
27.3977432098766
1.37974320987657
1.30974320987657
-25.0742567901235
24.3597432098765
7.44174320987626
8.41774320987626
-32.2582567901238
-19.2262567901237
6.72774320987627
19.1237432098762
23.7737432098763
35.3217432098766
15.3237432098766
1.13774320987656
10.1217432098766
9.96974320987656
-8.09625679012333
-32.9502567901234
10.5737432098766
-5.76225679012354
-8.96625679012364
0.337743209876365
3.02374320987646
-15.9142567901235
-38.5842567901236
-41.1082567901236
-4.84225679012354
23.4197432098765
-2.08425679012354
9.42374320987636
-32.0622567901237
-27.7402567901237
2.69774320987626
7.55974320987627
-0.654256790123533
19.4717432098764
19.4717432098764
11.0517432098764
-15.4462567901237
-10.1222567901236
2.04174320987637
-2.38425679012364
-12.4182567901236
-23.1022567901236
-2.32825679012354
-9.93825679012344
-17.1722567901236
9.79774320987617
-4.82625679012374
-1.13025679012354
-42.7002567901237
-12.0122567901237
21.4277432098762
-30.6642567901238
-38.3602567901238
3.27574320987616
-6.79825679012384
-1.62025679012394
4.68574320987607
-22.8542567901238
-32.6742567901239
-28.9042567901238
-4.81225679012384
-10.3882567901237
-13.4142567901238
-2.99625679012394
-14.0062567901239
-16.2722567901239
-10.2362567901239
-25.9582567901239
10.4657432098761
3.70174320987596
5.58574320987606
-0.686256790123934
-13.1862567901239
-2.08825679012394
-1.58225679012374
-26.2262567901239
10.677743209876
-4.18425679012404
-22.504256790124
8.02574320987586
-18.3962567901241
-72.326256790124
-72.326256790124
4.06774320987596
-36.050256790124
-37.812256790124
-34.3202567901239
-33.7442567901239
-19.9602567901239
-25.9902567901239
-23.3862567901239
-12.9422567901238
-15.4922567901237
-12.2682567901237
-1.74225679012363
-4.96625679012364
11.4357432098764
-8.07025679012364
-19.1742567901238
-16.6222567901237
-0.168256790123735
0.665743209876261
-29.0102567901237
1.53974320987636
-14.4962567901236
12.9417432098766
-24.9402567901235
8.70974320987646
-24.9062567901242
-17.3602567901241
-17.3602567901241
-16.8182567901242
-16.5002567901241
9.51774320987587
8.38774320987586
-20.2842567901241
-5.77225679012424
1.13374320987576
-1.97625679012414
21.0397432098758
3.91174320987577
-50.1562567901242
21.6537432098759
19.9857432098759
18.8817432098758
-6.68425679012424
-59.2162567901242
3.68774320987576
3.68774320987576
-84.7782567901244
-29.9362567901244
-127.388256790124
-125.952256790124
-110.906256790124
-63.6902567901241
-75.6802567901237
-76.4242567901236
-24.3322567901237
-31.6062567901237
-61.8062567901238
-28.026256790124
-29.2002567901239
-33.6542567901239
-27.444256790124
-30.160256790124
-23.4562567901238
-20.4462567901237
-16.4762567901238
-35.8422567901236
-11.8402567901237
-24.1282567901231
-6.07225679012303
-6.07225679012303
-10.0682567901231
-10.0682567901231
-6.05625679012314
-5.04425679012304
0.621743209876861
13.6037432098768
13.6657432098768
-6.32425679012324
39.069743209877
21.9217432098769
7.59574320987686
-27.5442567901231
-28.666256790123
-34.3142567901232
2.75174320987666
19.8537432098767
26.0977432098766
-0.204256790123537
13.2697432098763
-9.47225679012354
16.3377432098764
32.7157432098765
8.71774320987636
-5.48025679012363
29.9297432098764
24.6797432098764
-24.2242567901234
-27.4062567901233
15.3897432098764
-4.92825679012353
-7.10025679012354
20.0357432098766
19.8437432098766
3.57174320987686
7.73974320987676
-0.662256790123138
-3.18425679012314
1.63774320987687
-42.5422567901233
