687
685
682
710
727
698
669
712
731
670
676
701
685
723
738
713
683
695
679
695
702
737
735
702
695
702
701
690
691
685
680
683
702
690
697
694
689
700
686
685
681
716
731
701
677
712
703
702
697
734
734
703
680
686
682
737
762
762
712
697
677
760
734
693
703
740
737
684
741
660
683
715
716
685
680
696
737
708
696
761
761
713
704
717
696
740
769
725
691
736
697
769
721
705
694
706
702
721
701
703
685
730
694
719
700
709
738
696
691
707
727
716
701
764
766
705
701
777
737
707
708
738
760
710
704
710
743
780
750
701
721
777
722
701
712
742
738
714
714
712
712
716
703
710
705
722
733
744
744
733
742
727
719
743
743
706
714
737
750
718
704
719
778
719
721
723
704
733
732
686
695
706
703
746
770
745
757
714
706
721
707
716
729
740
786
740
763
730
747
692
712
758
755
727
708
734
739
739
738
727
710
725
747
750
715
709
719
734
734
733
711
741
762
727
727
745
784
747
710
730
737
718
725
695
722
731
717
726
732
753
739
726
702
710
730
721
733
738
712
723
738
726
718
722
734
723
735
715
733
720
718
730
717
759
776
727
747
762
753
775
768
744
775
714
752
712
717
733
716
730
769
729
746
726
742
746
746
746
746
731
719
769
753
719
715
765
741
729
768
754
749
714
715
734
738
743
736
742
719
737
750
743
732
779
785
772
751
737
737
724
715
768
768
755
770
745
709
713
718
741
771
792
741
741
739
786
730
730
713
725
730
769
759
725
713
735
720
739
716
711
713
725
723
738
756
713
707
719
725
740
758
764
744
714
726
701
708
755
777
770
775
720
759
711
710
709
724
722
722
720
737
720
723
727
723
706
707
707
742
731
744
705
714
739
760
728
736
726
715
733
734
748
749
753
774
752
779
732
706
711
728
729
721
741
780
730
716
723
716
754
695
701
700
714
709
701
701
712
706
714
702
744
757
715
708
703
703
747
764
744
763
738
703
728
703
712
712
708
705
713
726
708
710
715
709
709
719
738
770
772
748
711
727
706
711
721
714
726
715
761
746
738
717
721
718
733
761
723
731
710
704
718
708
725
725
755
774
722
732
718
742
740
739
770
739
730
712
746
721
706
718
757
733
733
729
716
719
781
772
752
709
761
707
771
760
715
711
782
773
746
760
726
728
764
716
723
709
754
740
724
724
729
734
751
766
718
720
710
709
728
773
748
716
712
713
727
720
743
743
755
733
716
716
747
768
732
738
724
706
749
783
733
735
711
733
774
789
724
708
712
732
739
735
738
712
728
715
734
716
713
788
729
743
725
719
722
719
735
715
743
771
742
706
761
754
733
686
765
758
743
724
721
732
719
739
713
739
729
718
731
761
731
730
705
715
751
718
714
709
719
722
743
744
721
727
735
749
720
754
714
727
723
730
725
717
720
721
746
775
741
713
734
711
789
782
713
722
737
737
721
714
761
713
792
782
714
717
732
759
753
752
751
713
737
723
718
733
745
782
742
731
710
687
774
779
735
717
712
720
737
723
762
730
728
718
723
742
760
760
742
757
727
714
722
747
712
724
761
797
769
766
719
741
718
716
725
730
757
749
732
716
744
771
743
720
778
759
722
734
734
772
709
715
730
779
717
727
737
741
743
743
720
733
765
747
779
774
742
722
776
737
718
731
749
791
733
741
714
714
751
747
746
746
730
723
771
761
730
719
735
717
762
752
752
711
747
780
742
765
712
736
726
726
734
718
714
728
727
740
728
742
729
720
782
782
728
741
720
739
750
794
759
786
728
728
733
719
748
783
740
725
715
716
785
747
747
740
732
711
727
717
764
742
730
730
725
741
726
722
727
718
778
766
728
722
712
735
774
790
792
769
721
719
747
768
722
719
718
716
746
770
756
722
707
726
742
758
763
737
719
756
737
714
748
768
724
713
721
746
720
719
749
750
729
719
737
764
763
715
721
742
731
719
789
764
712
745
740
768
724
776
731
746
737
741
758
753
722
718
741
713
759
759
727
764
733
740
726
723
791
784
738
720
767
731
712
714
758
776
726
714
745
750
746
734
727
783
729
720
723
760
738
726
740
728
739
724
728
722
728
742
733
761
733
753
726
717
715
722
772
770
735
718
741
720
770
775
723
721
740
712
790
762
757
747
730
730
724
738
735
727
747
747
721
720
776
769
769
718
742
736
800
773
718
707
712
740
739
739
742
717
732
729
748
735
722
725
741
778
719
723
754
732
717
718
751
751
733
733
761
773
753
730
734
709
716
715
796
777
723
717
743
780
749
744
732
717
730
719
777
766
716
764
741
746
723
716
737
768
736
734
727
724
742
738
745
746
728
731
726
735
748
745
713
764
729
718
718
737
731
736
741
727
783
759
724
717
767
774
736
731
725
768
781
758
731
715
760
756
729
708
728
718
740
719
772
760
733
726
736
721
738
720
750
728
726
750
736
733
734
774
784
794
741
717
789
771
736
727
747
746
769
761
714
713
756
719
741
705
729
733
731
722
764
761
727
763
719
749
728
716
805
757
739
728
789
767
716
764
757
757
756
744
747
750
725
718
722
718
733
746
764
806
762
747
715
715
722
736
776
792
725
719
782
723
749
756
727
719
787
745
757
749
760
759
723
719
771
717
771
799
739
746
738
723
745
721
733
720
723
743
749
775
777
759
736
712
730
743
729
741
733
718
738
727
725
722
731
724
777
765
760
785
744
737
792
770
745
715
732
719
763
756
719
714
737
735
746
719
738
760
731
758
761
711
721
740
769
753
723
725
718
713
755
762
735
718
756
772
720
720
741
735
756
722
747
740
746
765
721
722
763
737
729
757
710
718
746
710
785
774
731
719
714
722
758
779
745
725
729
767
738
720
758
758
733
712
750
730
721
722
761
761
736
741
748
736
729
718
717
749
780
789
726
724
744
744
732
722
719
730
727
721
784
750
756
792
731
724
740
733
733
731
720
716
773
780
776
775
747
747
720
745
746
738
808
786
759
792
748
767
739
739
739
740
730
730
726
721
744
734
739
738
769
746
735
720
726
749
731
723
729
736
750
762
746
724
756
750
759
765
735
725
792
792
745
729
734
725
759
751
720
743
742
747
763
759
725
752
752
764
740
758
762
792
749
732
718
720
756
722
717
721
739
749
804
775
732
714
726
719
770
787
737
773
714
739
726
718
769
774
740
751
740
722
743
762
724
725
731
725
757
769
723
727
738
729
730
726
731
733
735
735
734
722
729
727
749
781
719
759
726
726
742
742
741
724
746
725
751
728
731
722
745
725
726
744
765
787
754
738
742
744
753
724
743
757
781
759
759
798
722
766
719
716
789
775
791
770
749
787
739
739
721
729
742
726
757
727
795
721
782
746
728
720
756
751
728
744
746
718
735
726
802
760
731
716
754
722
719
728
743
743
739
778
738
723
775
733
725
761
768
795
750
725
732
723
734
726
758
758
732
725
736
722
731
724
774
792
743
731
724
724
732
733
748
769
748
748
724
747
728
734
744
723
739
738
738
746
820
818
776
751
726
719
761
770
770
742
742
771
748
777
787
766
728
728
751
728
741
750
759
759
788
793
769
769
741
764
742
742
733
732
750
744
769
803
803
762
734
725
773
764
780
780
740
717
717
739
739
727
745
727
743
727
738
732
749
732
749
732
765
765
730
725
751
726
739
739
720
722
788
767
731
734
800
736
736
724
721
775
742
737
735
751
727
722
726
734
759
785
729
723
720
728
772
769
787
774
753
753
719
715
780
760
725
717
764
778
805
799
726
723
748
780
743
746
727
721
791
771
714
722
745
794
777
730
782
780
734
720
716
757
730
727
776
760
745
725
774
737
725
720
703
723
741
727
753
723
726
726
777
781
734
719
746
723
710
722
692
706
709
707
704
705
727
727
695
691
743
763
738
732
695
689
711
689
703
699
708
699
714
702
718
710
707
704
711
704
737
737
738
774
783
743
709
703
782
734
734
705
718
707
704
715
712
710
712
708
751
760
713
709
729
729
707
710
732
728
770
753
732
780
718
714
762
731
727
710
703
732
776
720
718
710
727
731
721
711
723
729
760
749
727
722
744
770
770
756
707
700
720
720
745
724
707
709
723
725
756
774
774
769
712
716
732
719
740
708
711
723
722
727
726
729
723
719
723
730
743
750
726
728
725
719
726
720
775
749
749
709
713
714
747
747
734
724
739
723
722
715
725
725
764
719
736
707
776
779
737
748
779
774
744
744
811
778
728
705
720
744
763
753
723
714
712
749
751
733
759
759
774
761
722
723
709
718
771
768
720
720
736
736
782
777
719
716
788
739
717
718
764
774
731
724
731
727
729
755
748
748
732
745
731
736
758
737
719
721
732
732
731
740
716
723
753
723
761
691
734
721
726
748
773
782
738
727
790
751
748
748
743
726
765
760
771
785
751
723
739
726
728
726
756
779
759
764
737
719
745
763
754
728
781
785
735
759
759
718
798
750
724
750
802
791
757
720
713
722
738
686
736
736
750
765
737
721
747
736
730
741
780
800
774
722
739
745
745
752
727
722
706
734
782
773
735
719
753
737
764
774
698
725
727
715
756
715
783
741
721
710
736
736
748
748
746
756
760
786
715
724
715
716
734
750
752
733
732
732
778
770
770
719
712
718
754
721
741
724
738
732
738
729
731
729
745
731
732
723
750
726
721
721
787
789
747
737
786
766
735
725
716
730
732
756
747
715
720
728
684
749
746
748
732
731
743
722
741
779
760
784
740
742
762
752
719
722
730
730
743
740
757
764
751
751
761
786
775
757
738
789
721
723
725
725
743
725
752
722
743
748
736
734
773
724
752
726
737
730
765
765
728
805
791
726
772
772
734
728
748
738
729
725
737
724
754
721
719
729
745
779
739
719
714
725
755
735
775
807
739
739
719
722
752
766
764
722
765
746
774
763
721
722
802
799
785
788
747
748
791
768
768
744
733
719
722
749
726
719
785
776
740
733
722
726
730
747
735
735
732
733
733
735
730
749
729
729
730
769
762
762
792
814
767
743
753
726
734
728
714
735
768
769
768
769
769
769
769
769
770
770
770
770
770
770
770
771
771
771
772
772
772
760
731
719
772
766
757
718
749
747
785
749
718
695
753
766
748
748
719
729
754
755
738
722
792
788
740
714
714
719
734
719
734
727
730
721
732
723
731
736
727
724
729
727
740
758
735
723
751
725
796
761
721
751
740
750
788
783
739
739
743
717
718
725
777
799
752
727
778
719
728
729
762
723
787
793
776
734
796
800
717
734
719
720
764
785
714
764
753
764
749
764
762
724
785
788
734
727
722
729
776
744
801
802
779
779
741
743
738
719
728
728
729
729
769
757
757
723
777
751
745
745
729
719
748
740
741
793
745
726
791
791
767
767
750
759
776
735
726
750
757
780
717
748
719
723
781
774
758
726
721
737
786
795
731
749
734
776
754
671
726
727
736
729
747
744
721
728
735
744
763
763
754
773
756
741
723
726
782
797
754
723
764
758
798
742
742
721
745
766
724
724
745
746
744
734
801
747
740
725
718
729
758
784
767
800
776
803
777
738
765
753
726
749
746
765
750
754
728
759
774
773
776
762
754
737
721
727
783
774
747
792
784
795
772
727
726
727
795
787
753
729
804
746
730
725
792
780
739
731
742
727
739
731
731
773
740
764
796
792
766
718
724
718
740
730
748
727
770
786
745
727
723
728
762
777
745
746
786
782
742
734
752
772
748
764
740
730
743
735
772
784
751
751
749
749
807
763
731
727
779
775
753
772
723
728
728
769
745
731
747
783
745
740
760
729
737
727
774
724
723
725
776
795
760
725
787
753
724
740
738
730
721
730
772
772
781
780
763
802
748
739
707
729
799
801
801
801
743
728
741
773
686
735
758
758
759
760
759
758
759
760
759
761
761
761
759
763
776
754
717
710
756
749
744
714
728
728
761
712
711
700
720
758
748
754
712
705
757
753
724
736
737
783
724
717
707
755
745
720
734
718
766
744
723
716
734
717
711
720
732
720
739
763
717
722
781
771
771
771
747
746
766
786
737
721
728
718
762
777
751
751
726
742
787
780
745
731
789
766
724
726
717
722
780
767
739
744
780
779
765
765
761
765
752
732
789
757
724
731
764
764
743
742
741
725
732
732
734
735
774
793
768
788
763
770
778
778
759
750
729
730
785
760
742
748
729
750
748
743
753
767
754
790
705
727
733
733
775
786
762
762
747
742
727
729
696
745
751
726
744
733
739
736
738
748
735
734
733
750
739
738
741
734
793
797
739
731
793
750
727
748
760
734
790
795
756
731
729
739
741
756
748
746
750
734
736
736
731
741
782
762
752
745
758
758
728
735
747
737
787
803
772
740
788
774
734
757
767
749
769
737
779
763
754
736
730
754
737
739
730
751
769
778
733
733
742
736
774
769
736
753
738
743
741
743
742
736
750
748
756
767
787
781
761
750
749
743
751
749
788
790
793
793
796
794
793
793
792
790
790
791
792
791
789
789
790
790
790
790
790
785
783
768
749
749
745
768
770
769
771
774
776
776
806
762
760
742
742
754
768
760
769
737
766
789
791
742
742
760
735
735
735
781
776
731
731
735
747
737
744
731
758
731
739
751
733
755
737
743
741
750
738
745
744
741
735
756
743
788
786
785
785
740
735
736
725
742
731
784
768
754
729
762
739
745
739
752
739
752
739
756
740
728
730
742
778
760
731
736
750
732
726
731
731
746
718
780
802
737
729
727
731
743
744
757
768
726
715
796
764
740
727
725
753
767
791
758
752
729
707
796
790
737
770
813
737
740
725
783
803
739
750
799
775
753
724
717
732
739
731
799
785
750
716
739
738
761
761
722
753
770
790
746
773
808
737
721
728
772
802
721
721
720
790
801
791
743
724
738
714
755
735
749
729
790
772
751
745
740
763
746
733
751
743
