763
777
776
775
775
775
775
775
776
777
777
777
778
791
775
756
756
752
757
766
772
762
766
774
785
793
763
760
757
773
756
756
764
757
766
786
770
771
760
769
785
759
752
764
778
748
790
755
776
756
763
807
763
772
770
759
763
761
765
754
771
760
775
761
760
758
762
762
780
768
766
774
762
759
775
760
751
758
758
757
761
758
754
756
767
750
759
748
769
752
747
762
791
793
789
803
772
757
763
755
767
766
750
757
764
791
767
770
753
757
786
769
759
752
779
750
748
756
761
754
765
751
767
755
778
751
753
756
770
788
778
768
771
754
783
776
748
758
775
757
762
762
767
759
779
752
747
754
783
755
781
755
781
755
753
777
761
753
755
747
767
723
752
757
768
756
778
753
759
758
763
773
760
751
776
743
746
758
634
773
765
768
764
756
745
755
781
751
754
759
767
773
783
755
784
759
752
760
795
803
774
755
785
785
789
753
754
754
763
754
784
784
775
782
776
776
760
755
763
777
771
775
755
778
769
754
771
755
750
774
771
777
758
759
790
748
757
756
766
759
764
758
759
755
766
776
761
755
758
747
768
753
724
762
768
752
792
798
786
755
781
754
744
767
767
757
784
773
767
755
766
782
772
773
781
756
756
758
753
792
760
758
772
757
785
758
754
774
768
759
765
760
752
766
782
765
765
759
777
775
780
776
782
752
760
759
785
770
764
757
748
737
746
769
773
773
769
756
759
754
762
760
788
774
758
756
756
759
754
751
754
755
773
773
763
755
762
746
757
756
778
757
778
761
765
753
778
756
766
753
751
767
764
763
753
753
768
768
747
757
778
764
753
755
768
768
755
754
771
781
754
754
766
756
770
758
799
751
770
751
767
759
756
762
773
772
783
783
769
757
756
759
788
759
771
756
758
757
777
760
747
758
773
757
782
754
747
761
808
830
797
756
764
755
765
759
762
754
764
757
760
756
784
758
773
774
765
717
746
746
745
745
745
745
746
746
746
745
746
747
747
753
756
756
750
738
736
724
734
780
802
740
740
735
733
740
736
731
736
735
735
777
783
745
728
732
757
752
729
760
732
764
735
752
752
734
754
769
776
739
736
738
765
743
740
761
759
748
741
749
744
768
751
737
738
742
754
757
735
747
744
756
741
734
740
794
786
751
741
757
747
750
740
733
752
778
778
757
743
740
742
763
742
749
739
767
756
754
745
750
745
803
742
759
736
731
752
795
764
661
740
778
744
760
739
757
746
752
745
751
761
756
742
732
761
752
745
747
747
755
747
762
744
766
624
735
743
761
633
757
740
768
739
787
737
754
744
740
741
764
742
761
743
754
743
754
744
761
761
746
745
752
756
750
741
783
762
747
750
761
746
779
746
790
744
764
740
742
746
754
745
751
739
758
747
756
771
749
749
763
745
761
750
751
746
742
760
760
763
757
739
766
744
740
752
756
744
755
755
736
746
761
761
742
746
761
747
771
748
755
756
792
773
761
775
759
746
750
748
769
769
753
744
775
746
745
745
748
745
753
735
762
738
743
744
767
759
769
749
773
747
760
767
765
749
744
742
732
745
762
746
776
746
761
747
744
745
784
766
741
749
760
711
740
767
755
749
765
742
738
777
775
762
755
746
757
750
765
782
786
770
739
757
765
790
760
744
753
782
783
776
750
751
743
768
775
748
758
751
768
758
748
745
753
751
767
761
752
759
742
778
763
748
751
759
751
770
764
752
765
752
759
751
780
746
744
747
761
802
772
772
775
747
769
749
782
748
744
753
754
748
744
745
774
774
752
741
754
745
752
752
752
749
804
819
747
746
758
768
756
765
761
752
762
744
755
771
808
819
767
746
757
750
757
749
756
750
777
748
770
755
747
744
758
782
783
750
753
