773
785
792
792
785
764
748
757
748
757
762
775
792
757
747
628
741
747
755
760
757
746
762
749
763
767
759
782
796
758
790
787
762
737
741
805
811
759
743
761
748
746
743
764
769
755
752
752
744
739
767
775
799
792
746
739
748
761
748
751
741
768
768
761
742
738
762
766
766
784
757
743
757
748
743
755
745
753
765
758
762
753
751
772
783
755
754
746
797
755
758
740
742
700
731
760
802
777
747
710
728
783
771
735
740
740
723
777
739
727
752
769
770
784
755
757
777
802
809
759
753
758
738
727
755
740
745
765
752
740
742
747
757
753
753
744
737
763
763
761
747
736
729
751
739
755
736
606
747
755
751
755
748
796
783
753
699
723
764
760
768
762
763
752
750
759
758
769
747
756
745
792
748
741
764
758
741
753
759
776
800
752
745
739
744
747
769
764
745
778
775
755
759
725
775
759
746
755
726
760
758
787
740
728
749
770
783
760
751
750
743
767
784
712
714
702
714
742
752
743
748
723
760
767
720
703
737
761
667
772
768
768
785
792
741
733
731
732
735
730
737
745
731
772
769
748
752
765
785
789
754
744
727
720
755
750
768
762
762
754
750
752
751
768
747
752
765
748
734
756
757
752
752
742
758
795
805
754
743
756
736
742
755
751
746
745
754
740
754
753
741
753
744
758
748
755
746
755
748
746
742
740
744
769
803
759
753
735
758
754
763
742
781
794
785
765
735
749
737
752
763
779
754
740
734
773
742
693
688
738
725
725
706
718
724
729
721
745
706
693
693
752
721
785
734
734
715
692
742
749
741
724
727
718
718
754
706
703
728
720
706
746
705
712
703
770
774
723
708
703
711
721
713
771
771
733
738
727
689
745
756
752
719
731
764
732
735
740
738
746
746
726
726
737
733
778
736
693
731
743
751
762
780
776
767
739
771
748
743
734
786
784
763
736
733
723
751
763
757
749
771
758
730
725
732
741
729
743
741
747
746
737
723
739
751
735
720
736
699
712
720
730
728
732
733
725
733
774
796
796
767
731
688
730
730
702
734
715
699
721
704
726
713
696
703
747
754
728
704
710
707
728
714
767
753
722
710
723
747
724
724
779
761
728
755
721
712
706
727
766
742
721
703
738
734
739
750
741
751
745
731
732
688
732
732
765
748
730
747
765
730
719
696
675
708
756
766
737
703
727
722
721
735
783
753
736
748
723
699
710
731
735
710
732
742
745
740
732
722
749
719
735
733
703
739
753
750
753
757
745
748
737
746
730
731
738
725
736
742
752
720
792
777
777
693
718
721
743
714
720
750
731
742
727
706
747
751
718
712
684
741
720
716
721
702
792
786
777
731
740
749
754
731
796
748
711
753
734
756
745
745
741
709
740
751
752
752
759
789
736
704
761
751
743
720
762
762
758
738
714
723
750
750
732
729
755
728
769
767
751
726
726
707
744
734
740
716
749
749
766
746
728
747
754
739
742
714
747
714
746
753
754
775
732
720
787
781
746
768
737
724
711
746
760
768
737
740
732
712
740
745
751
751
736
736
718
625
739
735
770
765
727
766
774
800
800
782
781
724
718
678
780
784
751
719
751
745
736
741
744
722
770
770
761
779
738
748
731
723
660
755
741
749
762
642
778
792
764
700
700
765
734
742
738
722
743
744
771
789
747
754
750
772
743
749
738
748
735
758
706
718
725
695
732
719
726
756
746
742
734
714
706
702
726
725
688
722
696
735
722
722
716
680
731
751
751
761
727
711
704
725
738
728
676
740
736
737
731
724
787
765
672
689
760
733
714
714
690
709
726
705
768
766
713
738
746
732
692
706
717
703
737
742
696
696
716
723
748
742
733
700
717
738
777
779
734
727
744
717
716
704
722
718
779
725
702
713
717
685
707
708
734
725
723
781
774
701
697
708
725
719
705
707
709
710
650
730
753
793
749
782
738
727
694
723
730
721
742
734
743
738
751
750
652
765
765
770
744
712
666
702
748
743
723
721
756
774
728
726
701
725
730
718
733
721
797
753
728
747
741
701
705
705
756
749
718
705
747
720
762
735
702
748
779
762
745
739
773
780
782
709
673
703
692
664
659
720
705
779
728
697
721
707
724
733
725
705
726
724
728
705
714
693
693
704
742
738
737
740
764
773
719
700
666
719
728
726
736
737
741
743
696
727
746
715
714
698
726
726
703
716
741
743
740
742
747
749
738
750
735
752
745
720
760
743
722
712
733
740
741
713
714
716
735
746
736
713
722
736
750
757
752
713
742
742
752
710
703
710
723
736
735
735
729
750
787
775
732
737
725
698
681
697
715
739
739
717
746
733
760
737
749
749
748
741
754
730
722
721
725
740
734
675
718
720
720
736
744
767
724
720
739
744
723
716
679
733
755
742
717
699
785
769
716
732
750
766
734
687
746
704
737
712
729
721
737
723
746
751
749
749
729
752
734
739
751
756
746
746
756
784
773
738
707
744
736
755
738
710
740
754
761
753
712
712
779
777
730
720
728
715
731
723
748
750
739
718
722
775
747
715
705
721
733
743
737
752
747
738
708
756
750
730
692
726
774
752
717
748
750
735
716
717
783
783
764
712
739
714
727
735
740
715
754
728
725
713
766
784
789
793
745
721
757
736
752
752
749
712
748
735
783
747
712
740
726
714
748
748
759
720
769
714
713
718
768
756
739
745
783
767
736
729
714
730
793
759
741
752
795
800
739
734
729
752
765
749
751
751
706
719
749
726
763
767
767
745
736
733
750
726
774
708
713
729
769
775
745
721
764
743
719
718
741
747
722
718
722
743
754
789
768
768
732
711
746
726
760
717
711
726
726
745
755
746
746
725
733
753
741
741
713
723
736
746
750
744
732
637
784
753
726
721
742
742
755
689
717
743
767
787
740
731
751
741
708
719
744
723
736
726
722
714
747
784
767
759
735
727
734
744
773
746
741
716
754
759
777
797
762
739
681
702
768
758
735
721
701
744
731
780
727
723
740
734
741
741
729
743
731
714
793
770
771
771
787
801
750
722
749
749
715
744
743
736
792
752
698
753
743
773
731
716
728
716
737
724
754
764
733
762
760
763
763
732
718
728
774
788
728
750
744
690
721
739
732
744
715
723
755
753
698
721
765
708
739
767
771
771
798
792
792
737
706
756
734
735
754
756
742
786
788
787
787
758
737
724
746
715
757
715
735
714
740
741
736
717
726
725
709
748
741
728
731
725
732
746
768
741
731
717
749
749
759
713
761
675
745
704
704
703
705
719
743
743
792
768
748
635
762
753
739
734
764
722
750
706
740
735
739
739
702
752
724
719
764
754
727
730
733
720
749
749
761
801
780
780
739
737
737
747
766
766
748
735
717
724
724
729
747
745
773
755
755
716
724
712
742
732
759
767
743
715
724
710
779
781
775
702
736
726
731
760
763
760
747
706
720
759
750
746
741
741
730
732
735
737
735
731
721
747
784
787
787
743
710
727
733
719
733
729
738
766
750
740
756
716
771
786
741
742
728
733
756
756
737
729
777
785
766
743
637
730
750
751
753
748
761
764
758
745
742
773
748
738
744
735
766
727
734
728
755
755
790
800
739
724
755
721
723
723
786
787
762
717
710
751
768
767
731
743
780
793
765
743
696
751
764
739
712
712
735
718
734
715
737
726
782
779
745
710
757
730
726
750
741
725
760
772
750
751
808
776
737
753
731
731
710
739
747
749
757
758
752
734
800
787
785
785
741
714
734
757
739
750
768
773
741
716
775
721
725
749
755
748
758
741
735
715
710
710
751
726
717
728
742
731
744
776
773
742
721
749
749
745
741
752
785
800
740
723
751
751
720
754
749
728
740
732
731
742
718
720
779
779
735
735
719
717
781
790
736
734
716
758
760
760
770
797
745
745
720
737
758
734
739
738
751
731
728
759
759
759
736
717
731
738
774
738
758
747
710
728
774
794
797
745
745
742
734
747
780
806
759
759
731
746
776
791
783
767
711
719
739
722
759
764
722
727
717
735
757
753
751
758
741
751
744
747
747
747
739
753
779
713
732
760
754
776
736
732
744
747
747
752
741
753
758
774
753
726
736
744
728
726
782
796
801
790
790
760
707
717
774
774
738
717
733
739
740
728
754
736
719
761
749
740
731
794
750
734
767
773
745
727
736
736
776
797
728
764
771
751
735
736
788
768
752
752
730
733
737
731
753
732
741
742
781
807
773
757
729
744
778
752
715
743
767
787
752
751
714
744
737
737
716
739
742
728
765
781
698
713
740
732
778
766
745
715
732
723
746
753
747
753
744
744
742
742
757
745
721
730
771
786
748
748
773
793
783
702
700
765
736
736
741
751
756
746
740
760
750
715
729
752
753
735
782
740
721
747
751
774
747
742
700
727
747
753
748
733
730
753
768
740
740
761
716
750
741
766
742
752
745
763
730
749
728
722
758
748
757
775
740
724
774
807
771
721
710
741
741
721
738
737
744
754
750
747
716
745
789
782
770
738
752
752
756
807
810
810
777
765
691
722
744
724
765
728
747
732
734
760
758
764
748
760
754
744
744
723
780
723
728
745
751
750
732
762
764
761
751
758
747
753
724
755
720
746
762
768
741
724
741
749
769
745
765
764
728
772
783
808
793
753
720
720
720
728
763
759
749
765
742
728
739
734
745
725
732
735
798
742
760
760
762
762
793
807
754
762
762
790
790
790
760
740
729
736
738
760
749
749
757
757
752
721
741
716
716
730
721
736
760
774
761
774
758
784
765
763
777
763
761
772
751
722
744
731
790
743
744
736
758
775
730
731
720
692
722
755
724
769
762
762
737
695
731
741
745
774
743
719
756
811
811
807
731
731
702
728
784
797
805
795
738
720
745
736
772
783
727
727
710
772
737
719
746
756
785
785
785
765
754
758
750
731
704
751
747
755
772
772
742
745
726
751
794
794
753
762
754
793
743
743
748
781
742
711
701
718
736
762
741
724
724
714
708
745
738
784
735
746
740
783
701
701
711
772
775
776
734
737
760
739
743
743
755
756
757
771
758
763
759
753
759
768
751
722
764
768
726
733
720
760
756
735
759
752
742
742
743
761
726
761
753
723
759
750
738
754
773
747
719
740
778
790
739
763
754
725
741
722
729
751
749
733
724
733
733
735
751
786
773
797
754
751
754
745
752
716
721
740
754
750
742
717
754
755
758
728
756
756
737
753
754
751
719
719
767
729
752
739
748
756
748
759
759
751
769
803
787
740
740
740
724
732
748
753
799
803
721
721
792
784
749
728
685
750
751
751
746
733
784
788
750
750
728
755
768
742
743
710
793
793
774
748
766
784
739
721
700
738
757
789
743
743
744
755
783
705
683
683
720
690
700
716
752
752
737
747
715
715
729
686
691
731
732
780
730
668
730
733
712
741
757
757
762
738
708
734
755
769
717
711
726
738
734
747
740
742
748
754
747
759
746
753
747
755
757
752
753
766
761
758
761
757
775
734
716
716
662
735
752
756
744
742
768
722
702
772
767
732
766
758
775
722
728
722
731
726
729
753
764
762
752
747
777
764
738
753
737
742
713
730
742
724
751
717
741
723
766
781
743
721
714
796
796
792
744
732
725
741
756
739
757
767
759
756
771
756
760
766
759
722
745
745
690
737
779
790
730
702
733
752
718
735
723
723
767
753
743
743
766
730
725
760
785
752
733
733
753
707
715
760
734
701
727
723
729
747
743
734
802
726
703
713
732
732
682
720
719
754
744
754
743
752
747
750
736
753
737
732
762
782
753
717
692
759
757
752
749
713
742
774
757
757
754
759
747
772
792
740
748
764
752
771
757
745
768
750
752
749
740
761
757
767
757
751
783
755
753
743
750
746
757
742
750
755
756
755
761
763
754
754
743
743
760
760
760
768
756
755
735
761
757
739
774
757
746
742
733
733
765
768
744
745
760
759
758
740
773
753
762
789
759
758
766
755
755
753
792
740
755
769
785
756
756
781
754
749
741
749
777
781
781
738
738
767
759
753
780
767
767
774
768
741
747
746
779
798
758
771
756
746
767
736
773
806
794
781
757
748
759
739
747
757
757
772
802
795
790
774
760
763
810
779
788
785
757
741
801
811
783
780
753
729
732
719
597
597
786
782
745
745
776
759
746
747
754
755
779
773
753
756
735
755
755
755
759
800
752
787
762
756
784
792
784
799
813
791
795
788
705
758
748
764
765
754
758
788
778
772
759
740
744
738
755
740
782
793
766
740
764
757
753
771
760
733
737
759
755
748
766
760
766
790
786
745
764
759
801
778
749
744
780
780
763
734
772
793
753
742
747
808
808
764
756
754
768
798
806
746
741
754
815
805
773
757
754
745
786
799
763
755
766
796
761
761
726
745
745
738
794
796
779
771
753
754
806
820
762
738
758
741
762
761
753
749
771
756
755
742
797
732
697
722
722
714
706
730
754
765
750
727
753
733
757
760
753
733
757
752
766
760
753
770
758
750
763
764
799
807
760
738
750
763
756
768
746
737
775
751
745
750
773
773
752
764
770
738
791
763
782
790
779
763
724
784
759
743
756
759
750
742
752
766
764
756
761
779
762
771
753
730
732
744
772
772
756
745
749
774
774
738
722
730
749
755
729
753
758
755
771
790
771
756
768
757
754
757
763
792
750
750
734
740
748
776
743
747
791
766
751
743
743
749
746
771
773
777
750
802
798
802
763
763
728
730
737
737
753
708
736
723
724
763
678
756
774
760
751
763
790
802
730
720
740
751
749
773
768
757
766
790
750
750
734
739
773
762
750
761
756
721
756
756
785
694
752
735
766
766
764
740
752
758
812
764
764
752
799
782
779
808
819
816
802
754
752
745
724
738
757
770
763
627
760
742
761
760
784
756
747
745
786
779
756
721
741
758
758
748
762
754
795
780
758
748
730
744
789
743
749
748
761
764
767
757
770
754
763
748
712
759
786
795
742
727
745
729
770
770
750
752
719
732
731
762
746
736
760
760
779
779
760
760
748
729
764
745
739
762
800
790
768
759
758
744
784
732
708
783
788
785
775
792
741
741
770
770
739
731
748
736
781
814
795
776
739
750
756
764
743
738
757
742
746
791
809
776
756
730
732
745
739
740
760
760
753
732
749
778
761
725
739
773
761
740
741
764
746
766
755
735
738
764
793
739
739
753
748
737
753
762
753
747
761
747
743
790
770
746
770
785
761
740
754
757
773
801
757
765
732
773
773
806
764
764
731
742
783
782
795
797
747
751
762
770
758
731
740
745
785
775
746
746
788
796
739
739
736
777
753
753
734
751
744
767
780
798
798
751
777
745
738
752
750
750
750
745
741
760
769
769
703
744
752
771
796
775
741
773
773
732
739
736
755
765
757
778
734
734
757
711
735
739
789
789
745
737
761
741
762
742
763
744
746
740
783
783
773
754
743
798
793
764
770
754
799
779
767
756
761
759
772
759
779
772
789
771
