684
764
702
695
684
659
661
707
695
697
665
685
648
681
679
676
682
746
765
684
698
713
730
719
671
684
680
693
665
693
737
693
728
695
693
674
681
701
694
690
676
740
682
686
729
669
662
727
715
669
661
739
688
702
681
685
687
679
727
719
733
710
703
684
663
727
693
667
640
654
678
741
667
670
675
743
698
670
680
707
774
689
698
710
680
740
742
689
720
699
733
732
753
757
719
725
720
715
693
694
748
777
766
695
700
720
695
690
687
741
756
735
757
708
738
702
732
744
728
690
688
723
644
700
729
741
700
695
690
772
784
682
719
726
744
712
704
722
690
699
733
708
682
695
692
755
776
756
762
732
725
692
705
690
722
716
716
712
747
718
715
723
744
700
709
694
692
752
735
688
697
691
739
739
687
685
686
693
730
714
741
730
717
743
746
722
761
728
748
747
745
705
689
767
773
768
772
722
709
729
699
737
734
699
713
685
733
695
747
728
724
718
692
714
758
711
706
701
695
765
731
697
719
723
718
694
734
729
708
700
732
740
740
734
700
718
700
728
690
719
731
741
736
727
735
716
762
702
721
707
688
713
713
734
767
765
765
725
726
741
753
752
751
746
722
699
741
743
666
736
737
706
693
735
753
739
774
704
705
748
731
707
753
729
731
727
712
722
722
714
762
710
763
711
719
728
748
730
735
721
742
739
707
761
723
713
733
713
701
730
733
739
730
709
749
790
754
716
721
700
747
735
722
720
708
747
700
739
757
776
768
724
689
695
708
761
791
762
699
685
714
742
742
734
721
725
693
709
684
757
728
705
694
717
692
724
705
704
735
729
728
717
709
707
757
727
700
710
716
714
729
722
761
721
709
740
745
742
784
804
796
786
743
752
749
742
737
712
747
744
780
731
707
743
739
720
703
748
735
770
765
713
724
745
732
738
707
703
748
767
746
712
697
783
705
694
711
719
698
704
727
713
737
744
710
736
773
764
732
727
753
743
721
738
765
737
727
698
699
742
735
699
707
726
757
737
737
706
741
727
758
717
711
696
700
741
711
715
703
769
764
700
685
701
731
732
700
713
692
743
692
766
767
699
688
734
667
673
714
682
657
670
656
777
717
651
660
722
726
681
732
734
738
707
683
717
730
708
723
698
678
658
755
661
683
688
665
733
682
685
733
733
738
700
698
733
680
683
679
715
727
764
757
706
676
681
700
702
681
704
674
699
730
729
704
712
700
681
742
692
714
703
703
690
696
699
675
686
669
704
705
693
722
723
721
740
717
677
672
704
698
694
692
716
716
685
730
686
737
683
675
678
748
670
686
705
718
713
698
671
741
641
695
683
669
744
739
702
694
705
734
663
762
743
734
763
772
706
729
702
728
744
722
716
691
771
728
670
681
679
699
762
790
690
687
728
718
694
681
717
662
689
699
698
687
727
678
735
695
731
759
741
725
696
704
682
754
696
708
690
704
710
764
692
765
724
738
698
697
719
758
728
736
733
749
747
718
688
676
698
751
697
687
723
757
732
683
785
754
692
754
736
749
680
696
706
717
739
724
714
701
737
753
696
721
738
769
737
681
741
709
668
775
712
679
708
672
682
765
755
770
712
701
723
725
724
731
722
740
720
687
772
717
691
719
765
767
756
754
770
733
694
753
739
732
692
688
664
695
774
679
667
670
772
679
664
705
772
779
694
673
687
694
691
749
760
754
698
700
703
694
753
769
743
751
711
724
767
768
718
676
692
685
727
777
714
714
711
783
761
681
685
739
736
773
711
763
712
698
716
736
738
719
718
745
718
729
732
734
726
747
747
729
746
740
689
728
701
697
692
684
693
758
716
691
710
756
772
775
708
705
752
761
739
726
681
685
685
732
725
773
711
759
730
700
698
714
767
736
694
696
734
713
719
759
709
712
773
769
715
679
733
771
707
716
697
752
775
717
711
701
703
753
747
768
711
716
706
740
742
699
707
736
703
737
762
758
713
657
696
743
697
687
688
736
710
714
709
718
735
757
720
727
698
671
705
789
752
723
726
779
752
775
724
709
736
728
749
755
747
732
698
702
675
692
754
731
705
684
673
742
685
763
727
697
679
691
700
762
720
710
783
794
797
799
692
701
725
765
736
754
719
695
708
678
738
775
688
699
706
689
724
709
713
695
711
781
737
737
794
756
724
756
713
696
694
764
741
743
762
777
757
763
776
764
752
770
754
749
719
700
777
770
704
697
739
737
733
719
746
762
747
768
715
739
738
769
759
740
730
727
698
768
732
734
753
758
701
669
740
741
787
734
691
698
710
723
747
756
730
729
692
693
721
759
709
706
717
696
686
780
722
699
730
696
716
749
733
693
704
752
735
704
713
742
732
705
704
743
740
700
675
738
749
731
694
709
714
717
715
701
712
719
737
739
706
715
745
769
752
737
725
711
732
758
709
706
714
758
762
767
730
704
713
726
808
732
728
694
770
767
724
701
737
745
746
729
753
737
763
783
756
714
699
717
799
810
811
809
700
733
749
737
715
766
714
771
760
718
714
701
748
742
717
730
718
778
713
697
723
704
705
717
730
743
719
703
773
750
699
705
701
731
748
743
713
735
727
735
756
756
729
781
741
718
724
740
748
726
737
779
708
728
747
697
748
786
763
707
707
698
777
783
727
732
731
694
757
740
715
698
711
754
720
694
760
742
694
722
713
706
727
723
734
732
705
714
728
735
752
729
743
746
719
718
714
708
735
753
711
713
708
764
728
717
692
742
758
724
700
771
735
770
725
727
772
785
731
735
729
728
758
760
710
728
719
726
699
709
742
760
717
732
741
764
789
771
704
719
712
764
759
767
737
781
722
701
758
703
698
702
778
778
728
704
709
705
722
700
732
759
755
769
779
721
786
742
634
702
783
792
799
785
777
717
713
792
766
743
723
747
763
751
755
740
728
727
701
708
684
693
762
728
725
752
712
714
811
811
811
812
812
814
816
818
822
822
820
820
783
726
711
756
812
778
726
700
735
704
739
723
725
796
729
707
768
780
742
711
785
801
738
725
709
695
761
784
803
774
716
747
770
755
741
706
700
781
736
701
795
770
724
717
728
760
763
791
801
800
776
760
757
751
767
736
745
718
707
690
722
744
728
770
743
732
701
705
762
782
735
706
705
771
660
704
721
701
718
711
718
714
717
709
767
808
787
793
781
775
759
751
770
777
751
743
746
730
705
736
709
698
748
730
731
748
785
774
783
800
738
729
702
752
758
737
742
780
735
780
744
708
746
715
735
723
783
792
758
760
714
708
717
687
738
753
728
703
747
754
732
710
714
764
746
735
723
722
766
736
701
723
724
706
748
711
734
721
737
731
736
729
700
771
747
704
713
747
742
741
720
748
756
727
737
771
756
752
738
744
769
793
802
794
748
730
685
699
733
745
724
777
752
725
717
769
771
757
724
703
757
778
741
717
726
709
728
784
751
706
706
737
739
782
727
732
725
714
725
745
729
775
752
791
739
703
711
705
767
727
705
714
737
726
801
754
725
705
708
782
730
741
745
764
735
709
757
721
722
786
782
707
689
746
771
788
750
772
726
700
716
690
751
736
725
716
717
696
714
762
747
742
746
705
709
773
729
724
715
692
705
771
698
691
741
756
743
700
723
771
711
752
720
743
758
791
760
758
704
747
754
696
737
761
736
736
767
772
793
797
771
759
701
692
734
764
691
766
724
774
726
767
767
767
739
723
811
768
731
704
731
726
735
710
743
775
758
736
740
764
735
778
714
754
718
693
725
723
716
721
725
768
712
739
710
690
751
698
728
775
746
775
734
696
732
786
724
737
724
698
716
700
734
743
803
719
700
700
723
734
701
731
747
754
737
705
745
784
731
701
732
743
722
690
722
718
735
726
724
710
730
786
726
729
742
710
770
768
717
707
693
708
741
739
721
723
723
706
765
786
753
739
710
718
736
785
739
713
739
776
725
750
742
772
747
744
775
783
800
780
759
740
700
684
818
695
683
695
713
798
728
697
739
723
739
783
726
757
739
784
801
786
767
754
746
760
751
742
769
776
736
732
734
740
716
697
738
707
719
743
762
798
797
803
751
771
705
741
750
781
755
759
728
762
762
769
741
713
719
699
744
771
722
750
744
709
737
756
729
758
719
720
714
692
719
772
736
717
720
715
757
736
720
744
739
732
733
729
757
774
754
705
717
