724
771
762
757
726
708
710
724
720
716
712
717
730
704
703
732
703
712
662
718
680
711
711
688
714
717
733
724
707
743
725
704
731
716
735
725
716
717
732
697
735
733
720
752
713
694
737
729
738
723
736
726
734
733
743
723
709
744
704
730
714
741
731
683
718
698
717
768
726
739
754
747
721
750
726
746
721
757
740
724
721
739
708
718
736
755
749
729
692
698
747
722
739
719
690
717
684
693
753
739
706
692
704
701
652
672
668
709
681
695
675
687
678
746
732
687
671
672
671
709
753
738
684
686
661
689
662
641
642
669
715
654
670
649
691
681
654
657
657
675
678
693
670
702
684
697
706
652
660
649
649
657
690
691
717
730
711
673
675
702
693
685
671
682
678
693
680
670
684
673
714
719
699
703
694
683
652
708
694
693
671
670
751
750
766
737
722
701
701
700
700
675
720
698
728
713
677
683
723
719
700
700
659
659
640
640
660
671
668
729
699
666
683
728
689
739
747
727
727
705
668
715
701
696
716
663
669
659
681
697
711
692
680
667
672
730
742
731
749
685
677
678
718
738
707
686
717
697
694
689
674
684
666
679
679
680
674
675
742
723
700
723
697
723
723
728
728
725
653
736
757
752
730
696
757
757
737
774
725
739
748
743
728
752
774
732
749
746
703
695
669
710
715
745
684
772
663
714
705
740
734
743
736
732
742
688
640
669
669
639
642
735
749
711
717
726
638
765
748
639
672
669
682
736
694
694
648
673
724
696
696
674
674
696
714
725
707
734
718
649
697
715
700
727
686
640
648
701
701
637
659
672
672
697
698
703
712
696
664
713
722
703
690
706
715
728
789
694
688
678
716
659
649
672
664
694
694
672
668
680
682
682
681
709
686
685
685
720
705
717
710
709
690
659
661
676
666
676
650
707
707
686
663
716
716
718
705
735
694
766
678
749
747
776
762
780
794
777
691
782
776
763
748
737
738
733
731
748
764
759
735
753
762
748
709
714
762
771
771
772
776
778
775
770
774
786
768
740
715
734
745
723
695
710
676
694
687
721
719
690
699
685
693
724
686
661
653
649
654
685
683
701
672
721
707
707
698
649
660
675
654
666
659
673
657
662
656
669
687
670
674
740
701
693
671
667
662
685
667
703
688
691
704
701
722
746
737
719
716
741
692
739
739
698
695
775
754
763
739
713
724
742
748
761
769
742
718
738
739
791
764
705
688
722
698
732
699
717
731
709
697
656
782
740
717
658
657
715
738
757
757
734
722
747
739
761
698
701
721
722
736
762
762
736
723
733
744
714
727
787
726
737
766
782
786
742
755
743
765
772
746
798
784
721
741
713
752
729
735
702
689
734
709
730
688
725
687
684
685
682
692
751
737
688
688
691
711
712
730
742
722
737
713
785
688
751
749
713
765
785
785
761
740
748
721
769
778
766
771
736
735
729
729
705
691
674
738
721
672
708
662
712
720
762
682
734
708
669
664
720
740
727
727
678
686
703
725
708
721
706
692
705
720
681
681
675
724
728
732
732
699
711
760
769
739
790
724
786
774
768
779
773
787
779
669
678
717
714
680
715
732
764
750
729
707
733
755
759
790
702
694
668
669
669
674
685
685
662
676
678
683
699
729
742
746
749
736
708
713
718
707
758
758
709
706
751
716
691
718
714
715
740
738
761
769
749
750
730
717
735
721
743
728
741
790
756
749
720
718
715
700
720
727
714
690
741
725
727
727
768
699
709
711
693
705
731
755
717
719
730
698
695
707
730
672
669
669
693
671
723
673
741
754
700
700
667
667
726
714
746
731
705
672
712
712
754
719
731
733
724
761
739
685
672
679
693
702
682
651
687
685
711
734
726
726
685
703
712
738
760
683
681
682
681
681
694
694
679
712
747
772
721
684
676
709
705
710
683
716
685
674
682
733
703
740
730
730
671
724
735
703
764
752
723
728
706
741
720
704
704
691
724
733
733
691
693
740
768
762
734
739
678
728
727
746
666
688
653
684
703
672
686
688
703
703
726
718
728
742
739
739
720
736
685
685
712
693
703
723
716
697
717
721
738
726
718
702
720
724
714
715
742
719
709
698
696
725
731
778
725
693
721
721
722
730
726
734
750
739
743
731
748
748
758
762
741
722
724
746
765
743
725
717
773
728
733
749
755
738
754
771
739
752
713
741
709
707
716
703
740
724
703
712
707
737
737
722
716
714
718
724
744
737
735
744
758
785
753
704
731
738
725
735
754
714
768
719
670
680
662
658
757
732
683
687
758
718
688
674
712
766
733
673
743
704
725
726
694
677
676
711
698
681
718
714
684
740
736
728
722
703
726
709
716
715
722
754
735
735
742
763
775
769
758
760
737
747
732
678
729
767
759
779
724
733
697
726
748
771
768
714
782
782
737
738
726
751
746
747
730
758
752
745
746
719
753
753
724
704
692
699
705
700
718
718
695
785
796
722
713
732
721
683
666
679
715
694
719
719
701
728
638
777
754
725
664
714
747
734
728
728
695
721
747
714
752
731
753
765
725
743
769
794
765
761
693
742
755
744
747
736
737
740
734
754
726
700
695
686
756
754
708
711
713
