99.6780000000016
93.6860000000016
232.226000000001
128.598000000001
176.984000000001
87.416000000001
86.7780000000008
156.884000000001
164.52
101.78
178.184
150.204
174.57
104.694
230.202
95.3420000000002
103.788
146.418
140.062
144.796
182.932
136.508
201.45
119.744
125.2
210.376
150.958
168.16
128.502
163.83
197.042
194.696
179.522
191.754
80.9580000000001
161.844
99.5819999999999
147.142
156.334
116.212
96.864
149.59
98.608
123.192
54.196
54.028
51.7899999999999
57.7519999999998
140.828
117.098
2.75200000000001
101.64
107.644
42.3579999999997
80.0239999999997
91.6119999999997
34.5859999999995
93.7179999999996
31.8079999999996
72.0959999999996
95.9859999999996
60.2019999999996
88.9259999999996
36.3299999999996
97.7459999999996
70.3459999999996
110.782
49.6819999999996
47.2679999999996
54.6459999999996
62.1459999999996
107.378
71.9079999999996
67.1779999999995
49.9839999999995
90.5779999999995
45.7479999999995
154.024
38.4219999999997
49.1799999999997
85.6559999999999
94.1659999999999
13.7239999999998
110.832
67.4219999999997
100.944
70.8779999999999
106.9
110.76
71.9399999999998
89.0399999999997
104.9
41.9319999999998
75.1959999999998
53.6199999999997
80.7659999999997
21.9119999999996
41.4419999999996
108.898
37.4739999999996
13.1499999999996
20.7099999999996
68.0639999999996
58.7859999999997
130.046
67.1599999999997
8.00599999999963
56.8719999999997
89.0359999999998
16.6739999999996
40.7079999999996
87.6779999999995
101.946
71.1799999999995
39.2359999999996
69.0119999999995
53.4159999999994
61.0799999999995
96.1639999999995
79.7239999999993
103.758
97.8339999999997
24.3639999999997
77.5759999999996
20.5579999999997
113.714
113.714
50.9919999999999
49.04
69.286
122.538
69.286
-1.54199999999997
97.128
60.6080000000001
38.138
96.3680000000001
75.162
107.876
51.278
59.174
1.94800000000004
-26.322
-22.45
58.504
32.742
107.524
22.212
56.1540000000001
20.6120000000003
76.7620000000002
85.8600000000002
63.8020000000002
116.188
42.148
110.924
87.3340000000001
27.6140000000001
31.3740000000001
97.152
77.518
84.104
107.134
11.7579999999999
44.4179999999999
6.80799999999982
116.958
92.8979999999999
37.4019999999999
76.1879999999999
-3.40000000000009
87.8339999999999
73.1059999999999
-0.00400000000007594
-15.0060000000001
-10.8900000000001
-36.9920000000001
-18.042
13.5519999999999
2.89399999999989
-2.4980000000001
31.8939999999999
16.0559999999999
13.2859999999998
-9.26600000000013
-8.77200000000016
44.6299999999998
11.3879999999999
24.8559999999998
21.2079999999999
15.3
11.3279999999999
64.4619999999999
48.6220000000001
71.6480000000001
95.2560000000001
65.2600000000001
70.522
65.754
55.538
92.3880000000001
55.7120000000001
96.6860000000001
46.0760000000001
99.932
86.162
83.7980000000001
80.598
87.4
49.8240000000001
15.94
60.412
24.4400000000002
41.8080000000003
76.0880000000003
52.5960000000002
59.6020000000002
66.6860000000001
66.6860000000001
31.5400000000001
20.7640000000001
62.598
39.648
13.9040000000001
53.404
77.91
101.112
51.3399999999999
21.72
49.76
58.4699999999999
82.548
63.2400000000001
108.11
46.166
42.6620000000001
39.2500000000001
30.4080000000001
80.9140000000001
21.794
77.7160000000001
72.0380000000001
38.6880000000001
50.2480000000001
72.9980000000001
68.5060000000001
89.402
97.524
70.0380000000001
46.6320000000001
50.2440000000001
-0.09599999999989
50.2060000000001
21.2720000000001
22.2180000000001
54.4160000000001
42.212
19.86
46.5780000000001
53.4660000000001
34.8300000000002
45.2760000000002
20.4520000000001
77.5600000000001
30.514
30.8379999999999
40.9119999999999
33.4979999999999
71.7099999999999
36.2319999999999
108.718
103.438
95.6819999999999
20.3599999999999
100.27
64.6759999999999
83.1759999999999
54.5939999999999
88.9699999999999
77.0039999999998
85.1319999999999
89.9519999999999
96.0099999999998
96.4719999999998
54.1599999999999
92.8739999999999
81.978
56.912
83.914
83.0240000000001
45.6920000000001
92.4060000000002
59.3540000000003
49.4220000000003
68.3620000000001
69.2760000000001
56.4520000000001
46.4500000000002
64.8480000000003
53.3720000000001
78.1800000000001
18.5200000000002
83.9160000000002
25.8420000000002
73.3160000000001
14.1440000000001
80.924
105.864
27.126
41.53
55.48
44.1179999999999
42.3299999999999
33.0519999999999
68.1359999999999
64.9479999999999
53.9399999999998
51.7719999999999
64.5519999999999
42.3019999999999
54.7179999999998
67.8059999999998
71.2439999999997
45.5459999999999
38.204
61.314
55.3600000000002
61.4720000000004
21.8580000000005
44.1940000000005
57.3360000000005
50.9340000000004
58.2880000000004
22.9760000000005
84.4160000000005
62.8220000000006
37.7840000000006
33.3780000000006
47.7980000000005
54.9860000000006
71.1980000000005
52.0320000000006
30.5100000000005
76.8360000000006
51.8600000000005
88.5940000000005
37.4600000000005
70.9080000000005
27.3980000000005
27.2800000000005
59.8180000000006
89.0460000000006
62.6060000000006
41.3640000000008
42.2920000000008
38.2000000000007
62.2800000000007
54.6140000000006
16.2300000000006
77.8360000000008
53.6120000000008
77.8620000000007
87.5560000000006
55.2400000000005
58.1400000000005
59.9440000000006
72.9980000000005
85.7980000000005
30.6000000000004
58.1000000000004
18.7900000000004
69.9200000000004
52.0200000000003
88.3160000000003
26.6760000000001
53.5420000000001
23.6640000000001
57.9940000000001
55.5660000000001
26.3840000000001
31.9420000000002
68.8600000000002
56.2520000000002
54.2620000000002
62.9500000000002
41.2180000000002
85.3480000000002
39.6700000000003
84.4860000000003
34.2680000000004
67.1000000000004
35.5480000000005
57.2080000000005
56.4280000000006
42.1420000000006
14.4500000000006
32.1200000000005
68.5640000000005
61.1840000000004
38.0280000000004
69.5680000000005
34.7420000000004
49.9980000000005
28.6560000000004
64.6740000000004
24.8020000000003
84.9540000000003
71.3960000000004
40.4860000000003
41.8040000000003
21.5920000000002
30.7360000000001
68.8200000000001
29.2040000000002
57.5500000000001
35.5700000000002
92.1900000000001
43.1780000000001
96.5460000000001
42.6000000000001
66.6620000000001
32.3960000000001
77.2640000000001
75.3660000000001
25.5060000000001
40.0760000000001
67.0860000000001
65.0700000000001
63.4460000000001
87.246
63.6119999999999
57.6559999999999
66.2079999999999
70.4139999999999
29.2539999999998
40.1419999999998
61.3759999999999
55.0259999999999
44.1879999999998
66.8959999999998
35.4719999999999
55.1539999999998
47.0959999999999
-10.724
6.02999999999997
8.93199999999996
26.776
79.7679999999998
57.1199999999998
62.6999999999999
70.8839999999998
35.5059999999999
24.266
41.692
94.32
43.5980000000002
33.3800000000002
24.2700000000002
42.7080000000003
66.8920000000003
70.0920000000003
75.9040000000002
76.7280000000003
23.4560000000002
78.4580000000003
57.2180000000002
67.6720000000002
56.6580000000003
86.1960000000004
76.5380000000004
31.2320000000003
75.3300000000003
62.7860000000003
55.9720000000003
49.1160000000003
15.3580000000003
16.7800000000003
49.2480000000003
54.6780000000003
77.6280000000003
55.2920000000003
81.4460000000004
46.9340000000003
35.8760000000003
38.3480000000002
80.6420000000002
67.5020000000002
57.7840000000002
42.3280000000001
80.1740000000001
19.65
46.174
49.484
51.416
56.2620000000001
61.056
39.2900000000001
87.6460000000001
68.7700000000001
82.45
77.7820000000001
65.7480000000001
81.022
71.8120000000001
40.7420000000001
49.6480000000001
39.2840000000001
84.2740000000001
54.1360000000001
62.9540000000001
82.062
44.72
63.526
48.8879999999999
63.66
45.192
68.286
19.998
37.886
75.104
34.932
79.384
50.15
55.076
18.5899999999999
45.1079999999999
45.0979999999998
86.4179999999998
66.6059999999998
88.8399999999998
66.9219999999999
51.6459999999999
28.8559999999999
37.6199999999999
37.0119999999997
88.5779999999996
64.0139999999997
53.7179999999997
56.1139999999997
44.4439999999997
42.1699999999997
54.5939999999997
53.8359999999997
96.1019999999996
41.8899999999996
87.0839999999996
35.0019999999996
42.6799999999996
57.6719999999996
63.8459999999995
53.8399999999996
38.9239999999996
87.1559999999996
75.4959999999996
85.5099999999996
46.1719999999996
109.848
75.7439999999996
78.8799999999995
25.9479999999994
13.1319999999996
83.1259999999994
34.7819999999995
96.0599999999993
65.2399999999996
47.3539999999997
26.5059999999997
39.3619999999997
59.6199999999997
26.0299999999996
90.0279999999997
29.2159999999999
101.978
81.68
27.0879999999999
35.8539999999999
36.2019999999999
97.6299999999999
67.5759999999999
104.768
29.134
85.446
74.948
64.1439999999999
32.374
46.8240000000001
54.5900000000001
85.2480000000002
69.2940000000002
34.9060000000002
94.7640000000002
64.4660000000001
58.1260000000001
95.4700000000001
59.7400000000002
59.3180000000002
71.7260000000002
91.0300000000002
89.1860000000003
29.6840000000003
65.9040000000004
93.8380000000005
89.7800000000006
59.7980000000006
89.3020000000005
89.1380000000005
73.6640000000006
63.8840000000005
88.3000000000005
47.3100000000006
54.1260000000005
70.9740000000006
47.0720000000006
7.10400000000067
16.2140000000006
12.8000000000006
49.5000000000006
55.2580000000007
52.5920000000007
107.292000000001
61.2060000000006
27.6720000000007
50.0480000000006
96.4700000000007
25.1660000000006
61.1060000000006
78.5240000000007
17.7720000000006
32.3960000000006
40.4340000000005
21.0960000000005
87.0280000000005
63.7260000000005
35.6060000000004
67.1820000000003
31.7300000000002
91.0120000000002
25.5140000000002
53.8180000000002
44.4060000000001
45.8580000000001
42.4899999999999
81.942
84.764
76.4979999999998
76.2999999999998
99.1259999999999
26.4059999999999
94.2799999999998
66.3399999999998
52.4779999999998
76.0139999999997
99.0259999999996
112.892
69.0719999999995
40.2019999999995
57.3439999999995
67.4799999999996
71.4099999999995
87.3239999999994
41.9219999999995
33.9399999999994
69.9299999999994
73.0659999999994
95.1939999999994
104.833999999999
72.8759999999994
88.6239999999994
68.6839999999993
28.2479999999994
81.8019999999994
71.8079999999994
2.06799999999947
13.4159999999995
48.4419999999996
78.5639999999997
56.4379999999997
46.8679999999997
71.3659999999998
44.5519999999999
94.112
24.348
85.22
84.914
74.346
42.438
87.9060000000001
68.842
45.9939999999999
97.1520000000001
32.1120000000001
70.3980000000001
88.7240000000001
70.0340000000001
36.2500000000001
65.0620000000001
49.7660000000001
47.3140000000001
72.2460000000001
16.7880000000001
22.852
81.2600000000001
80.0520000000002
21.6760000000002
11.3920000000002
88.0820000000003
107.758
58.4620000000004
96.0540000000003
56.7120000000003
37.5840000000003
74.7000000000003
46.5760000000003
45.1660000000002
78.7140000000001
85.6400000000001
50.8140000000002
105.114
96.35
54.8699999999999
80.54
72.086
48.7599999999999
95.5499999999999
60.1979999999999
91.6880000000001
22.1280000000002
70.7220000000002
85.7480000000002
65.4420000000002
85.2320000000002
59.7400000000002
65.9820000000002
30.2620000000002
79.0700000000002
68.1540000000002
91.0220000000002
37.5640000000001
64.7380000000001
51.508
87.298
48.478
31.962
51.5060000000001
66.7040000000002
47.4340000000001
58.9420000000001
63.878
30.504
51.736
28.8419999999999
89.8440000000001
78.088
59.976
64.6079999999999
53.5239999999999
45.0059999999998
85.3019999999999
71.5299999999999
31.4659999999998
81.3239999999996
100.79
38.4459999999996
36.6919999999997
63.1579999999997
55.5539999999996
91.0979999999996
66.7019999999996
24.0059999999996
77.3219999999997
69.9739999999996
69.9739999999996
67.8799999999997
