249.074636927851
269.834636927851
230.774636927851
261.016636927851
236.862636927851
269.928636927851
266.962636927851
207.694636927851
229.864636927851
225.202636927851
223.028636927851
220.388636927851
187.130636927851
199.296636927851
171.496636927851
214.450636927851
155.392636927851
167.818636927851
179.620636927851
198.738636927851
174.922636927851
132.272636927851
184.588636927851
158.940636927851
101.450636927851
114.902636927851
115.388636927851
136.814636927851
105.162636927851
111.542636927851
97.6926369278509
85.6006369278509
100.590636927851
100.590636927851
59.9966369278509
81.4266369278509
88.4646369278509
27.5406369278509
38.3826369278508
61.0486369278508
34.4926369278511
49.672636927851
28.116636927851
55.0926369278509
23.1006369278508
13.7186369278507
63.5206369278508
-29.7153630721492
-8.45136307214919
-8.45136307214919
7.53063692785081
-2.21336307214929
-9.21736307214929
-5.78736307214929
-3.78136307214929
25.2706369278505
35.0726369278506
36.9166369278506
-18.0473630721493
24.8426369278507
35.7586369278507
-15.3453630721493
0.664636927850708
-5.20536307214929
22.5746369278507
22.5006369278507
18.3546369278507
16.5166369278505
-10.4953630721494
-68.1413630721495
-28.0273630721495
-80.9433630721496
-46.4493630721496
7.61263692785041
-29.6653630721496
-8.01336307214969
-5.51936307214949
-24.9133630721495
-8.91136307214949
13.9846369278505
3.30463692785061
-10.1733630721494
-31.4353630721494
-25.8633630721494
-21.3113630721493
6.97663692785061
-4.47736307214949
-28.2873630721496
-4.82336307214949
-19.1313630721497
-25.2913630721497
-16.7653630721496
-16.7653630721496
-16.0413630721497
-20.1093630721498
-30.9553630721497
-29.6773630721498
-36.6473630721497
7.15863692785021
-35.4453630721497
-44.6713630721497
-45.3693630721497
-45.8233630721496
-17.8333630721497
-17.8333630721497
-6.18536307214959
4.57463692785041
26.1646369278505
-10.8933630721493
-32.5013630721494
-32.2053630721493
1.94463692785061
-23.1313630721494
13.8586369278506
3.50263692785051
-3.76536307214949
-0.595363072149389
-16.7793630721494
-22.2133630721496
-29.2513630721496
-9.22936307214959
24.0366369278504
20.7086369278504
-21.2713630721496
-5.14936307214949
-27.1653630721496
11.4826369278504
15.0786369278505
-14.0853630721495
14.1126369278504
-9.47736307214959
-9.47736307214959
-33.6773630721495
37.1866369278505
18.7666369278504
24.8586369278504
-7.51736307214949
13.6326369278504
28.0726369278504
24.7726369278505
32.3886369278505
34.6606369278504
21.7086369278504
-19.4493630721496
-5.17336307214959
12.0846369278504
32.6866369278504
23.2226369278504
32.9526369278504
26.7126369278504
33.5786369278505
-5.30136307214949
0.464636927850506
12.6086369278505
11.3086369278505
16.7966369278505
25.6366369278505
27.0506369278504
34.8866369278504
33.3426369278503
33.3426369278503
25.8626369278504
29.7566369278503
19.4186369278504
40.2586369278505
43.9866369278504
13.5326369278504
1.38463692785031
-1.07536307214969
-3.99736307214959
27.5546369278505
20.2626369278505
11.7586369278505
2.17463692785041
12.5726369278503
32.4586369278503
37.1126369278504
21.2166369278505
11.4146369278503
25.5966369278503
34.0166369278503
5.71863692785021
26.2366369278502
10.8626369278502
-8.74136307214969
-29.1933630721499
5.67263692785011
20.9806369278501
21.19063692785
1.63663692785011
-16.1033630721498
-27.3893630721499
-17.6513630721498
-17.6513630721498
12.5546369278501
17.1986369278501
-6.23536307214989
5.56463692785011
14.2326369278501
-12.0433630721498
-28.4013630721496
31.1526369278504
-1.44336307214959
6.08063692785041
14.4586369278504
21.1746369278505
28.9466369278506
22.4926369278505
-9.93136307214949
15.7326369278505
38.2506369278504
38.2506369278504
6.01263692785061
6.91863692785071
7.49863692785071
-2.13536307214919
19.1106369278509
1.69063692785101
-0.165363072148892
27.1246369278511
23.8926369278511
40.8226369278511
24.2666369278511
7.01263692785111
-38.653363072149
-16.813363072149
-19.615363072149
-21.0593630721489
-57.441363072149
-48.385363072149
6.38063692785101
-26.135363072149
-13.2953630721489
-18.829363072149
-8.20536307214899
-5.11936307214899
18.730636927851
-31.421363072149
-21.7273630721491
-19.8493630721491
-7.24736307214899
-39.235363072149
-30.9193630721489
-42.3573630721488
-10.3913630721489
-4.77136307214889
-17.9873630721489
-0.513363072148891
-3.74536307214889
-3.74536307214889
-54.5833630721488
9.24263692785111
-19.8733630721489
-4.68136307214889
-27.0473630721489
-23.1973630721489
-50.1933630721489
-32.7853630721489
-15.005363072149
-23.1413630721489
-23.7093630721488
-30.4313630721489
-54.561363072149
6.26263692785111
2.33063692785131
5.32863692785111
8.06663692785121
-10.0073630721488
-1.11136307214869
-8.38736307214879
3.56663692785121
2.41663692785121
3.22063692785121
-26.7733630721489
-15.7573630721488
-48.8633630721489
-55.4333630721488
-23.0153630721488
-20.0833630721488
6.64663692785121
-26.361363072149
-20.4413630721489
-27.3333630721489
-59.2733630721489
-12.4993630721489
27.3026369278513
-5.38336307214879
-4.45536307214879
-70.1653630721488
-8.26736307214879
3.47863692785121
-25.6373630721488
-27.5613630721488
-50.0013630721488
-25.9593630721487
0.0306369278513117
-20.1413630721487
-19.3033630721487
6.74463692785131
6.74463692785131
6.50863692785141
-39.1813630721487
-16.8133630721486
-42.4953630721487
-20.9133630721489
-26.8333630721489
-7.51136307214889
1.39663692785111
1.39663692785111
-11.6133630721491
-8.30736307214909
-0.287363072149091
-23.3273630721491
1.38663692785091
-4.04736307214909
0.908636927850907
-8.27336307214909
-15.4133630721491
19.300636927851
28.1626369278509
21.4986369278509
4.02063692785091
-28.843363072149
-32.0973630721491
-17.2073630721491
-13.2113630721491
-9.32736307214909
-11.2393630721491
-15.1153630721491
-29.2453630721491
3.67263692785091
-7.42536307214899
-0.471363072149089
-18.5753630721491
-35.6933630721492
1.85663692785091
-14.3473630721491
-17.7293630721491
-5.68536307214909
-4.70336307214909
-14.7573630721491
-22.5013630721492
17.3886369278508
13.2546369278509
-5.97136307214909
-36.7373630721492
-34.8713630721492
-33.7593630721491
5.61463692785101
-17.761363072149
1.07863692785101
-22.6133630721489
-23.2253630721489
14.6046369278511
4.39863692785091
-7.24136307214919
-21.0313630721491
-19.1673630721491
-6.11136307214919
-4.39536307214929
9.19663692785081
23.7746369278509
29.5766369278509
-42.9433630721491
-16.0253630721491
-16.921363072149
-10.903363072149
-48.6553630721489
-28.797363072149
-13.191363072149
-4.30536307214899
-47.063363072149
-48.6293630721491
-16.6693630721492
-29.6973630721493
-31.6853630721494
-1.49336307214959
11.2306369278505
-15.9173630721495
22.0826369278503
23.0426369278504
-17.3993630721498
-47.4233630721497
-13.5993630721496
3.47463692785041
-12.2813630721495
-41.7373630721494
-7.59536307214939
-22.6493630721494
-28.8013630721495
-19.6973630721494
-47.8053630721494
-38.4393630721494
-32.5813630721493
-24.7373630721494
-23.6533630721493
5.52063692785071
-10.9373630721494
-7.86336307214949
-5.89536307214949
8.98863692785051
0.924636927850507
-22.6733630721494
-4.89536307214939
-4.89536307214939
9.68263692785061
-16.2793630721494
-12.1073630721494
-20.0893630721494
-40.8313630721493
17.9966369278508
-18.3393630721492
-2.15936307214939
-10.1773630721493
2.69863692785061
8.51063692785081
-13.9753630721493
-1.07536307214919
-21.4233630721492
-18.7553630721492
-18.7553630721492
-0.227363072149188
-3.38136307214909
-34.4573630721494
-44.0953630721492
-27.1953630721492
-26.2633630721492
-54.4373630721492
-41.0293630721492
-38.3773630721491
4.56663692785091
-5.75736307214909
4.13863692785101
24.864636927851
19.8206369278509
21.7246369278511
-16.7773630721491
-8.83336307214919
-3.03336307214909
33.690636927851
29.610636927851
-23.661363072149
-5.78136307214909
3.79063692785101
18.5666369278509
-0.55936307214899
-16.723363072149
-21.9593630721489
-34.941363072149
17.882636927851
-29.8173630721491
-43.0593630721492
-27.9593630721491
-4.02736307214919
6.64063692785081
-16.0013630721492
-12.9773630721492
-16.9773630721491
17.7446369278509
-6.30736307214879
-5.39336307214879
-35.7893630721487
2.74663692785141
27.2206369278515
14.9646369278514
-19.2653630721487
-0.763363072148692
-15.8953630721487
-13.8873630721487
-11.9493630721487
-8.22336307214869
0.532636927851307
-30.8753630721486
-50.6933630721487
-28.7273630721487
6.32463692785131
-5.79736307214869
-24.6413630721487
-42.5253630721486
-19.0933630721487
-21.1133630721487
-16.8113630721487
-9.80736307214859
5.18463692785131
7.86263692785131
-13.1933630721487
-27.0333630721487
-36.7833630721486
-0.765363072148588
11.9266369278514
22.8486369278513
15.7906369278513
-21.7193630721487
-4.11336307214869
-10.1413630721486
11.5006369278512
11.5006369278512
-44.4113630721488
-44.1033630721488
-12.0293630721488
21.8766369278512
-16.1513630721488
-20.1173630721488
1.68663692785131
16.4606369278513
2.20063692785141
-15.7373630721486
-13.9953630721485
-10.5353630721485
-3.77936307214849
-3.13936307214849
-2.56736307214849
14.9566369278515
4.11063692785151
-41.5133630721485
-19.7133630721485
-19.7953630721485
20.0906369278516
18.0086369278516
28.5866369278516
-9.08336307214839
-19.9333630721484
-64.3593630721483
20.3586369278518
20.3586369278518
-13.2173630721484
-19.2113630721483
-41.3393630721481
-20.1393630721482
-44.9673630721483
-10.8753630721483
-17.2153630721482
-9.44736307214819
7.57463692785181
2.39063692785181
-0.56736307214819
31.0966369278519
30.8366369278519
-18.2993630721479
-30.439363072148
0.0226369278517069
-7.00736307214829
3.92863692785161
-11.2433630721484
-17.4173630721484
-26.1013630721485
-16.5673630721486
-13.6233630721487
-16.7833630721488
-2.81536307214869
-12.6993630721488
-10.7993630721487
-4.88136307214869
-5.89136307214869
-22.9493630721487
-9.13536307214869
23.2066369278513
27.0826369278513
-4.36536307214869
-9.93936307214869
-10.0633630721487
-3.37136307214869
-42.3673630721488
-18.3533630721488
-33.8353630721488
-21.8873630721488
-26.8273630721487
7.97863692785121
-12.1793630721488
-39.8953630721488
-30.9353630721488
-9.81736307214889
-19.7113630721489
-42.9333630721488
-24.6413630721489
-54.5933630721488
-42.8113630721489
-38.2613630721488
-26.7313630721488
-50.3313630721488
-39.8413630721487
-13.7573630721488
-43.3693630721488
-19.5853630721488
-14.7953630721487
-43.6773630721488
-15.3453630721488
-16.3193630721487
-18.3793630721488
21.5686369278511
2.59263692785121
26.6746369278512
-1.79936307214869
-19.1073630721488
0.46463692785121
25.0826369278512
-11.7653630721487
1.24663692785121
8.98863692785121
-2.58336307214879
-10.7633630721488
18.8346369278512
-13.5553630721486
-1.78536307214859
-0.907363072148591
11.0526369278514
6.03463692785151
6.03463692785151
2.70463692785141
4.56063692785141
-7.83936307214869
-16.3273630721483
-34.0513630721483
-21.2053630721483
-31.8113630721483
-20.4353630721483
4.47263692785171
-9.52736307214829
20.3926369278516
-13.8333630721483
-45.3313630721483
-2.40336307214829
-18.4413630721483
-23.4073630721483
12.5246369278517
-8.44336307214829
-15.4273630721482
-5.60136307214819
-6.25936307214819
13.5446369278518
19.4506369278517
-18.8333630721481
-12.8853630721482
11.0646369278519
11.0646369278519
-5.56536307214819
3.34463692785191
0.972636927851909
-14.1493630721482
16.1006369278518
-5.43936307214809
-20.6273630721481
-47.8593630721481
-33.9893630721481
-26.1213630721481
-13.3153630721481
-32.6293630721482
-49.6173630721481
-9.80536307214809
-14.4113630721482
-17.8733630721483
-15.0293630721483
0.458636927851806
-7.65136307214819
3.82263692785181
3.82263692785181
-11.3773630721482
-7.66736307214819
-5.90536307214809
-6.37336307214809
-9.35936307214809
-63.1953630721481
-16.073363072148
-2.22336307214809
-20.199363072148
-32.267363072148
-24.1473630721481
-14.3273630721482
-9.19336307214829
-15.0513630721483
-50.4073630721483
-4.53736307214829
-2.68736307214819
-28.5273630721483
-44.2593630721484
5.65063692785161
11.5746369278515
6.25063692785151
10.8246369278514
10.8246369278514
14.7046369278515
-16.1033630721486
-28.1193630721486
0.750636927851211
-10.2393630721488
-17.9613630721489
-21.5573630721489
-13.8913630721489
-23.9373630721491
4.52863692785101
-53.555363072149
-23.543363072149
-38.3133630721491
3.49063692785091
-32.401363072149
-36.3713630721491
-30.3273630721491
-0.587363072149088
-5.43136307214899
-58.885363072149
5.13463692785101
-3.93336307214899
-38.023363072149
-51.0493630721489
45.544636927851
11.660636927851
56.2826369278509
-22.761363072149
-22.761363072149
-21.415363072149
22.790636927851
0.622636927851012
-10.175363072149
-4.20136307214899
-5.20936307214899
3.12463692785091
-8.89536307214909
-2.32736307214909
-19.3453630721491
-12.4533630721491
-7.74536307214899
-9.47736307214909
-30.1613630721491
-18.0893630721491
-31.757363072149
-31.757363072149
-38.1253630721492
8.70263692785071
17.5926369278508
12.4526369278508
-11.6593630721492
17.5966369278507
-27.6313630721494
-36.6053630721494
-38.6633630721494
-0.897363072149588
-7.23336307214979
-11.3173630721498
20.1126369278502
-7.09736307214969
-21.0233630721498
-13.9973630721497
10.9226369278504
-1.18336307214959
-1.18336307214959
10.3386369278503
18.0926369278503
18.0486369278503
4.97063692785051
7.84263692785041
15.6046369278505
9.94863692785041
-1.13536307214949
1.33063692785051
8.31263692785061
-0.67736307214939
-39.6753630721495
4.21063692785061
3.12863692785061
-9.58336307214939
-21.6053630721494
7.15463692785071
-0.971363072149394
12.8286369278506
12.8286369278506
30.4466369278506
5.86663692785041
-11.3573630721495
-61.5993630721495
5.22463692785051
11.8046369278504
14.8366369278505
16.5626369278505
-1.59936307214959
-13.6573630721496
0.928636927850413
10.6386369278505
-7.46336307214949
7.39463692785061
23.1506369278505
-45.2713630721495
-41.2793630721495
-55.0353630721495
-38.9013630721495
15.8886369278505
-4.56736307214939
-11.8993630721494
-54.8493630721495
3.85863692785051
8.36663692785051
-25.3313630721494
-11.1273630721495
19.7246369278505
-12.5573630721494
-9.57536307214949
-1.47136307214939
3.14063692785051
4.76063692785051
27.6166369278507
-0.719363072149491
8.12863692785051
-5.86336307214949
24.6386369278505
20.4486369278505
-22.9453630721495
-28.9353630721494
11.5986369278506
18.4606369278506
18.0966369278506
-16.1373630721494
-3.93936307214929
-1.01536307214929
-22.1653630721492
6.14663692785071
6.14663692785071
-4.94736307214919
-11.9853630721492
-7.10336307214909
-17.4873630721492
-36.7113630721491
-36.8673630721492
-17.1493630721491
-17.1493630721491
-29.6613630721489
-17.0453630721488
-11.3393630721488
-11.3393630721488
