609
612
614
619
621
636
643
643
647
652
653
651
656
655
658
663
667
672
680
681
681
680
681
688
691
693
694
699
704
712
716
716
728
734
735
726
699
654
645
649
647
648
649
649
652
651
649
649
656
639
645
637
635
637
643
654
659
657
660
654
659
657
660
664
671
674
672
668
667
668
664
680
691
683
682
687
717
746
765
774
774
774
775
774
767
758
750
743
745
753
754
756
757
760
761
760
759
759
758
757
759
762
772
783
789
791
797
805
792
746
703
694
672
663
665
679
683
676
668
652
662
659
659
657
660
673
701
700
684
675
662
757
764
756
755
733
722
706
689
684
679
682
680
675
677
668
673
672
674
706
731
741
746
745
738
728
738
730
715
699
705
707
716
702
681
680
699
721
741
742
753
762
771
775
769
754
751
737
724
715
700
679
672
652
631
644
666
687
689
691
685
677
681
674
697
717
735
766
768
764
752
735
706
702
695
685
697
696
673
660
664
683
696
708
713
727
742
746
734
709
710
731
751
750
747
756
760
760
760
756
736
721
716
718
747
766
776
768
730
657
631
624
614
619
617
681
717
700
660
701
706
705
706
714
707
699
691
689
696
697
732
738
740
746
757
762
757
754
755
753
738
732
734
737
737
737
737
740
746
760
764
758
753
757
762
763
761
759
763
765
763
764
768
770
767
767
768
765
759
756
768
773
769
767
759
757
761
765
785
784
789
796
798
799
799
805
818
821
824
822
817
817
799
776
756
747
751
757
762
759
752
750
748
737
721
711
693
687
683
732
771
798
810
826
845
864
852
797
735
702
695
706
706
716
759
767
721
680
668
697
722
747
736
695
660
611
628
642
644
675
689
687
674
665
653
648
643
641
674
682
698
702
716
712
699
692
715
730
703
674
693
730
722
699
690
660
708
686
677
718
757
754
730
708
688
700
695
697
680
681
676
675
658
655
656
661
661
658
650
673
667
679
679
674
669
656
647
687
697
694
676
706
718
710
690
695
696
694
689
695
711
699
717
705
689
666
667
683
734
743
736
731
732
729
728
750
750
741
726
712
724
734
726
737
750
765
778
764
722
689
702
699
667
656
653
675
719
714
670
641
643
644
647
679
726
714
689
697
764
777
773
756
756
772
789
792
782
758
733
731
751
764
756
746
738
741
768
761
714
671
663
694
717
729
744
726
719
715
711
702
690
685
684
685
686
694
711
701
694
666
643
647
651
702
710
695
665
663
719
755
738
708
681
691
664
667
660
665
674
692
691
687
688
691
691
691
691
690
687
700
716
713
710
709
712
715
715
715
713
713
714
712
711
718
722
723
725
728
723
714
715
716
717
717
718
719
720
720
721
721
722
722
722
721
717
705
679
654
652
659
663
663
665
672
687
703
706
689
684
687
683
678
725
722
715
700
679
683
695
713
734
730
693
686
723
730
724
708
690
691
713
724
725
730
723
739
733
752
753
730
733
760
778
766
685
717
728
726
727
758
761
718
699
703
687
689
688
737
739
707
661
663
663
666
696
749
724
687
733
772
763
768
784
795
765
712
684
703
761
745
716
707
746
785
769
724
703
697
718
734
717
711
764
749
727
701
690
695
699
700
699
752
735
708
677
635
652
666
672
687
720
700
734
764
719
679
660
662
679
675
720
735
721
712
726
752
751
743
743
745
752
758
757
751
747
745
742
742
743
746
747
746
744
744
745
748
752
752
752
753
755
757
759
759
761
761
760
760
765
763
756
728
690
674
668
672
672
673
676
675
671
672
673
672
671
679
691
730
738
744
755
769
778
783
783
782
782
782
782
782
783
785
787
786
785
787
787
789
790
788
790
791
793
794
796
800
797
782
756
713
687
672
673
671
668
707
692
743
725
682
680
686
679
683
691
687
677
675
674
680
693
695
683
663
655
658
724
725
715
703
731
742
735
690
687
705
675
684
690
683
671
662
658
692
724
727
717
733
722
716
720
735
721
703
685
670
646
704
712
693
671
665
655
655
684
692
695
698
690
727
733
720
695
692
665
666
668
668
668
666
663
660
659
661
661
660
659
659
659
659
659
659
660
663
663
662
662
661
660
660
661
661
662
693
697
698
690
664
672
709
713
702
698
710
729
723
708
691
745
753
724
677
668
669
690
683
682
687
699
704
701
705
715
722
723
725
736
739
742
756
757
754
748
747
748
743
729
725
721
686
648
655
659
662
704
702
712
755
761
747
712
719
732
759
766
774
772
768
767
768
764
724
710
698
690
685
682
678
680
690
687
702
744
750
744
734
754
774
778
779
775
767
760
761
748
716
705
736
758
753
752
729
706
693
683
685
677
670
668
668
669
693
696
733
731
718
705
708
729
736
717
696
693
767
779
766
725
683
651
674
669
670
670
664
670
670
671
691
700
697
673
667
670
667
664
662
663
664
666
666
668
674
688
690
715
722
712
683
658
683
679
683
702
716
724
732
744
739
733
721
702
698
698
705
712
719
716
719
722
727
734
751
753
753
748
744
739
740
745
731
725
722
718
726
728
724
717
717
730
720
730
726
716
714
721
727
732
733
731
726
722
720
724
723
744
742
727
732
736
735
741
739
739
751
766
762
747
743
740
727
701
713
711
687
675
704
735
695
670
649
644
644
643
708
714
686
672
655
653
670
701
713
717
714
687
696
659
656
660
665
664
692
717
698
673
669
726
722
702
749
738
720
659
652
662
662
660
663
663
671
683
682
677
680
690
702
712
711
713
715
717
721
723
722
723
724
726
727
727
725
725
724
722
721
720
718
717
715
714
714
716
718
718
718
718
711
702
691
687
682
698
721
735
735
724
733
738
717
685
667
659
757
732
702
702
729
744
739
728
719
742
728
705
716
718
714
708
700
697
698
705
708
709
704
699
702
704
702
700
700
699
697
696
701
704
702
704
707
710
711
710
707
706
707
704
705
711
715
719
723
725
727
730
734
734
733
732
732
735
742
747
732
702
690
676
647
654
658
685
682
676
677
702
688
679
665
664
663
662
662
662
662
701
703
676
670
669
672
683
710
707
686
678
686
688
688
689
691
711
719
707
688
677
660
658
688
736
730
694
666
659
662
689
688
686
698
717
743
759
750
722
701
703
735
725
698
676
657
662
661
658
719
722
736
746
740
754
776
776
765
749
732
748
738
702
681
670
677
683
718
754
751
731
728
717
709
690
687
687
687
687
717
744
749
728
703
678
681
684
681
756
753
743
707
677
685
717
723
744
745
711
703
716
720
711
707
712
723
740
744
743
739
730
723
724
722
704
686
739
698
689
679
672
676
678
735
742
709
693
668
667
667
668
656
695
684
691
689
677
666
678
704
701
695
697
710
715
711
709
713
715
715
716
730
735
743
735
730
719
719
727
731
731
730
728
729
730
740
741
749
739
716
699
726
760
750
746
751
755
749
734
719
712
698
685
679
694
710
723
740
723
704
687
716
723
710
697
667
662
726
731
722
699
703
700
708
701
693
703
751
747
716
665
659
661
670
670
671
673
678
686
689
691
693
714
741
744
747
739
734
750
754
730
723
707
736
769
771
707
730
753
772
768
765
764
763
758
726
713
693
692
689
690
723
736
746
746
739
732
741
723
699
682
680
675
699
746
730
707
684
678
685
691
696
730
742
736
769
768
750
736
732
733
705
679
658
658
659
745
764
734
726
721
714
702
708
715
708
711
739
745
744
738
736
726
708
702
699
689
602
689
692
694
713
767
750
722
729
716
716
723
728
732
752
760
744
732
720
721
733
731
710
702
707
750
754
736
721
727
754
764
762
739
680
715
758
767
739
689
684
682
683
686
683
721
760
733
714
747
774
779
759
740
718
714
728
731
717
709
711
715
715
703
701
699
695
711
744
753
724
699
690
664
678
694
703
694
700
701
704
680
675
678
683
686
687
692
698
703
711
710
709
714
723
729
737
741
741
740
742
743
742
755
745
721
720
713
716
722
720
718
774
771
748
713
713
755
758
725
702
692
687
682
689
703
705
701
707
723
746
752
747
750
752
744
752
763
757
727
701
703
672
669
666
678
689
692
694
700
707
714
711
704
708
709
712
714
715
713
708
699
682
670
668
664
671
673
678
681
685
683
687
688
690
693
706
704
712
712
709
712
713
718
714
716
718
718
717
720
721
733
717
695
685
682
683
685
679
671
676
676
669
669
670
675
679
680
682
685
693
697
701
700
687
684
682
675
668
662
661
672
680
681
681
683
685
690
725
730
728
709
684
666
648
704
682
655
693
711
711
690
687
655
615
674
688
706
744
746
746
736
714
698
676
678
679
678
681
688
694
695
692
690
693
698
705
704
703
706
712
716
719
720
722
723
726
728
731
734
736
737
738
739
739
739
739
736
733
734
735
736
736
736
746
739
728
706
677
654
652
657
663
670
684
671
678
710
711
689
665
704
704
704
698
698
698
693
692
699
701
699
696
696
704
722
740
744
733
719
713
713
716
717
719
725
730
745
745
738
733
730
720
713
716
719
724
724
724
725
725
724
724
722
724
724
725
726
728
731
734
734
733
734
735
736
735
735
736
740
741
742
743
742
743
744
745
745
746
746
747
747
747
744
736
735
721
697
683
687
696
698
689
682
677
678
673
696
675
679
675
680
701
721
710
708
705
718
724
719
713
709
704
706
715
708
709
698
726
725
736
739
721
706
698
689
688
691
691
689
729
713
688
672
667
671
740
751
742
705
651
656
664
674
672
668
667
666
667
668
668
668
668
667
668
667
668
668
668
667
667
667
668
668
668
668
668
668
667
668
668
663
667
666
666
665
665
667
668
668
668
668
667
667
668
666
664
681
706
704
688
684
683
676
676
689
697
693
684
688
705
726
737
738
748
763
773
778
781
782
782
782
780
779
778
778
780
782
782
783
785
787
787
784
782
782
782
783
784
786
788
792
794
797
798
799
801
803
804
805
806
807
806
805
805
805
806
807
808
809
811
816
825
829
826
816
795
771
724
685
686
682
721
739
736
720
702
697
683
694
703
708
713
716
713
707
707
714
710
724
727
726
724
719
734
756
766
764
745
740
742
770
771
744
710
683
698
699
688
684
691
705
687
737
749
754
744
731
730
741
746
742
737
734
730
726
725
725
725
723
719
716
711
701
699
716
755
780
773
722
682
684
682
682
709
754
767
731
703
678
679
680
700
705
716
720
720
746
725
705
685
676
722
746
747
731
720
711
749
763
756
736
722
752
785
784
774
758
764
761
754
751
752
754
756
758
758
760
762
764
764
765
770
774
776
777
778
776
768
765
765
760
745
731
720
698
690
687
718
771
790
794
786
771
753
745
735
717
707
685
685
690
695
745
738
725
705
730
754
753
736
699
681
688
690
684
727
735
717
721
733
734
716
688
676
671
672
714
743
746
750
752
743
721
690
694
690
696
680
668
669
671
702
738
714
697
682
687
687
687
684
735
734
720
702
700
692
689
687
709
727
732
738
737
719
709
696
696
694
693
693
693
693
692
689
696
767
753
731
730
739
780
785
776
768
766
774
769
758
760
766
767
763
771
778
773
763
775
790
786
761
741
740
724
731
751
760
744
697
643
698
720
705
690
742
727
729
723
750
760
766
768
770
768
744
720
712
767
754
718
671
670
724
716
702
718
714
703
687
685
733
756
769
771
763
767
787
790
778
768
769
757
740
728
748
754
772
762
729
691
664
660
735
769
763
780
772
764
757
758
781
797
792
771
755
750
750
742
713
697
701
728
744
739
733
739
734
731
713
691
728
757
769
747
748
773
792
786
780
787
791
796
794
771
743
742
750
735
727
745
761
773
778
773
765
750
734
738
736
761
776
764
740
726
733
749
752
752
751
761
770
768
765
756
757
756
755
740
755
753
727
676
676
668
733
747
733
713
743
769
752
750
751
758
768
779
774
757
760
773
788
784
768
765
773
746
711
679
670
676
682
707
738
749
751
751
747
734
774
779
763
731
739
760
777
767
754
747
776
769
759
741
732
733
749
759
750
736
756
771
772
746
700
664
674
679
678
678
677
678
712
727
733
738
745
743
729
718
712
699
758
747
727
700
698
696
689
685
684
686
692
698
706
738
755
752
745
732
729
738
746
739
731
747
752
768
777
778
771
766
752
746
742
743
742
725
707
687
684
684
685
683
686
732
766
772
743
716
728
721
712
700
695
691
685
680
700
697
686
678
709
731
731
728
734
732
724
725
709
717
726
720
735
744
744
735
727
717
719
722
727
741
751
756
754
768
773
764
754
779
784
781
750
704
674
701
710
685
685
687
686
684
684
697
700
744
785
798
794
783
768
752
735
716
715
703
709
717
722
746
714
699
692
691
699
696
689
687
769
763
733
710
716
707
724
757
761
750
720
715
758
746
713
703
690
722
735
748
730
703
680
685
687
687
686
686
685
686
685
684
686
689
693
696
697
696
695
695
696
697
701
705
714
718
722
724
725
728
733
740
744
744
745
748
752
752
751
751
752
752
753
753
753
750
749
750
753
755
758
759
762
776
771
774
770
767
763
771
783
779
773
773
765
764
767
769
770
767
765
768
769
767
763
760
760
761
762
762
761
760
759
758
755
752
750
751
758
785
781
772
769
765
759
779
774
759
757
747
732
717
720
736
739
732
730
736
743
747
751
752
754
757
762
764
764
767
771
773
775
776
778
780
781
783
784
785
786
787
788
788
788
789
788
788
788
788
788
789
787
786
786
787
788
788
789
789
789
789
789
790
790
791
790
790
790
790
791
793
794
794
794
795
796
796
795
795
794
792
792
791
791
791
791
791
791
792
792
793
794
794
795
795
796
796
795
795
795
795
795
795
795
795
795
796
796
796
795
794
793
792
791
788
788
788
788
788
788
787
787
786
784
776
771
769
773
776
777
775
772
770
769
770
769
766
763
762
761
763
767
769
770
772
776
781
784
784
784
786
785
787
788
789
789
790
790
791
793
794
795
796
797
797
797
796
797
797
797
795
792
792
791
790
788
780
772
763
759
756
751
750
751
753
759
760
759
759
765
769
772
772
773
777
779
779
779
780
782
781
782
782
782
783
783
782
782
782
782
781
781
781
779
776
776
774
785
787
788
791
794
798
794
774
765
739
733
725
724
739
777
775
747
740
730
736
742
744
744
749
755
774
776
770
769
776
785
790
785
785
785
777
762
755
752
751
752
756
759
759
758
755
754
755
755
755
756
757
756
757
758
761
762
760
757
753
752
757
763
764
766
768
770
784
807
808
808
810
809
805
798
792
777
747
701
700
699
691
700
734
731
710
705
689
690
691
690
708
763
737
697
706
739
771
775
774
784
791
787
787
779
767
758
746
743
757
752
756
751
728
714
688
686
687
688
706
714
739
752
766
778
781
778
769
780
778
775
755
723
685
681
681
682
690
693
694
719
732
749
748
740
733
719
739
719
687
694
713
711
738
751
707
700
694
684
679
750
752
754
752
731
734
725
750
777
779
770
739
683
668
721
745
730
764
760
750
740
772
776
733
652
660
675
686
691
689
688
692
684
681
675
676
720
768
769
737
704
684
680
683
686
684
730
738
726
699
680
674
671
701
741
758
750
736
740
803
807
805
796
783
767
765
757
731
696
690
692
687
687
693
707
737
799
810
790
780
791
820
850
853
848
845
833
806
779
725
712
706
708
709
711
712
713
711
705
734
741
758
766
760
749
734
730
718
710
708
710
701
679
672
671
672
674
676
680
684
685
684
683
685
718
730
731
717
717
706
710
714
716
731
736
724
708
694
686
693
689
686
688
713
739
753
756
745
725
718
717
713
715
709
703
700
699
697
702
711
722
739
762
768
792
806
805
803
806
813
821
826
825
823
822
821
820
815
799
777
763
753
768
791
817
818
816
800
757
733
728
705
700
702
702
700
696
737
749
740
734
764
769
762
754
753
746
739
750
763
751
720
692
678
677
743
740
713
753
776
767
734
760
759
764
737
705
698
714
718
704
700
708
716
720
760
768
756
733
743
752
746
740
743
749
759
752
752
755
756
754
748
749
751
742
752
756
691
664
667
690
730
729
709
708
753
750
731
728
746
753
770
780
787
788
785
780
765
755
731
712
675
676
674
675
675
690
704
703
703
707
709
722
714
706
705
708
705
679
675
674
675
675
674
681
690
760
743
738
714
715
729
752
742
726
729
773
778
754
713
689
682
686
698
706
724
724
723
703
689
690
723
756
754
744
730
713
736
742
751
788
792
780
740
719
693
667
672
674
680
681
684
753
800
816
785
720
702
697
692
691
680
679
680
734
737
719
697
669
678
693
734
741
736
712
685
687
707
718
732
710
701
701
703
706
747
740
708
705
705
726
743
740
725
714
735
732
723
699
695
731
726
704
691
735
752
754
751
741
749
727
677
667
677
689
691
689
688
689
708
742
791
789
797
780
752
718
712
709
704
700
743
720
703
687
684
678
683
680
726
736
725
710
716
741
729
710
692
709
756
751
710
682
678
697
688
709
722
736
728
727
730
730
727
726
727
734
720
701
683
678
682
684
685
681
703
728
729
705
768
734
735
715
694
691
692
691
685
680
724
725
688
670
672
675
674
673
715
719
722
731
719
720
747
750
728
690
666
654
678
684
682
681
688
688
699
708
708
716
712
708
699
697
701
704
711
733
766
784
796
812
822
816
798
769
732
704
703
708
713
720
728
738
747
722
721
717
717
717
722
725
730
734
735
733
736
739
740
739
740
741
742
743
744
744
744
745
745
746
746
746
749
749
751
751
751
750
751
752
754
755
756
755
758
759
758
754
753
752
749
747
735
713
707
707
705
722
725
722
723
729
737
738
733
733
737
740
747
749
749
752
756
758
761
760
761
763
763
761
760
760
762
763
764
760
755
755
755
757
757
758
761
760
758
759
761
762
764
766
768
769
768
767
765
765
765
763
760
758
756
747
732
726
720
703
694
710
717
733
743
746
731
727
714
704
705
714
720
758
797
781
768
766
769
780
762
752
738
747
746
723
692
737
733
704
694
751
748
734
725
703
691
695
703
695
699
706
711
713
714
718
723
733
740
751
755
754
750
743
733
724
704
703
703
699
697
695
696
699
702
702
702
704
705
702
699
701
704
711
718
722
725
728
731
732
732
730
731
731
728
727
726
727
728
726
729
732
743
744
752
755
750
737
732
727
733
739
741
750
755
745
722
733
742
749
757
753
743
741
742
738
739
741
743
745
745
747
753
757
760
761
760
756
751
747
744
744
743
746
747
748
746
747
748
750
751
751
751
753
753
754
754
753
753
754
755
757
758
758
758
758
759
760
762
762
762
763
766
769
771
773
773
774
774
774
773
774
775
776
776
775
775
777
777
777
775
773
774
773
774
775
775
776
776
776
775
774
774
775
775
775
774
775
775
774
774
773
772
771
772
773
773
773
773
774
775
779
779
774
776
779
779
779
779
777
779
778
778
777
779
779
777
778
780
783
789
787
784
783
782
785
785
786
771
764
755
741
736
723
743
765
747
707
679
678
745
754
756
762
770
771
773
779
788
800
804
806
795
772
752
754
756
762
775
794
791
780
766
774
775
802
789
759
730
711
736
771
786
754
714
712
752
755
735
719
719
701
711
734
778
771
736
724
716
740
756
749
733
728
717
713
713
716
716
718
715
719
725
727
729
734
739
740
744
747
748
750
754
759
763
763
762
763
767
769
782
778
771
781
792
803
803
796
794
785
789
771
727
697
691
686
683
682
707
719
725
719
711
705
731
737
748
734
708
698
696
695
758
760
750
764
766
767
764
765
765
769
775
770
768
755
742
743
724
718
716
719
720
719
717
719
720
727
732
731
731
732
732
735
733
730
731
734
732
730
730
728
726
727
727
725
725
727
730
732
735
736
733
733
734
735
739
744
744
742
740
734
725
718
713
708
698
696
695
694
692
706
713
738
738
734
723
713
711
699
702
720
731
748
754
758
759
759
761
761
761
760
758
756
756
758
760
762
762
762
758
755
754
754
750
753
759
761
760
756
752
751
749
743
741
738
738
740
743
756
739
746
751
749
750
754
760
766
772
774
772
771
772
774
772
773
774
773
769
769
767
761
748
737
735
735
758
764
766
769
763
746
721
720
692
692
702
712
716
716
717
721
723
727
729
732
733
733
735
737
740
746
748
751
753
758
755
757
761
761
756
753
744
738
734
729
719
729
750
781
789
782
766
754
753
760
752
751
741
721
713
714
718
729
704
687
692
713
754
751
720
700
701
709
758
770
761
761
763
800
794
772
755
754
751
757
754
741
722
706
746
739
712
722
748
761
767
770
773
774
774
780
771
756
749
710
711
715
716
716
716
717
689
718
714
736
758
760
744
725
712
696
703
703
702
706
743
771
756
742
718
711
722
744
757
743
723
675
702
709
773
778
741
715
694
709
801
788
764
743
746
741
772
792
778
743
698
696
700
746
769
747
723
720
694
742
756
754
758
760
786
783
761
719
714
754
772
767
741
698
689
689
694
712
701
694
684
698
703
715
738
744
737
730
735
730
737
735
735
736
742
743
742
741
740
740
742
743
743
743
743
745
745
745
746
746
749
751
752
751
751
750
750
752
754
754
755
756
756
758
759
761
763
762
763
764
765
765
742
771
774
776
772
769
771
774
776
777
777
777
777
777
780
781
780
779
781
781
782
781
779
777
776
775
774
774
774
772
774
773
773
768
766
766
767
769
769
759
753
752
764
777
787
789
784
783
778
765
736
696
678
680
682
683
685
683
685
684
685
685
686
685
686
686
687
687
688
688
688
688
688
688
688
688
688
688
688
688
689
688
688
688
689
689
689
689
689
689
689
689
689
689
689
689
689
689
689
689
689
689
689
689
689
689
689
689
689
689
689
689
689
689
689
689
689
689
689
689
689
689
689
689
689
689
689
689
689
689
689
689
689
689
689
690
689
689
689
689
689
690
689
690
689
689
689
690
689
689
690
690
690
690
690
689
689
690
690
690
689
689
690
689
689
689
689
690
690
690
689
690
690
690
690
690
690
690
690
690
690
690
690
690
690
690
690
690
690
690
690
690
690
690
690
690
690
690
690
690
690
690
690
690
690
690
690
690
690
690
656
690
690
690
690
690
690
690
690
690
689
688
682
692
681
684
680
693
687
685
685
686
687
687
687
686
686
687
688
687
688
688
687
689
692
693
702
708
715
754
772
772
761
723
718
703
698
701
699
698
697
697
697
703
739
751
718
710
709
712
715
709
700
692
690
697
706
709
710
708
710
714
720
723
727
733
735
731
721
701
701
701
706
722
737
750
740
736
728
730
741
749
755
755
755
755
756
756
755
754
758
758
757
757
759
759
758
759
762
766
769
773
771
769
772
773
774
774
774
775
776
778
779
780
781
783
784
783
784
784
785
786
786
785
785
785
786
787
788
788
789
789
791
790
791
792
792
792
793
793
793
793
794
795
796
795
795
795
795
795
796
796
795
794
794
792
790
790
789
787
783
782
780
777
772
771
775
775
772
770
769
769
769
769
769
770
772
773
773
775
776
776
776
778
778
779
778
778
778
778
778
777
776
776
776
777
778
777
775
773
771
767
762
761
760
761
760
762
763
765
766
769
768
770
770
772
775
774
776
777
778
778
779
781
782
784
784
785
786
789
794
795
803
809
814
819
824
827
828
830
831
832
832
831
831
832
834
834
836
838
838
841
839
838
838
838
835
835
833
832
829
829
829
830
830
830
831
831
832
832
832
832
832
832
832
832
832
831
832
831
832
832
832
832
832
832
832
832
832
832
832
832
832
833
833
833
833
834
834
834
834
834
834
834
834
833
833
833
833
833
833
832
832
831
830
830
830
829
827
826
826
826
826
827
826
827
828
828
828
829
829
829
829
829
829
829
828
828
828
829
828
829
828
828
828
828
828
828
828
827
828
827
828
827
828
827
828
827
827
827
828
828
828
828
828
828
828
828
828
828
828
828
828
828
827
828
828
828
828
827
828
828
829
829
829
829
829
829
829
829
829
830
829
829
829
829
829
828
829
830
830
831
832
832
832
832
833
833
833
833
833
832
832
832
830
829
826
824
823
822
818
812
803
801
799
795
785
780
777
775
773
770
769
773
780
787
795
803
815
822
833
836
836
833
833
833
835
835
836
837
838
838
838
837
837
838
838
838
837
838
837
838
838
838
838
839
840
840
841
842
842
842
842
843
843
848
849
847
846
838
816
754
709
698
694
689
684
677
670
650
653
667
708
682
669
653
641
641
639
700
715
714
689
669
706
737
737
737
743
760
779
781
782
781
772
752
734
738
742
746
747
748
748
750
751
752
752
753
753
753
754
754
756
757
756
753
749
747
743
728
702
684
680
688
700
679
669
723
752
731
711
696
721
700
686
656
647
655
715
729
710
675
669
639
728
741
726
702
732
743
754
761
758
750
742
725
731
740
742
742
742
740
740
741
741
742
742
743
745
749
751
756
757
758
758
756
760
762
761
760
760
760
761
761
761
762
761
762
763
764
763
763
763
764
764
764
765
765
767
770
770
767
762
755
749
746
743
741
737
729
710
703
701
704
700
687
676
683
699
710
724
736
754
767
799
829
839
848
844
855
854
844
814
774
746
725
703
656
644
644
650
654
699
705
694
685
690
686
681
724
757
741
715
718
732
748
741
729
711
706
701
701
706
711
729
739
751
747
738
743
767
781
783
782
780
774
776
766
763
761
757
749
737
714
695
665
668
669
671
658
644
664
669
676
713
752
778
788
789
787
790
773
737
719
705
675
679
682
678
669
665
669
672
670
661
640
662
663
662
664
664
665
664
663
663
661
661
658
655
665
667
668
676
687
705
725
719
711
710
689
696
707
712
712
705
701
691
674
655
663
666
680
710
791
817
822
822
820
817
800
771
736
693
672
671
666
667
669
674
676
678
684
688
692
735
738
735
739
757
762
762
756
766
790
792
774
743
741
746
748
732
716
696
677
723
778
822
831
819
790
760
736
706
700
699
686
684
712
743
732
686
667
674
696
728
732
729
708
704
684
710
701
710
698
690
772
787
790
775
765
753
755
746
737
729
730
729
721
702
622
685
685
695
698
723
733
751
774
756
737
716
721
722
721
724
724
726
733
744
758
760
759
762
760
752
736
734
739
759
759
743
729
745
745
740
736
733
735
737
740
733
726
724
726
731
734
734
734
735
739
741
744
744
746
747
750
753
754
756
757
756
756
757
761
762
763
762
761
762
763
785
777
769
765
766
773
776
783
780
771
758
753
749
736
722
766
752
742
715
704
693
688
686
687
738
729
691
687
722
741
724
700
695
760
734
705
699
687
691
694
697
697
747
744
735
714
698
712
721
736
735
722
718
710
708
722
726
749
753
747
722
699
706
755
779
778
771
770
772
782
815
817
810
792
779
769
776
777
772
767
764
766
771
772
772
768
767
772
773
771
774
770
772
765
765
769
783
802
806
812
813
818
817
803
773
721
698
736
781
792
774
752
776
759
727
723
717
739
743
721
720
760
782
784
773
754
772
793
812
801
772
746
740
753
757
773
757
773
768
756
768
760
736
704
690
733
760
765
746
754
768
772
760
750
760
781
789
783
761
733
684
675
667
670
672
678
721
756
755
719
694
708
712
746
736
783
791
786
762
773
797
806
789
770
752
761
760
761
767
774
796
801
797
796
796
791
784
782
783
785
783
783
784
782
782
785
786
787
787
787
789
790
790
791
793
794
792
792
793
793
794
793
794
794
795
795
797
798
798
800
802
803
804
805
806
805
806
806
806
807
806
806
805
805
805
805
806
806
806
806
806
806
806
806
805
804
803
802
799
798
780
775
751
703
671
668
680
732
789
773
737
705
692
692
695
690
696
735
750
749
745
761
815
813
812
801
790
799
795
790
783
780
777
772
768
763
757
751
747
738
740
752
763
772
780
782
787
790
792
794
792
782
772
767
760
754
753
765
785
792
779
774
766
739
748
758
746
725
703
695
726
768
729
696
695
685
705
762
760
758
763
762
763
762
759
759
761
764
769
773
775
773
773
775
777
779
780
779
792
805
814
817
813
799
788
789
787
789
788
787
781
780
781
784
782
801
799
819
825
821
811
781
751
709
691
687
744
761
775
763
740
722
718
706
701
698
696
704
731
750
771
783
769
756
743
745
767
783
776
783
779
742
705
688
688
688
685
750
746
738
704
696
691
692
739
757
755
748
744
731
713
691
689
694
704
774
781
752
721
727
719
784
792
789
783
777
778
769
753
727
719
707
702
700
709
721
743
772
784
790
793
795
790
776
764
748
740
732
733
727
719
714
734
788
783
777
750
711
693
710
718
758
769
751
727
716
693
702
711
710
760
758
741
730
719
717
716
709
701
702
774
791
767
751
752
707
736
765
770
747
703
659
672
732
751
755
762
782
768
743
722
703
690
727
718
712
742
768
774
747
780
788
780
764
748
771
770
781
778
765
766
794
806
784
769
735
740
739
735
736
739
748
736
721
740
753
754
726
700
705
708
745
766
749
734
733
725
727
727
727
727
728
757
776
777
781
786
782
764
760
764
764
766
760
751
751
768
768
784
779
760
746
732
710
714
715
716
717
730
741
735
727
765
789
793
777
789
807
810
800
786
776
755
754
757
750
736
733
735
748
786
777
768
771
773
767
771
775
777
780
779
775
774
778
778
778
778
778
778
777
777
778
778
779
781
782
782
782
782
779
778
777
778
779
780
781
782
785
787
788
788
789
789
788
788
788
789
789
790
790
792
794
795
795
796
795
795
792
796
798
797
796
796
797
798
797
797
796
797
798
797
795
793
793
793
791
782
769
760
763
777
794
804
792
793
786
773
764
752
735
737
748
765
749
788
792
806
801
796
781
771
792
806
805
785
765
755
755
760
769
783
774
763
751
754
745
727
706
679
729
728
716
695
679
697
717
745
758
784
778
734
707
684
689
689
689
687
689
695
699
706
715
721
728
736
754
766
772
776
792
795
791
793
805
806
814
811
794
768
724
720
719
756
751
774
775
759
766
788
800
789
776
790
793
782
773
765
766
765
774
787
787
782
782
785
791
797
791
787
784
769
752
746
770
790
779
737
696
692
721
720
724
717
785
793
770
774
798
804
795
782
787
785
776
767
760
741
703
708
717
731
724
725
725
719
703
700
699
703
709
711
706
761
760
742
717
722
749
762
764
766
771
784
802
805
795
783
777
772
763
760
760
761
761
761
761
760
761
761
763
764
766
772
778
780
776
773
767
760
793
783
770
755
749
738
781
796
802
807
807
799
787
781
776
781
782
778
769
761
759
754
745
739
741
741
741
741
742
743
742
743
744
745
744
744
742
743
776
779
761
752
752
757
763
759
756
761
767
782
783
785
792
799
802
800
806
812
809
800
786
784
792
794
798
789
786
788
792
792
780
778
773
772
776
780
781
778
776
775
776
779
779
776
779
759
766
764
770
763
773
772
782
783
794
789
755
730
700
704
708
706
707
730
768
749
720
705
696
696
695
701
724
741
728
717
722
731
718
701
697
699
699
697
696
754
767
745
717
690
690
753
785
771
758
783
807
796
782
751
703
711
711
708
716
732
785
795
786
768
759
754
757
767
770
767
762
763
768
773
776
779
778
777
779
780
781
783
781
781
782
782
781
781
783
784
797
798
785
766
808
807
804
791
767
748
723
724
716
