703
701
702
701
702
702
702
702
702
702
701
701
701
701
701
700
700
699
699
699
699
699
699
699
698
698
698
699
698
699
699
699
699
699
700
701
702
702
705
705
706
706
706
706
706
707
707
707
707
707
707
707
707
707
707
707
707
707
706
704
704
704
703
704
704
703
704
703
704
703
704
704
703
703
703
704
704
704
703
703
703
704
704
704
704
704
704
704
704
705
705
704
703
703
703
704
703
703
724
736
744
771
768
762
757
737
731
726
724
715
708
696
684
691
710
705
708
709
700
724
720
731
734
729
716
695
689
685
680
678
677
674
668
665
667
667
665
666
668
669
686
696
702
707
706
712
706
711
711
714
717
724
722
717
714
719
726
730
763
759
734
704
690
684
686
692
703
736
740
731
732
720
716
709
703
700
700
702
703
757
755
745
712
709
709
702
674
662
664
664
667
667
684
714
715
701
692
683
682
678
676
675
680
683
682
680
677
673
666
662
660
665
666
667
666
666
667
669
670
670
666
660
658
661
658
660
661
660
660
660
660
661
661
661
661
661
661
661
661
661
661
661
662
662
662
662
662
662
662
662
662
663
662
663
663
662
662
662
662
662
662
662
662
738
735
718
688
663
669
677
681
681
679
678
680
682
680
680
745
711
717
729
718
688
677
657
664
667
665
671
674
680
684
691
695
696
700
706
708
714
726
730
717
717
712
718
733
730
730
724
719
705
704
706
707
707
731
741
747
743
725
733
719
704
701
679
676
679
682
680
694
691
693
699
703
692
696
700
701
698
695
691
688
691
693
694
695
697
700
706
725
715
699
705
723
731
738
733
716
702
704
709
735
750
740
725
721
710
716
733
742
737
721
717
709
707
707
706
706
707
708
707
702
702
702
700
697
699
700
698
694
697
693
692
733
740
734
716
709
699
703
706
705
701
702
705
732
743
742
718
697
695
695
699
703
706
707
735
731
734
733
739
736
734
728
722
720
770
765
752
713
752
728
694
665
663
667
678
683
684
685
683
684
685
687
686
687
690
692
694
695
698
702
712
737
747
743
736
729
728
722
729
738
751
747
735
723
717
736
742
751
740
726
714
734
743
749
743
733
735
743
750
749
739
723
716
711
711
709
710
712
712
709
704
702
704
706
707
705
703
702
702
698
695
698
703
706
709
727
750
744
714
707
709
705
704
717
734
730
719
712
713
713
718
717
714
766
751
741
731
709
683
689
692
688
688
689
692
695
701
706
712
717
722
719
720
721
724
727
730
731
727
725
725
725
725
729
732
733
732
733
736
740
744
744
742
740
741
739
739
740
740
741
741
742
745
748
749
750
748
748
745
743
741
740
740
738
734
729
725
722
721
720
718
731
715
698
717
730
776
768
737
722
726
755
754
752
739
754
772
771
747
716
700
697
701
709
716
717
716
715
715
715
715
716
716
713
713
714
717
718
719
718
716
716
716
717
718
719
718
718
718
718
719
722
723
722
721
720
721
766
761
750
741
730
726
741
763
763
746
714
721
726
765
771
757
740
755
765
764
747
724
721
739
767
761
739
708
689
713
721
719
718
720
719
717
719
729
727
732
735
734
731
726
726
728
729
724
715
716
714
718
719
718
717
736
737
747
755
768
771
770
749
729
694
702
702
699
692
709
717
711
702
698
695
705
701
691
747
730
722
697
699
698
746
739
762
741
719
690
776
768
757
717
696
693
684
702
711
708
703
693
694
693
695
692
684
753
751
753
739
724
699
696
697
706
704
719
724
692
704
695
703
701
685
670
681
687
691
688
687
685
684
685
684
684
684
684
685
693
699
695
662
656
655
656
655
655
656
666
666
657
656
661
664
664
661
658
653
652
669
687
687
672
681
672
664
666
668
695
706
709
681
687
756
747
724
695
670
675
677
677
675
735
726
711
687
672
672
675
677
679
682
682
679
673
663
662
663
665
666
668
669
672
669
669
667
669
669
671
673
674
676
678
720
742
759
746
732
732
713
706
696
687
678
720
700
697
655
696
684
669
673
674
675
676
676
671
673
695
694
684
672
656
671
701
712
709
708
758
753
738
693
652
671
670
667
668
671
672
683
684
681
686
686
682
680
679
676
673
673
670
670
670
667
661
716
718
689
648
647
662
692
681
666
641
642
674
705
701
669
661
715
707
654
651
657
655
701
703
670
651
635
642
644
645
649
624
648
654
654
652
652
651
651
651
652
652
691
709
698
681
666
657
657
656
657
658
654
728
736
704
668
657
659
654
670
675
677
678
724
733
722
693
676
668
667
668
667
670
702
711
702
690
674
684
704
707
697
706
679
656
652
656
649
655
655
654
656
657
658
659
659
660
660
652
659
662
664
668
668
668
668
669
669
668
665
660
717
731
699
675
649
644
652
657
657
656
657
657
658
658
660
661
660
658
657
657
673
690
724
710
702
696
691
689
674
676
717
739
747
730
709
711
737
737
707
673
672
675
736
738
725
702
693
698
715
704
685
671
671
648
676
685
682
690
692
695
692
690
690
688
687
682
683
682
687
692
693
696
700
693
675
658
659
659
660
660
661
661
660
660
661
661
660
661
661
660
660
660
660
658
656
657
656
656
657
657
656
658
657
658
659
659
664
664
651
655
657
658
656
654
654
653
654
655
656
657
657
657
656
662
668
672
674
677
676
671
673
674
677
676
670
656
657
657
657
657
659
658
657
657
658
659
659
661
663
664
666
679
679
677
676
677
678
678
690
687
703
693
688
677
682
680
664
684
684
680
670
684
670
673
671
674
667
671
669
667
666
666
664
668
668
665
671
678
679
681
693
695
699
699
695
710
714
716
702
700
699
714
741
744
736
719
705
704
709
711
699
700
699
691
681
665
674
676
699
707
700
703
694
696
696
702
697
683
667
652
698
709
712
710
708
702
694
699
740
746
742
726
693
670
671
658
673
673
670
679
673
673
676
685
694
696
693
685
679
686
683
692
702
709
721
730
731
751
773
769
750
766
752
748
737
706
700
722
727
711
709
698
701
708
715
707
700
700
672
678
679
677
675
677
680
662
641
612
618
633
644
653
645
643
652
659
665
668
674
672
668
666
666
667
671
685
683
678
674
678
686
690
687
686
686
691
694
697
697
695
695
690
683
683
687
692
696
698
695
697
720
749
746
734
698
731
728
745
739
713
693
684
677
677
682
679
683
690
708
708
706
706
709
712
711
709
706
741
774
773
745
748
740
735
709
703
715
725
766
761
723
739
719
700
659
640
644
660
660
655
669
675
671
670
666
667
666
664
666
666
668
698
726
729
713
699
686
682
666
681
675
666
679
683
720
739
739
728
719
702
688
683
685
689
748
755
739
710
674
680
679
666
663
671
675
678
684
699
710
717
714
713
718
747
777
772
750
734
727
738
733
715
705
683
669
668
717
724
731
714
715
701
703
699
696
686
688
689
689
689
690
690
688
685
679
697
725
721
711
705
693
699
700
704
703
716
717
695
663
669
729
751
715
659
642
619
626
642
649
643
645
652
671
681
692
742
710
697
687
678
671
668
667
670
672
673
673
674
711
734
726
692
671
677
677
679
681
685
688
697
704
712
721
725
723
715
691
672
686
687
686
685
685
686
686
683
683
683
681
680
695
722
721
667
677
678
679
678
672
762
753
754
730
742
737
731
746
749
730
708
685
650
677
698
683
678
676
676
624
679
677
676
678
680
679
680
706
716
712
710
714
720
724
721
719
717
710
709
709
710
711
715
718
751
750
738
731
713
708
705
700
692
683
680
685
686
687
707
701
696
686
666
678
717
726
714
697
694
681
686
693
689
684
677
688
691
682
669
665
656
657
660
660
660
657
674
685
684
666
664
666
682
703
701
693
679
722
728
702
680
666
672
674
701
672
673
682
675
677
676
680
700
713
717
723
728
725
720
720
719
718
718
720
724
742
766
751
723
724
703
700
700
724
734
737
723
703
682
692
697
714
732
735
723
715
729
728
719
728
725
731
735
725
709
682
667
647
638
653
692
729
714
712
704
736
757
752
737
730
699
684
696
704
707
718
719
718
716
712
707
704
704
704
707
708
708
707
706
708
709
712
714
713
714
715
713
711
712
713
712
711
707
704
701
696
695
694
694
696
699
702
706
710
712
712
710
709
709
711
708
706
705
705
707
713
726
738
742
742
741
738
736
733
730
730
730
730
729
734
741
747
749
749
757
761
663
772
757
760
750
744
737
734
734
736
737
736
733
732
732
732
732
733
734
736
737
740
773
781
774
767
746
741
738
733
732
732
734
733
732
732
731
730
730
729
727
725
725
749
759
739
723
716
715
718
729
748
764
759
743
733
732
728
722
721
728
750
766
770
762
752
774
762
756
745
733
732
749
773
769
746
717
706
697
696
695
694
696
698
701
701
697
688
685
684
683
682
679
677
679
685
686
689
690
691
694
696
698
700
703
715
694
707
707
703
695
695
693
702
709
714
717
711
669
673
671
669
671
704
718
710
706
713
714
717
715
750
758
745
730
700
683
684
737
769
772
749
716
689
673
667
663
671
766
745
714
704
715
717
705
719
756
757
740
728
724
734
751
751
743
724
722
716
716
725
733
736
757
756
728
732
742
723
719
700
688
695
700
698
695
689
688
685
687
689
693
699
705
711
715
712
699
677
665
644
653
654
653
653
655
656
659
695
706
699
688
676
667
652
669
670
676
676
684
683
681
681
680
680
680
683
686
686
684
681
680
681
682
681
679
682
684
696
700
699
697
694
692
697
705
712
710
703
618
686
685
684
681
679
667
659
658
663
664
668
654
643
640
664
696
690
669
711
736
721
672
639
641
646
645
642
664
727
741
735
749
748
729
711
717
739
767
764
726
661
639
639
638
719
762
765
748
720
673
638
639
647
640
639
641
649
652
644
643
643
642
643
647
650
646
646
646
647
648
649
648
648
648
650
673
680
683
685
672
673
672
669
662
656
657
657
657
658
667
682
704
712
715
736
738
723
694
667
663
662
663
663
667
648
658
666
666
670
673
678
673
671
671
672
672
673
673
673
691
724
729
708
696
719
703
690
674
674
674
738
746
731
696
677
682
680
683
683
702
716
726
728
728
730
730
726
720
717
716
714
706
703
698
699
703
707
708
707
708
708
710
709
707
708
708
708
708
710
712
715
716
716
716
715
713
712
712
715
718
718
719
714
756
760
757
739
725
711
714
716
718
714
707
732
764
765
734
712
689
686
684
682
684
750
757
757
741
718
689
681
681
676
664
649
641
653
663
673
673
674
676
674
665
665
683
697
740
746
736
715
707
694
696
690
686
693
698
700
768
765
727
707
686
714
705
669
639
640
639
648
678
709
715
706
684
701
685
671
640
637
641
643
641
639
640
642
650
744
738
722
677
661
659
653
661
656
672
663
666
664
666
668
669
668
669
671
671
672
701
692
697
687
668
674
698
700
707
703
695
680
681
712
716
708
696
677
675
676
680
680
681
679
678
679
678
679
680
679
679
689
684
678
674
675
673
671
670
670
672
672
675
677
675
673
670
664
713
741
755
722
703
689
681
690
693
688
680
664
660
659
661
669
679
675
674
680
686
689
688
687
684
680
680
690
720
718
706
695
715
733
737
728
789
780
762
722
694
671
678
688
713
685
681
678
653
684
737
742
742
727
712
718
716
688
684
688
672
659
655
644
635
639
647
648
651
651
649
648
648
649
680
711
699
672
657
647
648
657
662
663
662
658
655
645
663
656
645
639
640
640
650
660
661
660
660
664
665
664
714
743
733
694
660
658
673
672
662
668
670
670
668
790
768
721
686
678
673
676
706
700
719
711
704
695
681
680
682
681
718
747
749
709
700
686
709
719
701
685
714
733
736
720
705
679
739
739
717
710
680
759
746
709
689
686
690
693
747
711
659
676
669
661
658
668
673
676
669
670
668
664
664
662
666
675
678
680
689
685
686
685
688
688
696
698
697
690
683
673
672
668
667
665
665
666
662
745
731
676
647
645
646
650
715
730
724
707
725
739
716
686
663
747
741
716
697
726
726
734
718
684
683
679
677
670
667
668
701
726
728
722
720
720
721
722
722
724
727
731
735
730
732
728
724
720
720
715
694
680
669
673
685
687
688
688
685
681
678
677
670
680
695
707
714
711
704
695
694
695
709
719
721
715
706
709
710
707
704
702
701
705
742
770
762
735
693
689
694
740
788
788
766
741
716
689
678
689
732
760
748
749
747
767
773
776
764
762
764
780
795
794
777
750
726
714
700
689
691
699
752
780
782
760
717
710
710
708
709
712
714
720
727
734
736
732
726
724
723
724
727
731
733
733
731
729
741
776
787
641
763
748
755
736
746
746
737
731
724
732
735
735
730
738
730
723
736
733
734
727
730
736
731
773
658
762
748
745
764
768
766
759
753
735
737
760
753
753
752
762
766
770
760
748
730
689
667
649
676
688
709
769
756
723
714
707
719
735
747
754
761
761
762
778
788
780
771
753
749
748
771
781
789
772
761
756
755
759
776
812
812
796
778
775
773
766
765
770
774
802
805
800
786
778
763
759
756
746
741
737
738
736
730
725
727
718
711
702
691
692
696
697
700
704
708
713
715
715
716
717
717
714
712
710
710
709
706
704
707
711
712
711
710
710
711
709
708
705
701
696
699
705
714
722
726
723
714
705
698
700
705
714
718
721
722
723
723
722
720
716
713
713
714
719
723
724
722
722
721
718
714
709
705
705
716
724
756
768
760
748
740
729
726
725
715
730
745
746
734
745
758
754
749
723
692
695
702
719
710
690
671
664
672
675
676
676
724
716
694
692
679
680
680
687
706
744
748
732
724
721
719
695
710
697
690
675
673
669
650
646
645
654
660
662
664
666
665
666
667
668
669
669
669
670
671
671
672
648
673
674
674
674
675
674
673
676
677
679
679
676
678
680
679
680
678
680
681
682
682
686
696
681
657
658
660
663
663
663
661
661
664
667
669
668
666
665
664
665
667
665
662
662
664
673
677
677
674
670
667
667
667
667
665
665
663
662
662
664
666
665
673
678
680
674
669
666
667
670
671
671
671
673
676
684
693
699
688
705
723
732
734
731
723
720
719
718
713
705
698
693
689
685
685
671
673
673
672
681
690
693
699
702
703
703
705
705
702
713
727
726
723
720
721
722
721
721
721
724
737
718
686
661
644
649
652
653
651
653
647
646
644
649
647
645
647
652
658
661
665
671
676
683
683
670
654
681
685
677
672
670
683
705
710
705
701
672
685
690
696
708
705
702
705
696
694
721
710
715
704
707
709
698
666
650
649
650
650
649
649
649
649
650
652
655
657
658
654
649
644
644
646
653
705
705
675
661
660
663
664
675
667
656
660
656
656
657
657
657
654
704
708
696
666
661
653
655
655
656
655
654
652
650
651
652
653
655
655
657
660
661
663
662
662
663
665
663
659
676
660
668
673
657
666
658
662
663
658
655
654
654
655
655
655
656
655
655
655
653
651
649
650
651
655
642
656
652
651
654
659
656
658
728
697
669
652
656
660
662
662
661
661
661
661
662
661
661
662
661
662
663
664
659
656
657
656
658
661
671
673
674
681
687
701
702
696
680
670
660
664
663
674
675
694
708
740
744
750
736
701
693
673
669
669
683
671
670
668
667
668
672
668
662
661
660
661
660
655
653
654
656
655
655
654
652
652
653
662
676
704
709
700
685
667
666
667
669
698
714
716
703
691
664
665
667
673
681
685
680
669
664
659
658
657
654
656
658
671
678
688
687
704
720
745
752
758
756
745
718
700
694
691
689
672
673
673
679
682
683
657
670
670
672
674
677
681
685
687
691
690
686
684
681
680
679
677
677
678
682
694
685
684
684
685
701
708
703
702
695
692
692
696
698
704
715
747
739
723
701
718
715
724
727
724
722
725
752
776
783
746
737
737
749
745
729
716
719
728
721
719
724
728
730
730
728
729
728
728
708
701
704
716
742
749
741
721
700
668
662
676
692
739
760
752
743
739
721
744
746
723
698
694
683
685
694
704
754
759
745
731
708
702
686
673
672
676
680
682
677
674
672
669
660
659
659
675
695
748
807
806
775
756
735
659
695
689
754
780
782
763
739
739
741
738
732
723
713
712
710
701
711
716
716
737
730
714
704
706
708
719
727
727
725
723
725
724
770
766
750
742
729
748
764
766
761
769
776
771
742
726
702
705
735
738
730
712
718
746
749
745
738
737
739
786
791
767
764
738
717
705
705
701
706
706
706
705
701
701
708
708
708
697
689
690
693
695
699
700
703
696
691
688
729
728
722
709
694
698
726
736
738
732
714
691
699
726
751
732
717
702
702
707
718
712
706
705
706
707
707
705
705
706
705
704
704
705
704
703
702
702
709
700
687
697
698
699
699
700
732
731
749
735
721
709
698
679
659
660
660
669
683
697
739
754
759
758
749
656
782
789
771
740
717
735
723
666
655
658
660
660
659
656
656
657
732
750
733
715
712
694
688
689
690
692
691
685
682
685
687
691
691
691
693
696
697
692
690
691
692
693
691
689
688
686
683
678
672
672
672
673
673
672
672
672
667
667
667
667
667
677
679
685
692
702
711
721
728
734
738
738
755
774
760
757
725
722
729
734
728
726
721
722
760
761
757
747
737
739
772
781
761
730
707
707
705
700
674
665
664
664
664
698
720
729
712
701
699
671
667
666
666
669
671
673
674
675
675
677
680
681
683
684
685
687
686
688
688
689
693
698
701
702
697
690
683
682
683
691
698
711
719
724
723
716
708
695
689
673
678
689
721
753
758
741
738
725
722
711
719
723
729
736
783
787
782
762
731
712
726
731
734
736
731
723
727
725
724
726
723
753
756
762
757
749
733
744
711
727
727
714
703
702
702
703
704
708
712
715
714
716
724
755
761
753
749
747
730
706
699
693
683
672
677
679
684
687
690
697
704
711
724
733
749
760
761
763
757
754
749
748
739
733
723
718
716
712
706
705
709
712
717
723
727
727
727
742
774
787
773
727
719
715
713
716
726
743
731
728
723
731
735
737
740
744
746
766
778
780
782
786
776
771
760
742
726
667
740
755
765
766
759
750
743
743
739
716
706
711
718
724
728
731
733
734
733
731
729
729
730
728
729
738
747
754
754
752
754
756
759
762
773
791
795
782
768
760
751
747
746
752
758
765
767
766
764
764
765
765
777
794
796
782
772
758
738
724
717
726
746
785
798
795
784
759
740
721
736
741
748
748
728
711
713
752
765
763
757
751
742
731
729
735
739
724
702
699
691
688
688
682
679
672
670
672
674
677
683
689
726
739
734
724
711
709
708
738
739
730
712
688
699
724
725
717
708
686
685
687
712
716
694
684
682
679
683
685
711
715
700
682
694
692
734
755
748
745
751
756
761
737
694
689
687
688
688
704
707
694
691
667
666
666
665
665
667
668
669
663
664
661
660
662
659
680
658
655
657
665
664
670
688
696
699
697
695
695
690
694
695
698
695
695
698
697
696
697
699
708
708
705
704
703
701
697
691
685
685
684
687
689
689
692
692
693
694
697
698
696
698
697
697
697
697
697
695
694
693
693
693
693
693
688
687
687
686
687
687
684
684
688
696
699
699
700
701
701
711
708
712
709
691
693
697
704
703
699
699
694
692
695
696
695
694
695
699
699
700
700
698
698
703
708
710
711
711
713
715
714
714
730
770
761
750
742
722
732
765
766
754
737
696
692
692
690
702
713
769
789
785
764
738
707
688
680
770
774
761
751
749
725
714
709
713
714
713
717
716
717
719
733
726
723
722
726
728
730
730
736
747
664
759
765
774
789
801
797
785
782
780
772
761
752
743
723
740
772
767
761
758
759
748
747
739
725
719
715
724
731
727
715
709
710
711
701
694
721
758
769
761
778
783
774
766
766
778
771
767
736
735
741
733
740
737
707
729
721
730
723
705
691
679
677
676
674
674
679
668
669
670
671
673
672
672
672
671
670
671
670
676
681
684
688
695
704
716
719
720
720
717
712
712
714
713
738
753
743
721
691
675
672
715
755
759
740
708
659
661
662
663
662
663
741
752
733
712
693
693
696
700
704
703
720
765
762
739
704
683
672
682
762
772
761
734
708
701
684
670
669
671
668
682
697
710
713
716
708
700
697
696
695
688
664
663
650
664
740
763
747
737
720
711
717
717
723
740
737
745
729
727
694
698
687
675
678
685
685
683
684
684
684
687
691
691
690
688
688
695
704
712
715
715
716
715
711
704
705
705
703
700
700
700
702
702
699
699
700
701
698
693
687
680
677
684
685
684
684
684
684
686
684
685
686
686
703
719
721
719
703
690
694
692
692
725
723
722
712
708
695
694
693
721
716
718
713
706
692
692
690
691
692
692
691
688
687
690
690
691
690
690
690
690
691
691
692
691
690
690
691
690
692
691
691
691
690
691
691
698
704
712
719
720
720
717
712
710
707
704
700
698
695
688
684
689
690
690
690
690
690
691
690
691
690
691
691
691
690
691
691
691
691
690
691
690
690
691
691
692
691
691
691
691
691
691
691
692
715
731
742
737
725
705
684
688
690
694
720
714
715
700
692
681
697
687
676
675
677
664
671
670
672
675
673
675
676
672
674
675
678
681
683
683
681
682
682
682
683
684
684
684
684
684
684
685
684
685
685
685
684
685
685
685
685
687
686
686
685
686
686
687
686
687
687
687
687
687
687
687
687
687
687
687
687
687
687
688
688
688
688
689
689
689
689
689
689
689
689
689
690
691
693
692
692
691
691
690
690
690
690
665
690
690
690
690
690
691
690
690
690
690
690
691
691
691
691
691
691
690
690
690
690
690
690
690
666
690
690
689
689
688
690
691
690
692
694
694
694
695
699
700
697
697
700
706
703
700
699
701
702
701
700
704
718
724
734
740
741
740
733
728
763
754
732
697
686
685
694
699
716
739
752
748
736
724
711
697
695
702
713
724
738
748
753
757
757
760
774
781
775
769
762
745
742
737
734
737
739
772
788
797
790
754
749
742
738
740
740
738
733
729
730
731
727
718
711
711
712
714
724
785
792
794
786
774
780
781
774
768
761
759
751
748
744
740
735
733
732
729
726
719
705
710
705
706
709
712
718
729
733
735
738
734
727
723
727
729
730
725
718
715
714
721
726
728
728
726
749
740
738
736
734
732
733
734
732
730
720
716
717
724
726
730
734
737
739
741
742
742
743
743
744
742
741
740
740
737
730
725
724
720
709
702
696
700
707
712
715
723
733
741
746
750
755
779
777
782
773
787
785
790
779
749
733
728
725
717
703
675
669
690
706
701
689
680
678
683
682
687
690
693
695
695
692
690
693
693
693
695
703
717
727
740
729
720
714
714
696
697
698
699
701
703
703
699
696
696
695
694
692
683
675
674
679
682
677
678
680
680
683
678
677
679
680
669
716
727
730
721
705
715
729
732
786
786
782
764
750
748
747
740
729
728
708
703
707
710
739
756
757
746
733
726
712
714
716
718
719
720
725
726
721
727
732
738
745
753
755
756
755
791
791
776
759
744
790
780
761
702
692
672
694
696
691
680
668
665
670
674
675
674
673
676
674
673
675
675
674
674
673
672
673
680
683
680
653
668
670
673
672
672
669
668
691
683
675
669
663
673
673
674
675
676
676
674
659
745
728
726
685
721
690
657
662
667
667
670
670
668
670
671
673
672
673
673
590
672
676
664
674
674
678
684
680
683
732
733
725
716
699
730
729
700
705
704
702
689
689
688
708
739
742
746
749
752
743
736
708
695
691
690
690
692
694
691
688
681
670
672
675
668
667
673
679
681
676
669
670
667
668
669
668
669
667
667
667
666
666
665
665
665
664
664
663
662
659
674
679
672
666
661
657
657
658
665
670
674
713
749
745
718
695
700
708
696
689
707
730
742
747
769
758
759
767
766
755
709
693
700
706
731
767
769
751
734
716
755
748
732
691
690
698
714
718
724
720
714
712
701
701
714
704
701
701
703
705
709
715
719
720
721
720
717
712
711
712
711
712
712
694
681
690
693
715
749
749
743
740
726
733
738
752
774
775
761
756
769
780
761
749
750
741
732
730
720
724
712
702
700
702
703
704
710
715
716
717
718
717
752
747
735
731
725
720
721
735
746
743
744
725
722
721
721
723
726
728
730
730
731
729
730
729
730
735
730
739
740
740
737
731
727
726
728
744
741
743
738
741
790
791
783
756
749
722
732
734
725
720
717
718
714
712
715
715
713
713
713
713
714
712
711
711
711
711
714
720
716
708
701
706
711
713
714
714
716
718
719
719
717
715
715
716
716
716
717
718
719
720
720
717
714
709
703
706
709
698
704
705
705
705
705
704
705
705
704
704
703
708
708
706
704
704
702
718
731
743
740
730
715
712
719
725
720
710
706
696
702
705
708
711
721
717
715
713
717
726
727
723
719
715
712
708
707
705
706
706
705
703
703
702
700
744
755
740
720
695
699
699
727
750
743
723
714
702
702
705
717
716
707
701
699
699
701
703
703
700
696
690
692
697
698
698
691
686
687
690
696
725
747
741
725
721
747
730
727
731
727
726
725
725
727
766
793
791
768
728
702
694
687
680
694
695
695
696
696
696
697
697
667
698
697
697
698
698
699
698
698
698
699
699
699
699
699
699
699
699
699
745
736
709
699
692
711
735
720
693
695
696
700
701
697
696
696
697
698
698
698
698
698
698
698
698
698
699
699
698
698
701
701
701
701
701
701
700
699
700
700
700
700
699
700
700
700
701
700
701
700
700
701
701
701
702
702
703
703
704
704
703
704
704
704
704
702
702
703
703
703
703
703
703
703
701
701
701
702
703
702
701
701
702
703
702
702
702
702
702
702
702
702
701
701
701
701
700
701
701
702
702
702
702
702
702
702
703
702
701
702
702
701
700
700
701
701
701
701
701
701
701
701
701
701
701
702
701
700
700
700
700
700
700
700
699
699
700
700
701
700
700
700
700
701
702
703
704
704
703
703
704
704
705
704
704
704
705
705
705
704
704
705
705
705
705
705
705
705
705
705
705
705
705
705
705
706
706
706
706
706
706
706
706
706
705
705
705
706
706
706
706
706
707
706
706
705
705
705
706
706
705
705
705
706
705
706
706
706
705
706
707
707
706
706
706
706
707
707
707
707
706
707
707
707
708
708
708
708
709
710
709
707
707
707
708
708
708
663
707
707
706
706
706
706
707
706
707
710
710
708
707
705
704
703
703
703
703
705
723
734
752
757
712
750
742
734
731
767
768
755
738
735
717
707
706
707
707
707
708
710
708
708
705
705
705
706
706
705
705
704
705
706
707
708
708
709
709
709
708
707
705
706
705
703
700
702
700
699
699
701
719
708
732
732
722
719
730
743
738
730
719
700
695
698
723
711
697
695
707
763
776
758
730
703
699
698
695
694
695
698
700
700
698
695
687
681
679
677
678
679
680
680
693
692
684
668
671
671
671
672
672
672
672
670
670
671
671
672
672
672
672
672
673
673
673
672
672
672
672
672
672
672
672
671
722
733
701
669
667
666
666
669
757
759
733
693
668
685
716
736
739
728
710
702
695
691
684
680
681
680
675
676
676
677
675
675
675
675
675
675
676
677
677
676
676
675
674
674
673
673
673
672
671
729
738
723
697
669
671
676
673
725
734
719
741
755
754
754
743
726
700
654
664
673
666
667
669
670
666
663
667
719
743
738
726
720
704
714
748
781
779
746
740
731
726
700
693
694
705
716
715
700
685
675
676
681
685
683
675
672
729
722
712
712
764
789
785
764
754
723
719
773
780
765
731
733
714
724
748
761
763
739
712
685
681
700
678
667
672
680
674
675
672
669
671
676
676
676
672
670
668
668
671
676
679
700
742
719
693
702
695
704
701
682
683
682
676
651
674
681
686
687
689
692
693
691
690
687
685
679
676
677
679
678
679
680
682
684
686
685
685
714
722
730
719
711
700
734
752
777
766
741
726
702
712
709
705
695
682
685
703
742
744
739
723
712
717
711
714
711
738
773
784
777
760
759
728
676
678
680
679
678
683
719
716
686
666
681
684
683
682
721
736
712
678
681
676
681
752
779
763
719
694
702
676
675
679
676
669
673
673
660
674
672
671
673
676
677
677
675
673
673
673
674
674
675
675
673
668
667
670
670
671
670
669
670
673
684
720
717
716
721
715
710
690
679
678
676
677
677
674
668
671
676
712
723
721
747
772
774
733
721
684
684
681
675
677
681
676
668
684
688
690
692
693
705
709
701
668
670
673
675
677
677
671
667
663
661
659
659
663
709
699
705
707
705
702
702
708
698
700
707
700
686
674
675
675
676
674
673
678
686
683
681
676
678
678
678
676
680
679
678
678
682
684
686
686
687
689
690
690
688
690
695
697
697
698
710
741
724
683
675
668
669
671
670
670
670
669
671
670
670
671
671
670
671
671
671
671
670
670
671
671
671
672
672
672
672
672
672
672
673
673
673
673
673
673
673
673
673
671
671
671
668
669
669
669
670
670
670
670
670
670
671
671
671
716
733
723
696
685
678
668
672
672
675
675
673
674
734
754
724
682
684
733
760
745
703
683
675
678
683
691
740
784
782
751
730
705
686
671
673
678
669
670
672
673
674
674
674
674
675
675
676
676
676
676
676
676
676
677
677
676
676
676
676
678
737
703
698
703
711
707
711
710
711
717
724
753
779
771
758
735
728
703
703
748
750
764
752
738
723
717
728
744
710
733
714
700
706
734
741
750
728
724
720
711
694
704
705
699
701
698
701
706
706
707
701
698
686
679
679
680
678
678
686
684
684
684
686
685
684
684
683
685
686
675
685
685
685
685
685
685
686
697
704
709
717
721
717
715
715
712
706
704
703
694
697
696
692
690
689
690
690
691
698
697
694
692
691
691
705
721
725
723
723
724
753
766
761
733
708
687
691
692
691
673
686
695
700
690
693
717
733
733
729
721
715
722
729
735
735
734
728
723
716
719
726
740
758
765
768
767
762
748
734
725
724
718
739
732
691
678
679
687
728
752
752
738
727
746
739
722
666
688
640
666
663
653
654
657
652
651
639
646
648
653
652
654
652
648
655
652
655
656
656
658
659
660
660
661
661
662
663
664
665
665
664
665
665
666
666
666
667
666
666
667
666
668
669
669
669
668
669
670
670
670
670
670
670
670
671
671
671
671
671
671
671
671
671
672
690
696
700
703
702
697
697
698
699
699
695
692
688
682
678
676
684
719
731
703
691
679
672
672
672
659
706
700
687
686
690
688
739
753
741
703
762
751
726
690
718
717
738
748
739
728
742
735
738
732
717
739
723
731
720
736
717
696
685
655
671
682
684
684
681
680
681
683
685
715
721
722
724
726
724
724
727
725
721
724
728
730
728
729
730
726
707
650
649
659
657
656
656
653
656
656
655
658
662
669
676
675
676
719
717
708
702
699
694
696
693
683
682
683
685
714
732
732
712
709
692
693
714
740
721
703
683
691
723
742
738
716
711
694
697
718
730
732
717
711
702
721
746
746
738
719
698
726
749
742
725
718
702
702
709
739
738
723
720
700
709
724
723
717
714
696
697
697
697
697
696
690
689
690
702
715
726
742
745
747
748
748
747
746
742
778
776
759
719
709
714
699
698
698
694
696
693
698
696
688
691
695
697
700
725
762
763
731
778
757
725
693
762
777
775
751
721
742
734
724
732
722
713
705
715
727
726
718
714
704
704
704
705
705
704
704
704
704
705
707
707
705
704
703
701
730
729
720
726
709
714
734
744
750
750
739
728
722
739
750
748
743
727
722
719
720
723
727
731
733
734
733
730
731
731
751
767
768
762
748
738
730
732
733
733
734
737
740
743
745
745
746
748
796
795
780
758
761
762
747
741
731
709
709
709
709
710
711
713
712
712
713
717
718
719
720
726
725
723
724
725
726
738
731
721
719
722
724
726
729
728
726
722
722
719
717
719
722
734
802
766
724
723
701
660
660
667
746
804
782
765
760
758
743
762
765
763
725
717
752
771
773
756
714
728
731
723
723
729
735
737
735
733
735
734
734
735
733
730
728
740
754
753
754
745
733
725
703
709
711
711
710
711
749
767
758
739
755
738
728
716
754
771
771
759
740
739
752
747
740
724
713
767
755
754
745
741
735
719
710
709
710
705
705
704
703
703
705
708
710
710
707
707
738
731
714
716
698
694
695
698
703
709
731
745
740
724
727
721
706
703
701
700
702
704
705
709
712
712
774
756
724
707
706
737
758
747
737
722
724
719
712
716
717
712
712
714
741
745
744
739
735
767
774
771
760
737
721
723
725
724
721
721
725
727
727
727
726
725
724
721
716
717
717
714
730
744
729
718
717
724
738
756
757
744
718
714
737
764
763
755
735
730
715
715
718
722
725
723
721
715
710
709
715
709
710
712
722
724
734
744
753
754
759
758
800
801
785
753
735
715
708
704
710
731
738
725
711
716
716
716
712
712
709
712
713
714
715
717
716
717
717
721
737
737
736
737
739
738
733
735
758
758
754
754
735
729
727
727
730
732
732
726
725
722
722
721
720
717
714
713
714
719
722
722
720
719
719
717
716
713
705
712
716
717
717
717
717
718
718
718
718
718
718
717
718
718
718
718
717
718
723
726
725
725
726
728
727
725
722
721
717
717
718
720
720
717
716
718
720
724
729
729
727
728
728
726
728
731
734
731
731
732
732
722
710
707
707
712
714
744
773
771
768
759
704
719
707
697
670
680
672
663
663
662
668
665
658
655
658
758
754
757
723
732
722
701
683
688
687
731
758
757
731
718
703
688
684
677
643
674
683
724
712
732
766
768
733
697
670
671
672
673
642
759
771
743
692
679
682
685
689
704
743
742
725
726
735
732
694
677
682
677
673
696
686
676
661
639
682
685
684
683
682
682
684
685
685
686
685
684
686
686
687
687
706
710
707
705
707
708
705
700
696
690
687
690
691
691
692
691
708
709
711
722
707
698
681
679
680
681
713
735
733
730
719
718
714
723
721
713
707
684
690
693
695
694
693
693
696
698
697
717
729
729
725
725
729
729
721
716
718
721
719
712
704
698
686
662
654
676
678
680
680
680
681
681
681
682
682
682
683
683
683
683
683
684
683
685
684
684
685
685
685
685
685
685
686
685
685
686
686
686
697
702
701
702
708
715
718
716
715
715
717
721
722
719
716
717
713
715
713
710
709
708
707
705
740
770
756
736
736
717
709
709
707
707
709
709
710
710
710
709
706
705
707
710
712
712
712
711
711
711
710
709
709
706
699
699
699
701
704
706
707
728
742
743
738
722
713
702
703
726
748
745
726
715
699
709
719
738
724
716
700
699
700
701
703
705
706
709
710
711
715
725
730
724
726
722
754
786
785
761
746
735
755
761
762
747
742
763
771
789
788
778
775
769
766
762
758
760
762
758
737
745
747
753
752
732
725
714
696
687
680
672
661
668
678
690
698
698
671
655
663
670
673
672
674
675
678
708
757
742
729
767
764
741
730
734
759
779
769
751
738
724
701
697
697
698
699
704
715
723
724
733
733
747
739
710
697
699
703
716
726
730
748
743
747
748
771
796
786
768
732
718
714
722
796
808
804
782
786
766
760
756
743
737
739
738
748
755
741
726
732
733
725
719
720
711
714
716
718
720
715
716
709
707
705
706
712
751
779
766
746
753
735
731
727
723
725
726
727
729
747
745
743
730
730
720
758
791
777
752
734
731
725
712
697
680
691
699
705
711
745
777
776
760
749
746
730
722
719
745
743
752
753
791
782
743
724
714
704
698
709
702
692
694
702
697
706
713
715
716
713
710
707
703
700
705
701
710
713
729
728
725
723
724
717
713
703
705
707
706
709
708
704
708
710
709
710
709
709
708
708
707
703
699
694
692
697
696
696
698
700
701
702
702
702
703
698
698
697
697
698
698
698
698
698
698
698
698
698
698
698
698
699
699
698
698
698
698
698
698
699
696
740
725
707
705
704
703
701
699
700
701
769
753
718
711
716
716
703
695
696
696
692
693
702
700
719
738
745
751
750
750
754
759
764
768
771
778
789
796
799
800
797
795
791
792
793
795
793
784
748
724
729
729
736
745
750
750
748
749
753
761
766
782
785
797
813
814
812
803
796
803
797
792
677
777
764
755
752
752
748
745
741
731
723
715
696
676
676
680
682
684
708
719
727
725
719
713
708
704
695
690
683
686
690
693
722
743
736
713
703
690
690
696
729
732
730
721
724
712
713
716
715
712
705
698
683
691
690
687
688
689
683
684
686
667
666
671
676
679
680
679
708
731
745
715
694
685
683
694
730
742
734
719
741
766
758
720
701
697
700
708
709
709
728
741
764
762
638
777
769
754
748
749
725
722
721
712
693
664
665
673
678
679
677
680
684
686
692
703
702
688
699
703
699
693
696
698
707
712
712
712
718
721
714
734
745
748
746
747
734
754
763
755
728
737
740
730
698
696
695
693
703
708
711
710
704
703
704
705
708
707
703
704
700
704
709
715
721
755
788
789
770
747
735
735
727
716
706
714
779
789
781
763
752
732
726
718
711
706
703
699
699
705
716
731
773
777
753
740
765
775
756
725
722
743
775
774
769
794
793
782
765
761
747
749
748
724
693
681
680
687
688
686
685
681
681
680
679
675
673
675
676
677
689
722
748
743
723
719
717
719
742
758
759
755
745
732
731
744
746
749
747
746
736
751
758
759
750
737
718
720
740
758
760
749
734
720
728
754
770
767
748
726
701
708
708
708
708
707
706
704
702
697
692
690
675
663
663
661
659
658
658
658
659
661
663
667
674
675
672
700
720
709
695
695
685
684
685
686
746
766
756
756
754
748
724
708
711
749
743
718
713
697
695
694
694
694
695
695
695
694
695
695
695
695
694
694
695
695
696
695
695
695
695
695
695
695
695
695
695
696
696
695
695
695
695
696
695
695
695
695
695
695
