60.0317432098755
44.3417432098759
84.6557432098755
73.1877432098755
123.337743209876
65.6577432098765
30.5137432098763
96.0197432098765
16.3657432098768
57.5537432098765
88.3357432098765
65.3157432098765
92.6417432098765
68.9857432098765
20.173743209877
45.3037432098769
41.747743209877
34.8257432098771
49.9457432098771
58.0217432098775
65.1217432098775
54.2277432098775
120.667743209877
30.677743209877
60.2917432098765
46.2777432098769
44.5457432098768
49.3817432098768
93.4257432098765
9.21374320987697
39.6697432098769
12.6037432098767
30.1077432098767
62.1337432098765
26.7197432098765
34.4277432098765
10.5457432098766
28.7857432098766
43.7357432098766
47.4317432098766
46.4477432098767
5.66174320987666
16.5397432098766
51.6117432098765
5.25174320987676
72.6737432098765
55.6797432098765
37.4917432098768
20.0417432098767
1.06374320987656
-6.49625679012354
33.5757432098765
5.94974320987637
-18.5202567901236
7.50574320987636
11.8717432098764
35.7857432098765
23.8497432098764
45.2797432098764
-44.6322567901237
-40.7202567901237
-45.4282567901237
-42.5162567901237
-38.1702567901236
-50.4602567901237
-33.5182567901236
1.19374320987637
-16.2522567901236
-4.97425679012374
-44.7322567901237
29.4577432098764
4.59174320987636
0.387743209876461
-0.840256790123533
9.65774320987646
18.2197432098765
23.7437432098764
15.0597432098763
-5.38225679012373
9.61774320987637
-6.43425679012353
34.4677432098767
2.67174320987657
40.6277432098767
-24.4482567901231
-30.3202567901231
4.15374320987667
-0.946256790123336
-18.2022567901234
13.7537432098765
21.4317432098764
17.4797432098765
28.3517432098765
42.5457432098765
46.4437432098766
11.7137432098766
69.4477432098765
78.2537432098765
8.33774320987656
17.7097432098766
-28.9702567901234
15.5057432098766
-1.80025679012343
-4.81825679012344
25.3497432098765
-1.07025679012354
22.1297432098766
9.44174320987646
19.8857432098765
5.69974320987637
14.1257432098764
28.9857432098764
35.1537432098764
40.0897432098763
-52.5662567901238
22.7617432098763
10.4277432098762
8.89974320987616
32.5677432098761
85.2957432098765
20.3817432098762
20.5097432098763
-5.30625679012384
47.2257432098762
66.3497432098765
36.9857432098762
27.1637432098762
-12.6702567901238
29.8177432098761
16.9257432098762
41.4817432098763
38.5157432098763
22.7997432098764
29.5237432098765
34.2577432098764
17.0557432098764
49.7737432098764
37.3297432098764
7.95774320987636
-3.65825679012364
28.3597432098764
28.0957432098764
28.1477432098764
-22.2882567901236
35.1697432098764
48.2317432098764
26.2037432098764
46.9997432098765
1.92974320987636
6.96574320987646
16.0137432098765
3.83174320987656
-31.1982567901234
4.10974320987656
-3.38025679012344
44.1317432098767
35.3477432098768
13.7297432098767
3.85174320987667
45.6457432098768
81.0577432098765
81.0577432098765
44.1057432098767
22.2697432098769
18.0717432098769
27.0777432098768
21.3097432098767
41.7197432098766
0.275743209876566
22.2517432098766
16.9297432098766
36.5077432098767
61.0497432098765
16.8817432098766
16.8817432098766
5.13774320987666
46.7637432098766
14.9437432098766
48.4917432098766
10.9897432098766
7.16174320987656
11.1677432098766
43.9837432098765
11.1097432098766
18.5877432098765
12.8617432098765
-2.74025679012344
20.7537432098766
44.2097432098765
21.9077432098765
16.2937432098765
-1.82625679012354
51.5537432098765
17.1477432098765
42.1157432098765
21.8657432098764
35.9977432098765
14.8377432098764
-12.8322567901236
8.98774320987646
-22.4742567901235
24.2437432098764
-3.52025679012374
19.0477432098763
-52.4702567901237
-48.7242567901236
49.1097432098764
-79.8702567901236
-1.78225679012343
-32.6842567901232
-32.6842567901232
-73.5002567901232
-42.5282567901232
2.68174320987676
-17.6082567901231
-17.6082567901231
-43.9882567901231
-59.7662567901231
-49.5082567901232
15.3837432098769
-7.68425679012314
31.0917432098768
27.155743209877
23.973743209877
9.93374320987697
-3.80625679012304
-46.9682567901231
-14.406256790123
24.295743209877
45.309743209877
47.123743209877
35.735743209877
34.1737432098771
3.71174320987706
30.5037432098771
47.7857432098771
29.0217432098768
1.32574320987676
12.3517432098768
31.0117432098767
57.7737432098765
43.6217432098768
18.4737432098768
-4.05425679012323
-29.8782567901234
-17.3622567901236
10.1817432098765
31.0397432098764
22.9377432098764
23.8037432098764
7.39374320987626
10.4697432098764
-54.0382567901237
16.4437432098764
14.8357432098764
45.9217432098764
8.81974320987636
-18.5922567901235
2.82174320987657
33.7997432098766
31.7437432098765
24.5057432098765
88.3377432098765
69.4057432098765
15.2277432098764
-7.39025679012364
55.7877432098765
38.6597432098764
50.0117432098764
32.9437432098764
65.4697432098765
27.1917432098768
50.2637432098767
39.1677432098767
66.5497432098765
54.9277432098765
15.3757432098767
55.8157432098765
55.8157432098765
89.1397432098765
82.8097432098765
21.6017432098766
6.36574320987666
26.8597432098766
-20.9322567901233
-14.2422567901234
-7.72425679012343
-10.3682567901234
5.62774320987656
16.9537432098766
-2.39425679012354
11.5477432098765
22.5017432098765
29.8957432098765
-7.71425679012354
58.8597432098765
24.2517432098762
7.31774320987616
-14.6422567901238
-8.28025679012384
-8.41425679012384
38.8317432098761
-20.4622567901239
-48.5022567901239
1.57574320987587
-32.1822567901242
-38.328256790124
-71.162256790124
54.5757432098755
12.207743209876
4.38974320987597
-22.9622567901239
34.5817432098761
-0.0762567901240345
19.251743209876
37.4397432098763
37.4397432098763
21.4277432098763
23.6137432098764
2.60574320987627
19.0257432098763
-15.9062567901236
64.5457432098765
26.1037432098763
0.837743209876365
13.8737432098765
70.8577432098765
5.38574320987657
14.6217432098766
67.1637432098765
55.7277432098765
45.6617432098769
12.6757432098768
44.859743209877
35.063743209877
60.9137432098775
6.16774320987707
-2.65625679012294
29.6977432098771
14.0737432098771
52.0317432098775
-1.60425679012304
36.8057432098771
43.5077432098767
16.4117432098768
23.7437432098768
-5.70425679012324
-28.6122567901231
26.865743209877
26.865743209877
-51.2542567901233
-42.9122567901235
29.9437432098765
-15.3562567901234
-83.2562567901235
62.4117432098765
36.8597432098766
2.32374320987656
-41.0102567901235
29.3717432098766
13.5517432098765
13.5517432098765
21.0117432098766
-14.8742567901234
49.7977432098766
23.9197432098765
60.9437432098765
18.0757432098765
0.935743209876463
19.7097432098764
-18.412256790124
-13.550256790124
-14.0422567901241
-32.852256790124
-5.50225679012414
-17.1162567901242
-73.882256790124
-24.2542567901241
-34.524256790124
-12.7402567901239
-18.9122567901238
26.8517432098763
103.291743209876
41.4017432098762
-20.9682567901238
0.667743209876164
17.2557432098762
50.2917432098763
-26.7522567901237
-0.866256790123636
14.9897432098763
63.5637432098765
2.81774320987626
6.15974320987636
-10.0102567901237
11.5197432098764
53.2917432098765
46.1157432098765
46.1157432098765
46.8957432098765
30.0917432098765
83.0437432098765
51.9377432098765
63.9177432098765
15.5217432098767
-8.92625679012323
14.6617432098769
50.7077432098768
23.7297432098768
7.18974320987687
19.7297432098769
30.1657432098768
-9.90825679012324
18.0557432098769
18.5197432098769
-3.72225679012324
20.7877432098767
24.5477432098766
54.4777432098765
54.4777432098765
52.6717432098765
45.1437432098766
29.1477432098766
15.0497432098766
55.7137432098765
3.79974320987657
-41.3582567901234
15.0877432098766
17.7077432098765
-28.3482567901235
44.2517432098765
45.0597432098765
-37.9462567901235
-3.27025679012354
41.8677432098765
43.6497432098765
40.5997432098764
2.20974320987636
-14.1002567901236
-2.48225679012364
-38.6102567901237
39.0577432098763
-8.82225679012374
-24.3502567901236
11.8097432098764
22.6237432098764
0.449743209876367
-8.68025679012344
43.5557432098766
-19.4862567901237
53.1897432098765
38.2857432098765
-1.83225679012354
-23.8942567901236
-35.2102567901236
58.4717432098765
44.5457432098763
34.7517432098765
34.7517432098765
9.73174320987646
32.7257432098764
11.7117432098766
-0.948256790123438
34.6957432098765
14.2137432098765
19.9337432098764
3.46974320987626
8.31374320987636
-19.7982567901236
36.3957432098765
-4.98025679012353
17.9377432098764
-2.57825679012354
-33.3882567901235
18.9657432098765
-11.3322567901235
42.3757432098765
1.58574320987656
1.93974320987656
-11.8902567901234
1.21574320987656
15.8677432098764
-8.07825679012364
36.8897432098764
55.6057432098765
-2.65825679012364
33.8957432098764
24.8077432098764
-39.7322567901236
32.8317432098764
14.1097432098765
23.0977432098765
43.8277432098763
49.0337432098762
15.8497432098762
42.5397432098762
50.5537432098762
-49.0462567901239
34.5637432098761
68.1177432098765
76.4997432098765
46.8317432098762
-32.4282567901238
17.5117432098762
-9.81625679012384
55.6457432098765
10.4177432098761
16.8397432098761
4.33974320987606
43.8157432098762
43.8157432098762
26.1437432098762
-11.0002567901236
63.7617432098765
19.2457432098763
36.8557432098762
36.8557432098762
79.3417432098765
73.8437432098765
19.6637432098762
28.7737432098761
5.06974320987607
45.5617432098761
23.0857432098761
7.89374320987606
52.2597432098755
6.72174320987596
65.0497432098765
-12.9222567901239
-34.3082567901238
14.4857432098762
-17.6262567901239
12.4977432098762
27.1797432098761
8.33574320987606
-3.40225679012394
25.2057432098761
29.5737432098762
7.42974320987616
22.3897432098762
26.3277432098762
-33.8602567901236
5.87774320987656
-50.7922567901234
-77.7382567901233
34.2597432098767
-5.85625679012334
-26.7022567901233
-60.8362567901232
51.2457432098765
3.33574320987626
22.3937432098763
3.19574320987636
-10.7582567901236
-28.0962567901236
13.5797432098763
5.74774320987636
25.3957432098764
22.7657432098763
18.6637432098763
26.8997432098763
-49.1222567901239
-12.7982567901239
43.0897432098761
30.0177432098761
59.2817432098765
28.9917432098761
38.8097432098761
19.7717432098761
-3.68225679012404
10.5177432098761
42.7017432098762
12.053743209876
60.9097432098765
18.531743209876
27.791743209876
-6.15225679012384
42.3297432098762
23.0537432098763
16.4937432098763
27.9677432098764
-1.68225679012354
-0.126256790123534
8.49374320987646
32.4297432098767
28.6697432098767
11.6797432098767
-10.0962567901233
10.5777432098768
27.1637432098767
-4.83625679012334
57.7197432098765
35.3957432098766
-28.9322567901234
-3.72225679012344
24.3817432098766
41.6717432098765
41.6717432098765
33.1157432098765
-33.3142567901234
0.635743209876566
11.8697432098767
-1.32425679012334
-22.1522567901233
33.8597432098767
48.5377432098767
1.92174320987677
22.5557432098768
4.66374320987686
59.9837432098765
-4.32825679012313
-3.34025679012304
-10.0362567901231
23.1277432098769
48.9717432098768
-40.8302567901233
5.92174320987657
31.1617432098766
5.23574320987657
5.23574320987657
57.2357432098765
7.30574320987667
3.53974320987666
44.0517432098768
-7.51425679012323
20.7177432098768
11.0177432098768
37.1337432098768
69.8297432098765
-11.3822567901232
6.74974320987676
-2.80825679012314
33.5177432098768
33.5177432098768
57.0897432098765
28.8557432098767
-9.08825679012324
-3.37825679012334
9.58974320987677
33.4017432098768
-10.3662567901233
36.1657432098767
25.1777432098767
-24.0002567901233
-31.4122567901232
-5.38025679012323
1.08374320987667
23.0817432098767
4.34974320987656
-9.73025679012333
-1.16425679012334
-13.2542567901234
10.0597432098766
62.6197432098765
-42.9762567901234
-40.8162567901235
18.7797432098765
13.0957432098765
29.5037432098762
-2.46625679012374
23.3297432098763
6.92174320987616
19.6517432098763
25.1737432098763
-12.9162567901238
-0.510256790123734
2.16774320987626
5.41374320987617
-5.39425679012383
48.7637432098762
53.9877432098765
52.8477432098765
57.1637432098765
-2.05625679012384
13.3957432098762
-43.3962567901238
-17.6162567901238
5.36174320987617
35.4537432098762
29.1537432098763
19.0657432098764
-2.30625679012363
-1.38425679012364
-9.88625679012364
-1.43425679012373
30.1397432098763
-26.8822567901239
3.16174320987616
-10.9482567901238
39.2957432098763
0.489743209876266
45.3577432098763
4.57774320987606
3.18574320987626
5.30974320987616
-1.26825679012384
-3.52425679012374
19.9497432098764
6.18774320987657
-1.13225679012344
-11.7362567901234
7.03574320987656
14.0577432098765
-30.8482567901236
-4.42825679012353
-57.7562567901236
-43.7942567901236
-46.1402567901236
21.4577432098764
-26.5262567901236
-40.1822567901236
-27.9342567901236
3.84374320987637
-3.00225679012364
4.89374320987626
36.0197432098764
-20.2882567901236
15.2277432098763
-29.4362567901237
-12.9742567901237
-35.8262567901237
-66.4762567901237
-60.9462567901237
-7.73825679012383
-8.39425679012373
-7.56625679012374
32.1177432098763
16.2677432098764
39.8417432098764
39.8417432098764
-9.61825679012364
42.3837432098765
28.2457432098766
-26.3442567901235
12.1457432098767
0.539743209876761
1.33974320987677
21.5317432098768
38.7037432098769
26.5957432098768
12.1977432098767
19.2217432098768
-1.37825679012334
2.78174320987677
18.2177432098768
-13.5262567901232
9.22774320987676
1.48974320987676
-9.12425679012323
33.4877432098767
-1.15825679012324
26.2377432098767
-1.23425679012323
42.1437432098767
31.7497432098767
29.3797432098767
-6.73625679012333
7.72774320987656
9.40774320987666
5.66774320987666
2.41774320987666
10.1417432098766
-6.44825679012344
8.85974320987656
-2.29025679012344
-16.1542567901234
16.7197432098766
-3.21825679012343
-4.83825679012344
-0.764256790123433
14.0617432098765
-15.1362567901238
41.1937432098762
12.7277432098762
-10.7782567901238
-41.0042567901237
-54.1482567901237
-10.6662567901238
-2.53225679012384
-2.53225679012384
10.7837432098762
-8.92825679012384
30.8037432098761
35.7897432098762
12.5517432098762
-7.90225679012384
-5.73625679012384
30.9597432098761
5.02574320987616
-9.89025679012384
-2.27425679012384
3.36174320987606
29.6377432098761
8.58374320987616
0.139743209876166
32.5077432098763
48.8697432098763
28.0097432098763
