24.2682333333332
-12.6617666666668
59.2382333333333
7.45823333333315
7.41223333333315
59.6302333333334
78.0022333333334
75.8682333333333
20.8882333333334
5.45823333333335
43.3622333333334
37.8202333333334
65.8322333333334
67.8802333333334
56.8062333333333
67.6182333333334
55.7682333333333
72.6582333333334
111.372233333333
58.2522333333334
70.0102333333334
87.8662333333334
71.5122333333333
65.7242333333334
66.2562333333333
80.4082333333334
21.7662333333336
39.6462333333335
55.4862333333334
63.8542333333333
65.0442333333334
46.4322333333336
47.1562333333338
61.7442333333333
-22.7797666666663
25.0822333333338
30.5542333333336
30.5542333333336
60.7742333333333
44.1302333333337
46.4602333333337
-0.521766666666352
-38.1997666666663
-28.6317666666664
3.20023333333355
15.7142333333336
30.7662333333336
11.9182333333336
-42.3137666666664
-15.9297666666664
-21.4117666666664
12.0982333333334
39.3622333333334
-8.39576666666665
10.4402333333334
-18.7557666666666
27.4542333333334
28.3702333333333
29.7882333333331
31.1262333333333
19.1242333333333
28.1402333333332
-32.7157666666668
-12.4397666666667
-5.61176666666675
-4.68976666666675
27.0762333333333
-11.2397666666667
24.9602333333333
-38.8857666666666
-74.5117666666666
0.130233333333351
-47.2157666666666
23.7502333333333
12.6222333333332
-12.9897666666666
-30.9377666666666
28.6202333333334
-64.1677666666666
-59.9757666666665
-27.7957666666665
-26.9257666666665
25.9442333333336
11.7282333333334
-46.9677666666665
-21.1597666666665
19.9342333333335
-20.4317666666662
38.3682333333338
-49.3457666666662
-12.825766666666
-8.26176666666605
1.60423333333395
28.9342333333339
13.8622333333339
-11.661766666666
31.2242333333338
25.7302333333339
28.900233333334
26.3282333333339
9.05023333333385
-25.8617666666661
17.6802333333339
44.3702333333339
5.73023333333385
46.662233333334
12.6802333333339
4.10623333333385
-5.07976666666615
14.7902333333338
40.5942333333339
56.9722333333334
41.8922333333339
4.33023333333385
49.4282333333344
48.7082333333344
20.8402333333338
-4.58776666666615
13.5722333333338
69.2182333333334
60.6082333333334
48.6062333333334
-42.5177666666661
-7.85176666666615
-34.2357666666662
-11.2477666666661
23.4882333333338
-19.9477666666662
7.10223333333365
9.71623333333355
37.8302333333335
-2.54776666666625
-32.7257666666662
36.6682333333338
20.2642333333337
16.5882333333337
47.4782333333337
-5.82376666666645
25.4702333333335
-8.56576666666645
-22.0477666666664
25.2202333333335
25.2202333333335
39.8802333333336
36.8042333333336
24.1102333333336
57.9162333333333
32.4042333333338
3.94623333333365
53.6382333333334
25.5082333333339
36.4082333333337
35.1702333333337
-25.3357666666662
22.1882333333338
-12.4177666666662
4.05823333333375
-67.0557666666661
37.3022333333339
12.2982333333337
25.6922333333338
37.8902333333336
33.2582333333337
-23.5917666666662
36.5422333333338
-30.401766666666
-5.59576666666615
22.7642333333339
14.0882333333338
14.8982333333338
-71.4937666666662
-6.43776666666645
9.37823333333355
8.02023333333365
-15.2317666666664
-35.9617666666664
3.92023333333375
-0.0937666666663475
-8.25776666666635
3.93423333333375
-66.5377666666662
12.2642333333337
12.2642333333337
-22.2457666666662
38.7662333333338
18.3482333333337
-28.9237666666664
21.4382333333336
-11.2797666666664
8.63223333333355
32.9062333333337
4.49023333333365
23.9082333333335
20.6862333333335
17.4742333333334
6.30223333333345
30.8302333333334
25.6662333333333
6.90423333333335
-41.3677666666666
20.2522333333335
22.3782333333333
24.1182333333335
2.68423333333345
-49.4457666666666
0.692233333333348
3.90823333333335
22.0742333333333
31.2462333333333
16.5642333333333
4.85623333333335
-61.0177666666666
-37.8997666666667
13.0162333333334
9.22423333333325
0.860233333333248
15.2722333333333
5.11623333333325
5.73423333333325
2.87623333333325
-8.69576666666675
-77.6857666666668
25.6582333333333
-11.7577666666667
-70.2217666666668
-33.8437666666668
-42.4837666666668
-37.8897666666668
-39.3617666666667
0.326233333333249
9.14823333333315
-10.6797666666668
30.5022333333333
5.07823333333325
-41.1937666666666
58.0082333333334
3.65623333333316
3.65623333333316
26.5922333333331
56.5542333333334
19.2842333333334
-12.5077666666666
20.2942333333333
6.06023333333335
60.5502333333333
-4.28576666666665
24.0882333333334
24.0882333333334
10.3542333333334
-42.0397666666667
57.6942333333334
43.2762333333334
-9.17176666666675
37.0122333333332
-14.9957666666667
8.14423333333325
-20.4317666666668
20.0342333333333
45.4602333333333
28.1742333333333
-33.9337666666667
30.9382333333334
5.12823333333305
-18.737766666667
82.7262333333333
82.4122333333333
-11.0517666666669
15.3202333333332
7.19423333333315
22.3342333333332
-25.1377666666665
-16.7637666666665
-11.5317666666665
-6.72776666666655
-4.83976666666655
17.0962333333334
-59.8977666666668
-1.83176666666674
-1.42376666666675
66.5022333333334
54.9602333333334
20.3702333333333
-20.0457666666669
-91.1277666666668
-57.5437666666668
-60.4117666666668
-0.547766666666746
-10.5117666666668
-42.2837666666667
-11.9537666666668
-30.0817666666667
-15.2137666666667
48.6022333333334
-73.5137666666666
-90.8057666666668
-45.9457666666667
-11.8617666666667
-40.7777666666667
14.2822333333333
46.5022333333334
23.8162333333334
-1.78576666666655
68.4162333333333
29.9862333333336
52.1342333333333
38.7982333333334
14.7842333333335
-19.9997666666667
14.7842333333334
-45.4137666666663
-2.35976666666645
26.7322333333336
36.5442333333336
53.3022333333334
16.8262333333337
-0.457766666666451
39.0402333333337
32.0662333333336
9.00223333333355
7.26623333333355
15.5622333333335
36.5222333333336
-17.7297666666665
7.73623333333355
-14.6277666666663
-44.2377666666666
-39.9277666666666
19.6462333333333
12.7182333333334
63.3142333333334
38.8882333333335
40.8162333333335
-120.927766666667
-39.8477666666665
-70.4337666666664
-79.8877666666665
-87.2497666666665
-42.0517666666665
-8.62176666666655
-17.6637666666664
13.5962333333332
111.978233333333
111.978233333333
9.82623333333315
8.50423333333315
53.2622333333333
10.5082333333332
2.91023333333315
-3.92776666666685
26.3382333333332
52.6082333333334
15.4842333333331
44.630233333333
-0.511766666666951
4.41823333333315
16.0862333333331
42.586233333333
2.55823333333305
12.1322333333331
-14.883766666667
-1.48776666666695
33.7362333333331
28.7262333333332
-21.0517666666667
-15.8377666666669
-19.9257666666667
21.4162333333332
-7.95976666666685
-3.91576666666675
15.8242333333331
29.4382333333332
65.3162333333333
-3.02976666666685
73.8122333333334
15.2282333333332
45.3862333333331
10.8482333333333
-45.6277666666667
52.1462333333333
67.5062333333333
17.3002333333332
44.3262333333333
15.7222333333333
68.9442333333334
42.0462333333334
-13.4817666666668
33.1022333333333
25.6802333333333
40.3042333333333
-64.7057666666665
44.0822333333335
-49.8137666666668
-45.8517666666667
43.3282333333333
0.446233333333254
7.24623333333325
-46.3597666666668
-28.8457666666666
-31.4577666666668
4.38223333333325
19.9042333333332
40.9782333333333
35.7122333333333
-1.01976666666675
38.2942333333332
-7.22176666666685
14.4842333333331
60.9962333333334
39.8002333333327
-35.5537666666669
-40.923766666667
-26.673766666667
-26.8737666666672
-37.4497666666672
-59.6377666666673
-45.1917666666673
-37.2517666666673
-30.7637666666672
-39.1637666666673
-25.3337666666671
12.138233333333
10.9302333333329
8.21823333333285
-21.039766666667
3.70623333333285
18.5682333333329
-37.823766666667
15.0322333333329
18.4482333333329
6.13223333333295
54.3482333333333
47.7542333333329
-3.65176666666715
-47.7057666666671
15.3122333333329
-22.105766666667
57.6922333333334
35.4982333333332
-26.6617666666669
-3.49576666666695
70.5222333333334
-7.91776666666705
40.708233333333
22.502233333333
-29.5497666666668
26.056233333333
24.738233333333
6.46623333333295
-9.91176666666705
-9.15776666666695
-21.295766666667
53.2542333333334
4.76623333333295
-16.687766666667
44.718233333333
52.0822333333334
33.036233333333
13.8662333333329
30.456233333333
13.486233333333
0.016233333332849
52.6002333333323
8.50623333333295
-25.673766666667
14.7622333333331
-3.67176666666685
44.6222333333331
24.0102333333331
-5.42776666666695
23.2122333333332
-7.65176666666635
-4.78976666666635
2.90423333333355
-8.49776666666635
-8.49776666666635
7.38623333333355
-0.975766666666551
-13.8077666666665
-1.02776666666655
-59.1757666666667
-54.3977666666667
-57.3657666666668
-26.5657666666667
14.0402333333333
4.22423333333315
-1.00576666666685
54.4342333333333
2.25623333333315
2.18423333333315
-2.18176666666685
-10.3257666666668
15.0042333333333
-4.38976666666665
9.97023333333335
-24.0697666666666
35.0082333333334
47.7402333333334
54.8702333333334
51.3842333333333
12.3682333333335
53.7942333333333
39.5542333333335
4.11023333333345
-25.1997666666665
31.9762333333332
-15.2197666666668
33.0342333333332
2.41823333333315
22.5482333333332
-14.1517666666666
42.5862333333332
-36.6277666666664
-6.68376666666635
-52.0017666666664
3.91623333333355
-23.2837666666664
9.35823333333355
-2.90176666666645
-33.9657666666664
8.75223333333355
17.4122333333336
42.0362333333335
22.5542333333335
-12.6417666666665
15.4982333333335
-20.3097666666666
-32.9477666666667
29.6962333333334
5.52223333333345
22.9042333333335
50.4762333333333
-14.1757666666665
6.91823333333345
-53.9677666666666
-1.20576666666665
37.5782333333334
-14.2657666666667
11.0382333333334
-2.08576666666665
24.5182333333332
-11.7277666666668
28.1342333333332
18.1782333333332
54.7842333333334
9.39623333333335
9.39623333333335
-7.73376666666665
0.204233333333349
20.0402333333334
24.4362333333334
-51.9097666666666
-3.52576666666665
-41.5197666666666
-10.8297666666667
-16.8697666666666
51.4742333333334
29.9082333333333
0.964233333333254
39.0362333333333
-22.1037666666667
28.6042333333332
8.46223333333325
44.0682333333331
-9.59176666666695
-13.3217666666669
25.744233333333
25.744233333333
10.482233333333
-6.04376666666705
14.7362333333331
14.6882333333334
42.8882333333335
-20.0137666666665
-17.6377666666667
13.7142333333334
13.0842333333336
59.1042333333333
41.7862333333334
18.1662333333336
5.72223333333355
-10.1697666666664
23.6982333333335
40.0482333333334
-0.281766666666549
-38.6317666666666
-52.0857666666665
21.4062333333336
3.04623333333355
19.0442333333336
15.4702333333335
-13.5137666666664
30.5222333333336
30.3082333333336
19.3982333333336
4.22823333333365
-10.8957666666663
-24.8277666666663
13.9422333333338
-6.38776666666635
54.9162333333333
32.2222333333337
0.842233333333851
35.108233333334
25.5682333333339
-23.5637666666661
-48.8057666666662
-27.0937666666662
21.2642333333339
12.0122333333334
-9.83576666666655
17.1562333333335
-2.82376666666655
-32.1177666666665
14.0042333333335
10.2102333333333
-3.30576666666665
38.0502333333333
28.9222333333332
25.3702333333333
-17.6957666666667
34.1162333333333
-17.2717666666667
2.28023333333335
6.49223333333335
-12.8677666666666
21.7662333333333
-0.211766666666847
-3.26376666666695
11.7602333333329
-0.26176666666705
18.676233333333
2.03223333333315
0.788233333333054
19.0282333333332
16.8782333333331
-2.72176666666705
-5.89576666666705
13.678233333333
-15.6417666666671
-3.74376666666715
0.754233333332849
20.5922333333329
24.9962333333328
16.540233333333
-5.78776666666705
-56.711766666667
-3.88976666666705
3.04623333333305
3.04623333333305
-2.43176666666695
6.11023333333305
29.514233333333
30.2102333333337
12.5382333333337
11.8942333333338
-58.0797666666663
-71.9557666666663
3.89623333333375
-53.3077666666662
2.52623333333375
-19.4097666666663
0.442233333333753
19.9182333333337
2.45223333333375
25.0922333333339
-37.2257666666659
14.0502333333342
14.0502333333342
-9.86176666666575
19.2162333333342
-22.0117666666658
15.5902333333342
-13.6337666666659
30.4482333333341
9.09223333333405
49.6282333333344
1.26223333333405
-13.0377666666661
48.3022333333344
12.816233333334
30.1662333333341
30.3882333333341
17.390233333334
35.8342333333339
-35.403766666666
18.726233333334
18.726233333334
0.122233333333753
47.4422333333339
40.8982333333338
44.4322333333336
-13.9737666666664
-72.4757666666663
9.90223333333345
21.2982333333334
14.3102333333334
-3.71976666666675
46.0282333333333
26.5462333333332
19.2922333333332
-24.2617666666669
-10.6837666666669
-23.6457666666669
18.9302333333333
-23.4697666666676
13.7642333333324
33.6402333333324
0.92223333333235
29.3222333333324
25.8262333333324
-21.9137666666675
-5.39776666666755
13.9162333333324
60.2342333333323
40.6122333333324
-42.8197666666676
-14.6957666666677
9.77423333333245
-32.3317666666672
-1.61376666666725
19.8322333333327
-10.0497666666672
59.1442333333323
50.8982333333324
-5.81376666666725
-5.93976666666715
49.3482333333324
36.1222333333328
27.4682333333329
-8.19576666666715
50.7122333333334
6.61623333333285
40.5782333333329
-12.4857666666666
10.7182333333333
9.14823333333345
23.6302333333334
-19.8817666666667
11.7922333333335
-18.6657666666665
-44.0137666666665
-9.43576666666645
-11.8097666666664
-26.8377666666664
-14.8137666666664
10.2122333333336
39.5442333333336
17.0862333333335
7.87023333333355
19.5322333333335
9.21623333333345
0.354233333333454
-5.15176666666655
6.41423333333335
-7.98776666666665
-11.0837666666666
2.04823333333335
-20.5757666666667
-2.18776666666655
-38.2197666666665
-14.5657666666664
-13.5537666666664
38.8182333333338
-7.30176666666635
25.4682333333336
15.4542333333337
-5.56776666666635
6.12623333333355
-39.5397666666664
-14.7797666666663
-12.7317666666664
37.3282333333336
12.3842333333336
9.56223333333375
-37.9497666666663
-4.27576666666635
-26.6777666666663
5.16023333333355
-60.2297666666665
-10.9677666666664
-22.5537666666664
11.8242333333336
-19.4477666666664
-8.59176666666655
-10.7717666666666
0.922233333333452
-17.6797666666665
12.7022333333335
3.68223333333355
3.68223333333355
34.9762333333335
