22.6479999999997
110.35
74.3079999999997
87.1399999999996
6.74599999999964
73.7439999999996
-97.4020000000003
78.1360000000001
-73.528
-8.33199999999999
50.91
6.70999999999992
60.7259999999999
50.9399999999999
139.394
113.49
61.0199999999999
101.508
110.836
216.922
30.8479999999996
49.8919999999996
133.31
4.4019999999997
124.384
200.03
200.682
164.192
159.924
22.0640000000001
67.0860000000001
67.0860000000001
200.396
165.41
102.346
171.138
137.93
114.54
223.61
201.698
170.93
106.446
301.444
117.732
60.1819999999997
139.968
140.546
205.31
46.7499999999996
166.508
87.9059999999996
30.9539999999998
248.238
137.868
97.5419999999997
52.9859999999997
91.1439999999997
135.804
158.164
96.0659999999996
108.144
150.444
148.93
85.7579999999996
278.976
71.4899999999998
-20.4720000000002
16.5979999999998
200.11
198.246
271.586
-149.582
-39.858
-11.2060000000001
-121.682
129.854
51.9719999999998
29.9719999999998
165.236
55.6259999999999
34.754
139.234
-4.25200000000035
71.0459999999997
238.928
149.968
125.116
47.1839999999999
150.856
85.5659999999999
169.692
76.5519999999999
272.704
157.778
87.7559999999999
162.398
151.534
160.248
63.2999999999998
174.716
125.382
134.338
106.958
113.85
132.416
79.1979999999999
228.634
144.01
56.7279999999997
202.986
95.7119999999997
217.578
31.5119999999997
183.458
86.796
93.586
123.44
42.2540000000004
165.41
81.3680000000003
110.368
74.8280000000003
196.086
93.7880000000003
35.1440000000003
144.428
49.5760000000003
231.94
102.786
-3.55399999999969
65.9320000000002
91.6040000000003
156.89
147.884
108.952
-29.2539999999997
140.038
134.32
108.434
132.314
236.2
111.03
22.9280000000002
-15.2579999999998
77.2000000000002
187.356
126.274
146.56
132.724
241.678
3.74399999999957
10.8539999999995
111.194
-40.7780000000004
57.8699999999997
216.534
-14.8480000000003
43.4239999999996
185.97
122.516
192.33
29.0699999999997
117.594
140.492
52.3039999999996
305.372
110.58
50.7959999999997
170.484
93.4019999999996
218.588
127.272
266.606
238.678
192.732
194.794
151.288
294.044
151.9
105.524
178.396
173.866
56.0739999999997
205.094
88.3639999999997
89.192
125.23
138.292
116.43
165.128
138.66
254.162
84.7319999999999
17.3939999999999
98.0139999999998
165.058
233.008
54.9039999999999
44.5259999999999
202.346
35.8839999999999
56.5719999999999
248.554
145.946
95.5019999999999
78.5879999999999
165.466
138.94
123.32
205.564
69.306
230.83
240.932
146.414
158.352
158.352
149.7
111.478
141.074
106.18
125.712
131.648
20.4200000000002
112.07
97.5000000000003
110.814
33.5300000000002
268.906
131.908
147.48
187.918
213.406
40.0760000000002
197.576
100.58
227.072
172.75
34.2220000000002
136.546
143.272
78.4820000000003
109.806
107.522
149.316
141.608
126.018
182.556
128.294
55.0759999999999
69.384
165.692
-52.7940000000001
10.0919999999998
162.326
71.0839999999998
125.172
29.1679999999998
-0.308000000000277
32.2179999999997
43.8199999999998
56.2319999999997
82.0899999999997
193.83
82.3319999999998
144.084
230.558
60.1799999999998
11.5839999999998
110.642
244.304
117.14
216.632
51.146
82.5039999999999
161.756
218.78
185.736
196.22
62.9580000000001
119.584
0.334000000000174
-55.3259999999999
63.8960000000002
28.8760000000002
47.6140000000002
71.2460000000002
51.1820000000002
65.5640000000002
120.684
121.308
161.432
162.046
146.5
128.092
158.412
86.1540000000001
91.02
102.766
119.05
89.44
91.862
33.626
256.524
250.034
283.746
67.208
105.92
200.034
160.626
49.2640000000001
163.172
70.0320000000002
63.5580000000003
48.4520000000003
80.2560000000003
111.718
88.5700000000004
156.306000000001
143.696000000001
38.4720000000007
160.620000000001
-5.76599999999934
-17.2019999999993
35.9800000000006
167.288000000001
186.340000000001
117.030000000001
49.7520000000005
47.0420000000004
92.5620000000004
194.534
245.542
159.852
128.87
85.1720000000002
112.288
56.8320000000002
193.132
42.7200000000002
155.126
99.7960000000002
99.7960000000002
107.566
145.364
111.646
152.868
155.54
3.78800000000024
148.262
135.602
228.128
37.0020000000004
167.416
-3.35199999999975
159.56
62.0400000000002
181.194
169.588
261.074
270.892000000001
68.8360000000007
150.234000000001
167.156000000001
132.400000000001
0.14800000000065
163.146000000001
159.068000000001
88.3800000000006
126.162000000001
49.2560000000005
89.1680000000005
55.1840000000005
84.6600000000005
124.3
124.3
80.2600000000004
177.614
77.8400000000003
207.98
132.602
64.2960000000002
188.03
107.944
179.244
93.3860000000002
171.588
139.438
176.41
106.634
240.66
41.8560000000002
94.6500000000001
57.4920000000001
144.628
52.302
194.494
15.0359999999998
10.2679999999999
154.708
49.9059999999998
229.88
82.1979999999999
-2.17200000000014
47.6799999999998
202.588
134.21
65.2579999999999
103.808
112.024
63.066
164.378
57.032
-1.38
33.428
208.276
44.7000000000003
43.6080000000003
166.488
-7.72199999999975
-7.72199999999975
-7.72199999999975
234.194
-4.61599999999959
72.0980000000004
148.606
204.644
259.75
209.416
156.742
127.97
189.374
118.666
178.314
252.348
126.622
49.1320000000001
134.468
-31.736
156.214
46.206
204.068
194.308
99.486
82.99
139.356
144.334
201.468
99.9640000000001
33.818
167.17
133.49
112.628
29.2640000000001
18.7160000000001
108.19
-19.1919999999999
134.778
140.714
189.946
201.822
-81.3839999999998
22.542
-42.8800000000001
195.994
-60.856
154.694
208.67
169.736
18.236
8.53800000000001
46.126
150.332
79.4419999999998
88.5379999999998
109.29
-59.3520000000003
50.3539999999998
148.374
81.9979999999999
113.682
126.262
42.5039999999998
42.5039999999998
223.392
231.97
33.8619999999998
127.444
194.928
184.364
22.1139999999998
31.8959999999998
86.2499999999998
29.9539999999998
56.5739999999998
11.5359999999999
227.852
227.852
-2.15800000000024
89.5399999999999
17.6779999999998
188.514
11.2639999999998
171.672
159.638
183.702
183.702
67.6239999999998
273.584
116.234
203.216
189.9
229.156
127.934
195.474
44.5000000000001
134.616
145.746
200.644
104.11
145.272
161.742
214.642
41.2439999999999
-80.1820000000001
167.882
96.5339999999998
140.304
63.0139999999997
56.2159999999998
115.538
246.796
99.2979999999999
114.382
195
-1.3900000000001
-1.3900000000001
136.846
131.584
4.06000000000006
84.66
256.244
122.698
121.47
201.862
201.862
210.592
-7.33600000000001
157.078
128.056
108.956
132.094
253.664
184.936
295.872
218.07
72.092
78.8480000000001
140.846
32.8720000000001
169.55
107.596
84.7540000000001
94.3300000000002
233.602
146.792
-1.0999999999998
132.952
88.6840000000001
96.7900000000002
151.244
97.6800000000001
126.648
204.642
96.9540000000002
31.584
129.79
43.0520000000001
109.716
220.68
49.554
40.45
-46.182
36.0760000000001
-14.8259999999999
102.282
-8.27199999999988
62.4140000000001
191.718
111.2
42.5480000000001
165.406
98.7420000000001
140.34
94.818
26.1180000000002
35.2840000000002
31.3620000000003
37.0280000000002
47.0100000000002
122.106
113.724
82.0020000000001
143.508
161.43
77.4580000000001
115.898
94.7020000000002
170.452
66.6080000000001
193.884
109.478
115.75
84.8180000000002
96.6960000000003
231.6
112.282
180.394
19.6440000000002
58.5480000000002
131.486
185.308
134.784
20.6320000000002
149.384
53.4320000000002
169.092
211.022
68.6339999999999
-59.0340000000001
168.064
107.638
173.226
228.336
67.062
165.346
82.2500000000001
56.4360000000002
100.964
92.0320000000002
290.764
175.444
-4.14400000000006
193.98
235.352
23.9339999999999
0.835999999999956
237.518
237.518
88.2379999999999
102.158
107.382
144.318
53.2099999999999
85.0439999999999
172.876
103.988
50.8859999999999
150.068
227.826
59.0939999999999
71.12
143.774
207.526
139.14
177.026
52.6260000000001
39.18
168.512
113.942
114.602
85.9439999999997
122.874
127.91
163.894
16.1899999999997
52.3099999999998
197.692
199.656
29.0199999999998
148.384
105.068
60.3059999999998
238.506
15.4619999999998
25.8799999999998
128.238
157.622
56.2439999999997
142.038
11.1819999999998
66.8579999999997
84.3419999999998
240.214
175.488
226.614
92.3879999999996
19.2039999999996
106.82
145.678
13.5039999999997
142.564
142.564
96.134
121.074
75.53
198.522
124.724
67.4739999999998
-32.8520000000001
29.1099999999998
16.6799999999998
89.2759999999999
162.282
26.1159999999999
63.494
-5.08400000000006
31.646
27.6039999999999
7.53999999999996
-4.56200000000007
45.454
-19.7440000000001
1.93799999999993
5.80999999999995
50.4939999999998
90.6219999999998
195.09
27.0439999999999
104.406
136.982
59.748
128.248
114.416
100.626
172.982
170.134
79.588
114.338
43.2
23.6479999999999
131.058
113.574
52.5600000000001
100.85
254.17
33.3840000000002
231.112
57.4740000000001
98.3660000000001
71.2060000000001
149.188
93.452
182.452
252.488
79.342
178.686
178.686
173.62
206.62
-6.5440000000001
110.006
156.036
127.666
149.492
161.44
185.948
253.17
57.172
103.722
31.036
75.1740000000001
