-29.1160000000019
-20.0600000000019
-47.4640000000019
42.3859999999982
-2.11600000000175
-67.7540000000016
21.6239999999985
-16.3640000000014
86.5639999999987
37.4199999999994
-84.7300000000004
58.7239999999998
132.782
6.9579999999998
78.2239999999998
21.3059999999998
-55.3240000000002
-11.8460000000001
70.9739999999999
110.13
97.39
146.186
141.538
48.2000000000001
-59.1099999999998
88.3180000000003
167.96
84.0560000000003
0.35200000000043
72.8340000000005
22.6180000000005
66.5400000000005
32.1380000000005
-26.0319999999995
-81.5039999999995
92.6220000000005
32.1900000000005
85.0860000000004
-9.45199999999971
-52.2799999999998
138.336
179.806
121.726
138.646
127.382
188.02
271.522
110.452
130.66
52.0519999999998
63.6859999999998
134.216
279.018
104.856
175.526
187.684
138.258
266.268
66.9999999999998
130.582
71.6459999999998
49.7419999999998
122.398
242.756
128.414
198.984
141.792
89.6979999999998
115.85
31.7779999999998
-2.11000000000013
82.5179999999999
105.818
97.7399999999999
77.3679999999999
128.168
95.748
137.198
113.02
74.9640000000002
96.9040000000001
72.7020000000002
116.68
177.702
102.69
203.03
101.71
57.9660000000001
1.88000000000011
159.974
159.326
-37.9699999999999
-10.6399999999999
88.2460000000001
49.2160000000001
161.044
204.72
129.406
177.592
309.484
-18.6879999999999
25.3740000000001
125.766
131.134
60.5960000000001
-24.8379999999999
148.79
105.834
225.476
220.958
170.446
170.446
95.6760000000002
130.004
226.512
170.694
-12.6319999999999
148.206
153.844
80.6000000000001
200.416
135.76
65.2700000000001
259.858
122.98
148.054
144.286
123.648
140.298
163.322
45.8820000000001
82.97
120.164
222.282
80.004
112.298
172.488
-7.94600000000014
-7.94600000000014
213.276
118.556
54.4819999999998
136.044
139.502
279.222
214.026
251.274
161.608
260.568
120.628
127.174
35.6820000000001
141.772
134.042
72.6539999999999
42.746
28.96
43.3859999999999
111.718
193.186
111.204
3.416
79.944
147.78
157.142
82.0520000000002
16.7300000000002
72.8500000000004
85.7580000000003
147.848
180.384
103.612
21.0260000000004
-10.3719999999996
123.672
-3.09199999999959
153.51
-37.7319999999997
-6.62399999999974
1.70800000000048
130.846000000001
183.304000000001
131.272
147.588
223.16
80.1280000000004
143.586
-17.2839999999997
130.466
193.426
239.298
97.3740000000004
160.662
33.4700000000004
109.38
126.436
205.57
149.564
83.7520000000002
191.64
250.66
167.426
117.87
136.21
78.9400000000001
118.202
262.91
172.772
146.664
7.02600000000018
120.844
211.33
271.996
157.586
90.0100000000003
45.1720000000001
154.946
248.314
136.856
125.478
102.83
215.498
299.82
286.388
32.3360000000002
144.146
157.59
119.398
-7.08999999999986
28.5680000000002
42.1620000000003
200.206
121.91
119.338
6.72400000000027
111.7
-72.6379999999999
86.8960000000001
79.6860000000001
-25.6199999999999
85.9600000000002
49.066
193.52
-21.3879999999999
84.0040000000001
-139.45
129.408
15.4280000000001
124.368
118.626
-1.17999999999989
106.224
68.3860000000001
164.932
182.546
-28.6439999999998
73.2220000000002
54.9880000000002
168.324
121.776
205.718
105.83
146.83
138.926
71.5040000000002
35.2580000000001
75.2500000000002
118.032
263.682
151.4
165.284
110.356
60.0840000000001
156.866
174.366
284.522
141.682
133.582
109.22
145.182
84.4200000000002
85.6520000000003
76.9360000000003
31.4580000000003
138.598
99.6260000000002
83.0960000000002
158.194
277.184
217.876
270.864
78.3420000000003
100.048
89.8960000000002
119.538
197.252
128.426
-102.332
188.598
14.8260000000004
155.904
117.946
235.29
129.732
162.636
162.636
135.634
134.958
112.992
192.71
151.342
-56.0080000000003
189.602
73.2739999999998
299.678
165.326
82.6119999999997
169.656
187.734
127.058
163.5
226.46
140.326
89.6499999999996
143.45
143.216
160.64
210.622
91.8719999999996
157.644
145.278
175.672
180.065999999999
184.161999999999
114.612
163.638
296.852
275.628
213.472
152.798
130.67
-1.10199999999986
82.4920000000001
141.546
229.32
302.976
138.572
121.206
120.118
78.7100000000002
168.358
207.474
78.2660000000001
123.606
187.494
-3.84399999999971
165.468
86.3380000000004
115.462
118.844
146.436
-99.5399999999996
-116.408
-116.408
161.918
125.732
154.34
103.27
146.974
215.726
103.26
111.672
143.656
258.104
95.7340000000002
143.122
45.8300000000002
70.7240000000002
162.546
193.092
170.116
216.386
187.838
189.962
129.624
97.7880000000003
65.7820000000003
43.1180000000002
138.574
4.80600000000021
167.406
115.882
133.576
53.2659999999998
-53.7520000000001
96.6719999999999
94.4419999999999
239.252
25.2999999999999
80.4039999999999
-4.50200000000012
138.43
224.108
110.586
146.93
94.0059999999999
-60.6300000000001
-56.2500000000001
-41.178
-32.71
18.8779999999999
129.648
59.0679999999999
103.692
90.0420000000001
59.3180000000002
120.84
169.846
267.732
128.728
155.888
159.634
278.77
125.214
109.986
80.482
102.178
150.908
-1.28400000000022
71.5879999999998
184.3
239.116
308.816
185.386
185.386
270.486
270.486
93.7139999999998
150.804
-78.724
155.954
182.372
254.14
254.14
75.3299999999999
28.7419999999998
37.1459999999998
163.078
161.546
203.18
45.0600000000001
101.12
104.01
195.502
159.176
215.656
254.752
199.51
182.916
182.994
155.656
109.158
62.4320000000001
162.704
167.43
141.608
-7.62400000000002
1.97800000000001
-3.50799999999998
-30.976
-26.8199999999999
51.9760000000001
120.548
118.99
120.474
167.944
200.026
117.296000000001
155.818000000001
22.9560000000006
111.656000000001
77.6600000000007
108.352000000001
148.036000000001
143.798000000001
83.3800000000007
85.0660000000007
177.086000000001
73.1560000000007
113.588000000001
11.7960000000007
121.472000000001
202.510000000001
166.160000000001
229.312000000001
96.4740000000008
116.116000000001
104.976000000001
25.9560000000008
96.5280000000008
190.514000000001
-93.3099999999992
162.342000000001
1.46800000000087
101.692000000001
153.322000000001
206.074000000001
273.848000000001
59.9300000000006
28.4740000000006
202.644000000001
11.7560000000007
115.540000000001
130.900000000001
-12.0539999999996
22.7520000000005
141.278
140.95
141.848
2.58200000000045
38.7340000000002
42.5620000000001
38.194
172.92
129.516
260.36
114.094
-9.67400000000043
113.081999999999
99.8579999999995
132.128
211.569999999999
147.388
126.881999999999
141.986
249.127999999999
104.511999999999
120.67
68.4699999999996
180.872
245.382
22.4599999999995
53.5179999999995
58.3639999999996
118.992
267.936
215.174
279.01
311.328
158.048
113.382
200.504
83.2859999999997
57.5299999999997
65.6459999999996
189.644
182.724
179.762
222.41
194.782
102.694
255.018
288.336
146.916
-33.052
137.596
171.214
170.52
58.044
117.022
169.668
38.3800000000001
123.91
189.102
223.504
321.08
127.14
126.792
92.8639999999999
96.8579999999998
75.4499999999998
170.504
145.272
128.724
213.15
241.496
156.676
145.726
145.726
-17.7660000000001
77.1279999999998
130.95
91.6619999999998
39.9439999999999
115.572
128.34
27.8999999999998
51.1239999999999
127.254
143.978
139.666
45.592
-39.7659999999999
181.66
120.332
60.7140000000002
210.458
136.038
160.558
232.096
284.374
173.384
84.7060000000002
11.852
185.916
189.834
86.3999999999998
121.382
125.612
102.97
149.152
45.1159999999998
104.394
215.958
194.27
166.302
56.6099999999997
116.556
289.283999999999
346.622
294.127999999999
158.005999999999
55.0339999999994
23.6299999999995
54.5699999999995
190.543999999999
161.819999999999
140.241999999999
305.937999999999
312.139999999999
141.749999999999
153.861999999999
242.559999999999
275.953999999999
208.436
96.2879999999996
107.404
99.5259999999997
38.0659999999999
96.7199999999999
44.1359999999999
191.824
133.538
96.1319999999996
24.0719999999995
108.53
30.1539999999995
177.786
76.3059999999996
85.9119999999997
-8.36000000000041
119.954
63.4939999999996
118.2
169.66
108.59
96.9639999999995
26.9859999999996
70.7499999999996
73.8399999999996
212.936
284.782
264.686
100.744
82.6979999999996
119.804
25.5539999999996
-17.0400000000004
16.8859999999996
27.7499999999996
36.0519999999996
-16.3060000000003
-12.2760000000005
20.4039999999995
128.146
197.214
126.212
155.768
99.8399999999999
-38.166
139.94
106.49
128.456
80.4560000000001
102.684
155.254
161.158
140.37
235.586
278.462
95.372
142.742
95.3920000000001
85.126
276.328
286.584
257.622
288.428
267.26
192.262
248.584
230.174
97.9380000000001
184.174
249.826
116.832
27.0100000000004
186.448
265.962
132.074000000001
117.152000000001
262.532
224.396000000001
97.3640000000007
45.2840000000007
51.1440000000007
131.060000000001
48.3380000000005
84.2060000000006
41.8880000000005
57.5680000000006
111.784000000001
196.524000000001
176.736000000001
261.570000000001
200.862000000001
25.3440000000007
81.8020000000007
107.880000000001
28.9840000000004
59.1540000000005
111.164
176
34.6380000000004
92.6960000000004
142.358
37.6760000000004
100.69
154.44
50.6640000000004
-96.2319999999998
111.538
126.618
203.968
74.49
133.414
148.902
18.2579999999999
-45.6640000000001
-7.63000000000028
233.928
276.632
132.446
108.404
48.6819999999997
167.768
162.472
-1.80400000000031
90.9739999999996
244.834
191.786
177.982
75.0839999999996
264.432
141.404
62.2299999999997
64.4279999999998
84.1279999999998
74.0699999999998
-149.426
12.9159999999998
89.6739999999998
-47.2360000000002
48.8599999999998
209.728
313.68
231.734
-59.7820000000001
-47.4820000000001
-3.26000000000016
-15.5620000000001
-26.4600000000001
-30.0400000000001
11.2719999999999
124.862
-15.2560000000001
90.8239999999998
218.074
284.176
138.116
143.956
154.806
115.198
157.228
249.648
183.704
218.36
16.4999999999998
162.146
134.232
269.686
114.104
-12.3620000000002
29.2339999999999
67.4839999999999
90.2519999999998
142.476
293.5
334.326
79.0459999999998
144.714
137.364
95.0059999999999
118.654
111.404
139.436
174.392
134.784
256.04
-88.696
127.878
