-117.527999999999
-85.6059999999989
-75.6299999999987
45.4600000000013
57.9100000000013
-92.9939999999988
126.632000000001
-173.995999999999
-189.353999999999
-182.661999999999
-151.917999999999
-121.077999999999
-108.355999999999
-16.1519999999995
-86.4159999999996
-38.5299999999996
-19.2419999999997
60.7720000000003
71.4840000000003
150.588
-17.8659999999997
78.9820000000003
1.58400000000029
67.5100000000003
94.5000000000003
103.46
214.116
191.720000000001
80.3320000000005
118.438000000001
160.382
51.2860000000006
135.97
80.0040000000004
188.94
171.892
89.8640000000002
236.552
141.132
185.842
65.0179999999999
97.6319999999999
157.236
73.36
202.646
56.0700000000001
141.096
54.4020000000002
139.644
99.4920000000001
156.378
63.2000000000001
94.0800000000001
22.5960000000001
72.56
62.8819999999999
115.296
163.476
85.4340000000003
76.0020000000003
-14.5619999999995
-14.5619999999995
172.294
29.0600000000001
154.57
152.94
152.834
95.4959999999998
102.092
128.202
154.108
63.7699999999997
97.4379999999998
25.1699999999998
135.912
56.0959999999998
101.802
70.7839999999998
39.5039999999998
84.5339999999998
40.0519999999998
106.148
-1.72400000000022
67.9739999999998
58.7339999999998
169.758
73.4539999999997
81.1179999999997
119.494
85.1239999999997
31.4419999999996
94.1359999999996
113.842
45.5979999999996
103.744
107.904
132.294
22.6360000000005
48.5380000000003
96.3600000000004
103.762
120.536
119.098
109.36
156.056
113.968
75.3780000000003
130.01
104.844
87.1580000000003
141.138
81.7280000000003
85.0360000000003
117.198
83.0160000000003
49.4040000000003
103.232
-31.5619999999996
-25.2439999999996
-30.4119999999995
22.2740000000005
-33.7979999999995
149.558
-18.7539999999996
94.3680000000003
53.2640000000004
-9.22799999999938
74.0900000000005
-4.43999999999949
109.844000000001
43.2820000000006
83.2080000000005
180.554
-9.05399999999958
49.1560000000003
28.9420000000005
36.9420000000005
91.2940000000004
16.2840000000004
114.926
118.084
-51.2199999999996
-185.336
-147.38
-65.3939999999998
84.7000000000002
82.1060000000001
9.02000000000004
104.11
69.7180000000001
1.19800000000009
34.3480000000001
87.1660000000002
154.476
55.5440000000002
243.076
58.2080000000003
-0.623999999999739
87.4100000000001
-2.86799999999965
48.9140000000006
177.646
64.0140000000005
99.6400000000004
30.3480000000004
119.228
53.7240000000004
200.562
185.688
141.4
42.1860000000004
128.816
128.816
173.872
90.1480000000004
112.11
149.584
146.95
152.416
142.674
71.7040000000003
212.854
139.384
42.0260000000005
32.4140000000004
142.396
-18.6899999999997
143.2
75.9560000000001
99.2240000000002
53.2140000000002
158.498
31.6399999999994
54.7139999999994
56.7779999999993
206.021999999999
231.449999999999
147.799999999999
93.7499999999993
164.609999999999
-1.83800000000076
-7.91000000000076
-7.91000000000076
-7.91000000000076
58.4859999999993
107.149999999999
74.8339999999992
92.7759999999991
75.0159999999991
97.3219999999991
167.375999999999
94.1259999999992
31.9939999999993
-3.03000000000071
115.389999999999
31.1659999999995
-20.1660000000005
126.081999999999
118.172
162.892
141.881999999999
130.025999999999
51.3959999999993
73.6979999999992
35.5039999999992
80.8719999999994
14.3039999999996
122.062
51.2639999999997
105.966
149.5
107.02
106.202
120.458
100.312
35.3939999999996
27.1459999999996
88.6339999999995
154.146
13.9779999999995
142.484
36.7699999999996
35.3739999999997
22.7759999999997
89.6079999999997
131.03
114.344
110.64
25.3239999999998
114.45
49.0519999999999
109.52
43.9019999999999
52.9439999999998
78.2440000000001
133.108
9.58600000000024
73.6760000000003
68.0700000000003
224.18
116.084
88.4840000000006
28.9220000000005
48.9960000000007
70.2100000000006
46.0200000000006
95.9260000000006
131.788000000001
93.3120000000006
76.3000000000006
18.9400000000006
115.450000000001
53.0580000000006
15.7920000000007
111.424000000001
81.8660000000007
27.7100000000007
52.4380000000008
96.4260000000007
43.6260000000007
121.782000000001
53.6940000000006
106.700000000001
42.9880000000006
60.6220000000007
6.23800000000074
121.960000000001
6.3020000000007
62.3780000000007
3.17800000000062
127.084000000001
141.592
114.848
104.634
104.634
123.932
13.1920000000001
196.77
267.67
57.176
103.536
191.528
207.556
57.6639999999999
103.776
162.184
94.9679999999999
24.3419999999998
-3.29200000000026
100.536
80.9359999999998
50.0399999999997
58.7639999999996
144.222
39.2039999999997
81.5159999999996
123.478
85.3959999999997
68.6019999999997
23.2619999999997
149.252
82.5679999999998
-2.75400000000025
91.4099999999996
40.1159999999997
120.222
81.9079999999996
178.39
28.9999999999997
137.939999999999
73.2419999999994
105.235999999999
117.529999999999
76.0219999999994
93.2599999999994
127.267999999999
55.8819999999994
165.149999999999
86.9259999999996
-3.78400000000039
72.1019999999996
83.1559999999996
79.0799999999996
98.2359999999996
138.486
110.24
23.5699999999997
94.3959999999996
119.466
97.0799999999996
134.088
13.1099999999996
167.272
148.69
107.614
114.216
145.048
40.5379999999998
53.3419999999998
64.9719999999998
166.07
111.21
60.4919999999998
83.2079999999997
110.086
140.844
90.5979999999999
71.6979999999998
121.576
22.0299999999997
136.296
115.626
17.4879999999996
32.5059999999996
14.9799999999995
95.4399999999995
162.355999999999
2.2439999999994
131.375999999999
-3.12000000000057
39.5819999999994
34.9639999999994
93.7019999999994
90.1239999999993
-15.3460000000007
57.0959999999995
37.2159999999996
107.018
75.7339999999999
-5.1280000000001
107.446
54.3240000000001
122.964
-53.2039999999998
-91.8099999999998
-51.6259999999998
-3.52399999999983
-43.5159999999997
92.8420000000003
113.694
129.386
101.518
35.7900000000003
77.8660000000003
60.9420000000003
11.5900000000004
70.5440000000004
15.2800000000005
104.690000000001
177.690000000001
8.40600000000057
121.378000000001
46.8000000000006
113.646000000001
186.560000000001
44.3300000000008
138.438000000001
182.716
220.214
151.184
102.968
107.152
95.9599999999999
140.428
92.9439999999999
83.2279999999999
29.1939999999999
128.106
55.9299999999998
156.17
128.284
105.602
11.3259999999998
92.9899999999998
141.8
116.166
56.7899999999998
111.574
28.8059999999998
149.956
106.53
19.6379999999997
126.974
126.974
109.704
178.896
214.026
164.834
103.748
69.4659999999999
141.462
1.34199999999987
124.33
57.6419999999999
133.1
120.93
179.602
23.2639999999996
65.3119999999996
108.398
108.398
47.2839999999996
103.892
87.2679999999996
118.112
143.79
159.456
63.1959999999996
196.17
130.132
56.4419999999997
52.4739999999996
52.4399999999996
139.97
144.534
180.834
79.5119999999996
2.90199999999936
67.9599999999994
154.093999999999
158.475999999999
-50.2640000000005
-81.5660000000005
43.5219999999995
-0.10200000000043
-46.3140000000005
67.3619999999996
1.82799999999969
74.5079999999996
86.1119999999997
82.2139999999998
93.8319999999998
98.7619999999999
20.7019999999999
32.6320000000002
124.56
-18.6839999999997
42.0560000000003
73.2180000000003
13.0400000000003
114.108
168.574
144.538
-12.0679999999997
68.9800000000003
89.4880000000003
112.938
97.8860000000003
159.802
128.996
84.5760000000004
144.034
134.918
185.99
82.3060000000004
208.910000000001
48.3840000000006
144.126000000001
210.168000000001
201.800000000001
247.338000000001
170.040000000001
-83.2039999999994
-83.2039999999994
-43.9939999999994
-41.5039999999993
48.1800000000007
60.2320000000005
-0.46799999999962
40.7520000000003
56.5600000000003
34.4300000000003
7.28000000000031
25.0520000000004
85.9040000000003
93.9260000000003
80.7660000000003
183.016
108.622
169.074
126.268
-6.00999999999965
146.954
153.646
128.454
77.2380000000003
22.3720000000003
155.12
26.8460000000002
129.244
76.3240000000002
116.994
157.41
140.446
6.62399999999997
41.2919999999999
54.006
169.452
141.874
90.9420000000002
23.2600000000002
185.89
213.338
110.24
152.37
-1.33799999999991
129.94
132.816
38.158
47.9680000000001
210.07
135.41
182.862
128.07
152.278
152.278
122.944
122.944
112.216
144.324
-6.87000000000018
40.2879999999998
57.1839999999998
140.878
137.334
100.046
148.698
11.2759999999998
124.2
156.976
224.238
224.238
155.924
108.616
38.9479999999996
5.88599999999957
106.434
121.52
139.972
162.175999999999
47.3259999999995
112.4
165.932
161.496
96.0479999999995
216.032
58.9819999999997
169.35
60.1259999999996
34.4199999999996
180.724
119.81
134.72
113.032
99.8999999999997
160.362
-68.4820000000004
68.6119999999996
-75.3360000000004
77.3399999999996
-57.6320000000004
106.394
88.4100000000001
25.24
33.4520000000001
42.912
61.2299999999999
30.6879999999998
26.3839999999998
26.3839999999998
26.3839999999998
138.158
212.53
-36.4700000000002
-36.4700000000002
-36.4700000000002
-36.4700000000002
-36.4700000000002
101.04
237.484
140.506
119.509999999999
107.712
50.1279999999996
121.008
42.2239999999996
139.915999999999
109.457999999999
-3.12000000000052
152.458
0.779999999999575
-21.0600000000004
95.3119999999996
27.4319999999997
75.5739999999997
123.13
179.374
80.5259999999997
16.6699999999996
97.8079999999997
109.35
109.35
173.64
62.2119999999997
166.668
45.7379999999998
11.2079999999998
41.3459999999999
112.542
149.724
111.364
140.096
-19.1700000000001
142.632
1.99600000000004
143.088
71.3740000000001
-15.1579999999999
199.138
168.486
219.66
219.66
98.9580000000004
100.076
54.3000000000004
53.1580000000004
136.914
171.804
72.6840000000002
68.2600000000002
95.6939999999997
128.586
93.6779999999996
88.4199999999996
1.12399999999957
61.9199999999996
173.592
11.9439999999996
-2.86000000000035
84.0679999999997
11.9119999999997
72.1159999999997
94.3419999999996
153.24
59.5399999999996
114.994
154.023999999999
199.477999999999
0.175999999999362
139.695999999999
122.067999999999
107.123999999999
107.123999999999
11.6199999999993
102.839999999999
81.1219999999993
156.749999999999
109.815999999999
62.4899999999993
86.6039999999993
46.7019999999995
-21.6240000000005
-7.44800000000049
11.9159999999995
69.3879999999995
-30.1060000000005
6.60599999999948
-13.8060000000006
-10.8320000000006
-44.0480000000006
82.2619999999993
37.2919999999996
-36.8420000000004
-28.5940000000002
70.5879999999999
-43.5560000000002
-10.4840000000001
77.1359999999999
78.1739999999998
-1.02600000000024
119.012
65.7079999999996
-102.284
-3.10000000000031
-4.98400000000032
70.5779999999997
-58.6160000000001
74.5879999999999
85.4419999999998
-31.2800000000001
67.1299999999997
115.086
-22.6800000000003
40.3839999999998
67.9079999999997
-9.21000000000021
73.0179999999998
102.538
102.366
6.90999999999985
106.374
213.316
104.008
95.0519999999998
144.036
183.118
154.718
78.2779999999998
168.152
72.6399999999998
151.184
190.146
100.088
101.994
36.0799999999998
8.18599999999975
