743
771
720
739
738
713
720
732
723
714
714
726
724
751
713
713
729
727
738
778
738
727
726
758
734
750
779
738
720
727
772
777
749
734
776
772
729
749
737
709
747
731
759
778
739
716
712
715
745
726
712
718
744
744
760
753
745
780
766
736
710
732
751
755
729
729
747
720
735
720
744
756
778
717
701
754
726
721
725
758
718
719
747
764
771
744
728
720
721
749
733
726
717
779
723
743
782
738
735
770
760
759
721
746
725
731
742
758
699
754
711
759
761
742
692
712
720
759
779
757
761
767
765
721
724
760
738
773
726
716
733
759
727
731
737
741
768
774
794
714
743
770
722
713
729
719
729
773
786
713
725
730
734
766
758
716
749
735
761
742
732
733
753
734
735
755
736
745
768
755
718
715
718
734
719
755
759
701
752
760
737
763
781
718
758
722
714
731
741
732
768
739
747
731
758
741
724
731
765
758
737
730
715
740
734
717
744
766
734
730
737
745
756
724
732
740
717
742
721
770
731
717
755
718
733
716
733
741
749
743
735
778
724
743
721
717
724
775
787
788
789
733
744
750
750
723
744
763
736
773
784
769
728
753
750
777
733
746
760
759
749
728
744
716
719
788
730
720
723
754
730
791
749
737
719
777
721
759
725
745
720
719
717
774
747
737
751
758
746
741
721
717
748
718
764
725
766
747
743
722
745
771
772
734
728
762
781
717
731
747
763
767
725
735
737
742
742
747
748
738
753
724
749
776
749
725
767
741
735
737
727
759
732
738
732
733
713
752
764
780
732
711
751
726
748
713
745
743
780
783
782
798
740
736
731
721
720
753
775
740
749
718
746
716
716
737
753
723
734
753
789
750
747
770
738
739
729
750
771
720
749
721
738
744
749
742
738
757
728
765
758
784
732
739
742
757
797
793
733
717
732
739
749
740
740
789
746
737
742
732
743
762
742
734
724
760
756
735
725
747
748
734
721
743
770
789
737
743
745
748
756
728
731
721
733
739
739
741
800
749
788
782
762
754
750
771
743
747
795
726
736
744
748
779
724
753
778
778
735
763
750
791
776
771
751
741
726
743
723
774
713
719
742
769
777
800
701
732
795
724
755
773
769
710
770
787
793
793
720
739
749
751
762
768
734
740
724
732
749
740
723
739
748
748
790
789
723
743
757
739
732
736
731
712
772
732
772
791
753
718
739
789
719
747
714
736
742
737
718
720
768
726
727
759
750
752
731
767
779
710
740
735
735
726
716
790
708
715
747
741
755
738
727
742
726
757
737
731
719
761
786
729
714
742
743
750
747
753
767
757
760
719
721
730
733
747
789
726
781
723
728
726
714
751
729
768
741
714
730
735
762
742
768
715
741
782
739
762
761
727
771
765
766
749
728
769
725
740
723
725
763
736
738
739
721
746
738
765
748
744
753
734
726
734
738
782
729
753
799
733
735
747
751
767
777
760
