654
693
704
668
649
667
644
646
683
681
648
703
656
648
650
652
647
639
645
678
647
648
671
668
669
651
666
651
649
653
634
640
688
710
642
722
650
651
684
671
656
673
731
656
649
701
647
667
633
652
647
664
659
653
646
651
649
712
648
651
670
673
650
670
719
657
662
654
663
716
652
716
694
729
737
655
657
697
715
718
657
668
680
655
656
665
685
655
705
653
660
661
660
677
655
660
660
668
661
658
689
657
686
658
653
660
707
688
657
679
657
680
661
655
686
673
662
655
675
660
720
688
659
691
728
652
685
649
679
697
694
661
662
660
682
657
660
703
692
722
671
661
659
683
716
659
682
660
685
696
657
662
682
678
712
681
658
688
676
722
686
736
662
662
660
729
663
694
657
679
659
659
661
656
664
669
656
660
681
711
687
686
677
645
656
703
655
659
659
659
693
743
654
660
681
679
677
698
687
691
666
662
659
708
713
670
656
681
723
655
690
662
707
658
662
660
672
653
720
660
661
686
649
670
648
661
730
666
670
661
628
652
687
649
660
684
661
696
716
710
659
662
683
661
659
663
662
664
715
676
668
686
690
687
727
669
660
671
701
700
660
652
705
661
697
659
657
660
701
680
750
702
720
662
665
723
671
662
652
662
689
714
673
664
680
696
666
689
750
661
665
694
674
763
661
716
660
676
711
661
704
691
723
664
661
673
668
663
691
698
663
662
666
653
666
658
663
683
698
677
660
688
738
689
682
686
711
661
666
665
660
730
662
665
660
657
682
662
680
679
672
647
679
659
658
755
652
659
730
662
677
662
662
702
712
682
663
659
664
690
726
666
666
662
726
663
746
665
666
706
677
701
682
664
674
660
719
683
680
686
699
727
743
672
666
667
677
663
664
676
733
689
727
669
697
663
689
662
712
691
680
655
661
699
667
672
683
666
679
665
690
679
696
687
668
692
695
662
666
689
662
666
711
673
736
726
670
651
698
681
652
701
656
653
653
709
677
674
658
656
692
660
699
662
664
678
708
739
707
660
660
663
670
692
653
662
707
662
662
663
678
681
699
684
682
660
685
663
663
660
664
739
661
677
663
664
665
697
675
691
694
690
681
662
707
678
657
675
672
736
662
663
707
725
680
665
663
666
700
748
664
664
661
690
728
656
723
667
663
673
668
664
663
658
670
663
731
663
710
666
672
656
724
664
683
737
704
712
669
660
663
715
660
711
682
652
664
697
704
759
768
674
706
672
671
670
670
670
670
689
674
675
680
684
680
701
673
690
674
700
673
703
706
672
656
660
684
661
729
662
662
659
659
649
659
659
660
678
661
689
673
667
710
669
669
697
668
665
666
660
664
664
663
749
662
682
668
715
659
658
689
694
693
663
664
668
666
669
657
675
683
675
664
657
661
729
651
633
659
700
689
679
660
665
661
687
685
725
702
691
710
667
694
728
678
712
680
729
723
666
737
687
735
661
664
714
730
673
713
686
700
661
688
664
667
668
646
716
665
735
695
661
661
675
685
686
686
689
759
698
671
663
647
