713
762
704
710
743
749
717
705
732
706
707
704
707
754
763
738
711
696
704
709
709
723
720
711
711
713
724
689
711
730
719
740
764
703
719
711
749
744
742
717
750
765
794
709
711
704
738
707
754
773
704
742
761
716
723
707
708
764
686
717
711
740
732
749
784
722
711
707
735
717
749
773
737
706
713
708
774
695
710
741
709
732
705
780
764
709
713
702
708
729
716
746
741
698
764
718
733
759
780
712
711
703
754
711
713
708
709
718
711
721
710
733
712
707
710
710
747
765
685
700
746
771
738
714
706
712
711
705
706
729
703
746
773
754
708
728
709
709
710
714
709
709
725
729
715
734
712
716
741
712
729
715
714
692
704
715
730
709
747
787
768
733
730
715
716
717
720
738
741
712
748
711
744
765
746
714
696
742
717
710
743
720
736
719
735
739
782
709
730
721
747
763
713
713
709
735
729
720
718
713
714
732
779
714
715
715
746
788
708
718
717
716
776
714
730
711
730
751
736
733
714
724
716
775
719
715
719
714
729
715
725
721
719
716
717
702
721
737
762
756
707
679
684
709
725
718
695
698
695
686
719
671
710
716
744
693
694
719
733
726
708
721
701
698
738
695
726
719
707
736
764
799
710
702
703
707
694
712
734
762
698
702
716
755
692
720
697
719
727
699
730
700
753
747
759
704
736
754
722
713
727
697
783
704
703
714
706
747
726
708
733
745
776
763
709
707
734
705
701
708
716
703
706
758
762
746
704
713
726
749
720
779
734
737
764
708
707
707
709
708
721
712
713
713
716
715
716
692
696
729
704
733
701
747
703
765
768
773
723
726
708
747
725
711
740
749
709
706
744
709
711
706
717
788
708
714
711
713
712
730
813
770
706
719
726
765
731
710
712
716
703
746
747
707
711
781
731
722
722
768
712
730
761
719
729
703
717
748
775
717
715
738
764
725
744
714
768
772
717
711
759
765
715
762
803
715
715
720
721
720
718
717
748
719
773
752
719
762
740
713
729
717
737
714
767
798
714
729
718
715
761
758
751
