679
708
678
681
680
736
678
677
707
682
682
683
684
700
703
683
684
679
675
685
682
688
714
685
682
682
708
685
685
681
683
706
708
683
684
730
682
726
721
682
682
678
681
684
681
695
683
696
684
680
680
687
680
681
707
682
707
702
681
682
682
680
706
680
680
682
722
701
716
682
681
716
712
711
713
706
711
719
709
683
680
680
685
701
681
680
680
685
689
681
682
692
681
689
760
693
731
685
682
683
681
686
702
683
684
695
683
710
684
681
681
686
686
688
685
684
698
686
678
686
769
691
685
696
683
684
701
693
692
681
689
726
703
691
699
682
688
681
680
686
702
691
683
687
703
695
690
682
680
712
683
680
678
692
685
683
706
706
682
696
683
683
741
687
684
694
685
703
686
733
686
698
682
685
683
691
704
688
724
708
687
683
697
684
683
683
694
719
672
720
684
708
697
684
699
684
679
678
711
685
715
685
684
697
688
686
701
723
718
775
695
700
719
711
707
703
728
732
710
671
709
723
720
704
724
712
720
690
691
693
695
769
694
720
720
687
723
697
689
699
720
721
696
693
696
755
706
696
685
688
704
693
696
687
713
699
702
709
689
710
693
733
688
684
683
683
728
684
687
686
686
686
688
690
688
697
678
683
725
698
687
705
682
676
715
686
691
695
688
759
691
691
686
681
686
687
689
689
702
688
693
685
685
681
693
686
704
686
751
685
740
687
707
689
692
679
685
687
685
688
686
689
716
688
698
693
702
698
687
687
687
687
707
703
688
711
688
718
715
726
701
696
690
686
696
686
694
701
698
727
691
694
717
704
702
686
689
691
697
693
694
697
744
687
691
695
690
689
685
695
732
707
749
697
688
694
687
693
713
693
685
691
723
704
688
690
688
701
689
686
683
690
692
695
723
690
687
696
716
709
689
728
686
696
708
688
685
685
684
702
697
696
717
694
689
691
687
694
700
697
694
696
689
699
691
691
688
687
689
688
695
714
685
696
705
683
708
693
734
705
694
718
692
693
701
690
694
694
709
686
701
693
694
696
692
691
709
706
715
714
679
688
721
718
686
709
739
688
698
699
690
711
687
688
685
687
685
691
687
690
688
697
723
722
692
689
691
688
704
686
712
690
716
690
700
712
699
698
685
745
695
687
711
694
705
728
690
692
691
720
690
697
694
694
694
692
704
700
695
704
695
700
704
687
687
698
692
690
702
696
699
703
689
723
702
685
702
691
693
687
699
706
702
706
714
720
694
735
702
734
709
686
693
692
695
694
686
693
689
678
692
689
703
695
691
691
691
691
703
694
700
688
697
693
692
706
725
691
689
695
689
693
714
696
691
687
691
720
688
714
701
690
696
689
703
690
706
700
696
708
687
696
697
698
725
695
696
698
697
686
693
695
697
697
690
724
697
697
697
742
697
692
689
713
689
693
700
727
725
711
707
705
680
697
694
726
690
720
690
693
694
689
696
697
706
709
733
719
698
694
720
708
696
691
739
709
709
693
698
719
707
693
694
690
701
686
693
693
694
691
694
723
720
697
