748
801
811
799
826
829
772
804
780
825
814
780
763
810
768
777
771
766
800
748
744
797
787
781
767
754
800
786
791
758
777
802
760
794
810
800
762
793
785
784
769
784
759
799
831
783
751
806
798
748
803
769
780
791
794
778
750
787
782
758
762
774
745
799
786
759
791
765
793
764
809
792
817
805
798
793
753
772
805
754
756
777
749
743
825
794
767
791
831
817
767
779
769
808
809
811
770
806
809
800
762
795
796
776
789
791
775
791
792
771
800
814
817
819
756
820
826
770
801
755
780
804
782
755
752
744
757
770
787
766
785
784
796
763
751
754
800
791
779
774
770
759
764
785
794
783
780
754
791
776
735
816
780
769
790
813
827
818
792
791
800
776
786
756
819
813
795
783
767
748
771
752
789
781
790
821
768
769
800
809
763
763
777
769
739
760
773
822
796
796
798
804
760
791
777
786
806
805
799
757
799
785
804
813
756
817
814
767
792
800
808
799
792
801
792
756
792
817
784
766
805
822
831
722
781
808
795
765
818
781
719
751
760
784
783
722
770
800
774
737
768
798
749
741
740
734
760
730
735
774
759
799
800
779
762
732
767
760
753
787
745
776
803
787
787
776
740
792
802
778
791
795
758
775
785
763
723
764
722
732
773
790
749
781
791
728
764
758
701
723
740
725
780
749
748
727
730
744
781
745
767
740
766
788
786
770
785
761
771
769
795
757
727
745
757
728
744
720
743
765
778
797
731
806
785
791
771
800
793
766
780
804
775
794
701
703
779
724
777
780
729
729
799
773
803
779
763
800
804
755
792
752
797
746
757
760
778
784
809
737
808
747
786
752
785
769
767
766
759
742
792
770
760
760
788
826
816
814
772
785
791
805
790
