747;567;616;516
747;568;616;517
747;567;616;517
747;565;615;516
745;556;614;513
743;545;612;514
741;536;611;513
741;543;611;514
741;545;610;514
745;555;613;518
747;561;613;520
746;562;612;518
743;555;610;512
740;551;608;506
740;553;609;508
740;552;609;509
740;550;608;509
741;551;609;512
743;554;607;514
761;564;595;539
771;615;620;577
764;618;616;569
745;579;604;529
724;502;577;503
720;482;590;512
720;469;595;518
715;435;593;516
750;480;605;560
758;470;602;569
739;469;606;535
746;502;608;531
755;500;593;529
756;525;603;526
738;498;603;519
725;462;593;512
703;446;593;489
698;487;593;473
709;529;612;488
712;505;610;493
713;506;609;498
734;496;595;496
751;515;592;484
740;470;568;490
720;413;579;499
726;505;600;492
728;548;617;488
729;530;606;497
720;479;598;503
732;525;599;497
732;525;602;511
746;556;589;498
737;530;594;492
723;559;601;504
733;610;621;510
719;552;611;500
714;514;607;494
710;482;601;494
712;379;574;502
714;436;592;500
731;497;600;515
749;508;590;486
743;490;582;493
725;464;586;501
723;458;593;503
715;417;592;512
714;432;595;506
714;423;591;507
714;424;587;504
715;422;591;508
714;427;593;508
715;430;594;510
715;427;593;509
714;426;592;509
720;496;608;571
728;436;608;576
736;500;599;548
726;526;579;488
746;578;590;501
748;582;592;507
738;552;593;512
724;502;593;513
725;585;618;525
729;625;626;504
769;624;631;589
753;599;629;574
751;576;622;578
756;608;603;568
757;639;620;554
743;588;596;509
734;492;588;509
721;462;587;518
710;419;576;521
711;449;589;521
711;436;586;522
711;429;583;522
710;425;582;522
711;426;583;522
711;430;585;524
711;428;585;523
713;455;586;522
746;435;591;654
736;479;601;627
727;461;593;579
712;403;585;491
710;420;562;517
710;437;572;517
712;464;582;524
713;476;587;527
712;475;588;527
725;431;576;556
745;397;552;584
729;452;573;552
740;546;594;537
751;612;601;554
734;610;598;522
727;537;591;520
733;528;599;536
738;520;591;527
737;516;596;534
721;473;594;531
738;511;595;534
745;500;593;497
768;542;566;518
778;573;578;521
781;579;595;539
769;562;599;540
747;600;605;514
738;618;631;560
711;595;617;494
708;551;600;498
710;496;592;510
710;459;578;513
711;398;571;507
724;548;599;505
727;568;610;531
728;537;593;502
723;482;586;497
709;437;585;530
726;474;586;519
751;514;600;534
764;544;606;539
761;558;602;531
760;565;602;526
765;577;604;531
776;608;609;524
758;576;605;527
751;527;589;519
736;485;581;523
726;477;581;525
710;428;584;526
734;487;598;555
728;491;591;542
737;468;595;563
734;468;599;556
730;464;597;547
750;512;583;539
760;547;599;538
761;534;602;538
773;584;604;526
779;628;616;535
768;624;622;519
738;573;608;517
718;557;596;493
712;587;616;503
720;620;624;500
717;628;635;494
728;616;620;510
727;613;622;514
749;587;607;514
774;612;597;513
772;615;572;510
772;635;595;510
775;649;600;515
777;651;600;514
783;654;603;517
786;640;598;532
780;620;602;536
755;613;623;543
749;615;630;545
738;641;631;495
717;563;607;516
712;554;606;508
713;519;602;516
734;569;603;519
746;626;610;516
754;615;596;513
750;603;579;505
776;625;593;530
772;617;600;542
763;596;611;543
760;544;605;576
750;525;607;580
730;465;589;545
728;425;579;543
729;491;598;512
765;513;572;520
749;508;586;516
755;530;595;538
768;538;589;539
759;536;603;540
737;552;603;539
724;629;620;486
727;629;634;525
710;585;613;513
709;518;598;515
732;500;613;527
746;581;603;522
751;595;602;518
747;566;598;520
749;550;601;538
750;490;604;581
752;519;606;576
731;490;602;536
723;458;587;532
752;467;537;511
769;561;593;538
759;609;607;543
771;634;602;519
778;644;601;520
778;646;601;514
780;638;601;518
782;636;612;543
763;604;614;541
739;592;613;523
718;612;617;494
730;620;630;542
723;603;623;536
717;552;610;529
715;505;598;526
707;362;552;517
716;540;605;501
745;612;599;519
742;642;617;507
738;616;611;514
725;562;603;511
718;489;579;517
710;423;581;519
712;435;587;525
713;431;582;524
772;529;589;553
729;481;585;505
718;458;585;516
715;442;581;521
747;498;603;569
750;491;600;575
745;506;603;546
761;539;590;521
741;482;563;518
726;480;586;518
711;454;594;528
713;443;587;531
710;422;580;528
726;506;583;521
747;593;600;486
734;537;590;529
699;562;599;495
712;606;617;486
719;602;626;515
716;559;612;517
711;492;588;518
718;515;575;508
728;621;580;465
741;650;616;517
744;648;630;517
750;599;616;567
747;559;611;570
745;505;599;575
744;526;596;556
738;591;619;526
746;642;646;554
760;661;654;574
763;652;649;581
747;590;621;576
737;546;612;560
743;544;615;579
753;583;636;595
747;535;602;582
748;572;634;587
745;562;627;568
764;587;610;553
768;603;611;552
782;621;621;562
780;624;617;552
767;596;615;542
754;527;603;534
752;527;599;527
766;575;611;533
783;613;615;508
778;598;604;523
752;547;605;525
736;499;593;526
741;584;621;544
712;573;596;475
713;568;609;504
710;551;608;514
726;576;594;510
748;641;613;516
750;630;605;511
732;560;587;511
742;515;580;538
755;476;591;564
758;513;613;578
751;557;616;557
755;641;632;498
765;655;635;539
749;604;600;528
729;540;601;514
721;571;611;514
721;609;635;542
711;607;629;502
729;632;643;553
759;671;652;558
747;627;595;496
742;609;591;514
729;551;587;523
717;484;577;519
720;550;613;509
721;558;598;528
724;547;591;503
735;578;608;527
737;577;605;526
738;579;608;532
732;548;609;530
723;500;598;529
720;414;561;528
748;448;577;554
749;487;606;552
744;550;606;541
738;564;597;516
749;611;603;511
750;606;592;511
756;615;603;524
765;641;619;536
758;621;610;542
778;643;611;542
779;643;614;520
771;614;606;518
752;624;624;522
717;569;606;487
708;604;620;508
711;608;624;509
712;571;613;513
711;510;599;515
719;419;604;528
701;396;565;506
734;637;583;359
738;650;601;503
754;674;610;497
746;665;607;506
751;657;606;515
746;624;597;520
726;527;569;506
719;509;570;481
722;518;554;506
719;508;591;524
718;510;598;527
715;483;597;528
714;458;589;526
721;514;600;514
731;561;616;514
733;607;625;517
725;573;610;517
754;553;616;572
759;566;618;585
758;563;618;577
754;558;613;556
760;551;599;524
748;522;594;523
733;491;594;518
734;601;618;512
718;609;622;507
712;609;629;508
719;612;630;514
731;585;611;541
735;590;626;552
747;569;633;565
764;602;610;547
766;615;609;534
764;629;608;528
764;640;604;513
777;660;602;504
776;663;604;512
776;661;598;512
771;648;596;510
787;662;608;540
787;652;610;542
759;591;605;531
744;544;602;527
740;574;612;514
725;542;594;509
731;564;603;516
733;580;618;526
734;586;621;534
733;631;633;522
728;610;628;521
706;604;611;502
709;597;608;498
711;564;607;517
710;512;599;520
694;404;533;429
708;406;576;520
712;442;588;519
720;507;592;515
739;619;629;534
738;612;622;535
721;550;607;521
748;542;602;541
774;539;585;542
726;470;586;525
708;446;583;524
708;433;584;526
726;489;593;530
749;533;593;522
760;551;599;541
740;527;603;542
721;476;603;540
719;476;593;538
720;473;594;542
733;547;603;537
760;634;621;554
763;648;614;529
739;608;611;519
731;603;619;529
726;614;633;532
722;625;633;517
720;592;616;521
717;546;608;527
738;576;600;524
772;579;588;538
779;638;606;538
769;641;607;534
764;652;602;515
762;652;602;519
764;653;602;528
747;624;606;539
739;581;605;541
728;523;600;541
723;593;591;516
742;643;619;536
742;652;623;529
741;652;624;521
743;658;625;525
768;661;623;534
773;634;623;552
782;641;611;544
785;655;607;511
784;675;616;527
781;671;607;513
768;656;609;517
762;664;622;527
738;623;622;532
728;621;621;493
723;599;613;515
735;616;617;525
739;615;608;517
748;631;594;513
756;636;592;506
770;655;602;509
786;665;607;540
780;636;606;527
763;568;596;503
760;554;604;531
769;497;591;579
759;561;618;573
781;539;621;595
775;529;613;580
755;505;608;551
725;461;591;512
716;418;580;513
717;417;587;518
718;442;594;519
721;486;605;517
726;534;610;509
746;623;614;492
758;646;621;499
755;625;615;518
751;589;611;526
733;531;588;508
725;457;574;508
712;540;600;446
728;586;635;556
720;609;627;499
717;541;607;507
731;582;614;514
732;576;612;515
742;587;617;528
774;644;620;532
769;616;614;535
758;581;598;530
769;581;611;570
767;595;614;577
745;529;604;555
721;454;592;534
699;393;573;495
736;511;590;517
762;578;603;519
762;593;604;516
754;628;630;534
718;615;623;464
715;599;628;504
714;547;611;511
711;492;594;514
727;523;537;451
743;601;603;511
759;618;623;549
762;594;625;581
756;543;608;588
761;515;597;585
776;513;600;594
770;508;605;583
755;516;611;564
742;532;601;535
767;568;604;529
762;545;597;527
748;533;603;523
724;592;621;520
715;572;632;522
692;562;591;491
702;589;611;483
707;577;613;500
712;516;601;509
738;585;628;546
722;589;607;487
728;576;610;511
720;526;598;518
720;503;595;518
741;526;612;556
750;513;604;559
759;569;615;571
763;573;616;581
767;603;635;582
770;595;633;587
769;557;615;587
779;603;645;613
764;602;639;590
757;613;624;553
763;642;620;541
757;635;608;514
743;574;572;510
727;502;576;520
733;507;602;543
761;552;621;582
774;576;631;591
769;565;622;587
766;554;613;583
767;609;621;578
756;629;600;509
758;649;640;519
765;662;641;553
760;649;638;543
745;599;614;518
729;498;588;511
726;491;589;516
716;448;592;523
718;452;595;525
717;445;592;522
721;568;614;494
729;641;644;500
719;616;630;483
720;579;610;496
722;544;599;502
720;532;599;505
720;495;602;520
725;495;605;534
724;508;598;530
730;530;590;517
759;564;592;535
759;551;599;531
733;501;603;512
729;483;599;518
743;537;602;518
745;539;610;523
747;534;608;533
760;569;622;559
773;609;639;589
768;582;631;589
755;538;623;575
749;529;620;559
741;504;614;546
742;537;602;527
737;555;597;504
738;569;582;506
750;608;586;493
754;626;603;508
773;649;614;520
780;652;618;531
778;649;611;516
767;611;601;511
745;535;603;522
728;491;602;520
726;533;617;532
725;575;623;520
736;627;647;568
724;639;640;512
718;592;618;500
717;540;609;508
716;482;592;514
732;628;580;444
749;651;600;501
733;597;605;507
748;581;614;551
754;581;619;563
750;543;615;556
759;623;641;575
759;623;642;577
747;616;613;515
741;631;640;524
727;577;629;513
751;571;586;507
764;575;588;521
756;559;591;513
731;541;601;498
718;589;608;486
717;590;625;503
722;591;633;514
737;623;615;500
749;631;604;487
744;617;576;461
751;622;596;505
741;593;599;510
744;609;617;526
747;575;600;509
768;608;636;576
767;587;623;593
774;596;621;580
778;608;625;578
780;623;620;548
794;639;618;555
796;645;622;554
785;625;613;545
758;548;596;523
714;472;585;500
684;492;583;471
708;587;615;496
717;604;625;508
718;557;612;509
715;539;607;508
743;548;608;511
757;577;611;519
770;629;608;521
772;668;599;497
769;666;608;487
757;644;598;494
746;615;603;506
734;556;609;521
731;485;609;534
724;478;600;527
722;471;601;529
728;546;601;505
717;571;617;494
722;530;603;501
721;502;602;512
713;377;575;516
721;454;592;518
729;508;608;538
792;638;624;545
793;645;623;533
766;594;609;524
722;435;557;474
715;415;564;501
719;460;592;516
718;500;581;500
708;563;615;497
731;630;629;514
737;621;620;513
729;560;609;514
712;489;588;518
710;392;551;504
709;402;571;516
714;443;593;520
720;480;600;522
729;532;602;518
726;522;599;513
750;605;593;489
768;650;605;504
770;664;610;506
769;662;612;508
773;660;609;505
780;654;604;499
782;650;611;513
782;635;611;524
786;646;612;527
766;626;604;514
768;659;600;496
769;655;599;500
745;617;603;509
735;618;618;511
713;631;625;480
720;619;632;513
719;591;619;513
724;626;632;508
725;625;632;500
740;638;647;543
730;618;624;478
763;645;649;572
763;632;645;576
758;605;634;573
755;589;629;569
754;614;632;556
738;596;623;530
734;592;620;527
738;629;622;506
766;667;632;511
777;677;632;526
775;669;630;530
758;622;615;519
740;626;616;505
737;659;637;459
716;618;625;490
716;601;623;490
716;553;611;503
741;617;614;509
749;616;607;529
769;653;621;540
773;651;631;566
758;576;605;558
739;492;587;551
728;445;582;534
719;477;597;519
735;484;603;540
754;538;622;573
757;533;619;579
757;546;616;564
761;608;624;556
763;638;644;575
766;671;650;541
770;670;649;549
742;649;627;516
724;615;613;501
730;655;630;502
734;654;633;512
732;626;626;510
738;625;630;524
733;635;618;519
738;602;610;517
762;634;642;576
762;593;629;586
753;544;614;566
756;567;606;557
774;632;623;577
764;642;625;543
734;607;623;496
727;608;618;473
714;578;609;497
715;565;611;499
717;543;608;508
715;510;599;511
704;398;569;491
735;566;587;490
753;624;610;521
760;634;608;512
755;625;605;505
772;652;613;512
781;653;606;518
781;645;605;518
758;581;609;520
750;618;630;534
736;570;617;520
728;559;598;492
731;569;611;518
728;536;607;524
745;557;616;540
757;554;610;536
754;569;617;528
755;557;611;525
768;572;606;512
789;618;603;523
780;616;612;528
755;559;600;521
744;578;607;514
757;650;638;521
742;590;621;534
731;541;611;526
727;513;605;526
723;455;590;523
718;434;585;525
737;619;603;502
754;667;623;508
746;630;619;514
731;519;596;517
719;428;568;517
715;434;587;518
716;442;592;520
760;580;598;496
757;559;610;525
734;524;603;515
718;526;609;508
721;548;617;528
718;553;607;513
722;594;628;510
724;573;624;523
736;599;618;514
734;592;619;515
761;615;592;503
757;638;615;515
749;620;614;519
740;569;608;518
730;517;599;518
719;454;586;517
745;509;601;532
763;550;609;523
758;570;611;524
749;552;614;514
754;566;615;518
755;565;614;521
747;539;609;519
755;591;605;517
749;582;605;523
754;629;605;531
759;651;607;522
774;671;606;506
781;671;607;508
779;662;607;504
777;644;607;514
754;563;607;522
737;602;623;519
718;579;623;517
701;566;608;480
715;546;611;508
716;518;606;520
752;577;620;533
769;603;617;534
760;560;599;509
759;576;610;504
757;594;624;512
737;524;603;518
738;518;610;521
757;506;609;578
762;534;617;587
763;542;620;588
769;542;610;589
781;546;618;592
782;615;633;583
765;588;600;519
747;589;618;516
742;543;605;525
730;501;599;521
718;445;583;517
748;548;589;504
747;571;608;526
758;593;620;548
767;599;624;549
768;571;602;540
751;515;590;521
732;466;583;508
730;476;597;517
722;463;596;522
738;561;623;540
707;573;602;454
711;592;624;465
715;531;604;490
720;528;612;505
724;469;596;520
718;427;585;508
714;398;575;508
764;593;600;506
765;605;636;546
751;576;625;539
742;559;598;523
731;541;585;524
743;610;588;509
749;617;597;514
741;537;586;541
749;565;613;564
733;497;610;563
731;470;604;558
719;467;598;520
719;458;590;524
732;467;597;546
744;509;611;569
743;514;614;570
724;479;601;531
729;493;584;467
768;579;597;508
768;584;601;519
741;516;595;514
739;506;593;509
722;554;600;475
736;619;621;517
734;605;625;533
747;585;609;531
756;567;601;512
730;464;565;493
702;416;586;504
715;435;592;523
716;446;595;526
716;449;595;525
731;553;600;515
757;656;639;549
758;665;635;525
709;631;609;429
729;628;611;489
714;596;617;497
715;566;611;495
717;526;606;501
735;537;618;551
748;530;637;576
741;468;608;561
726;430;596;539
727;469;607;549
724;441;580;511
768;561;574;496
782;609;590;518
762;592;601;520
742;527;598;518
731;491;595;525
742;483;586;545
754;480;606;590
770;531;620;601
765;540;625;597
758;514;618;596
751;487;607;592
743;488;608;573
740;509;614;570
758;578;639;584
756;542;622;577
751;564;632;555
750;561;628;557
746;545;622;554
737;515;610;548
766;554;607;531
779;577;593;520
769;546;583;521
748;520;591;520
730;490;595;519
721;552;609;478
734;615;642;553
721;577;620;494
717;546;615;494
714;515;605;500
714;505;601;512
714;442;591;514
715;447;593;521
716;432;589;520
715;418;584;518
751;477;609;586
759;506;618;603
751;509;619;587
734;495;610;555
739;534;599;520
740;565;593;509
745;609;597;498
756;618;595;510
748;591;595;512
734;553;595;510
773;629;591;520
773;606;611;541
739;527;606;520
727;486;600;519
719;449;594;526
716;420;585;520
717;433;591;522
737;500;599;520
754;527;592;525
738;519;607;514
726;491;609;526
726;484;596;528
730;500;595;519
744;538;601;519
749;553;619;530
766;605;610;511
786;628;606;514
783;633;615;517
775;598;611;525
749;531;597;520
735;496;599;523
734;495;600;522
729;575;612;505
746;638;640;524
743;635;637;528
730;612;630;526
734;637;644;553
725;630;632;507
718;566;613;512
717;513;602;517
737;584;632;537
735;574;619;521
745;619;629;525
745;616;614;520
745;580;599;511
751;628;588;505
746;616;566;499
752;632;598;511
756;646;605;510
745;610;600;512
746;586;602;494
749;583;592;502
750;580;602;510
737;534;605;518
732;511;598;520
720;466;598;527
719;452;594;525
724;467;596;533
775;562;608;534
781;626;613;523
759;595;611;521
732;562;610;517
732;584;626;538
720;590;615;515
720;622;628;514
720;599;625;519
719;546;612;518
717;519;604;518
740;634;618;515
734;587;592;503
722;526;588;509
717;485;588;517
717;383;537;497
731;481;597;545
731;507;604;547
730;504;608;544
720;455;591;527
718;427;585;519
714;413;574;518
742;441;595;563
738;463;606;563
731;462;600;546
720;427;587;527
719;438;591;526
720;438;590;528
720;433;588;527
720;439;590;528
721;439;590;527
721;437;590;528
721;436;590;528
721;440;591;528
721;439;591;528
756;441;599;671
752;445;615;654
733;414;604;585
737;506;593;524
770;622;576;457
766;626;586;508
759;622;595;513
733;544;592;516
706;424;588;515
714;431;586;521
714;429;583;524
716;436;586;527
721;492;589;522
723;494;592;525
723;484;592;528
722;481;592;527
725;519;598;526
731;568;603;523
730;554;603;518
737;607;600;501
736;591;597;505
730;542;602;518
726;535;601;520
721;465;596;531
720;447;588;526
717;424;578;523
733;514;617;549
755;555;609;557
764;587;628;574
758;588;626;564
755;628;638;559
741;674;648;478
744;678;657;533
729;666;649;518
717;624;624;500
714;549;603;505
713;495;593;508
718;502;602;524
736;511;593;511
773;568;593;535
765;571;603;530
733;498;600;506
748;524;607;536
755;501;598;577
751;514;611;579
736;494;605;549
730;468;598;536
716;463;597;522
716;528;618;537
724;637;607;460
740;648;616;500
733;592;601;504
731;516;563;501
741;566;601;531
741;620;636;548
742;655;645;547
740;672;652;539
735;655;649;536
733;616;632;533
722;518;603;516
749;562;605;514
768;582;587;539
756;562;593;522
743;543;591;497
766;642;638;544
764;624;625;537
749;568;607;527
726;476;582;523
735;530;609;546
751;461;576;584
759;519;604;587
760;548;618;590
778;556;620;611
778;566;637;626
784;554;629;605
774;511;609;583
753;479;600;556
724;472;604;533
732;528;594;496
748;575;609;511
752;567;601;523
743;518;593;528
731;479;590;519
737;556;605;465
756;563;598;531
742;545;602;531
723;481;595;529
722;437;584;520
721;461;596;523
770;577;595;537
758;601;594;532
728;490;583;493
734;493;592;525
720;466;594;528
725;596;621;506
693;638;642;438
717;662;649;481
719;615;624;502
724;580;616;502
754;582;618;502
775;568;610;553
775;555;602;550
771;600;605;549
773;609;608;546
777;623;609;539
787;649;607;528
787;654;602;516
788;660;600;499
793;676;611;517
797;688;617;522
789;681;627;528
733;642;619;495
733;640;623;516
748;661;639;534
753;641;610;521
754;628;622;543
744;598;616;551
746;588;621;559
771;538;600;590
769;553;613;582
738;539;615;536
761;631;649;563
750;613;636;544
742;600;621;533
742;614;630;526
740;616;638;535
742;658;651;536
750;672;667;564
733;671;650;507
724;626;619;493
721;580;608;507
720;552;603;508
717;527;595;505
723;474;573;519
732;542;597;513
751;617;602;519
761;640;614;520
756;629;613;527
744;591;599;522
756;613;606;540
766;632;603;529
771;637;599;521
763;620;597;517
766;610;589;517
777;653;598;532
765;572;596;534
734;508;600;519
736;504;594;528
741;539;610;541
764;604;630;555
773;627;615;540
772;615;601;488
773;598;589;502
784;630;601;509
790;644;616;508
784;625;611;522
769;583;605;520
722;615;613;502
752;667;644;506
729;656;643;543
722;622;629;517
718;545;603;514
728;539;590;543
727;533;559;485
747;607;573;487
751;625;590;498
753;636;614;520
745;620;615;514
745;622;626;536
742;623;623;527
736;603;623;528
741;591;610;519
750;607;614;524
777;631;611;525
788;640;608;532
798;643;587;522
786;628;592;525
770;608;599;525
733;510;602;520
746;550;619;545
756;509;597;566
751;479;597;566
736;478;597;557
727;471;598;543
741;586;626;546
746;645;607;483
745;658;611;488
760;673;608;497
755;657;610;508
755;653;604;514
759;662;617;516
747;635;611;502
749;638;631;538
749;660;639;527
747;677;659;546
729;676;650;508
725;652;631;508
718;591;618;513
716;520;599;518
728;487;604;530
725;577;595;492
738;638;605;488
745;650;620;508
744;637;616;509
750;615;623;538
751;555;592;551
740;508;598;556
733;492;599;547
724;482;595;532
705;407;567;508
716;450;587;523
753;532;589;518
768;549;596;538
745;534;600;525
732;501;596;518
716;449;590;522
719;452;592;527
774;576;616;555
783;616;613;543
788;641;612;536
792;649;609;486
779;628;611;530
744;551;614;535
744;543;606;535
733;514;609;542
730;512;608;541
730;508;606;540
730;509;605;541
746;615;624;544
754;645;599;532
744;628;613;524
739;582;615;534
734;571;615;538
730;508;603;520
720;495;605;524
788;601;572;542
792;608;626;572
766;596;621;539
737;534;609;521
723;558;621;527
727;560;611;527
726;556;606;522
730;616;632;522
729;595;630;530
728;571;619;530
728;552;614;539
730;496;608;543
720;478;589;523
725;505;601;536
753;528;609;553
752;564;612;552
734;528;609;539
729;512;609;540
729;512;608;541
730;508;606;541
731;509;605;542
730;505;602;541
731;504;603;542
731;506;604;542
754;540;599;542
776;619;621;552
768;599;615;544
737;523;608;533
729;505;602;533
728;511;605;538
729;513;605;538
730;513;605;540
757;556;610;546
774;619;619;542
791;641;615;539
798;656;624;553
791;647;621;539
756;544;618;541
740;532;606;532
748;536;606;537
738;528;609;542
749;558;611;543
769;582;614;540
776;607;613;536
764;615;618;521
736;596;622;522
737;618;645;572
721;633;632;507
719;623;629;508
757;626;646;573
777;661;645;576
764;631;627;561
760;629;576;499
759;624;599;534
733;572;598;513
730;528;597;528
721;477;592;522
751;557;625;586
752;595;638;583
759;628;627;563
753;616;616;545
763;651;608;521
744;598;584;503
727;504;568;518
718;536;592;510
725;554;597;501
736;577;613;525
726;546;609;522
745;611;618;541
760;627;625;548
759;633;599;514
747;582;587;507
730;514;583;519
720;545;615;519
723;548;606;525
711;530;582;495
716;572;613;497
718;548;610;515
718;543;611;515
721;452;590;513
715;404;569;508
716;403;576;518
719;427;586;521
744;577;617;538
748;600;621;534
736;519;596;520
730;490;587;522
717;447;588;523
745;512;584;514
767;543;596;494
775;578;603;520
774;596;609;526
789;626;620;537
796;617;611;557
775;611;615;542
747;620;616;531
719;640;616;475
722;629;633;524
737;650;628;527
742;644;619;521
745;634;608;510
751;617;576;504
767;578;609;586
760;574;619;595
758;536;616;592
780;533;617;598
771;495;608;582
750;524;613;554
746;534;609;537
771;546;613;546
771;562;600;549
732;489;581;498
741;556;608;515
761;631;626;538
754;601;618;539
745;640;633;541
721;578;613;528
690;623;618;460
706;657;639;485
716;622;630;503
716;520;604;517
709;392;557;511
717;492;591;505
729;582;609;510
748;654;633;521
753;670;644;521
756;663;629;524
750;623;601;512
732;548;581;495
724;502;582;512
721;480;593;519
721;476;594;522
718;456;594;522
763;506;640;585
777;535;630;574
764;573;625;551
741;613;629;482
721;652;645;509
694;627;627;467
703;606;625;485
725;604;620;505
744;599;612;503
753;568;622;518
766;593;615;513
774;600;604;509
775;597;600;479
774;585;591;500
761;556;598;506
740;547;604;486
747;577;626;520
747;596;632;521
728;583;629;512
741;620;642;531
743;626;643;537
736;642;645;527
745;669;658;547
740;669;651;536
734;641;631;534
723;578;608;525
726;572;609;530
723;570;615;535
718;503;611;543
720;493;601;538
718;463;590;531
719;450;587;531
721;466;593;535
722;480;597;538
722;486;599;538
736;543;602;520
752;617;614;492
765;636;603;516
765;637;610;522
753;604;610;535
741;540;601;537
725;486;593;540
724;473;591;539
745;521;607;551
763;587;616;549
762;602;613;542
758;587;610;536
760;600;611;534
771;627;611;530
766;635;611;525
776;666;603;521
775;671;607;517
772;658;600;525
773;673;605;516
784;682;609;523
782;673;608;521
775;655;607;522
743;613;611;522
734;613;618;518
728;629;636;517
739;646;640;526
765;645;645;576
762;622;636;579
765;621;624;561
755;578;609;527
781;652;624;548
771;650;618;527
772;652;579;501
767;658;594;495
751;626;600;509
726;521;585;508
717;509;577;496
696;520;581;472
714;553;609;492
716;539;611;510
731;570;611;502
749;594;620;505
747;542;613;515
764;593;615;514
766;625;633;525
763;633;618;513
738;601;605;517
753;629;601;516
752;629;600;510
767;642;606;518
768;630;602;510
749;586;606;503
725;546;598;503
723;605;628;484
714;582;617;502
714;538;608;507
716;517;602;509
735;535;597;508
742;562;607;516
749;576;600;520
737;534;600;516
755;448;587;569
756;527;614;567
736;502;603;547
742;544;621;542
774;580;589;515
764;548;579;509
733;494;585;511
742;555;622;530
749;553;624;566
749;572;633;565
737;537;615;544
747;581;606;531
772;651;635;555
763;628;598;509
748;632;604;486
710;592;593;457
707;579;604;490
715;562;604;503
719;522;598;515
738;564;615;534
754;626;625;541
750;595;605;533
753;583;614;546
746;495;584;567
730;449;582;557
730;497;598;549
727;525;617;546
717;460;592;517
724;524;588;515
728;612;578;425
740;643;627;509
741;644;626;507
735;581;615;515
727;542;600;511
727;494;598;530
742;520;595;523
749;542;602;526
747;544;605;516
764;575;604;511
776;616;609;517
777;626;615;527
762;600;611;528
749;622;618;513
759;636;636;541
732;576;609;516
720;521;595;523
719;496;598;523
719;477;594;526
720;509;600;527
725;556;614;527
742;625;641;535
739;609;631;541
725;539;605;514
746;555;605;523
767;601;596;511
770;595;597;520
763;587;604;525
740;529;599;526
741;576;613;515
748;593;619;515
735;601;619;522
760;637;629;537
768;636;630;537
756;566;607;511
737;500;585;504
711;525;557;466
708;594;618;490
719;631;640;514
724;640;643;511
727;625;638;516
735;659;649;522
754;682;656;519
759;681;650;520
755;666;624;492
752;640;600;503
745;604;590;504
728;528;590;515
732;549;619;541
734;524;597;519
738;553;618;542
754;596;623;533
776;623;607;535
764;576;581;510
746;551;599;517
732;588;615;508
725;632;636;503
725;635;645;506
720;605;628;501
733;617;611;488
749;649;605;467
755;640;609;509
752;628;605;515
737;565;594;511
721;491;581;512
699;411;553;497
713;430;577;523
731;531;592;502
756;624;621;526
759;642;636;528
752;621;630;532
741;572;614;534
775;600;629;597
770;560;616;594
754;533;610;567
764;577;625;556
772;606;624;547
780;625;631;553
780;621;614;534
793;619;604;543
799;630;609;547
788;636;621;540
757;577;611;521
732;578;604;494
735;643;636;499
729;619;633;516
725;557;614;516
719;505;597;511
712;438;580;522
711;393;544;503
776;601;583;508
776;612;607;521
751;560;609;523
788;622;593;543
770;561;632;544
730;505;604;528
726;452;591;530
760;532;588;502
783;604;603;523
767;588;606;522
736;521;601;516
748;613;625;515
703;609;616;489
706;625;627;484
710;619;630;508
711;505;603;517
704;485;599;513
713;559;599;469
731;613;641;514
736;627;649;516
731;587;635;519
745;558;630;546
769;602;635;581
763;552;621;579
749;515;605;545
741;499;602;531
743;579;633;543
742;655;648;492
741;629;629;496
737;639;633;482
764;660;650;529
780;674;656;567
780;666;648;569
775;641;637;559
749;573;602;517
769;577;603;543
783;635;629;553
781;637;631;551
781;630;623;551
782;622;618;536
800;650;610;506
799;657;613;521
799;658;617;525
801;659;613;527
805;685;609;511
798;682;605;421
792;679;607;510
781;673;610;510
764;663;619;515
740;641;624;511
736;617;625;521
712;585;605;496
720;614;627;502
719;566;617;511
717;530;608;512
715;434;588;528
725;498;608;530
726;491;604;531
723;485;602;521
738;569;608;509
743;578;620;530
744;580;620;530
752;614;625;537
753;616;623;539
754;621;623;540
755;626;623;539
751;626;622;529
750;623;620;522
753;629;619;526
747;623;621;513
748;623;618;516
747;618;618;514
743;600;608;516
736;570;607;515
728;533;602;518
724;498;598;518
725;498;599;520
723;488;599;520
720;454;595;522
719;438;593;522
718;440;594;523
718;438;594;523
719;443;595;523
719;441;595;523
719;440;595;523
719;439;595;523
724;484;597;522
736;563;606;521
747;622;604;492
747;630;613;516
743;604;601;513
735;554;597;516
731;520;597;516
731;524;601;503
742;567;627;547
749;592;625;536
745;559;609;532
746;548;613;540
740;519;608;540
730;494;600;532
720;455;596;526
721;467;601;528
720;447;594;525
719;432;587;525
719;431;588;525
720;442;595;527
720;448;597;528
721;452;598;528
721;445;596;527
742;433;609;628
729;436;606;564
719;432;587;532
718;417;578;515
717;415;582;523
718;423;587;524
720;437;592;528
720;444;595;528
764;543;603;569
762;447;580;601
753;434;586;592
772;481;600;599
772;533;620;589
747;508;612;548
748;508;575;514
773;536;593;535
775;558;605;545
755;525;601;524
747;544;606;517
740;524;597;524
743;509;576;520
749;610;621;513
742;639;621;518
728;655;641;513
724;660;648;514
718;627;627;505
743;641;608;510
749;646;604;502
741;582;599;512
746;549;583;538
746;519;610;577
750;524;609;587
737;470;596;562
724;455;587;529
716;419;568;515
774;596;576;504
788;607;590;524
748;524;589;508
724;466;590;514
716;425;579;517
739;480;594;547
740;542;619;554
733;505;606;548
739;540;609;546
733;518;587;520
737;520;590;525
731;484;583;524
744;528;611;566
753;642;647;565
747;630;645;558
732;620;621;522
727;630;633;519
723;620;625;514
726;639;617;479
734;616;610;533
734;574;605;517
742;545;592;532
756;530;594;545
758;561;610;554
753;561;613;554
771;584;617;581
774;565;610;588
789;602;631;617
780;603;627;611
765;597;636;592
760;579;631;576
748;554;619;563
750;588;621;549
733;555;620;518
743;540;562;508
756;587;589;513
759;618;605;519
736;538;601;519
726;488;592;520
720;423;576;522
716;424;577;523
718;437;586;527
719;447;591;528
719;448;590;528
719;441;588;528
719;438;588;528
719;438;588;527
719;448;590;528
720;454;590;528
722;461;591;529
723;476;591;529
726;492;592;529
728;501;593;530
729;507;596;530
730;514;597;531
747;558;614;537
771;561;607;570
770;577;617;569
770;601;624;562
769;636;636;562
760;643;640;523
747;605;615;518
727;526;588;507
722;504;600;524
738;546;599;514
752;603;623;525
750;573;610;525
737;525;599;510
733;514;596;521
739;616;623;510
702;670;637;389
732;668;651;502
727;644;632;496
723;572;607;495
718;528;593;489
720;453;555;508
735;531;590;502
737;543;601;515
736;541;607;523
726;491;596;518
727;491;598;524
731;517;605;527
734;528;610;534
734;532;609;532
741;555;612;531
748;574;614;534
738;549;614;533
741;564;613;533
743;566;614;534
743;565;614;534
744;560;614;535
745;562;614;537
745;558;614;538
745;557;615;539
746;559;615;539
749;571;617;540
750;576;619;543
750;579;620;543
751;583;621;543
753;588;621;543
753;593;622;542
756;615;623;543
758;622;624;543
757;629;627;543
762;640;629;542
763;646;631;541
764;652;632;540
763;653;632;536
761;647;632;540
761;638;632;540
756;615;629;543
750;572;623;544
745;534;612;546
735;492;601;542
729;487;603;538
730;479;600;538
729;464;596;537
738;515;589;529
749;580;625;511
750;568;612;526
758;594;607;532
778;620;604;522
771;605;596;506
779;657;607;509
766;654;609;482
768;652;603;507
747;599;592;514
731;543;595;516
723;446;604;529
720;457;594;514
720;462;595;524
728;572;608;509
745;664;636;464
744;666;632;492
749;652;634;499
752;629;631;504
765;619;624;531
757;595;636;541
738;559;632;533
726;507;615;521
721;601;645;525
725;638;646;463
718;636;635;477
724;624;628;484
735;627;622;501
739;622;615;501
738;628;625;508
733;631;621;499
744;665;645;514
745;671;654;516
744;668;653;518
753;659;649;538
772;668;662;580
774;635;641;586
767;576;615;580
751;523;610;562
749;601;613;531
753;621;623;541
742;577;610;534
751;588;608;530
748;548;606;539
738;586;617;526
737;588;624;539
758;571;599;535
753;617;620;538
757;645;638;537
761;671;668;580
737;678;652;502
720;662;647;492
711;657;644;486
728;657;645;504
747;666;664;562
765;693;671;562
767;704;677;556
759;704;673;528
758;677;652;535
777;650;638;591
766;609;639;593
784;618;626;594
778;626;630;578
773;618;616;546
772;603;602;532
756;588;611;527
732;516;596;519
733;550;603;503
740;587;628;538
739;645;638;518
725;647;628;476
733;668;652;522
733;667;652;528
727;650;637;519
713;585;610;485
742;623;642;548
753;633;651;591
755;626;647;568
757;611;638;579
761;630;639;578
781;666;643;592
797;685;623;594
796;688;630;589
793;691;631;569
798;695;598;523
788;676;622;545
765;618;615;505
745;523;598;512
741;527;606;514
735;572;612;515
733;590;624;511
734;646;650;537
724;661;649;507
722;651;640;496
719;634;629;493
717;603;621;493
739;639;630;505
759;672;646;531
767;664;636;536
753;622;615;529
733;563;601;523
732;577;591;519
752;643;595;515
756;636;601;517
755;637;597;519
742;592;592;512
731;526;583;517
739;597;607;516
747;623;626;539
757;669;642;539
749;634;621;527
752;637;610;490
752;636;603;510
755;633;603;513
744;588;601;520
747;631;626;530
740;635;628;527
732;625;626;500
720;542;599;509
717;508;595;512
715;500;593;512
720;419;589;515
722;472;603;526
721;461;596;524
740;493;585;522
750;513;581;516
762;569;593;497
783;617;598;520
789;637;614;552
759;592;614;535
755;504;595;559
754;526;607;571
751;533;619;573
734;509;609;546
746;566;609;504
771;609;591;502
742;555;599;508
732;506;604;521
737;539;623;546
739;481;575;552
737;514;599;554
742;577;616;539
768;653;620;536
773;671;622;526
758;642;609;521
732;589;597;511
720;581;570;468
715;592;616;489
743;637;627;516
755;644;623;546
752;652;608;513
735;616;549;425
762;653;599;502
772;679;620;519
763;652;605;516
733;535;594;505
734;539;600;522
730;533;604;527
742;583;611;531
766;670;642;543
734;650;614;486
726;637;623;499
713;626;626;506
723;639;628;507
724;644;632;488
735;652;643;510
739;669;653;511
760;675;637;529
763;684;613;503
768;681;604;510
760;635;580;504
756;598;605;552
755;607;630;586
756;595;631;593
754;547;625;591
745;534;613;574
735;510;607;557
719;550;605;536
718;623;628;508
721;644;640;504
722;599;624;511
719;545;605;517
686;424;535;423
716;412;557;423
720;431;582;517
723;462;594;525
724;470;595;524
723;459;592;524
721;443;582;521
721;444;584;523
721;452;590;524
725;468;597;528
731;493;597;528
770;527;599;541
781;565;593;524
775;559;598;524
747;537;599;528
748;523;589;524
773;491;596;573
776;546;622;583
778;583;631;588
780;580;630;596
776;558;626;590
741;517;613;534
748;610;632;552
763;687;641;532
752;671;616;506
734;591;594;502
723;523;587;512
723;510;587;519
717;437;577;522
720;468;594;525
720;463;592;525
719;444;581;523
718;444;582;523
720;453;589;525
720;457;592;526
721;461;593;526
721;461;593;527
720;457;591;526
721;457;591;526
721;456;591;526
722;462;594;527
725;474;596;532
731;504;604;542
734;516;604;542
731;512;598;536
731;510;596;533
731;513;596;530
732;518;597;527
731;515;597;527
730;514;597;527
730;518;597;526
732;521;598;527
733;524;599;527
734;526;599;528
733;526;598;527
733;527;598;527
733;531;599;526
734;536;600;525
746;578;621;599
758;548;609;642
747;540;608;587
733;525;606;502
720;468;586;513
719;428;579;522
721;447;585;525
722;456;590;529
763;487;611;577
776;477;612;603
755;509;614;565
743;609;611;508
748;654;622;501
751;655;628;532
737;594;608;522
770;628;624;562
757;561;609;572
746;532;609;569
740;527;610;560
732;495;599;545
717;402;557;523
721;428;582;526
722;441;587;527
725;461;589;528
789;572;562;565
787;597;621;561
775;592;622;557
747;531;603;525
738;502;587;526
727;491;589;522
733;511;594;529
733;510;594;530
733;509;593;530
735;516;592;529
738;526;594;530
737;527;598;532
708;675;626;345
739;677;648;507
737;662;646;507
735;615;619;497
737;609;621;504
735;547;596;496
734;542;590;499
734;549;595;502
736;563;602;506
738;567;603;506
739;573;605;507
740;574;605;506
743;575;603;505
741;564;590;503
743;576;600;507
745;591;607;509
744;589;608;509
743;583;607;508
762;580;609;647
759;593;613;629
752;584;613;575
746;588;613;543
741;588;606;506
745;568;605;536
757;573;616;611
766;578;623;648
739;553;608;540
739;556;612;537
748;559;618;589
749;558;613;595
757;576;623;618
751;579;623;570
751;573;615;552
744;592;613;523
743;581;607;522
744;579;606;532
756;579;616;594
755;587;616;586
764;569;619;625
760;579;621;594
746;580;612;540
740;547;597;525
737;552;598;523
738;553;599;526
738;555;600;526
738;554;601;527
736;538;600;527
735;534;599;527
735;536;599;527
737;542;601;528
758;620;630;554
755;593;618;557
737;527;607;541
733;491;604;545
737;510;610;557
736;504;608;555
732;491;603;551
729;471;600;547
728;465;597;547
729;466;598;547
728;466;598;545
727;462;596;542
727;459;594;541
726;458;594;541
726;459;594;542
727;462;596;543
728;469;599;545
728;469;599;544
733;521;596;525
740;630;587;513
742;640;608;507
739;628;617;521
736;590;614;527
734;551;611;538
731;496;602;543
728;474;595;540
727;468;594;538
731;492;597;539
745;564;630;551
755;573;630;568
747;552;623;551
731;500;606;535
734;522;614;544
725;487;601;531
723;453;588;528
721;424;577;526
729;415;566;532
746;573;630;560
748;575;634;566
737;530;616;555
736;528;610;549
728;504;593;521
726;461;573;524
733;525;591;527
736;547;599;527
780;608;620;554
786;620;617;551
749;585;604;519
744;579;593;512
743;579;597;517
743;580;600;519
739;599;607;511
733;600;620;515
704;599;611;499
715;631;627;494
719;628;633;509
718;583;623;510
719;523;607;517
709;318;553;526
719;455;588;508
724;484;604;520
727;496;606;521
737;543;621;539
734;527;612;534
739;581;615;523
750;631;625;532
770;696;643;537
769;689;639;555
755;641;625;551
743;558;612;550
735;526;611;543
741;527;607;556
741;534;612;558
747;538;613;559
787;620;623;529
800;653;628;560
800;666;631;557
805;678;631;546
806;678;635;562
792;632;628;566
755;568;617;571
743;528;609;557
742;529;609;561
749;533;606;561
770;587;605;554
788;650;632;560
788;663;624;547
789;682;614;469
782;677;599;486
791;675;615;542
778;646;621;556
773;622;625;569
762;598;615;556
762;664;607;495
772;677;652;554
766;704;664;550
754;718;672;497
746;709;669;527
755;710;662;523
750;702;651;513
763;710;645;524
772;694;622;502
771;666;604;509
758;624;621;523
770;615;609;523
764;580;611;533
744;539;607;525
743;569;601;521
743;576;602;525
764;633;597;520
759;642;607;516
755;628;604;518
747;585;599;515
765;598;605;515
774;616;624;539
779;633;629;540
778;633;630;530
780;637;632;531
795;657;635;544
798;658;626;523
798;656;623;525
794;650;625;532
785;628;619;531
755;562;613;533
741;534;612;537
730;492;611;536
730;487;607;535
726;521;613;529
744;644;654;546
731;638;649;527
725;594;627;509
738;594;613;519
736;611;603;500
759;644;604;517
761;640;605;515
744;566;598;520
737;562;604;507
744;551;585;505
748;580;603;522
774;617;632;589
779;630;645;606
798;654;638;585
796;657;631;562
767;597;612;544
699;584;614;483
724;644;646;515
724;631;638;521
723;593;626;518
721;537;610;518
736;577;612;518
753;544;592;518
753;557;585;496
777;623;604;510
778;625;606;511
786;638;608;525
786;640;612;522
778;635;631;551
770;647;648;575
761;613;627;562
738;511;603;545
727;474;596;537
730;513;611;543
735;536;622;549
743;508;605;554
755;591;643;579
763;665;663;595
749;656;651;564
737;684;660;533
732;673;648;526
725;624;629;525
750;621;625;529
764;629;626;535
764;574;592;534
791;646;622;540
800;654;627;527
792;651;627;514
798;673;617;493
776;661;605;447
777;665;602;487
774;661;600;521
764;668;612;530
741;618;613;528
732;571;611;530
754;618;625;543
771;679;627;489
770;660;622;539
755;622;618;541
741;596;619;545
749;643;633;544
751;653;660;599
726;626;627;510
720;555;608;512
721;501;597;524
741;592;604;546
752;593;602;534
762;645;621;538
754;624;625;539
741;583;613;532
723;473;593;524
720;471;595;520
721;460;594;523
722;453;591;523
723;467;596;525
723;467;597;525
722;465;596;525
722;458;594;524
724;472;596;524
726;487;597;524
742;543;612;582
758;513;629;648
749;520;623;594
757;600;610;532
743;559;600;506
744;579;604;522
744;575;598;520
744;570;597;522
743;553;598;523
763;620;645;583
759;604;641;577
746;511;612;566
729;450;594;539
722;432;586;528
723;451;593;527
738;486;604;562
771;541;637;615
774;518;627;621
791;616;618;577
783;627;605;505
773;577;562;491
745;533;589;496
713;579;616;488
731;630;651;556
720;637;644;498
718;631;641;497
716;599;629;496
719;563;616;511
718;516;602;513
754;652;647;554
763;647;629;548
728;505;590;527
714;429;562;504
714;412;571;523
719;455;591;529
720;466;595;530
742;508;605;533
774;534;599;527
768;521;593;529
743;513;598;527
752;535;610;556
770;534;615;614
769;563;629;600
772;558;628;607
773;548;625;608
775;555;626;610
777;555;627;614
796;597;637;638
800;610;631;628
800;627;636;628
803;608;626;649
800;632;653;649
787;574;634;639
775;556;617;631
736;538;617;544
716;474;597;517
720;471;599;525
701;653;642;425
712;657;653;506
711;643;644;490
709;596;626;497
726;608;612;499
732;572;618;518
743;588;583;497
752;625;590;498
795;668;604;534
780;653;628;549
761;630;617;532
732;526;607;505
724;497;596;508
760;541;629;577
770;511;615;572
739;432;590;541
743;500;605;530
729;531;607;520
755;578;576;500
754;589;604;516
739;553;609;522
773;614;624;544
774;564;618;533
769;629;631;529
741;630;624;511
723;660;649;500
723;663;653;505
714;617;629;500
710;558;610;502
743;607;613;521
757;608;604;550
761;651;627;540
770;652;631;541
766;631;623;534
780;625;603;531
785;638;623;560
787;653;648;598
780;626;633;603
772;586;623;600
786;593;632;614
793;611;638;633
793;631;640;626
788;628;639;616
797;592;637;652
792;613;645;647
792;603;642;628
751;539;623;575
731;574;642;533
720;575;648;501
719;638;646;495
711;653;651;505
714;646;647;493
714;582;621;503
739;577;600;497
756;550;571;507
759;587;594;511
749;565;598;519
754;597;590;510
753;618;623;523
751;604;624;531
734;553;608;531
762;591;608;536
766;613;615;524
762;587;608;523
766;582;610;528
775;614;604;512
770;596;614;543
768;597;612;541
785;636;617;539
786;649;618;519
746;608;618;508
734;594;622;527
719;617;627;534
723;632;633;526
723;596;625;527
721;547;609;525
722;554;614;526
723;492;600;531
721;457;588;535
723;463;591;531
722;465;595;529
732;512;598;529
740;543;602;525
769;656;630;563
783;688;627;527
771;667;613;521
741;545;592;522
736;521;596;538
725;481;597;536
723;482;598;538
724;480;598;541
783;619;599;504
780;620;610;537
719;461;594;523
718;446;589;535
720;452;591;538
720;461;593;537
732;592;613;537
745;670;611;497
744;638;586;496
726;536;588;519
749;571;615;546
759;543;611;573
756;549;615;569
737;525;609;552
740;579;603;506
761;632;618;539
766;652;622;527
745;569;598;520
728;464;580;526
710;415;569;514
719;456;591;524
723;489;602;535
750;543;606;532
766;566;609;540
733;535;612;524
730;513;610;536
729;522;613;541
739;577;619;536
736;561;618;527
763;633;612;516
770;647;623;522
757;638;629;525
748;644;635;531
749;659;654;583
737;652;636;534
728;632;631;527
748;640;627;530
746;601;621;537
771;652;622;534
790;668;619;544
779;664;612;533
789;686;604;522
793;700;611;523
809;705;620;550
790;684;628;541
759;628;624;518
740;551;610;530
727;486;599;535
722;470;595;531
722;477;600;534
723;477;601;535
734;606;603;504
756;687;640;552
759;706;633;501
743;650;610;491
730;555;600;510
750;635;612;475
757;641;632;534
757;644;633;537
749;644;631;534
725;649;620;487
717;660;645;496
739;687;657;517
736;657;634;497
752;645;601;484
757;593;620;519
734;549;583;492
732;515;585;512
754;585;605;518
780;643;628;525
779;632;613;531
764;605;611;518
748;556;610;515
736;509;597;526
736;572;600;555
767;546;629;557
751;529;611;545
728;493;594;535
731;514;600;539
705;622;602;477
718;670;643;503
722;681;650;503
722;664;642;505
712;611;623;512
713;541;606;524
708;474;591;543
708;421;555;512
712;439;574;522
747;556;597;531
770;607;601;545
773;627;601;526
772;663;603;518
761;656;594;529
767;670;610;535
766;662;613;551
753;623;609;546
737;551;604;543
732;608;610;514
748;658;631;551
751;664;630;514
772;687;634;522
788;694;630;528
789;700;632;526
791;700;634;534
795;704;632;521
786;694;627;523
778;695;632;521
753;675;635;529
722;656;622;476
718;630;622;510
718;614;620;516
718;584;614;521
723;564;610;526
763;578;619;543
762;510;583;548
752;506;594;559
739;513;597;550
784;610;633;606
793;627;630;632
789;641;637;625
789;651;639;623
794;640;615;623
763;627;638;576
747;600;631;548
721;498;590;525
711;440;566;522
710;427;572;524
719;519;605;531
724;569;622;528
729;600;614;525
740;629;627;533
747;627;629;546
755;638;627;532
752;599;603;538
729;527;595;521
720;495;591;529
714;537;590;524
731;641;645;547
725;616;640;531
719;537;605;525
728;618;628;543
736;659;632;527
738;665;630;524
728;610;605;513
718;535;590;520
742;437;573;520
752;554;615;587
752;561;620;589
740;542;609;566
735;611;604;513
732;616;595;515
735;649;610;487
741;660;600;513
737;640;603;522
727;554;600;537
718;579;614;534
692;622;604;450
723;643;634;533
719;622;625;525
718;554;606;522
720;545;609;525
741;562;579;514
746;541;568;519
739;541;586;524
746;576;599;532
765;617;600;533
768;605;597;535
750;540;591;532
763;634;628;512
763;628;623;547
747;589;615;544
726;538;604;544
750;588;609;540
766;617;607;533
770;605;603;545
743;538;587;530
731;500;580;531
716;464;582;539
727;512;596;544
749;586;617;557
774;620;608;543
759;590;607;546
738;569;617;553
735;503;576;561
749;577;620;567
750;591;629;575
753;635;628;562
758;646;628;563
768;667;623;550
752;625;596;527
732;624;616;533
715;660;636;504
720;658;643;524
718;618;621;520
709;536;593;515
715;438;570;521
716;480;596;535
731;551;600;527
747;591;616;534
754;615;628;543
767;637;626;544
770;633;615;542
771;631;610;538
779;651;603;533
780;663;608;553
768;669;597;519
755;648;598;517
735;601;603;537
728;548;597;534
710;456;592;538
715;518;601;522
722;615;595;496
738;647;620;515
740;643;623;527
754;624;613;538
768;610;622;542
762;574;617;555
735;628;630;545
719;675;649;471
700;655;629;502
706;652;625;503
713;625;620;520
722;574;604;529
712;474;553;483
735;499;580;528
748;547;599;565
757;554;613;605
745;549;615;578
727;519;614;548
729;620;630;519
737;620;626;568
738;642;617;522
730;569;601;524
726;532;595;531
721;483;593;536
716;468;586;534
741;540;586;530
763;598;601;515
777;626;600;528
790;658;605;536
795;668;622;536
782;654;622;552
749;653;622;535
708;652;616;447
722;660;643;530
719;629;630;539
717;567;613;537
721;519;616;547
713;453;575;516
715;590;594;484
732;657;610;508
744;686;616;499
751;689;632;545
747;643;623;550
741;581;596;554
737;511;598;574
735;531;603;561
730;524;602;552
741;619;617;551
736;590;598;542
744;621;583;523
767;667;599;531
755;642;601;521
751;625;581;518
729;531;591;535
721;476;589;535
721;483;591;533
721;483;594;540
738;589;599;522
754;635;601;511
759;636;595;526
734;586;603;530
718;564;611;551
722;625;630;541
727;623;634;555
742;634;624;532
761;671;631;550
753;637;618;539
726;556;603;521
754;510;563;569
761;529;622;588
755;542;622;592
757;607;615;561
777;655;598;524
758;643;602;519
750;618;599;529
737;564;596;530
747;613;614;540
746;584;604;530
731;656;625;535
754;700;658;569
732;693;652;532
726;692;648;506
729;686;635;498
725;652;622;503
732;630;610;509
727;605;555;451
742;593;578;513
741;619;598;518
744;625;605;520
745;628;608;521
745;627;608;521
744;624;609;521
745;627;610;528
751;639;621;535
753;648;626;538
752;644;625;532
753;647;625;532
753;648;627;532
753;649;627;533
754;649;627;536
755;650;628;539
755;649;627;541
755;648;628;542
755;646;627;543
755;647;628;543
756;648;628;544
756;649;628;544
757;651;628;544
757;650;628;544
756;648;628;544
756;641;627;546
752;622;617;544
734;532;600;543
724;469;592;548
719;476;588;535
721;478;590;537
755;592;623;552
761;594;618;550
786;633;604;508
787;641;613;541
786;646;617;549
791;680;617;534
773;669;608;472
775;676;608;497
774;672;601;512
754;640;593;524
744;617;601;530
729;563;601;531
730;559;598;531
722;500;595;535
719;496;597;536
719;498;598;535
720;504;601;537
721;513;606;539
721;528;608;540
721;524;605;537
723;521;601;538
723;522;602;537
723;523;602;538
723;524;602;538
723;513;600;538
723;510;598;538
724;513;598;537
722;508;598;537
722;505;598;538
723;506;597;538
723;506;598;538
722;505;597;539
722;505;598;539
722;507;599;539
722;513;602;539
722;515;603;537
723;515;603;539
723;516;603;538
723;516;603;539
723;517;603;539
720;510;603;539
717;499;604;540
714;468;599;540
716;465;596;542
716;466;596;542
717;465;596;543
716;461;595;542
716;458;594;542
715;462;593;542
717;466;596;545
729;547;597;530
740;634;589;518
732;629;609;525
724;579;604;529
727;552;609;542
727;564;610;540
720;495;598;540
713;457;576;533
709;425;569;531
712;444;579;534
714;463;589;539
717;473;594;541
717;469;593;539
714;461;587;536
714;455;584;537
760;565;653;611
783;609;636;561
762;523;602;553
730;454;569;538
718;445;570;534
715;445;578;533
719;456;587;541
720;475;594;540
719;474;593;540
718;463;589;540
719;464;591;540
719;467;594;540
719;468;594;540
719;473;595;540
720;476;598;540
720;479;599;539
720;483;600;539
719;484;600;539
720;484;600;539
720;483;600;540
720;483;599;540
720;483;600;539
720;484;600;540
720;484;600;540
720;484;600;540
720;483;600;540
720;484;601;540
720;483;600;539
720;482;600;540
720;483;600;540
721;482;600;540
720;483;601;540
720;485;601;539
720;486;603;538
721;486;601;538
720;484;600;539
721;484;600;540
720;479;598;540
721;472;596;541
720;471;596;541
721;471;596;541
721;471;597;541
721;470;596;540
721;472;597;541
742;518;623;632
745;445;602;653
741;470;601;632
735;486;600;598
728;475;597;561
724;451;585;544
719;456;579;522
728;462;589;570
738;473;598;612
746;486;607;640
744;498;607;632
737;482;603;606
730;480;596;571
724;482;596;539
724;491;598;539
728;504;608;560
737;516;609;605
743;511;609;624
742;508;608;621
748;495;606;642
744;513;611;624
734;510;606;582
724;502;595;523
720;470;581;535
722;474;586;534
737;500;603;608
750;518;613;637
755;529;619;651
750;526;618;635
735;495;600;579
731;516;606;521
727;480;588;539
725;488;589;534
727;498;592;535
747;533;614;625
745;526;609;623
740;506;601;605
739;505;605;597
735;525;609;570
726;508;596;526
729;524;598;538
729;522;597;537
737;494;599;582
753;536;616;639
750;535;616;628
738;533;612;581
730;535;607;530
730;527;600;532
731;529;600;542
732;531;599;539
732;545;611;535
744;568;630;597
749;566;630;611
753;576;631;618
751;573;627;598
760;554;617;633
762;570;625;641
762;579;629;640
762;584;631;636
761;599;635;627
759;607;636;617
757;616;640;604
750;625;647;589
745;628;648;574
743;625;640;558
745;624;639;567
746;627;644;578
752;628;646;592
753;628;646;594
754;629;645;598
755;629;646;602
756;632;647;603
756;633;649;604
756;632;649;604
756;633;649;604
757;634;650;605
757;637;649;605
757;637;651;604
756;637;650;603
756;637;651;604
757;637;651;605
757;638;650;605
758;639;651;606
758;639;651;606
760;640;652;616
764;639;651;634
767;636;649;643
764;623;638;626
770;632;646;646
762;637;649;609
753;639;649;562
737;620;625;496
741;620;633;524
746;625;641;550
757;629;648;598
758;632;650;593
768;626;649;643
765;637;651;623
757;635;650;588
752;632;645;566
747;630;646;556
748;633;650;566
754;634;651;592
760;619;646;617
765;630;650;634
765;632;650;635
760;630;647;610
751;630;647;582
744;630;646;548
740;625;643;532
737;626;648;517
735;628;651;517
734;630;652;525
734;631;652;527
734;630;652;528
734;632;653;530
734;631;653;532
734;631;653;533
734;631;654;535
735;632;654;537
734;628;653;535
734;625;651;531
732;623;650;527
731;623;650;525
731;621;644;521
731;612;637;515
731;598;630;509
732;578;615;526
731;571;609;529
731;567;610;530
731;564;610;531
730;558;608;531
730;554;607;531
729;549;606;532
730;550;604;532
729;547;605;532
729;549;606;532
729;549;606;532
729;548;607;532
729;548;607;531
729;549;607;531
730;553;607;531
731;556;610;533
733;560;611;536
736;569;615;536
735;567;615;535
737;570;617;536
739;586;618;535
740;589;619;535
741;595;621;534
743;600;624;535
744;604;625;533
746;612;626;534
749;618;628;535
751;621;629;535
752;618;628;538
744;593;618;539
724;496;603;536
722;483;599;542
721;482;598;541
720;471;596;543
720;466;593;541
719;456;588;540
722;493;591;539
763;676;609;519
757;664;611;526
743;619;608;529
726;538;598;529
721;467;582;520
704;452;572;434
738;553;587;519
730;571;603;540
730;550;605;550
705;639;613;479
728;674;646;531
715;679;647;511
733;695;652;522
732;683;642;520
747;679;642;546
777;679;635;559
797;692;632;553
789;666;613;549
789;686;606;545
768;672;591;485
766;678;598;511
763;678;607;526
735;610;600;534
717;529;586;530
726;589;615;518
730;622;599;520
730;637;606;495
732;634;611;509
732;624;617;526
771;588;624;577
781;591;621;582
768;554;597;563
738;519;595;539
726;493;597;542
713;438;574;533
717;461;586;539
719;477;593;541
718;467;587;539
718;469;585;540
723;495;587;539
712;682;642;448
718;697;655;506
724;693;648;491
724;681;641;497
722;648;625;496
722;583;604;501
730;543;602;538
721;505;567;503
726;530;592;517
727;535;596;520
728;540;599;521
729;542;598;522
728;544;596;521
727;540;596;521
728;547;599;522
760;587;646;671
763;592;633;660
750;540;607;616
739;518;588;553
732;528;592;550
727;512;590;519
726;544;597;521
726;550;601;527
726;550;607;525
726;549;603;525
727;556;604;526
725;549;599;513
729;573;614;518
730;579;618;523
729;580;619;524
728;579;618;525
726;576;619;525
726;569;617;522
726;561;612;523
721;634;629;508
712;651;621;488
711;682;652;491
715;680;652;498
715;647;634;503
717;574;611;515
699;440;538;437
714;452;566;519
717;461;589;530
718;476;593;532
717;467;590;529
715;461;583;527
714;456;580;527
715;458;581;528
765;647;617;543
770;608;609;559
744;546;607;533
751;559;614;561
752;551;614;568
731;488;586;551
726;491;598;552
716;483;596;527
729;502;602;527
759;561;623;590
770;578;627;611
776;605;641;621
776;593;629;612
772;649;641;603
768;654;648;595
753;686;660;577
734;684;661;542
741;703;663;520
743;710;667;557
733;678;648;539
723;623;614;524
714;494;564;497
714;498;580;515
711;446;573;525
719;487;592;528
720;495;595;530
719;477;591;529
716;468;584;528
714;470;586;528
719;463;588;560
741;467;607;651
740;436;606;620
723;461;589;545
722;460;577;520
728;498;583;520
728;507;585;519
729;510;586;522
729;512;586;522
730;514;587;522
730;515;587;522
729;504;586;543
752;543;621;642
754;544;625;643
740;506;603;578
720;526;582;495
731;499;582;538
729;509;583;535
732;519;589;539
735;531;592;540
738;538;593;537
742;570;600;534
762;620;619;571
773;677;651;592
754;687;650;552
753;687;656;565
748;700;665;562
742;689;657;548
729;666;629;502
741;666;633;506
768;696;619;496
776;690;619;514
774;662;612;516
770;641;607;517
762;650;609;519
718;646;595;515
721;572;594;517
710;513;593;522
712;480;591;529
713;470;589;529
714;466;588;530
714;464;586;530
714;463;585;530
715;468;587;531
715;467;587;531
715;467;588;531
715;466;588;531
715;465;587;531
756;465;601;677
756;486;628;662
734;464;603;597
741;521;591;551
766;557;573;534
777;601;599;543
782;618;609;549
796;669;610;510
785;676;629;551
769;661;629;538
739;611;618;519
768;619;621;537
775;628;636;578
774;615;628;582
762;585;620;563
769;650;639;569
764;674;636;537
761;689;658;557
759;695;658;558
761;704;658;550
750;692;657;543
729;669;615;499
731;682;640;505
724;636;613;513
720;552;600;522
719;532;593;523
703;422;555;529
716;483;591;531
716;474;589;530
714;465;585;529
713;464;582;529
713;464;581;529
715;466;587;531
727;532;591;518
757;616;562;502
773;657;605;536
771;640;612;555
770;626;625;581
775;647;627;576
765;643;638;581
761;642;625;572
766;661;633;552
801;699;627;538
794;678;610;535
768;655;610;528
749;649;619;524
723;645;611;495
739;655;626;528
728;641;632;535
757;643;613;522
783;634;606;552
781;664;641;549
769;670;653;529
781;652;638;560
766;617;625;557
744;621;611;543
750;629;605;533
728;549;599;538
724;516;586;536
719;484;574;532
720;502;588;534
725;585;610;531
730;641;604;487
743;664;642;548
740;661;643;551
742;671;637;550
730;680;629;524
731;698;654;532
731;691;649;539
723;648;621;528
743;614;627;576
761;533;619;615
759;556;639;619
739;541;625;584
725;527;616;551
725;516;611;547
740;528;598;560
763;664;654;598
767;673;649;588
757;651;609;572
766;656;592;541
750;600;555;515
739;574;579;527
736;564;590;538
738;605;624;560
754;659;644;555
738;630;618;533
757;630;591;502
773;644;603;530
763;615;596;525
739;619;598;523
736;594;606;535
709;561;608;528
721;596;623;530
721;565;611;532
736;631;636;551
757;657;629;542
746;623;601;532
739;541;579;525
757;580;620;583
738;556;614;560
746;579;619;557
770;593;591;538
765;589;598;534
756;603;625;549
755;609;629;562
752;597;625;579
750;600;632;585
748;652;652;575
725;680;653;503
737;679;659;553
732;657;645;540
720;573;598;499
744;592;613;536
736;592;601;535
745;584;569;500
753;629;600;528
773;674;623;550
788;683;624;569
774;686;604;523
752;643;595;525
730;559;591;534
724;501;598;543
734;616;618;546
733;607;613;544
749;671;615;533
753;680;625;544
751;642;619;549
737;578;610;544
733;537;611;549
726;510;603;542
725;502;602;545
781;559;617;595
781;629;634;567
751;647;638;528
734;630;632;515
730;650;626;481
709;630;627;512
718;662;642;502
730;680;652;511
738;686;655;516
754;698;668;574
746;693;653;539
782;692;652;585
774;651;634;565
754;619;629;569
733;581;629;549
728;543;615;544
714;454;579;530
724;526;606;535
729;563;619;540
721;611;614;496
740;655;646;549
752;656;641;548
753;633;621;545
777;641;617;557
799;679;613;534
804;687;624;560
794;669;609;541
776;632;602;529
771;623;603;524
744;593;627;553
738;558;615;559
721;467;592;545
733;560;590;539
749;603;606;547
761;663;603;523
760;664;604;527
750;642;606;529
735;587;606;531
735;605;613;548
724;529;613;553
737;535;604;564
747;589;635;570
747;627;642;565
746;649;646;571
723;657;637;527
730;640;631;545
731;631;631;551
722;560;617;537
720;577;610;539
751;629;607;552
754;645;603;542
754;635;600;539
767;650;607;527
763;670;616;538
777;685;612;526
776;665;601;537
762;678;639;576
760;678;646;583
758;652;647;571
779;678;654;600
782;701;672;609
780;691;662;608
750;571;607;563
726;524;600;542
709;420;563;525
720;472;591;538
722;493;598;540
722;482;595;539
720;471;589;537
720;472;591;537
721;472;593;538
722;477;596;540
722;479;597;540
722;477;596;539
722;474;593;538
721;473;593;538
722;475;596;540
722;475;597;540
722;475;597;540
722;475;597;538
721;472;594;538
722;471;594;539
723;473;597;539
723;473;598;540
723;472;598;540
723;472;596;540
