685;587;582;701
685;588;582;701
685;587;582;702
685;587;582;701
685;587;582;701
685;587;582;701
685;587;582;701
685;587;582;701
685;587;582;701
685;587;581;701
685;587;582;701
685;587;582;701
685;587;582;701
684;586;581;700
684;586;581;701
685;586;581;701
684;586;581;701
685;587;582;701
684;586;581;700
685;586;581;701
684;586;581;700
685;587;582;701
685;587;582;701
685;587;582;701
685;587;582;701
685;586;582;701
685;586;582;701
684;586;582;701
685;586;582;700
685;586;582;701
684;586;582;701
685;587;582;701
685;587;582;701
685;586;581;700
685;586;581;700
685;587;583;701
685;587;582;701
685;587;582;701
685;586;582;701
685;586;582;701
685;587;582;701
685;587;582;701
686;587;582;701
685;587;582;701
685;587;582;701
685;586;582;701
685;587;582;701
685;587;583;701
685;587;582;701
685;587;582;701
685;587;582;701
685;587;582;701
685;587;582;701
685;587;582;701
685;588;583;701
685;587;582;701
685;586;582;701
685;587;582;701
685;587;582;701
685;586;583;701
685;586;582;700
685;586;583;701
685;586;583;700
686;586;583;699
686;584;582;699
686;583;583;698
686;584;582;698
686;584;583;698
686;584;583;698
687;584;584;698
686;584;583;698
686;584;583;699
687;584;583;698
687;584;584;698
686;584;583;698
686;584;584;699
686;584;583;699
686;584;583;699
686;584;583;699
686;584;583;698
686;584;583;699
687;586;584;699
688;589;589;700
689;597;595;701
691;604;600;702
693;612;603;703
694;617;608;704
696;621;610;705
696;622;611;706
696;617;606;706
694;602;599;704
697;605;601;707
706;611;605;708
718;629;612;710
728;641;614;709
728;641;611;708
724;636;610;706
727;644;614;706
732;648;616;706
742;660;617;705
740;663;616;701
740;665;616;699
734;659;616;699
730;654;615;697
737;653;617;701
743;654;619;705
743;651;618;706
742;646;616;706
741;645;617;706
745;644;618;713
742;626;607;717
739;626;614;718
726;621;612;713
751;650;609;707
749;667;611;689
744;655;594;688
749;653;559;687
739;647;570;689
783;688;593;699
763;667;609;698
743;632;594;690
712;592;576;692
747;589;544;700
750;632;607;714
752;641;618;716
735;627;607;709
714;609;596;702
714;617;595;703
697;635;611;699
703;655;626;700
679;659;628;698
688;662;624;692
692;645;613;698
707;629;600;700
749;608;561;702
763;649;613;699
751;643;607;701
718;614;593;696
700;588;573;693
708;645;617;695
725;694;635;696
722;686;635;697
704;651;621;698
722;657;619;699
731;647;616;706
753;693;621;695
754;689;619;697
748;705;633;692
727;681;632;698
696;693;633;680
700;691;642;689
695;650;627;696
714;653;615;700
730;636;569;695
756;682;597;694
747;675;605;692
732;654;600;693
733;690;632;693
728;694;633;690
694;636;594;690
687;576;574;693
673;509;558;690
685;582;598;696
724;632;628;714
755;636;630;735
738;627;617;715
753;638;609;711
758;642;607;706
756;642;609;706
738;631;607;701
711;612;597;698
686;560;573;693
737;645;606;694
755;667;623;709
768;684;631;706
751;653;618;702
755;639;571;684
762;648;590;693
782;678;607;699
784;685;620;702
781;683;622;703
764;661;616;703
752;679;628;694
694;689;612;661
722;695;641;702
707;694;645;699
700;657;628;700
693;634;603;696
682;544;552;691
688;595;584;696
694;612;594;698
693;609;595;699
688;595;586;697
686;583;570;693
682;581;568;693
684;587;572;693
686;592;576;694
685;593;576;693
686;595;574;694
685;594;573;694
684;594;573;694
684;594;574;696
705;626;608;717
741;624;607;752
728;616;604;737
696;595;576;705
674;554;549;705
677;554;555;691
682;580;570;693
687;600;587;695
700;608;587;695
757;617;488;690
759;649;584;694
734;636;598;698
706;621;590;695
685;628;576;685
687;646;604;690
702;712;639;662
685;687;625;688
677;649;609;689
687;641;610;701
657;560;532;669
676;573;558;684
683;593;574;693
683;596;584;693
683;590;578;694
697;646;613;697
701;675;594;680
691;648;601;696
719;640;607;704
760;646;584;697
756;658;593;697
710;628;588;692
688;606;586;693
675;579;570;697
701;632;562;685
742;673;593;682
752;699;621;699
745;680;618;703
713;642;602;701
728;653;614;703
736;630;617;722
728;630;612;718
710;618;603;711
711;621;605;710
731;625;589;694
759;637;594;707
768;647;596;703
785;674;606;706
785;683;615;709
776;675;604;700
764;654;593;697
735;667;612;693
722;657;617;696
672;662;605;676
692;683;632;694
690;647;615;694
685;633;603;700
685;600;599;701
687;604;598;700
697;638;601;692
725;690;635;700
725;696;638;697
715;673;624;697
762;691;619;697
779;707;626;701
779;698;614;703
772;690;580;697
787;728;602;699
777;720;600;697
767;714;604;697
755;692;593;696
767;690;591;694
769;677;595;700
758;652;591;699
739;639;601;702
713;634;605;701
706;658;621;700
652;701;626;649
712;698;643;697
705;678;635;702
693;635;608;701
674;561;564;694
686;601;590;699
718;647;601;698
748;698;604;677
746;691;598;683
729;661;587;689
709;635;589;694
696;623;592;697
676;571;576;697
679;589;585;699
746;640;616;717
762;654;611;714
751;644;606;710
714;623;597;702
686;610;599;703
683;583;571;701
682;580;571;700
684;588;579;701
685;593;587;702
727;647;624;714
731;635;606;716
726;629;604;715
716;625;603;712
706;625;598;707
698;631;602;701
699;622;580;697
701;624;575;697
765;667;610;713
765;671;603;704
750;654;603;701
717;638;600;700
721;639;598;701
752;643;596;709
763;676;621;715
753;665;621;714
720;640;610;708
700;621;597;705
698;621;595;704
703;628;595;703
709;639;599;703
713;645;606;704
707;636;601;703
702;629;597;703
702;630;597;702
704;634;599;703
705;636;600;703
708;638;602;704
706;638;603;705
747;645;598;707
771;674;606;715
768;682;619;712
760;674;617;709
729;654;608;705
728;655;600;700
717;666;615;703
720;686;628;702
719;694;630;700
717;703;637;699
707;695;630;697
685;717;637;699
699;727;645;697
700;710;639;700
700;678;625;702
700;670;620;702
713;641;610;705
706;638;599;700
704;631;589;698
732;664;594;697
744;688;601;696
743;692;614;701
718;650;605;702
757;663;614;717
760;663;629;726
749;643;619;719
721;626;607;710
700;608;599;705
758;643;594;702
775;662;611;715
762;653;609;713
759;663;609;711
753;661;602;706
736;670;610;703
753;695;613;701
755;693;611;701
750;686;609;702
760;693;619;706
774;681;606;708
774;686;613;708
758;662;611;705
735;645;612;703
709;625;603;700
698;621;596;691
682;626;596;685
685;647;612;697
678;680;625;687
694;689;638;696
691;658;623;700
687;632;604;701
694;593;594;702
680;581;570;696
681;576;570;699
683;593;590;701
708;676;625;706
732;711;620;695
736;718;623;692
721;690;613;694
710;651;596;695
696;628;573;690
690;603;563;694
686;606;571;694
688;614;586;696
753;652;627;709
760;666;615;699
742;639;592;699
701;603;568;694
665;526;556;692
709;602;585;706
754;647;623;722
754;639;615;724
727;612;599;711
759;635;609;712
746;621;567;697
708;593;557;694
680;582;584;700
682;594;590;699
682;592;586;697
682;590;574;697
681;589;573;697
744;693;588;660
743;701;621;683
715;642;594;693
699;624;582;696
681;589;586;696
685;598;588;698
687;647;614;695
696;648;622;699
668;667;620;684
690;676;632;693
689;645;615;698
690;645;614;699
695;622;603;697
692;613;589;694
685;591;567;691
684;592;567;691
709;671;577;674
721;695;601;686
721;692;613;692
709;660;609;697
735;646;606;710
747;647;622;717
736;620;598;716
751;673;634;715
753;718;644;714
750;718;657;710
753;709;647;713
763;715;652;727
754;692;639;724
734;648;607;712
704;617;590;699
693;622;599;696
682;582;563;691
679;557;558;692
705;628;607;699
741;687;645;713
728;655;625;709
709;633;605;702
733;633;590;697
729;641;606;701
752;639;584;698
742;633;585;700
729;623;583;701
703;603;578;700
744;635;609;713
733;632;604;701
749;629;589;706
747;629;583;705
764;653;600;705
779;679;605;702
769;666;603;701
740;633;571;697
715;618;575;699
715;622;588;700
685;616;593;697
687;643;608;696
685;671;624;687
702;655;622;702
692;625;598;702
725;667;602;696
748;697;603;684
744;676;599;698
721;646;595;698
737;648;597;704
737;649;616;710
739;649;620;710
754;693;643;717
755;718;647;710
735;696;629;701
733;680;624;705
731;678;643;713
743;681;627;710
747;677;623;710
715;635;587;698
679;648;601;691
692;658;620;699
675;656;618;693
680;667;622;690
695;677;630;693
708;668;627;702
725;670;636;710
729;664;624;704
745;686;619;704
744;660;608;707
739;669;581;693
725;653;568;692
719;649;587;696
707;631;585;698
699;693;615;682
708;693;634;691
709;662;617;699
694;622;591;702
758;704;575;691
752;683;618;708
745;674;619;705
719;640;602;700
699;622;588;698
691;606;592;701
758;641;567;713
757;651;613;717
751;650;614;715
735;654;596;701
708;628;572;696
737;665;581;700
745;678;598;699
740;672;601;701
724;653;598;701
704;633;593;701
711;645;617;708
737;667;607;695
742;673;618;702
740;675;622;702
739;671;622;703
786;712;603;695
779;691;611;701
767;675;606;701
725;644;606;698
716;673;620;693
695;709;646;698
702;708;648;692
701;679;631;696
692;642;606;698
688;625;589;699
674;550;558;696
684;598;590;701
676;635;600;690
656;724;637;692
656;691;613;690
705;675;591;693
776;737;599;659
760;713;597;688
741;679;586;689
708;630;564;691
699;618;561;692
678;570;567;697
680;582;576;697
681;583;569;696
680;582;568;695
680;578;568;695
681;583;570;697
743;711;651;716
735;721;643;704
705;677;620;695
684;609;581;693
664;516;527;677
670;532;534;686
695;636;603;691
721;704;638;687
719;689;622;696
696;628;588;698
692;618;593;700
685;607;582;695
684;606;581;695
729;636;603;711
754;654;623;725
740;639;604;714
713;623;593;700
704;622;591;696
697;610;581;695
698;625;592;693
702;627;595;696
700;621;590;695
767;644;610;695
770;674;610;711
755;651;609;704
715;625;599;694
694;602;570;690
698;642;611;677
698;652;622;689
681;644;607;680
684;640;601;675
686;626;592;681
693;629;591;687
708;628;610;700
701;620;606;698
707;626;612;702
709;627;610;700
745;642;603;699
765;652;592;699
761;654;600;697
777;717;599;677
780;729;610;685
773;727;606;690
763;710;593;688
742;672;568;689
757;664;591;671
768;676;590;694
754;650;599;700
732;646;605;698
717;656;612;695
706;648;613;692
702;653;587;672
712;683;623;693
707;673;625;699
697;643;610;701
690;627;598;699
678;545;548;690
687;594;569;691
692;648;613;694
688;687;631;690
698;693;639;692
693;655;622;696
688;622;588;697
696;581;587;701
685;587;569;695
687;618;585;689
728;704;644;703
729;713;648;697
715;689;634;694
697;639;604;696
757;655;590;702
746;618;554;694
707;608;567;695
677;582;580;698
681;589;584;698
682;591;586;699
732;632;591;701
761;637;595;704
756;633;573;705
714;614;585;702
681;579;585;700
684;589;585;700
684;590;585;700
684;588;575;699
691;623;574;697
744;671;590;698
759;705;604;693
738;668;604;696
687;645;605;691
673;626;570;678
673;643;604;689
687;653;616;692
691;635;606;698
738;646;603;703
758;653;586;691
762;668;580;689
763;688;603;691
764;705;610;691
771;727;607;665
772;724;610;688
771;723;608;692
757;694;602;693
740;668;599;691
721;641;599;692
711;616;599;694
730;692;618;641
732;687;625;689
730;680;622;688
727;675;621;689
756;692;622;690
778;697;628;699
779;698;620;694
773;679;607;694
762;642;588;694
774;693;604;687
774;718;619;680
766;707;619;687
757;687;612;686
742;657;596;688
714;637;595;685
707;653;623;693
692;691;640;669
709;696;647;690
705;675;638;690
707;659;621;686
723;659;598;685
744;656;560;675
755;683;598;689
758;691;608;698
754;683;607;697
757;679;612;696
766;671;613;696
757;657;620;700
725;631;608;693
714;614;605;696
714;595;600;701
723;614;610;706
745;648;631;713
751;644;625;714
751;640;622;714
761;656;623;717
772;672;624;720
753;660;629;712
717;613;591;694
696;586;564;692
708;619;599;696
711;627;606;699
708;624;606;698
697;602;594;692
693;643;604;671
744;732;656;683
743;719;652;698
727;685;628;694
733;677;612;688
751;698;600;679
740;669;603;693
710;653;604;693
705;671;622;694
711;701;642;665
701;685;635;677
696;660;626;683
719;660;640;698
750;698;631;700
749;683;621;696
716;641;608;693
692;602;593;692
685;552;567;690
682;548;565;688
684;561;574;691
739;609;610;699
773;652;611;707
773;660;612;702
743;632;599;695
706;598;589;687
685;556;570;691
731;631;612;707
754;640;622;725
736;625;615;712
714;611;606;704
700;609;607;696
766;624;612;708
755;625;565;685
719;597;567;684
701;587;576;687
694;573;585;692
692;585;591;693
692;585;592;695
704;642;618;692
720;688;645;703
709;671;634;695
698;644;615;694
696;622;599;697
703;628;606;700
703;683;619;702
756;671;603;700
732;644;600;698
714;619;593;699
713;624;603;702
699;597;601;697
757;658;637;726
759;653;634;726
748;641;622;718
744;645;620;712
744;649;620;710
765;673;631;715
782;681;625;725
771;666;616;714
757;654;615;708
740;647;614;701
729;641;608;698
708;616;587;691
767;650;615;708
768;671;609;695
753;658;620;695
717;661;627;691
685;652;631;688
718;697;654;703
705;691;644;692
695;645;620;693
698;644;616;696
718;627;605;694
713;623;589;693
710;622;589;690
733;682;629;694
741;708;626;679
728;683;621;693
709;641;605;696
699;623;598;687
703;628;605;693
703;625;599;693
700;617;594;693
699;615;592;693
701;621;594;694
706;620;595;694
749;645;606;705
764;672;624;711
765;673;626;712
776;690;633;718
780;703;642;724
780;687;631;723
784;695;640;729
780;698;643;727
774;701;650;727
761;692;644;718
754;672;631;713
755;676;608;691
761;703;604;678
759;707;632;698
742;666;611;696
718;629;588;691
715;624;588;691
713;572;539;689
743;618;589;706
755;692;635;706
750;695;643;706
737;676;621;696
736;678;627;700
715;667;628;697
707;643;614;699
752;708;625;674
748;686;624;700
731;649;607;694
696;664;613;683
705;661;621;683
695;652;618;686
702;661;624;684
694;643;604;683
689;630;592;684
689;618;603;694
707;623;602;693
782;696;585;701
772;675;619;701
760;652;613;700
734;631;600;695
742;653;625;699
756;684;637;698
744;658;619;700
712;613;597;699
701;595;589;697
709;590;591;703
720;617;609;707
741;631;616;718
729;630;621;714
728;639;613;707
742;652;611;705
730;653;611;700
741;671;592;690
750;682;599;690
768;706;610;694
776;712;614;695
771;702;622;693
766;662;614;701
752;640;592;693
752;619;590;692
714;616;593;693
717;656;614;686
676;679;623;666
710;681;637;696
699;657;624;692
693;628;601;693
696;619;603;698
690;589;592;694
698;636;560;676
721;686;611;688
728;694;624;694
722;666;620;700
739;653;620;710
716;614;610;704
730;598;589;708
744;624;606;716
759;698;650;720
738;671;630;695
746;691;649;706
735;689;649;700
757;692;639;704
767;686;609;690
762;673;614;699
743;630;580;692
714;647;614;693
704;666;636;698
695;649;620;690
683;657;620;676
696;668;634;685
700;651;624;692
717;662;612;690
715;643;600;695
743;662;536;675
732;650;581;686
721;644;601;696
740;669;624;703
749;689;638;705
746;673;631;702
725;642;610;700
730;636;603;705
737;645;621;707
752;638;620;722
747;646;628;718
736;643;621;709
769;663;611;707
766;658;617;707
758;647;608;709
711;623;601;693
704;607;589;697
708;614;592;696
769;659;581;705
779;687;629;709
778;687;634;713
758;659;627;705
731;633;608;698
719;622;591;692
708;615;573;688
713;627;594;695
714;635;601;696
710;629;596;695
706;621;583;693
705;618;577;693
710;623;575;688
710;625;587;692
708;624;590;693
706;619;590;693
702;616;583;692
701;615;582;692
702;618;588;692
701;619;590;693
700;611;589;693
696;604;580;692
697;605;580;693
697;604;580;693
697;604;582;693
696;601;582;693
695;600;581;693
693;599;581;694
693;596;581;694
690;579;579;694
689;577;580;694
688;575;580;694
680;611;590;681
684;623;608;689
658;672;616;643
686;709;645;670
693;698;644;681
689;652;622;687
691;637;605;687
736;635;609;700
742;635;593;691
751;633;584;692
756;650;611;700
753;648;608;698
753;650;604;697
760;693;604;691
742;669;593;682
733;657;598;689
719;642;595;689
705;622;587;687
699;631;559;673
705;655;593;681
706;661;612;690
732;675;632;702
739;659;616;704
741;675;638;707
727;651;630;705
713;635;621;703
738;644;606;697
752;651;616;704
756;659;612;699
741;645;602;696
719;652;617;686
695;651;623;694
714;671;640;700
700;656;625;688
689;625;595;686
689;625;595;688
706;643;604;691
723;658;607;692
740;674;608;688
737;669;592;682
734;660;587;683
758;678;601;692
761;669;601;692
770;684;607;700
766;674;615;699
768;673;608;698
776;697;604;692
779;706;605;694
770;701;593;688
764;702;601;692
758;696;608;696
738;669;603;691
725;666;607;689
714;673;617;687
704;661;621;679
695;654;614;680
698;663;623;681
703;657;626;693
703;639;612;693
691;525;558;693
693;617;591;683
709;641;619;696
720;670;626;687
727;682;641;701
747;681;644;715
758;690;648;722
745;643;618;712
730;635;609;705
728;658;606;694
739;701;622;688
741;714;640;691
732;696;630;693
730;686;621;690
749;699;617;684
767;705;613;688
770;697;616;699
762;675;615;700
739;631;598;698
725;636;604;693
713;658;618;693
689;656;616;676
698;672;630;691
709;686;641;693
704;657;626;693
697;634;607;691
693;593;564;685
725;652;596;688
742;677;612;695
742;686;617;692
732;662;606;692
721;641;595;690
763;646;601;718
762;667;639;726
729;634;618;708
702;593;592;693
684;545;566;688
698;594;598;695
722;626;617;706
751;627;606;718
751;638;619;717
735;636;616;709
714;625;609;703
724;636;617;708
715;663;637;695
706;657;623;696
699;647;605;681
702;647;610;692
716;686;634;696
721;709;653;701
702;694;645;691
706;687;639;692
704;644;611;691
697;637;603;689
705;621;604;695
702;650;603;678
742;722;651;676
736;712;646;690
718;672;624;689
707;634;602;694
711;636;607;699
724;631;602;707
754;675;641;720
749;650;622;717
722;628;602;705
708;611;594;700
769;684;614;703
759;667;622;700
754;651;610;699
730;637;604;693
717;645;613;687
720;663;628;694
700;656;618;690
697;659;625;691
702;652;615;693
724;671;614;695
753;692;592;680
756;702;608;692
748;684;608;691
740;664;602;691
758;666;600;696
756;643;589;699
742;630;594;699
726;630;603;701
714;617;601;700
687;599;587;689
723;687;645;704
727;705;649;694
714;670;633;693
698;636;612;693
774;694;584;701
761;655;608;701
760;659;620;704
746;649;617;701
759;667;618;699
779;681;587;685
784;689;598;690
765;669;608;693
748;650;605;693
724;633;600;693
714;626;598;693
718;676;638;696
728;703;649;694
720;672;631;697
703;641;613;697
697;621;601;697
697;646;608;698
717;668;623;701
735;705;627;695
735;710;628;693
736;708;623;685
778;729;610;682
783;726;626;694
780;719;626;699
760;694;627;698
736;689;630;693
700;689;620;660
702;678;638;693
701;672;637;694
696;646;622;694
692;627;604;692
759;712;598;677
766;707;615;699
762;703;617;698
757;690;615;699
750;672;608;697
738;651;599;698
748;673;603;698
727;647;602;698
761;641;603;701
778;661;599;703
772;666;609;704
772;661;609;704
769;657;606;703
757;642;603;702
739;634;599;701
719;621;597;700
707;604;600;703
700;614;594;697
715;638;593;696
716;639;595;697
752;696;600;688
764;717;609;691
769;724;607;693
766;723;607;693
763;715;604;692
791;732;607;678
783;721;610;692
776;711;610;694
759;691;610;696
745;672;609;695
715;640;601;691
699;613;599;694
692;619;605;698
693;636;614;699
685;653;620;681
697;669;630;695
701;677;637;693
703;661;627;696
701;636;608;697
708;647;610;698
746;659;622;704
765;665;610;705
761;658;612;705
743;641;607;701
721;626;600;698
746;675;642;710
753;688;629;700
748;680;629;698
720;646;612;696
714;640;607;697
756;675;623;699
754;671;623;701
748;650;607;696
751;652;612;706
728;646;621;709
732;640;618;710
733;640;619;712
725;639;620;710
714;630;611;707
688;590;573;707
695;607;592;695
700;619;598;697
695;607;593;695
692;591;578;693
692;591;582;693
690;588;576;692
691;587;576;692
691;592;579;693
691;593;580;693
691;590;579;693
689;584;578;694
688;585;579;694
711;484;506;740
716;537;553;741
701;585;591;711
691;587;589;694
700;589;592;706
710;564;575;734
730;607;609;747
726;616;614;733
712;614;604;711
711;606;594;709
691;607;589;685
691;589;569;687
691;589;570;687
694;600;578;689
697;612;589;690
701;622;592;689
700;622;590;690
698;617;585;690
730;634;605;706
743;645;609;713
756;655;624;718
762;662;627;720
762;665;628;719
754;657;624;713
756;649;615;709
752;642;602;708
724;638;605;695
709;615;576;693
711;624;595;693
704;618;583;693
739;663;611;693
752;679;608;683
744;670;618;696
734;653;612;696
723;642;600;692
725;646;598;691
707;628;597;694
752;668;598;692
752;687;625;699
735;660;611;695
722;643;595;691
712;624;564;686
717;637;589;691
721;643;596;694
723;644;596;694
724;646;597;694
723;644;595;693
724;651;603;694
723;650;606;695
728;654;608;697
729;654;610;698
732;657;611;699
738;659;610;700
742;659;610;700
741;657;607;700
741;658;609;701
743;658;611;701
747;670;615;703
747;686;625;702
747;696;634;701
740;719;646;698
732;709;637;696
711;644;608;700
697;550;558;696
695;602;590;694
699;611;597;697
696;600;593;694
695;586;582;693
691;573;576;693
723;632;621;707
753;677;629;708
763;696;643;713
746;669;631;708
752;679;607;699
759;691;566;685
749;660;550;685
726;648;569;688
713;632;586;691
701;617;587;691
741;616;602;717
697;597;590;694
691;560;566;695
686;551;566;693
690;583;592;695
715;607;604;709
748;646;630;728
730;608;606;717
703;580;576;700
756;632;600;705
773;657;596;696
767;636;574;699
736;601;559;689
705;576;564;690
684;549;562;689
731;663;633;701
731;700;637;683
750;694;629;692
733;645;601;688
768;656;581;691
764;646;598;700
747;630;595;699
719;603;574;694
686;569;574;693
683;556;568;691
685;557;567;692
685;560;571;693
733;642;619;705
759;699;620;693
756;689;613;693
730;644;599;692
712;678;629;691
698;699;644;679
696;662;622;686
690;621;590;688
683;590;569;687
689;544;559;694
711;603;605;706
723;608;604;711
719;602;602;710
744;626;602;704
760;642;609;703
757;642;591;683
751;637;595;691
722;617;591;691
720;610;586;690
723;594;590;707
752;634;623;721
754;616;605;724
752;618;607;722
764;629;615;735
760;636;618;734
750;635;622;723
735;639;629;711
700;593;593;697
670;473;523;682
682;543;564;688
714;623;609;700
745;666;638;714
747;668;639;713
730;640;618;707
696;592;583;694
740;632;585;695
754;625;584;701
749;624;568;695
708;610;576;691
673;616;591;682
690;650;617;678
684;631;593;688
684;608;578;692
689;623;593;697
683;589;582;694
680;563;562;694
721;539;541;722
723;620;615;720
722;631;619;722
708;615;604;717
740;643;598;713
748;684;583;693
750;675;564;694
731;653;560;691
711;635;566;694
697;618;570;696
672;569;566;695
686;582;569;699
745;609;557;703
744;629;586;707
700;607;587;703
685;594;582;700
683;592;584;699
682;578;568;696
740;622;580;703
755;648;603;704
737;641;601;704
705;618;587;701
688;593;571;702
687;596;574;703
778;678;558;683
771;670;594;701
770;673;597;698
762;660;591;698
766;662;609;706
764;663;602;702
768;675;603;700
756;657;600;701
712;624;586;696
698;601;568;695
696;645;602;680
715;696;638;698
718;687;624;695
697;640;604;699
690;619;591;700
719;684;631;710
687;659;620;697
693;685;627;702
695;683;631;698
689;643;609;698
689;634;602;700
690;612;599;698
704;653;623;699
705;670;631;700
724;691;629;697
728;685;618;699
744;692;599;698
747;684;605;702
723;647;567;694
712;633;561;693
737;675;599;698
748;698;608;688
736;679;605;698
717;643;595;700
697;614;590;702
675;558;562;694
684;586;580;701
688;602;592;703
741;637;606;710
765;646;595;710
758;638;570;706
722;616;572;704
711;615;589;704
706;660;627;706
699;658;624;702
680;655;616;693
679;651;610;691
677;626;600;697
686;643;613;702
697;615;598;702
693;661;599;674
715;695;617;678
705;681;616;689
703;660;610;699
719;670;625;707
738;660;604;714
746;683;639;719
750;684;626;716
750;680;615;713
749;671;606;713
738;671;596;707
733;671;599;703
715;645;565;696
709;641;568;695
700;629;570;698
688;593;577;703
727;699;632;710
733;718;626;696
716;689;604;693
696;638;585;694
690;620;578;698
679;564;552;693
690;598;570;697
704;628;602;705
711;643;618;706
718;653;623;708
705;636;609;706
693;607;586;703
672;510;510;690
686;581;545;694
691;603;580;699
690;606;589;701
688;600;585;700
685;586;571;699
683;577;567;699
685;588;573;700
687;593;575;701
689;599;577;702
689;598;576;702
689;597;576;702
689;597;577;702
689;598;577;702
688;597;577;701
688;597;576;701
687;594;575;700
687;596;575;700
689;601;576;701
688;619;589;697
674;653;603;677
702;695;636;701
701;701;639;696
697;674;624;698
695;645;601;700
697;643;595;700
694;619;583;697
696;627;592;699
698;629;591;700
695;624;585;699
731;641;590;704
755;660;604;706
722;636;596;703
716;632;597;705
757;660;622;735
742;653;624;722
718;643;608;708
690;613;574;693
694;616;580;698
693;620;582;698
735;692;619;702
735;690;601;699
712;650;579;691
697;635;587;699
707;644;604;703
697;626;596;702
726;666;637;711
742;671;630;711
744;671;626;712
741;664;625;711
744;706;648;711
737;705;645;708
736;719;656;706
718;705;644;699
688;655;613;689
690;642;602;698
698;621;587;698
703;626;598;704
700;622;596;704
737;640;594;706
751;645;600;707
743;645;609;709
724;636;607;707
721;632;599;705
732;658;627;708
747;668;618;708
729;651;614;706
699;621;598;704
687;598;575;699
687;607;593;701
711;624;604;713
721;633;615;718
726;627;608;718
736;628;607;723
768;666;636;732
763;656;621;724
760;663;624;722
726;649;621;706
708;631;601;703
749;683;621;702
748;679;624;707
707;631;599;702
709;639;603;704
693;613;596;703
691;605;588;702
686;591;574;701
686;591;572;699
686;592;573;697
686;591;573;697
686;588;573;697
686;588;573;697
687;588;573;697
687;590;573;697
735;630;605;746
740;605;593;754
718;603;569;733
696;600;565;709
676;585;548;684
689;600;568;695
692;611;581;699
691;612;582;698
689;601;575;696
687;597;571;696
685;597;572;696
687;596;575;697
744;627;577;711
746;657;625;711
723;632;605;707
708;612;585;704
688;603;590;701
716;645;591;696
728;668;595;687
738;673;615;700
717;644;605;700
705;624;586;698
690;605;573;696
732;653;618;709
751;674;606;698
743;654;580;702
715;634;574;698
710;630;573;697
741;640;591;699
752;650;590;702
729;642;594;698
709;629;589;697
703;625;592;702
685;621;580;691
686;637;586;691
691;653;606;694
717;694;643;711
694;680;626;692
697;654;608;698
691;635;587;696
705;618;592;701
695;616;570;696
693;617;573;699
694;621;588;700
693;618;588;700
693;612;587;702
690;605;584;702
720;663;625;706
722;691;636;697
705;650;613;700
689;619;588;698
677;561;552;693
681;586;568;697
684;595;578;698
684;596;583;699
683;591;573;698
683;588;571;698
682;588;571;698
680;584;570;699
681;588;571;698
680;582;570;697
680;579;568;697
680;577;568;697
680;579;570;698
681;584;570;698
691;612;575;698
709;612;587;737
728;610;566;748
719;623;577;720
702;638;595;696
707;638;595;695
707;637;588;698
704;632;588;699
700;623;587;699
694;612;579;699
689;588;577;698
741;624;596;709
755;651;608;710
728;638;605;705
710;622;598;703
735;629;591;701
737;630;588;701
753;644;596;696
758;643;575;701
760;651;571;700
772;684;589;703
771;703;590;690
767;703;596;697
777;706;606;702
766;670;590;696
758;663;595;695
723;630;594;695
708;632;604;698
707;652;611;703
695;635;603;702
671;640;591;689
701;654;615;704
698;646;608;704
703;645;609;704
689;615;589;696
694;615;565;693
735;660;568;692
759;708;627;703
757;710;634;706
747;695;629;705
773;705;629;728
773;702;639;726
759;671;617;712
741;667;612;705
744;675;622;708
753;677;624;712
760;711;641;718
752;716;643;715
748;729;658;713
739;742;669;706
740;758;683;721
719;745;666;694
706;720;652;692
690;677;624;690
691;637;602;696
716;636;600;699
741;684;614;699
748;708;630;698
749;702;625;701
736;673;611;700
743;688;603;696
760;724;605;697
754;701;581;688
742;689;594;698
729;674;602;700
713;651;598;700
742;664;598;705
766;679;610;707
755;663;615;708
723;635;604;704
701;625;602;705
685;603;594;701
748;690;639;707
758;685;622;704
732;642;596;699
747;640;563;695
749;640;563;696
764;665;588;698
781;688;618;703
783;687;615;708
778;681;609;706
758;692;628;705
745;698;633;702
712;704;635;692
689;674;614;687
686;650;606;695
711;673;604;696
717;682;613;700
749;702;607;700
742;690;594;696
728;667;578;692
709;662;585;687
710;663;605;696
714;684;612;697
716;697;627;701
710;682;626;703
737;675;625;713
746;670;621;713
743;659;623;715
741;658;624;718
735;649;619;715
740;644;617;717
735;664;627;716
739;695;639;707
717;657;620;708
697;634;603;701
693;635;605;702
695;638;608;702
682;580;565;696
687;598;585;698
688;600;589;700
688;596;585;699
687;591;576;698
687;591;574;699
687;591;574;700
686;591;574;700
686;586;572;700
684;581;571;698
681;571;569;696
681;569;569;696
682;571;570;696
683;574;572;696
683;579;572;696
718;481;501;744
700;541;531;731
691;592;577;709
689;585;584;701
688;607;591;696
715;581;588;725
725;621;606;745
722;603;588;743
701;603;581;715
695;586;566;703
687;598;571;692
693;597;575;707
742;622;621;754
739;627;617;754
714;622;598;726
700;614;572;706
688;589;559;694
690;608;576;694
690;609;584;697
688;598;573;696
686;587;568;694
685;583;566;695
685;583;568;696
716;676;606;660
716;665;612;695
714;656;604;694
741;658;603;699
724;638;602;702
747;640;587;698
759;647;581;695
781;680;602;697
781;684;601;700
769;671;601;700
742;642;581;692
710;614;569;695
739;626;576;706
744;632;603;716
737;631;603;713
708;615;593;705
705;606;588;705
684;594;586;699
679;572;563;696
728;681;606;699
736;696;619;696
744;697;617;699
735;696;608;694
727;680;603;692
751;703;605;693
755;696;608;705
738;676;603;699
704;625;592;702
715;643;596;700
736;681;593;698
756;691;587;699
754;689;592;699
721;648;592;699
710;639;589;697
685;590;586;703
683;590;579;699
683;587;573;698
683;589;573;698
684;591;577;699
684;593;579;699
684;593;577;699
684;590;574;699
681;583;570;698
680;575;569;698
681;577;569;698
681;577;570;699
679;577;570;699
679;577;569;698
680;578;569;698
679;579;570;698
679;579;570;699
679;580;570;699
715;604;595;751
735;626;609;758
724;617;613;743
694;586;579;711
667;529;530;682
670;528;537;694
676;565;564;695
681;585;576;698
683;589;579;698
687;597;574;698
681;635;592;689
700;707;638;687
689;684;624;691
684;656;609;690
685;637;589;692
689;644;592;696
690;617;582;696
696;629;586;696
696;625;568;693
707;640;590;698
700;631;572;693
703;636;568;694
708;641;575;695
711;643;585;696
713;646;590;698
715;648;592;697
715;652;591;696
716;654;593;697
717;654;594;698
719;656;596;699
719;657;597;698
725;680;603;695
723;669;605;697
724;681;577;689
726;688;598;693
722;676;606;699
737;640;594;715
742;596;579;728
725;624;605;717
714;628;608;709
707;622;603;704
691;595;573;691
694;605;575;697
766;659;543;695
758;644;588;704
720;622;595;702
703;621;603;706
695;611;594;700
727;638;597;701
751;645;604;704
755;654;608;703
752;648;604;704
764;656;605;704
781;682;606;701
778;680;612;700
775;675;605;702
760;654;598;703
735;638;598;700
718;629;596;700
716;630;598;700
737;687;612;694
736;695;622;699
736;690;612;697
716;654;603;699
698;624;592;699
682;570;564;692
685;581;571;698
689;601;590;702
690;606;593;703
691;605;589;702
772;647;621;719
766;659;616;708
756;643;599;702
719;624;588;696
714;617;580;699
693;646;616;699
699;649;622;700
691;645;597;690
696;650;611;696
696;642;608;697
693;638;601;698
684;584;569;698
689;606;590;700
756;652;605;706
754;653;603;710
732;637;598;706
713;620;588;702
689;584;564;698
697;605;583;701
697;614;593;703
696;613;594;703
695;610;590;703
693;603;585;702
691;600;577;701
691;601;586;701
691;603;589;702
746;629;567;690
760;646;594;706
765;654;604;709
793;679;623;719
794;696;608;708
772;665;597;703
716;614;587;700
687;596;581;698
692;605;592;702
691;606;593;702
724;626;587;702
773;658;562;699
764;654;591;703
735;640;596;704
716;631;596;703
697;651;613;702
705;666;625;703
707;701;638;683
698;682;625;691
695;663;612;696
690;636;597;700
692;639;598;700
694;625;601;704
721;651;602;698
720;643;594;699
704;622;588;699
748;632;596;716
754;649;615;718
750;651;618;717
743;646;611;715
732;636;600;712
710;616;590;706
715;616;593;710
691;608;593;701
724;650;587;691
739;654;562;690
719;639;568;693
703;630;584;696
704;638;591;698
703;631;590;699
699;622;583;698
684;585;564;695
679;565;562;696
698;620;597;703
703;631;604;705
714;641;617;707
707;622;590;704
703;622;591;704
698;617;593;704
693;608;588;702
715;638;569;695
751;679;577;692
737;665;584;698
716;638;574;699
701;614;566;698
712;653;614;697
700;666;600;689
704;668;612;697
697;642;603;701
733;685;604;699
747;692;617;702
741;681;599;693
718;643;569;689
712;662;609;695
708;679;624;699
687;643;609;696
684;641;593;685
687;637;594;696
686;634;596;696
683;605;593;701
698;625;599;702
699;626;589;700
695;618;571;700
742;654;599;703
749;678;619;704
704;618;586;702
686;586;563;696
687;581;561;701
689;593;574;703
732;639;603;708
728;641;605;707
719;632;596;705
718;630;593;704
734;642;595;704
761;664;612;712
765;671;605;709
797;712;599;711
796;710;627;717
792;709;629;717
774;685;623;711
738;636;597;705
713;626;595;703
699;622;601;705
691;605;591;704
690;603;588;704
689;603;588;704
689;602;587;703
688;604;589;703
690;626;599;704
695;645;610;704
712;695;639;694
692;661;617;698
686;647;608;696
687;638;601;698
690;641;605;699
714;647;605;702
724;655;597;700
732;654;595;701
730;658;570;692
724;655;585;695
720;655;594;700
715;649;596;701
703;638;595;702
690;612;573;697
715;623;592;709
750;619;591;724
744;657;631;725
751;669;638;729
758;669;637;730
786;698;646;738
783;690;632;732
769;669;623;721
749;664;626;713
716;634;606;707
711;627;598;705
693;609;595;705
742;647;611;710
756;646;594;708
755;645;595;709
745;643;599;708
728;636;599;705
721;633;597;705
737;671;621;701
748;683;610;701
751;691;624;702
744;683;623;705
732;667;615;705
724;655;610;705
716;648;606;703
728;657;608;705
712;653;612;707
708;668;621;705
704;676;628;704
712;709;645;702
698;678;633;703
692;650;615;701
692;644;602;701
702;609;567;683
700;617;594;700
695;613;595;702
692;606;589;702
688;593;573;699
690;594;572;698
691;600;574;698
688;595;585;700
688;598;588;700
688;647;601;682
720;701;644;699
716;689;642;702
698;641;610;702
730;670;604;702
747;687;595;700
743;685;595;701
718;650;590;698
703;632;587;697
700;623;588;698
693;620;587;698
693;620;587;699
746;650;610;709
765;686;624;714
768;685;626;715
762;675;624;715
750;659;619;714
732;682;629;704
682;717;643;684
681;732;656;691
672;667;630;697
668;624;604;701
667;600;600;696
679;603;599;699
677;596;589;698
673;588;584;696
733;619;562;698
749;640;604;704
754;651;616;709
754;650;615;709
754;647;608;707
776;677;600;700
778;684;611;700
764;665;606;700
744;643;599;700
721;624;586;697
708;611;587;697
692;625;583;687
692;635;590;691
715;692;628;699
728;713;647;700
724;733;656;698
720;728;661;703
700;720;656;700
679;653;610;684
693;650;605;696
711;666;607;699
726;681;622;703
727;674;621;701
731;674;598;697
730;666;595;699
723;654;599;701
711;639;600;703
712;641;602;704
750;639;631;718
762;652;604;709
767;653;592;708
764;651;594;706
757;646;600;707
762;674;601;706
756;674;607;706
767;702;603;701
760;701;608;702
761;706;606;703
761;708;606;702
760;706;606;703
775;717;606;703
782;712;605;707
775;701;608;707
753;670;609;707
717;638;599;700
717;638;600;701
691;655;619;703
702;671;630;703
684;681;633;687
703;684;637;701
700;667;624;698
691;634;605;699
684;575;551;683
687;594;564;697
722;618;568;704
751;643;600;715
746;656;613;710
742;655;615;707
751;661;616;706
765;678;626;715
757;661;612;707
758;651;603;706
759;667;604;704
759;682;608;701
757;698;604;689
750;690;608;691
742;683;609;698
733;671;609;699
718;649;603;699
724;684;624;700
710;684;635;704
723;723;657;697
707;700;640;700
693;649;607;699
688;623;595;699
752;644;552;685
760;658;602;710
759;662;612;712
743;646;607;708
735;650;601;703
752;687;625;712
752;694;633;707
731;659;618;705
733;676;599;697
750;680;619;708
745;687;588;693
743;683;581;693
729;669;589;693
768;696;584;698
761;670;594;703
742;668;621;701
710;673;626;698
679;655;613;680
686;653;618;700
691;655;621;701
691;647;611;700
686;603;570;696
692;620;596;702
736;685;624;701
748;701;608;692
739;689;621;698
726;660;612;701
739;661;620;709
759;676;640;727
754;647;616;721
719;617;587;705
696;599;575;698
755;650;586;687
757;650;585;698
731;637;587;698
717;624;574;696
678;582;573;697
689;560;543;700
713;639;609;707
712;642;617;708
723;656;607;699
744;689;605;696
737;681;610;702
724;660;605;701
702;629;586;699
702;649;606;688
676;618;569;686
662;596;543;684
683;631;599;698
686;633;603;702
674;557;569;702
680;590;582;701
682;594;579;701
749;684;591;677
743;666;606;706
723;647;604;705
702;629;594;703
697;606;586;705
740;604;585;722
755;662;629;729
753;662;628;727
740;651;618;720
728;642;606;713
717;639;599;708
735;688;629;708
731;701;603;676
726;700;624;700
702;649;608;702
683;606;569;680
682;583;564;694
685;594;583;700
687;606;594;701
748;653;607;702
756;659;626;715
762;668;605;700
756;653;594;699
773;670;574;694
763;651;564;699
758;659;603;701
738;647;605;700
715;634;600;701
702;624;598;702
684;603;588;699
715;694;641;700
722;719;653;694
709;681;631;701
691;631;597;702
682;581;560;695
686;604;585;697
688;612;592;700
707;655;627;704
733;704;653;716
721;710;656;707
711;684;639;706
696;637;607;701
695;628;607;705
719;623;563;692
738;631;564;698
721;627;581;699
724;633;590;703
714;666;629;703
699;659;603;699
684;635;587;693
681;608;577;698
746;615;564;701
742;645;603;706
743;653;611;707
721;639;602;702
720;635;596;704
685;629;595;697
690;647;610;699
696;683;632;685
691;662;612;694
692;646;604;697
693;636;596;700
670;558;545;688
684;583;566;696
686;602;585;700
689;607;589;701
691;608;589;702
688;606;587;700
714;693;643;706
727;708;652;708
716;690;645;702
723;684;626;701
728;684;601;695
718;667;550;681
725;671;555;685
716;665;579;691
703;645;591;698
702;622;590;698
729;656;622;707
723;650;619;706
699;624;599;701
761;671;598;697
763;670;603;704
755;659;604;702
723;685;627;701
694;653;626;702
665;652;589;668
685;669;611;687
683;647;608;693
681;636;595;694
710;645;591;687
746;701;600;687
749;703;605;695
736;681;599;696
744;695;625;706
752;701;616;698
737;665;602;703
703;630;588;702
708;635;597;704
694;630;597;699
730;645;610;714
749;642;602;726
746;663;626;720
772;682;626;721
766;673;619;715
764;657;612;710
758;656;602;708
747;646;595;706
722;629;592;704
718;628;591;703
691;611;585;695
691;609;573;696
690;609;573;697
733;648;608;707
767;672;610;715
760;662;610;708
729;642;605;708
710;657;607;693
696;653;610;694
679;649;593;688
689;652;599;691
689;640;606;697
658;532;557;692
680;594;577;696
771;687;585;692
766;680;608;698
744;650;598;698
699;616;578;696
683;594;563;695
682;582;569;699
763;651;621;719
768;674;628;718
754;654;619;713
753;653;606;704
762;662;602;697
753;659;597;698
738;646;595;699
720;700;637;700
714;688;636;704
684;676;623;698
682;648;608;697
685;632;600;699
649;590;512;659
680;572;563;693
691;604;590;697
688;609;595;696
691;611;593;695
692;616;593;695
693;641;598;688
709;681;628;699
714;681;632;700
706;648;611;702
687;592;564;700
694;623;590;698
719;645;602;700
745;659;605;706
744;671;622;706
739;670;627;707
753;746;660;685
743;733;655;705
713;682;627;702
697;632;591;702
686;588;555;686
689;601;565;697
695;616;591;703
698;623;597;704
699;624;596;704
765;648;607;732
762;681;631;716
756;669;627;709
733;648;608;702
713;625;584;698
724;629;587;701
734;641;597;704
723;634;599;703
704;618;594;701
695;613;592;700
696;617;593;700
698;621;595;702
698;622;597;702
698;624;598;702
704;622;597;703
751;656;622;713
756;665;626;715
749;655;621;712
725;640;608;706
709;628;598;704
687;595;567;697
694;619;590;700
737;644;606;706
752;644;583;700
757;649;604;710
779;684;620;711
779;688;624;710
781;693;630;705
781;694;618;702
788;711;620;701
794;730;627;703
789;734;630;701
779;715;625;701
778;720;608;688
762;703;611;693
753;704;626;696
748;699;628;699
720;684;632;699
716;691;634;699
715;704;650;708
696;696;643;696
685;648;618;697
681;628;597;694
680;570;561;689
688;602;592;698
720;650;605;698
754;701;592;677
750;688;605;689
731;669;602;691
715;646;598;692
708;639;599;695
711;643;601;697
696;626;596;698
693;619;598;700
720;631;605;711
754;673;635;727
755;662;631;727
754;654;627;725
776;664;624;732
783;676;626;738
774;683;633;726
768;680;632;725
728;652;619;705
722;633;594;701
720;632;578;699
753;651;594;704
759;665;623;712
761;679;620;706
755;665;610;704
743;652;604;701
729;645;598;700
741;662;601;694
749;684;612;699
743;693;629;702
739;700;631;702
738;715;640;698
710;702;633;692
698;716;644;702
688;703;637;697
689;673;626;701
684;635;607;703
663;538;502;674
690;524;533;704
690;568;571;705
702;582;585;711
697;599;596;707
687;589;587;701
682;588;589;696
680;572;572;695
676;557;564;693
676;559;564;693
679;565;569;695
680;572;573;696
680;574;574;695
680;572;573;696
679;569;571;695
679;570;572;695
680;572;573;696
680;573;574;696
680;574;574;696
680;573;573;696
728;440;571;753
715;561;569;745
696;587;587;714
695;584;589;711
679;583;590;696
720;649;568;686
730;651;571;693
712;642;583;693
700;627;590;696
701;632;591;697
708;634;612;707
726;598;600;725
709;615;607;714
702;607;600;710
698;596;591;707
679;584;589;698
679;583;577;698
757;645;551;689
758;628;546;701
701;567;543;693
664;531;555;694
677;571;569;698
688;610;596;697
759;660;600;700
725;634;596;703
684;583;563;691
674;562;557;694
672;554;556;694
673;567;565;695
677;578;570;697
678;578;571;697
678;576;569;696
677;573;568;696
676;573;567;696
677;573;568;696
677;575;570;696
677;576;570;696
678;576;571;696
678;576;570;696
678;577;570;697
677;576;571;696
677;575;570;696
677;576;570;697
678;576;570;697
712;599;602;732
694;585;569;718
679;598;577;684
680;582;569;695
682;586;573;696
693;569;562;716
694;584;574;713
688;607;579;698
692;610;584;698
692;608;578;697
687;596;573;696
681;580;571;696
681;580;573;696
682;585;575;697
684;595;577;697
686;600;576;696
686;599;575;696
686;598;575;696
693;603;576;697
707;587;531;697
717;641;602;702
717;649;614;705
712;646;608;703
707;643;605;702
688;600;559;690
682;570;532;688
687;587;553;690
695;616;572;693
695;619;578;695
693;610;568;693
690;603;566;694
693;610;568;694
694;613;573;695
698;668;624;698
712;714;647;693
693;686;622;694
681;652;601;683
681;635;582;689
684;637;586;694
684;615;594;699
689;617;590;698
683;595;567;693
680;577;556;692
683;588;559;692
688;604;569;694
690;614;578;696
716;682;604;678
717;702;610;676
720;692;619;694
704;649;601;699
689;611;563;688
688;610;558;690
691;617;567;693
696;632;586;696
698;634;584;696
697;631;578;695
730;646;600;706
758;668;609;709
771;689;620;716
771;692;624;716
776;700;628;719
777;705;633;723
791;696;618;736
792;707;636;741
791;712;646;743
784;711;650;737
781;717;658;735
761;684;636;723
751;664;620;717
755;697;630;710
750;686;626;706
757;694;591;680
723;634;556;684
708;622;565;691
703;620;575;696
728;594;557;710
754;643;610;717
759;727;662;720
744;721;652;704
722;695;640;700
694;636;596;695
686;608;567;696
752;684;613;706
762;701;619;708
744;667;606;703
717;633;586;697
706;625;572;696
718;642;591;701
708;670;613;694
727;731;650;687
720;709;635;696
709;671;609;696
702;644;591;697
704;602;596;700
688;593;569;694
687;590;567;695
691;603;574;696
694;612;587;697
693;615;590;698
725;647;584;690
734;659;620;707
709;634;605;704
705;628;606;705
683;596;585;695
679;568;566;695
679;571;569;696
763;643;566;689
773;664;596;703
773;672;606;705
767;664;605;704
770;701;609;705
769;720;605;694
762;711;596;694
758;700;598;697
734;671;599;698
713;640;596;698
680;586;595;704
680;596;589;697
703;646;613;688
689;667;604;665
720;690;621;693
717;669;615;698
702;636;601;698
706;619;599;702
741;629;573;702
766;677;628;713
756;718;640;705
749;734;660;709
723;732;657;697
692;699;650;694
681;646;611;698
680;634;597;698
692;611;595;699
691;610;589;694
683;584;568;691
679;568;564;691
719;703;635;680
724;709;640;697
710;672;621;700
692;622;590;700
681;589;564;691
711;592;559;705
730;610;570;709
737;612;571;711
728;629;591;708
723;640;598;704
713;640;591;697
755;692;639;724
753;689;612;703
709;625;572;696
712;630;586;700
746;673;619;702
752;680;619;706
737;665;617;701
751;658;604;701
759;654;606;695
757;645;591;702
734;638;592;697
716;633;596;697
729;678;623;696
702;656;619;697
674;660;606;680
688;671;624;697
687;653;616;700
682;636;603;696
681;603;595;691
687;609;598;695
687;595;587;694
682;587;578;693
680;578;572;693
690;602;586;692
725;651;626;706
725;650;621;702
718;667;623;695
721;702;638;698
715;697;631;696
701;654;614;702
690;624;595;700
684;601;593;700
704;606;595;708
751;656;629;726
750;651;626;724
716;618;601;710
694;594;582;698
671;527;545;689
740;623;563;691
758;646;593;696
754;649;596;698
738;640;594;697
715;625;588;694
717;654;592;675
734;715;651;704
727;709;644;700
705;673;623;698
689;639;603;699
685;620;590;699
687;652;607;698
675;672;622;690
682;659;623;698
684;636;607;702
693;630;606;705
713;619;569;704
724;651;623;710
733;661;633;714
729;657;630;712
729;647;618;709
758;666;634;722
762;670;630;723
753;656;611;712
739;655;599;704
732;652;600;704
744;674;586;696
753;692;607;706
725;666;605;700
760;671;598;705
761;670;601;706
724;629;595;704
705;614;590;702
667;604;587;689
690;652;617;701
699;702;645;686
686;633;598;699
682;629;593;695
682;604;597;702
686;604;593;700
685;596;586;698
704;635;617;707
749;674;611;702
744;674;621;706
715;649;607;700
726;664;604;700
716;663;565;685
741;692;594;686
733;682;596;696
706;643;590;694
690;623;587;695
715;676;628;696
711;685;613;697
704;683;621;697
690;646;608;701
684;622;593;699
753;699;553;669
758;719;621;696
756;727;638;700
742;720;634;697
712;708;634;697
721;709;637;697
693;645;609;701
692;636;607;702
686;608;596;699
681;573;566;698
741;634;563;691
758;652;584;700
763;670;618;715
774;689;636;740
771;695;645;729
738;644;618;718
709;609;593;706
708;610;593;706
686;607;599;699
742;631;612;706
739;639;605;697
733;632;590;697
714;616;576;693
720;623;590;697
717;642;609;705
719;654;632;708
717;651;629;708
704;638;611;705
692;614;596;699
692;590;578;695
717;641;585;693
737;670;596;695
740;682;606;692
736;672;608;696
730;657;601;696
716;637;592;697
702;613;584;698
695;608;590;700
683;589;575;696
682;582;573;696
682;582;572;696
682;581;574;697
683;586;575;697
683;587;576;698
684;588;577;698
683;592;577;698
672;620;576;688
659;678;622;691
685;709;648;693
689;685;637;702
686;645;612;703
717;668;600;698
735;667;602;703
741;674;586;697
734;659;583;698
720;645;573;695
710;634;572;696
706;632;576;698
686;600;590;705
682;600;588;700
684;599;583;700
685;599;580;701
708;641;601;701
735;677;599;685
730;670;606;696
711;646;602;699
704;638;598;700
687;609;586;700
714;648;605;701
753;703;628;710
753;702;617;701
726;655;594;694
704;632;581;694
692;654;607;698
693;658;620;700
686;688;634;690
700;690;642;701
695;657;623;702
685;630;596;698
669;547;563;697
688;615;601;703
715;672;635;705
719;696;643;703
713;685;639;704
706;668;630;705
721;672;617;707
723;662;602;703
729;645;528;688
734;662;570;691
719;647;585;696
703;629;575;694
738;646;604;713
753;673;639;729
746;644;622;725
719;608;593;718
701;584;570;706
692;573;569;700
706;652;613;703
692;643;616;698
674;660;593;670
690;678;614;684
687;665;615;693
684;638;598;697
690;621;597;702
678;576;567;689
677;554;549;691
681;570;568;694
682;577;575;696
682;577;574;695
681;571;571;695
679;567;569;695
680;568;569;695
681;573;572;696
681;575;574;696
682;576;574;696
683;578;575;697
684;584;576;699
685;587;578;699
685;586;577;699
714;613;581;695
775;667;591;688
762;667;591;685
748;652;591;687
725;631;590;692
707;613;589;693
686;588;575;693
716;618;596;697
758;639;598;711
764;657;616;715
778;692;640;727
784;691;641;733
775;674;623;730
762;654;617;724
739;631;596;714
717;625;603;706
704;619;600;702
726;715;609;672
736;732;637;690
732;718;625;692
707;665;601;689
687;626;587;693
683;595;585;698
681;592;578;694
713;634;599;701
722;647;614;706
726;656;628;709
724;654;629;711
709;635;609;706
711;634;602;707
743;678;636;713
750;686;643;716
740;673;634;712
761;670;604;713
768;674;620;713
763;665;613;711
755;704;639;707
736;702;645;706
686;665;610;700
693;661;615;699
682;638;611;702
684;642;613;704
694;607;603;704
690;608;598;700
685;592;586;697
682;582;573;697
682;586;576;698
685;598;589;700
686;603;595;701
692;621;599;702
738;742;604;660
737;724;625;698
723;703;624;701
704;652;608;702
698;643;598;700
684;603;586;699
687;608;594;704
710;624;595;705
730;637;596;704
768;660;564;697
769;664;589;702
759;661;600;704
776;684;607;704
774;674;603;707
768;667;606;706
739;629;590;702
715;627;596;705
689;612;576;697
684;598;575;701
682;598;576;701
737;640;607;711
767;654;596;713
767;662;605;708
756;669;607;702
747;677;603;695
742;681;605;696
728;671;600;693
723;654;597;699
749;688;589;692
756;698;607;702
753;689;610;706
736;666;607;706
722;652;601;703
697;621;596;707
707;631;603;708
722;640;608;710
737;651;615;715
748;666;629;718
747;666;630;717
756;718;656;716
740;743;651;686
743;747;670;700
737;742;669;703
735;735;662;707
717;720;650;707
709;721;655;704
709;735;667;706
694;728;665;698
689;696;639;696
678;649;610;696
678;627;594;696
690;611;562;689
714;651;585;698
760;710;622;714
759;718;615;705
746;694;602;700
720;660;593;698
702;635;594;700
766;686;616;706
773;686;622;720
771;681;622;717
754;655;608;709
723;630;591;703
718;626;580;701
743;668;598;706
721;655;605;708
748;684;595;706
747;688;601;703
735;671;600;703
771;698;626;718
780;689;618;718
771;669;605;711
759;655;603;709
741;643;601;707
782;682;621;711
788;707;612;706
770;687;609;704
746;661;601;700
717;636;597;700
710;631;594;700
684;640;606;699
690;665;627;700
685;689;635;693
702;694;642;702
693;657;620;701
685;637;601;698
685;606;587;698
718;661;605;698
746;710;607;691
749;718;618;695
740;696;607;697
712;651;591;695
699;633;591;697
730;675;625;709
749;702;638;701
747;678;619;707
733;662;613;708
755;677;633;721
771;694;648;739
763;673;641;738
740;649;625;724
732;640;621;723
719;633;614;715
756;668;605;704
761;674;617;710
739;646;601;700
712;651;608;693
700;669;624;693
674;678;626;678
700;692;641;701
698;686;640;700
693;654;619;699
684;640;602;696
687;596;583;697
688;614;598;704
685;607;590;702
681;593;575;698
727;629;589;701
750;653;599;702
774;693;607;697
777;700;605;701
771;699;600;699
764;690;599;696
747;672;598;695
787;708;591;658
788;694;572;680
767;668;593;699
743;644;596;700
712;623;591;699
694;609;585;699
731;661;628;710
724;654;630;709
704;630;608;706
689;601;587;700
667;531;537;688
673;518;529;691
699;614;594;704
728;652;629;715
711;635;608;708
703;679;634;694
713;737;662;671
687;711;646;687
673;685;625;680
669;639;596;686
672;608;569;691
681;627;594;696
684;601;589;696
754;640;621;719
762;644;586;704
761;646;575;702
755;647;591;703
779;684;629;718
790;714;623;707
789;709;614;708
788;722;606;704
791;734;593;696
779;736;601;701
766;726;603;702
758;716;604;702
738;682;601;701
711;645;597;703
685;596;596;708
747;709;626;692
748;691;613;700
724;652;596;700
695;638;606;699
683;644;613;694
673;669;605;675
684;696;638;693
686;685;636;695
684;645;610;697
680;621;589;693
687;606;589;696
692;625;608;701
714;642;624;707
720;654;633;708
718;653;632;709
712;645;625;708
740;653;631;720
757;655;627;734
756;657;626;729
730;634;605;712
707;612;585;703
700;608;588;701
767;660;601;706
764;645;560;703
706;636;578;687
679;651;613;694
708;708;655;712
696;699;638;694
685;667;613;692
678;632;589;694
681;637;597;698
690;606;600;704
686;609;594;703
682;595;574;699
691;585;558;692
727;637;574;695
697;606;567;699
674;572;571;701
690;613;593;702
695;621;595;701
695;620;588;699
694;618;575;699
769;663;571;705
766;659;575;702
740;645;596;700
726;645;601;702
753;666;617;714
754;690;644;724
754;649;615;725
760;656;609;725
779;700;637;733
785;707;638;731
790;721;653;739
785;718;651;735
784;704;631;736
774;698;629;735
765;721;648;736
751;749;659;726
741;754;669;721
704;734;655;706
691;701;640;699
683;675;630;694
686;637;589;691
704;599;533;703
733;675;591;687
736;689;600;692
734;681;600;695
719;658;594;694
705;630;587;694
779;675;609;699
779;686;621;718
766;674;617;716
678;594;588;702
691;574;562;701
755;617;587;721
760;649;623;721
745;640;612;716
713;615;591;707
674;546;554;693
720;630;605;710
747;676;600;695
741;673;600;697
719;645;598;698
752;666;613;708
765;660;598;710
756;651;609;712
730;639;608;708
712;661;618;708
672;705;629;686
674;717;638;695
687;711;640;701
691;669;623;703
698;665;614;706
720;639;604;706
706;629;591;703
701;620;581;700
758;716;623;699
749;686;621;708
725;648;602;706
698;623;589;703
692;613;584;700
694;621;591;701
693;619;588;702
687;607;584;701
683;596;573;700
749;641;535;680
758;641;566;699
737;634;590;701
711;626;592;701
735;636;595;710
754;647;616;730
751;666;628;721
753;664;622;723
769;683;621;727
775;684;615;725
777;691;624;725
785;712;643;737
774;703;639;730
773;677;620;735
766;722;648;734
761;726;653;736
709;729;649;709
709;724;649;708
672;696;641;697
670;658;629;696
661;608;596;692
660;522;492;666
758;633;500;680
772;673;577;685
768;675;594;695
752;656;588;692
722;625;572;690
701;599;559;691
682;558;552;691
736;661;595;684
747;682;611;706
739;681;622;703
710;644;604;700
722;641;586;697
756;671;599;701
757;672;600;698
752;667;601;699
756;658;604;697
750;654;591;691
753;644;583;701
755;657;604;704
777;683;592;697
780;692;605;707
771;686;610;706
743;644;593;701
718;628;590;700
715;671;622;701
694;667;630;701
685;688;635;694
682;668;618;694
684;648;608;698
693;645;596;696
701;662;606;697
746;702;618;697
753;702;624;701
727;656;605;701
706;629;595;701
683;604;588;697
679;591;573;697
722;632;595;704
765;661;590;698
765;666;600;701
751;654;602;703
727;640;599;702
688;611;600;704
677;597;590;698
704;668;589;683
711;659;604;704
708;665;601;694
694;638;594;696
701;644;605;701
687;616;596;703
712;615;590;706
750;617;577;720
743;631;597;717
717;625;598;708
727;660;602;697
698;634;589;692
715;646;569;688
711;641;586;693
694;626;586;695
678;587;572;699
680;597;579;698
679;598;578;698
679;597;576;698
679;598;575;698
678;596;575;698
674;574;568;696
675;582;570;698
675;580;570;698
675;579;569;698
674;577;569;697
675;578;569;697
675;579;570;697
739;593;592;754
730;587;596;754
700;563;572;727
679;563;561;704
712;632;569;693
748;679;601;696
734;652;593;701
701;613;565;695
696;607;560;694
675;574;568;698
676;584;570;698
678;587;570;699
730;625;568;694
733;627;573;701
701;622;588;694
681;594;568;693
674;572;557;695
672;566;556;696
673;573;566;697
714;641;594;697
752;694;605;693
747;668;598;699
716;631;566;694
693;604;564;696
685;595;582;702
679;588;574;699
683;623;598;702
690;645;609;701
685;635;602;700
673;650;594;689
690;655;608;698
688;642;600;700
680;623;588;696
667;540;543;698
678;585;571;700
684;604;588;702
684;608;587;701
682;604;578;699
681;602;574;698
682;604;573;698
685;608;578;699
685;611;582;699
686;612;581;698
687;613;578;699
688;615;579;700
689;616;582;701
690;617;584;701
690;607;577;702
683;598;576;702
683;597;576;702
683;597;576;702
684;597;576;702
741;642;589;703
761;657;587;701
770;669;574;701
770;686;594;702
770;700;602;702
761;689;606;704
769;710;604;703
768;712;603;701
756;693;597;696
772;696;587;704
758;653;594;709
722;609;590;704
699;613;589;703
687;610;593;703
687;605;588;703
685;596;573;701
685;592;573;702
685;596;574;703
686;600;577;703
699;664;642;722
717;721;630;683
708;666;605;693
690;620;570;694
667;521;537;696
712;642;613;705
751;697;641;707
755;696;629;705
748;715;640;703
730;695;634;705
688;703;629;689
702;716;647;698
711;717;642;698
730;716;634;699
736;696;634;707
738;688;611;698
729;651;584;696
709;630;574;695
702;625;590;700
707;632;596;703
742;630;609;708
756;644;607;710
766;660;607;711
755;645;596;707
729;623;585;703
707;610;578;700
688;596;570;694
683;595;574;699
684;602;588;701
684;605;589;702
684;603;589;701
684;601;587;701
684;601;586;702
743;639;607;713
777;688;627;719
776;683;622;719
762;661;611;715
739;653;611;710
724;685;630;700
720;696;636;698
723;724;663;718
705;725;651;698
695;699;637;699
682;660;618;700
683;639;606;702
688;632;616;708
687;610;592;694
684;588;577;696
680;583;571;697
682;588;573;698
768;648;607;712
776;680;607;704
769;676;605;703
757;668;601;701
743;652;601;700
755;680;602;698
746;679;605;704
729;664;595;702
727;664;605;705
727;669;607;704
725;680;607;703
724;684;608;702
725;669;605;704
714;638;599;706
710;661;615;704
719;678;629;705
746;727;637;678
738;701;623;704
729;694;615;698
728;695;616;696
758;713;620;699
757;706;625;703
756;700;623;702
738;676;613;700
778;702;591;697
784;715;618;704
780;702;615;706
786;728;620;702
781;722;615;702
771;719;612;700
761;707;612;699
755;701;612;698
746;698;617;698
719;691;620;697
710;689;622;697
729;716;664;721
709;719;652;695
695;700;638;693
687;661;615;694
678;631;599;692
687;611;609;703
679;595;585;692
679;580;568;697
682;595;571;697
686;605;586;698
699;618;594;700
758;655;591;708
761;677;621;709
748;660;617;708
717;637;606;704
712;630;594;704
695;628;596;699
719;637;608;710
734;649;618;715
748;659;630;726
750;663;635;724
768;671;630;731
779;689;633;736
786;709;647;740
775;690;640;735
760;666;631;726
728;642;621;714
718;632;603;705
701;630;608;705
699;619;598;705
696;610;590;702
694;607;578;700
695;611;589;701
722;663;631;705
731;705;624;697
736;707;640;708
720;672;626;711
706;637;603;710
701;624;581;696
752;702;637;709
748;712;627;697
732;703;628;693
700;688;611;693
709;684;608;685
693;647;602;696
681;610;546;681
689;616;570;695
695;626;588;701
698;673;571;664
723;712;633;692
722;709;637;697
704;667;617;702
687;626;594;701
679;599;569;697
680;605;588;700
687;611;593;706
722;635;620;721
731;638;620;721
735;656;613;718
731;672;614;711
733;681;618;709
728;682;613;705
691;646;571;689
697;664;594;698
708;678;611;700
704;671;613;699
696;673;621;698
689;663;619;693
701;682;635;704
694;663;622;697
684;631;591;695
677;556;545;692
684;596;585;703
706;619;587;702
727;630;582;699
759;654;577;700
757;658;587;697
747;653;587;696
731;644;588;696
718;634;588;697
713;628;587;696
751;685;625;708
758;702;639;710
753;685;630;708
726;647;613;706
700;624;591;700
692;610;573;698
673;571;563;696
678;594;581;702
742;648;572;695
756;637;528;692
749;643;564;693
699;616;572;695
671;564;569;699
676;581;571;698
766;664;551;688
771;678;598;701
759;661;601;703
716;632;589;700
696;612;569;697
675;566;550;695
712;639;611;711
715;639;612;712
705;630;608;709
703;638;595;701
705;632;559;693
752;699;546;673
750;695;597;693
737;676;597;698
712;644;581;696
693;620;568;695
673;632;587;686
714;694;645;713
694;678;619;693
679;639;580;688
681;639;590;695
687;602;583;697
708;630;551;683
739;673;621;704
728;657;614;705
737;648;603;699
771;667;589;702
768;672;605;705
732;645;602;705
757;693;592;704
750;704;565;695
738;701;596;694
728;692;604;699
721;678;605;700
712;658;601;698
705;637;593;697
726;697;519;615
712;656;562;686
708;657;596;694
702;648;601;696
700;640;602;700
696;619;604;704
738;644;610;708
755;662;620;709
757;665;621;711
749;680;627;707
749;737;670;724
712;738;660;693
676;697;638;689
685;670;628;694
689;657;614;693
692;637;614;699
729;679;642;712
742;654;622;719
734;643;616;717
726;643;615;712
726;647;619;711
723;649;620;710
738;725;616;688
742;727;646;702
728;709;638;703
715;676;622;702
698;638;605;702
677;571;567;698
676;589;577;701
688;611;593;703
728;641;599;703
756;660;604;699
762;675;588;695
758;675;596;698
771;689;599;700
776;683;593;707
779;691;606;707
779;684;612;708
755;668;611;708
711;685;634;701
653;630;606;692
656;655;605;680
678;673;627;693
684;667;622;698
679;643;604;696
644;530;520;687
740;715;606;672
729;714;608;697
703;675;598;690
686;631;575;691
685;636;588;694
688;592;562;695
704;622;596;707
715;645;618;710
709;641;616;709
744;668;607;708
757;687;591;709
749;683;585;698
712;641;577;694
705;628;573;693
676;593;571;693
676;585;569;698
676;583;569;697
674;586;571;697
771;726;606;705
746;675;594;703
714;646;591;697
706;638;587;696
690;620;573;694
711;646;577;695
743;688;601;695
742;690;589;688
724;663;588;689
705;642;590;693
697;635;589;695
688;612;575;696
691;659;628;701
691;654;621;698
665;645;578;680
677;658;603;689
680;644;603;693
676;635;596;692
683;601;589;693
687;610;597;698
731;675;625;701
725;667;610;703
722;668;607;693
707;639;593;693
702;585;563;699
748;647;607;714
752;644;607;718
729;635;607;711
704;622;599;702
742;690;609;680
741;682;616;703
738;688;590;682
724;662;589;687
706;641;591;691
702;639;594;694
722;662;606;697
745;680;626;695
749;682;628;703
733;660;623;704
725;697;639;699
672;708;634;668
720;714;653;703
694;697;645;697
684;660;622;697
682;625;593;694
661;499;536;695
678;579;579;693
685;606;593;696
686;608;593;696
683;599;587;694
682;588;575;694
682;587;575;694
684;596;585;696
685;604;589;697
685;602;589;696
685;599;586;696
684;596;577;696
685;599;586;697
713;642;609;703
752;691;640;714
763;713;650;710
757;702;639;709
739;673;623;705
763;687;608;699
775;697;610;707
778;701;614;705
764;675;604;702
779;728;606;695
777;723;600;703
763;712;589;694
754;697;595;696
740;680;598;700
713;649;599;702
715;680;661;728
719;721;644;679
722;699;625;693
709;662;599;693
693;628;593;697
760;653;607;707
776;670;622;719
764;666;622;716
750;719;650;710
729;733;672;713
691;733;659;691
668;684;635;690
668;631;604;692
670;627;598;695
681;606;603;703
688;612;604;700
686;601;593;698
683;590;580;696
678;587;575;696
764;641;585;707
768;644;590;713
750;631;596;708
714;614;597;700
786;688;644;757
763;693;653;735
730;640;617;713
703;605;581;699
680;564;550;688
708;618;592;703
752;631;591;725
761;672;632;725
753;667;629;721
724;647;610;705
704;615;568;698
697;611;565;690
696;617;573;692
696;620;586;694
719;658;610;700
748;689;638;713
756;705;645;716
752;723;653;711
736;709;646;704
708;700;621;695
706;713;632;685
707;695;620;693
708;666;609;695
692;617;541;675
700;618;562;692
700;624;584;697
713;661;607;689
724;691;618;690
711;657;607;697
694;630;595;699
758;646;581;690
764;654;591;696
740;634;587;700
713;619;584;699
682;598;588;701
683;603;589;701
685;604;588;701
716;629;577;693
746;645;556;700
746;667;606;705
729;656;612;705
745;672;630;713
741;662;621;708
736;638;606;713
735;644;610;713
744;650;616;716
757;666;621;720
755;674;622;718
752;712;637;702
749;730;654;704
745;730;658;706
727;712;647;700
729;696;636;705
713;667;618;704
707;660;619;705
688;654;612;696
688;661;621;697
682;658;622;695
690;663;627;692
694;654;620;693
693;638;611;692
683;563;564;688
691;588;587;694
694;599;595;694
694;599;596;695
693;595;594;694
696;601;594;693
698;609;596;694
708;620;598;695
730;651;608;695
749;695;620;687
758;716;635;688
744;682;618;691
713;631;598;691
698;603;602;700
733;641;629;715
762;646;613;727
751;634;607;716
735;634;614;708
732;637;614;705
752;701;655;707
742;716;642;687
709;665;623;684
705;646;616;691
748;664;617;695
762;669;624;697
760;646;584;692
749;664;609;681
738;679;627;690
742;703;655;702
721;696;643;684
708;667;627;688
697;640;608;688
694;641;610;690
758;655;621;707
767;653;602;701
765;646;598;699
746;633;595;697
724;621;599;695
717;620;604;700
779;671;601;721
783;690;639;727
761;670;636;714
726;635;616;704
703;603;577;698
692;563;565;692
693;586;591;694
712;657;633;695
745;745;672;684
743;737;661;697
715;732;655;690
719;714;651;698
690;711;651;697
683;686;630;694
664;632;592;673
678;631;595;686
715;639;614;711
753;653;636;722
740;629;614;721
705;594;593;703
691;569;585;687
689;582;586;687
685;559;570;685
700;611;603;693
706;607;598;691
743;666;643;711
741;669;647;708
722;644;628;702
702;619;599;691
714;623;537;680
733;646;557;681
733;659;593;690
733;693;631;687
724;701;601;671
706;687;610;674
696;656;608;684
690;624;593;689
698;631;603;696
765;672;612;691
766;670;610;686
746;632;577;685
701;580;560;686
674;617;567;675
717;683;644;708
707;686;640;696
701;658;621;694
691;627;597;692
694;628;604;696
689;591;589;692
764;658;574;701
760;677;627;705
755;663;623;709
719;622;595;699
702;603;585;694
693;588;582;694
696;592;588;695
696;617;597;707
730;629;607;707
716;624;606;701
696;606;594;694
693;599;582;693
696;607;580;693
698;613;588;695
737;654;626;711
752;682;626;709
744;672;621;706
732;654;607;701
723;644;600;699
715;640;598;699
707;633;598;700
709;634;608;705
696;619;594;698
695;614;585;698
694;615;579;698
757;646;593;719
760;658;613;721
744;648;609;712
719;632;597;703
715;627;591;702
694;614;585;694
716;602;571;685
716;613;558;690
707;611;567;694
695;611;581;697
693;627;600;698
705;634;601;705
705;637;604;704
701;633;603;703
703;683;644;707
661;694;630;678
684;703;644;686
685;680;627;690
681;638;594;689
682;634;591;692
690;601;589;695
681;570;565;694
675;557;559;692
678;562;562;695
701;624;567;694
731;652;604;707
752;695;612;699
748;687;613;702
726;658;606;702
729;680;605;706
755;713;586;686
722;679;602;696
706;646;599;700
699;626;597;700
682;607;590;698
693;645;628;716
705;702;620;684
725;707;627;696
710;653;607;700
692;588;603;706
678;577;570;693
678;572;568;694
682;588;574;698
686;603;590;700
742;642;641;720
758;654;620;714
719;654;611;697
721;671;618;697
720;703;655;708
700;673;633;696
685;624;594;693
669;521;520;676
680;562;539;681
688;593;571;692
692;613;592;696
